/*--------------------------------*- C++ -*----------------------------------*\
  =========                 |
  \\      /  F ield         | OpenFOAM: The Open Source CFD Toolbox
   \\    /   O peration     | Website:  https://openfoam.org
    \\  /    A nd           | Version:  9
     \\/     M anipulation  |
\*---------------------------------------------------------------------------*/
FoamFile
{
    format      ascii;
    class       volScalarField;
    location    "0.03";
    object      nuTilda;
}
// * * * * * * * * * * * * * * * * * * * * * * * * * * * * * * * * * * * * * //

dimensions      [0 2 -1 0 0 0 0];

internalField   nonuniform List<scalar> 
7864
(
0.00085587
0.000145292
6.64245e-05
4.35105e-05
3.32631e-05
2.75628e-05
2.51327e-05
2.48533e-05
2.41845e-05
2.31275e-05
2.19792e-05
2.15898e-05
2.97752e-05
3.46694e-05
3.32065e-05
0.0024177
0.000665033
0.00033646
0.000224934
0.00017245
0.000142239
0.000130211
0.000130094
0.000125502
0.000117279
0.000108072
0.000100068
9.52745e-05
9.04972e-05
8.6655e-05
0.00379567
0.00123358
0.000637403
0.000415973
0.000307523
0.000242956
0.000200061
0.000179967
0.000162288
0.000145603
0.000131027
0.000119181
0.000111131
0.000104378
0.000101125
0.00500011
0.00183451
0.000949359
0.000609161
0.000439192
0.000336545
0.000265105
0.000217517
0.000184175
0.000159506
0.000140915
0.000127779
0.000122418
0.000118527
0.000115527
0.00602412
0.00240628
0.00125037
0.000792018
0.000558806
0.0004156
0.000322855
0.000261249
0.000219225
0.000189587
0.000167904
0.000151718
0.00014303
0.00013552
0.000128563
0.00685286
0.00290657
0.00152238
0.000953431
0.000658847
0.000486375
0.000377933
0.000306647
0.000258168
0.000223629
0.000197604
0.000176349
0.000159879
0.000146968
0.000136799
0.00745965
0.00329814
0.00174726
0.00108096
0.000741509
0.000546892
0.000425859
0.000346266
0.000291746
0.000251883
0.000220549
0.000195643
0.000176037
0.000160562
0.000148159
0.00779286
0.00352244
0.00186625
0.00114378
0.000782485
0.000578074
0.000450947
0.000366447
0.000307953
0.0002645
0.000231001
0.0002049
0.000184274
0.000167348
0.000153374
0.00768081
0.00345079
0.0018312
0.0011198
0.000764544
0.000565382
0.000441113
0.000358038
0.000300233
0.000258055
0.000225239
0.000199658
0.000179445
0.000163164
0.000149542
0.00734492
0.00324754
0.00172668
0.00105486
0.000717778
0.000529386
0.000414094
0.000336138
0.000281275
0.000241264
0.000211017
0.000187433
0.000168695
0.000153796
0.000140648
0.00674646
0.00290381
0.0015574
0.000955494
0.000646647
0.000473802
0.00036888
0.000300412
0.000252467
0.000215821
0.000188057
0.000166552
0.000149835
0.000136369
0.000125476
0.00588797
0.0023994
0.0012929
0.000810648
0.000549508
0.000398965
0.000306606
0.000247319
0.000207564
0.000179117
0.000158014
0.000139828
0.000124919
0.000114614
0.000108914
0.0047419
0.00174692
0.0009408
0.000602849
0.000424778
0.00031385
0.000239359
0.000189937
0.000157148
0.000133944
0.000117378
0.000104827
9.51612e-05
9.0614e-05
8.30947e-05
0.00324156
0.00102379
0.00053548
0.00035149
0.000258514
0.000201469
0.000162525
0.000137484
0.000125132
0.000110108
9.7116e-05
8.5887e-05
7.52792e-05
6.59377e-05
6.76157e-05
0.00126049
0.00024392
0.000112242
7.16712e-05
5.24765e-05
4.10968e-05
3.3448e-05
2.83415e-05
2.55225e-05
2.30522e-05
2.56345e-05
2.91424e-05
3.09256e-05
3.13345e-05
3.23851e-05
3.31173e-05
3.71019e-05
3.85149e-05
3.82246e-05
3.76827e-05
3.53668e-05
3.13582e-05
2.81924e-05
2.59497e-05
2.4084e-05
2.24413e-05
2.08044e-05
1.91063e-05
1.76531e-05
1.64543e-05
8.63675e-05
8.93169e-05
9.22093e-05
9.40335e-05
9.45865e-05
9.37062e-05
9.10787e-05
8.24971e-05
7.40015e-05
6.63587e-05
5.92771e-05
5.26251e-05
4.66375e-05
4.12629e-05
3.62925e-05
0.000102886
0.00010562
0.000107845
0.00010968
0.000110666
0.000110508
0.000109026
0.000105318
9.8873e-05
9.21347e-05
8.49942e-05
7.75884e-05
6.98697e-05
6.1979e-05
5.404e-05
0.000115788
0.000116036
0.000117251
0.000117883
0.000118067
0.000117615
0.000116433
0.000113962
0.000109591
0.000104668
9.90519e-05
9.27185e-05
8.54395e-05
7.742e-05
6.89936e-05
0.000125351
0.000124677
0.000123523
0.000122767
0.000121811
0.000120497
0.000118666
0.000116203
0.000113054
0.000109599
0.000105524
0.000100615
9.47102e-05
8.77559e-05
7.99636e-05
0.000132984
0.000130015
0.000127346
0.000124956
0.000122272
0.000119681
0.000117029
0.000114289
0.000111718
0.000109084
0.000106258
0.000102949
9.87873e-05
9.33588e-05
8.68069e-05
0.000140795
0.000134415
0.000129104
0.000124123
0.000119768
0.000115834
0.000112336
0.000109335
0.000106863
0.000104754
0.000102829
0.000100885
9.83258e-05
9.47873e-05
9.00032e-05
0.000143082
0.00013433
0.000126944
0.000120516
0.00011496
0.000110093
0.00010595
0.000102537
9.97723e-05
9.7668e-05
9.61604e-05
9.5077e-05
9.39482e-05
9.2352e-05
8.96939e-05
0.000138488
0.00012895
0.000120779
0.000113692
0.000107518
0.000102175
9.76572e-05
9.39414e-05
9.10164e-05
8.89326e-05
8.76524e-05
8.69498e-05
8.66223e-05
8.63902e-05
8.57404e-05
0.000129144
0.000119202
0.000110673
0.000103459
9.74023e-05
9.23346e-05
8.80902e-05
8.45109e-05
8.16177e-05
7.95223e-05
7.80933e-05
7.74125e-05
7.74597e-05
7.80995e-05
7.87739e-05
0.000114856
0.000105768
9.83192e-05
9.2282e-05
8.73654e-05
8.32759e-05
7.96795e-05
7.60039e-05
7.26204e-05
6.99744e-05
6.81861e-05
6.73347e-05
6.74548e-05
6.84839e-05
6.97823e-05
9.90685e-05
9.19022e-05
8.69777e-05
8.33618e-05
8.03032e-05
7.743e-05
7.4036e-05
6.94002e-05
6.51929e-05
6.1953e-05
5.96796e-05
5.83152e-05
5.79616e-05
5.84293e-05
5.93455e-05
7.66813e-05
7.53356e-05
7.47933e-05
7.4181e-05
7.30321e-05
7.19907e-05
7.0017e-05
6.72237e-05
6.38064e-05
6.02384e-05
5.66052e-05
5.28064e-05
4.98596e-05
4.81549e-05
4.76016e-05
6.80801e-05
6.81791e-05
6.84731e-05
6.81315e-05
6.56575e-05
6.61188e-05
6.43288e-05
6.15561e-05
5.81529e-05
5.43499e-05
5.02727e-05
4.58234e-05
4.00902e-05
3.59847e-05
3.33786e-05
3.44233e-05
3.42163e-05
3.33105e-05
3.15844e-05
1.77926e-05
2.61865e-05
2.78167e-05
2.7731e-05
2.7244e-05
2.61748e-05
2.48028e-05
2.33279e-05
2.12858e-05
2.20372e-05
1.89061e-05
1.6281e-05
1.58173e-05
1.54344e-05
1.51471e-05
1.5061e-05
1.51355e-05
1.52692e-05
1.54533e-05
1.54973e-05
1.55889e-05
1.61726e-05
1.71704e-05
1.89131e-05
2.19437e-05
2.60714e-05
3.50456e-05
3.32511e-05
3.13361e-05
2.96573e-05
2.89045e-05
2.83608e-05
2.78179e-05
2.72199e-05
2.64515e-05
2.55545e-05
2.50719e-05
2.51495e-05
2.62117e-05
2.94528e-05
3.46735e-05
5.13861e-05
4.87947e-05
4.65313e-05
4.45031e-05
4.22496e-05
3.99402e-05
3.76058e-05
3.52652e-05
3.29257e-05
3.05749e-05
2.83905e-05
2.63333e-05
2.50414e-05
2.73761e-05
3.12276e-05
6.61522e-05
6.30805e-05
6.00581e-05
5.71729e-05
5.44907e-05
5.18686e-05
4.90638e-05
4.61122e-05
4.30528e-05
3.98817e-05
3.67479e-05
3.34929e-05
3.08038e-05
2.88409e-05
3.2096e-05
7.7242e-05
7.42276e-05
7.10525e-05
6.78125e-05
6.46304e-05
6.16191e-05
5.86716e-05
5.549e-05
5.21011e-05
4.85016e-05
4.48152e-05
4.0938e-05
3.74369e-05
3.38408e-05
3.59715e-05
8.41768e-05
8.1475e-05
7.8528e-05
7.53875e-05
7.21356e-05
6.88936e-05
6.57488e-05
6.25274e-05
5.90112e-05
5.51954e-05
5.11713e-05
4.69149e-05
4.2866e-05
3.86558e-05
3.81877e-05
8.75166e-05
8.5022e-05
8.24431e-05
7.96302e-05
7.66009e-05
7.34261e-05
7.01968e-05
6.69545e-05
6.34095e-05
5.94919e-05
5.52613e-05
5.07857e-05
4.63512e-05
4.19649e-05
3.83807e-05
8.75555e-05
8.53409e-05
8.3025e-05
8.05412e-05
7.78163e-05
7.48599e-05
7.17108e-05
6.84194e-05
6.48874e-05
6.09342e-05
5.66073e-05
5.20607e-05
4.74231e-05
4.31219e-05
3.76766e-05
8.38987e-05
8.20091e-05
8.00002e-05
7.78019e-05
7.53712e-05
7.26667e-05
6.96638e-05
6.63646e-05
6.27618e-05
5.88314e-05
5.45668e-05
5.0146e-05
4.55775e-05
4.15421e-05
3.52649e-05
7.70464e-05
7.52986e-05
7.34502e-05
7.14431e-05
6.92313e-05
6.67685e-05
6.4012e-05
6.09309e-05
5.75218e-05
5.38059e-05
4.97935e-05
4.56809e-05
4.14421e-05
3.77947e-05
3.18015e-05
6.81317e-05
6.64162e-05
6.46181e-05
6.26834e-05
6.05733e-05
5.82578e-05
5.57042e-05
5.28801e-05
4.97779e-05
4.64285e-05
4.28593e-05
3.92548e-05
3.56434e-05
3.2697e-05
2.81631e-05
5.76247e-05
5.58623e-05
5.40247e-05
5.20673e-05
4.99727e-05
4.77393e-05
4.53604e-05
4.28292e-05
4.01434e-05
3.73361e-05
3.44547e-05
3.16448e-05
2.91338e-05
2.77446e-05
2.5416e-05
4.56033e-05
4.36469e-05
4.16687e-05
3.96485e-05
3.75952e-05
3.55334e-05
3.35111e-05
3.15431e-05
2.96315e-05
2.77926e-05
2.60988e-05
2.46396e-05
2.43289e-05
2.65525e-05
2.49054e-05
3.0994e-05
2.89313e-05
2.7013e-05
2.52465e-05
2.36497e-05
2.28906e-05
2.26511e-05
2.25885e-05
2.25827e-05
2.25878e-05
2.28529e-05
2.35284e-05
2.54171e-05
2.86716e-05
2.8371e-05
1.69986e-05
1.55026e-05
1.46343e-05
1.42027e-05
1.40097e-05
1.40085e-05
1.41227e-05
1.4305e-05
1.44173e-05
1.43742e-05
1.50713e-05
1.6444e-05
1.89329e-05
2.17309e-05
2.64569e-05
0.0140468
0.0140469
0.014047
0.014047
0.0140471
0.0140472
0.0140473
0.0140473
0.0140474
0.0140475
0.0140475
0.0140476
0.0140477
0.0140478
0.0140478
0.0140479
0.014048
0.0140481
0.0140481
0.0140482
0.0140483
0.0140484
0.0140484
0.0140485
0.0140486
0.0140487
0.0140487
0.0140488
0.0140489
0.0140489
0.014049
0.0140491
0.0140491
0.0140492
0.0140493
0.0140493
0.0140494
0.0140495
0.0140495
0.0140495
0.0140496
0.0140496
0.0140496
0.0140496
0.0140496
0.0140496
0.0140496
0.0140496
0.0140496
0.0140496
0.0140497
0.0140497
0.0140497
0.0140497
0.0140497
0.0140497
0.0140497
0.0140497
0.0140497
0.0140497
0.0140497
0.0140497
0.0140497
0.0140497
0.0140497
0.0140497
0.0140497
0.0140498
0.0140498
0.0140498
0.0140498
0.0140498
0.0140498
0.0140498
0.0140499
0.0140499
0.0140499
0.0140499
0.0140499
0.01405
0.01405
0.01405
0.01405
0.01405
0.0140501
0.0140501
0.0140501
0.0140501
0.0140502
0.0140685
0.0140691
0.0140697
0.0140704
0.014071
0.0140716
0.0140722
0.0140728
0.0140734
0.0140739
0.0140745
0.0140751
0.0140756
0.0140762
0.0140767
0.0140773
0.0140778
0.0140783
0.0140788
0.0140793
0.0140798
0.0140803
0.0140808
0.0140813
0.0140818
0.0140823
0.0140827
0.0140832
0.0140837
0.0140841
0.0140846
0.014085
0.0140854
0.0140859
0.0140863
0.0140867
0.0140872
0.0140876
0.014088
0.0140884
0.0140888
0.0140892
0.0140896
0.0140899
0.0140903
0.0140906
0.0140909
0.0140912
0.0140915
0.0140918
0.014092
0.0140923
0.0140925
0.0140927
0.014093
0.0140932
0.0140934
0.0140935
0.0140937
0.0140939
0.0140941
0.0140942
0.0140944
0.0140945
0.0140947
0.0140948
0.0140949
0.0140951
0.0140952
0.0140953
0.0140954
0.0140956
0.0140957
0.0140958
0.0140959
0.014096
0.0140961
0.0140962
0.0140963
0.0140963
0.0140964
0.0140965
0.0140966
0.0140967
0.0140967
0.0140968
0.0140969
0.0140969
0.0140969
0.0140306
0.0140309
0.0140312
0.0140315
0.0140318
0.0140321
0.0140324
0.0140327
0.0140331
0.0140334
0.0140337
0.014034
0.0140343
0.0140346
0.0140349
0.0140352
0.0140356
0.0140359
0.0140362
0.0140365
0.0140368
0.0140371
0.0140375
0.0140378
0.0140381
0.0140384
0.0140387
0.014039
0.0140394
0.0140397
0.01404
0.0140403
0.0140406
0.0140409
0.0140412
0.0140416
0.0140419
0.0140422
0.0140425
0.0140428
0.0140431
0.0140434
0.0140437
0.014044
0.0140443
0.0140447
0.014045
0.0140453
0.0140456
0.0140459
0.0140462
0.0140465
0.0140468
0.0140471
0.0140474
0.0140478
0.0140481
0.0140484
0.0140487
0.014049
0.0140493
0.0140496
0.0140499
0.0140502
0.0140505
0.0140509
0.0140512
0.0140515
0.0140518
0.0140521
0.0140524
0.0140527
0.014053
0.0140533
0.0140537
0.014054
0.0140543
0.0140546
0.0140549
0.0140552
0.0140555
0.0140558
0.0140561
0.0140564
0.0140567
0.014057
0.0140573
0.0140576
0.0140577
0.0140371
0.0140374
0.0140378
0.0140382
0.0140385
0.0140388
0.0140392
0.0140395
0.0140398
0.0140402
0.0140405
0.0140408
0.0140411
0.0140414
0.0140417
0.0140419
0.0140422
0.0140424
0.0140426
0.0140428
0.014043
0.0140432
0.0140433
0.0140435
0.0140436
0.0140437
0.0140438
0.0140438
0.0140439
0.0140439
0.0140439
0.0140439
0.0140438
0.0140437
0.0140435
0.0140433
0.0140433
0.0140433
0.0140433
0.0140434
0.0140435
0.0140436
0.0140437
0.0140439
0.0140441
0.0140443
0.0140445
0.0140447
0.0140449
0.0140451
0.0140454
0.0140456
0.0140458
0.0140461
0.0140463
0.0140465
0.0140468
0.014047
0.0140473
0.0140475
0.0140478
0.0140481
0.0140483
0.0140486
0.0140489
0.0140492
0.0140494
0.0140497
0.01405
0.0140503
0.0140506
0.0140509
0.0140512
0.0140515
0.0140518
0.0140521
0.0140524
0.0140527
0.014053
0.0140533
0.0140536
0.0140539
0.0140542
0.0140545
0.0140548
0.0140551
0.0140554
0.0140557
0.0140559
0.0140276
0.0140277
0.0140278
0.0140279
0.014028
0.0140281
0.0140282
0.0140283
0.0140283
0.0140284
0.0140285
0.0140286
0.0140287
0.0140288
0.0140288
0.0140289
0.014029
0.0140291
0.0140292
0.0140292
0.0140293
0.0140294
0.0140295
0.0140295
0.0140296
0.0140297
0.0140297
0.0140298
0.0140299
0.0140299
0.01403
0.0140301
0.0140301
0.0140302
0.0140302
0.0140303
0.0140304
0.0140304
0.0140305
0.0140305
0.0140306
0.0140306
0.0140306
0.0140306
0.0140306
0.0140306
0.0140306
0.0140306
0.0140306
0.0140305
0.0140305
0.0140304
0.0140304
0.0140303
0.0140303
0.0140302
0.0140301
0.01403
0.0140299
0.0140298
0.0140297
0.0140295
0.0140294
0.0140293
0.0140291
0.0140289
0.0140288
0.0140286
0.0140284
0.0140282
0.0140279
0.0140276
0.0140272
0.0140268
0.0140265
0.0140261
0.0140257
0.0140254
0.014025
0.0140247
0.0140244
0.0140242
0.014024
0.0140238
0.0140237
0.0140235
0.0140234
0.0140232
0.0140229
0.0139974
0.0139975
0.0139977
0.0139978
0.0139979
0.0139981
0.0139982
0.0139983
0.0139984
0.0139984
0.0139985
0.0139986
0.0139986
0.0139986
0.0139987
0.0139987
0.0139987
0.0139986
0.0139986
0.0139985
0.0139984
0.0139982
0.013998
0.0139976
0.0139973
0.0139969
0.0139965
0.0139961
0.0139958
0.0139954
0.013995
0.0139947
0.0139943
0.0139939
0.0139936
0.0139932
0.0139929
0.0139925
0.0139922
0.0139918
0.0139915
0.0139911
0.0139908
0.0139904
0.0139901
0.0139898
0.0139894
0.0139891
0.0139888
0.0139884
0.0139881
0.0139878
0.0139875
0.0139871
0.0139868
0.0139865
0.0139862
0.0139859
0.0139856
0.0139853
0.013985
0.0139847
0.0139844
0.0139841
0.0139838
0.0139835
0.0139832
0.0139829
0.0139827
0.0139827
0.0139826
0.0139827
0.0139827
0.0139827
0.0139828
0.0139829
0.013983
0.0139831
0.0139832
0.0139834
0.0139835
0.0139837
0.0139838
0.013984
0.0139842
0.0139844
0.0139846
0.0139848
0.013985
0.0139526
0.0139526
0.0139526
0.0139526
0.0139527
0.0139528
0.0139529
0.013953
0.0139531
0.0139533
0.0139534
0.0139536
0.0139537
0.0139539
0.0139541
0.0139542
0.0139544
0.0139546
0.0139548
0.013955
0.0139552
0.0139554
0.0139556
0.0139558
0.0139561
0.0139563
0.0139565
0.0139567
0.0139569
0.0139571
0.0139574
0.0139576
0.0139578
0.013958
0.0139583
0.0139585
0.0139587
0.0139589
0.0139592
0.0139594
0.0139596
0.0139598
0.01396
0.0139603
0.0139605
0.0139607
0.0139609
0.0139611
0.0139614
0.0139616
0.0139618
0.013962
0.0139622
0.0139625
0.0139627
0.0139629
0.0139631
0.0139634
0.0139636
0.0139638
0.013964
0.0139642
0.0139645
0.0139647
0.0139649
0.0139651
0.0139653
0.0139656
0.0139658
0.013966
0.0139662
0.0139664
0.0139667
0.0139669
0.0139671
0.0139673
0.0139675
0.0139678
0.013968
0.0139682
0.0139684
0.0139686
0.0139688
0.0139691
0.0139693
0.0139695
0.0139697
0.0139699
0.0139702
0.0139488
0.0139483
0.0139479
0.0139474
0.0139469
0.0139465
0.013946
0.0139456
0.0139451
0.0139446
0.0139442
0.0139437
0.0139433
0.0139428
0.0139424
0.0139419
0.0139415
0.013941
0.0139406
0.0139401
0.0139397
0.0139392
0.0139388
0.0139384
0.013938
0.0139375
0.0139371
0.0139367
0.0139363
0.0139359
0.0139355
0.0139351
0.0139347
0.0139343
0.0139339
0.0139335
0.0139331
0.0139327
0.0139323
0.013932
0.0139316
0.0139312
0.0139309
0.0139307
0.0139306
0.0139306
0.0139306
0.0139307
0.0139307
0.0139308
0.0139309
0.013931
0.0139312
0.0139313
0.0139315
0.0139316
0.0139318
0.013932
0.0139322
0.0139324
0.0139326
0.0139328
0.013933
0.0139333
0.0139335
0.0139337
0.013934
0.0139342
0.0139345
0.0139347
0.013935
0.0139353
0.0139355
0.0139358
0.0139361
0.0139364
0.0139366
0.0139369
0.0139372
0.0139375
0.0139378
0.0139381
0.0139384
0.0139386
0.0139389
0.0139392
0.0139395
0.0139398
0.0139401
0.013917
0.0139166
0.0139162
0.0139158
0.0139154
0.013915
0.0139146
0.0139141
0.0139137
0.0139133
0.0139129
0.0139125
0.0139121
0.0139117
0.0139115
0.0139114
0.0139114
0.0139114
0.0139114
0.0139115
0.0139115
0.0139116
0.0139117
0.0139118
0.013912
0.0139121
0.0139122
0.0139124
0.0139125
0.0139127
0.0139128
0.013913
0.0139132
0.0139134
0.0139136
0.0139138
0.013914
0.0139142
0.0139144
0.0139146
0.0139148
0.013915
0.0139152
0.0139155
0.0139157
0.0139159
0.0139161
0.0139164
0.0139166
0.0139169
0.0139171
0.0139173
0.0139176
0.0139178
0.0139181
0.0139183
0.0139185
0.0139188
0.013919
0.0139193
0.0139195
0.0139198
0.01392
0.0139203
0.0139205
0.0139208
0.013921
0.0139213
0.0139215
0.0139218
0.013922
0.0139223
0.0139225
0.0139228
0.013923
0.0139232
0.0139235
0.0139237
0.0139239
0.0139241
0.0139243
0.0139245
0.0139247
0.0139248
0.0139249
0.013925
0.0139251
0.0139252
0.0139253
0.0139038
0.0139032
0.0139026
0.0139021
0.0139015
0.013901
0.0139004
0.0138998
0.0138993
0.0138987
0.0138981
0.0138976
0.013897
0.0138964
0.0138959
0.0138953
0.0138947
0.0138942
0.0138936
0.013893
0.0138925
0.0138919
0.0138914
0.0138908
0.0138903
0.0138897
0.0138892
0.0138887
0.0138881
0.0138876
0.0138872
0.013887
0.0138869
0.0138869
0.0138869
0.0138869
0.0138869
0.013887
0.0138871
0.0138872
0.0138873
0.0138875
0.0138876
0.0138878
0.0138879
0.0138881
0.0138883
0.0138885
0.0138887
0.0138889
0.0138891
0.0138893
0.0138895
0.0138897
0.0138899
0.0138901
0.0138904
0.0138906
0.0138908
0.013891
0.0138912
0.0138914
0.0138916
0.0138918
0.013892
0.0138922
0.0138924
0.0138925
0.0138927
0.0138929
0.013893
0.0138932
0.0138933
0.0138935
0.0138936
0.0138938
0.0138939
0.013894
0.0138941
0.0138942
0.0138943
0.0138943
0.0138944
0.0138944
0.0138943
0.0138943
0.0138943
0.0138942
0.0138942
0.0138775
0.0138769
0.0138762
0.0138755
0.0138749
0.0138742
0.0138735
0.0138729
0.0138722
0.0138716
0.0138709
0.0138702
0.0138695
0.0138689
0.0138682
0.0138675
0.0138669
0.0138663
0.0138658
0.0138656
0.0138655
0.0138654
0.0138653
0.0138653
0.0138652
0.0138652
0.0138653
0.0138653
0.0138654
0.0138654
0.0138655
0.0138656
0.0138657
0.0138658
0.013866
0.0138661
0.0138662
0.0138664
0.0138665
0.0138667
0.0138668
0.0138669
0.013867
0.013867
0.013867
0.013867
0.013867
0.0138669
0.0138668
0.0138666
0.0138664
0.0138662
0.013866
0.0138657
0.0138653
0.0138648
0.0138641
0.0138633
0.0138626
0.0138618
0.013861
0.0138602
0.0138594
0.0138586
0.0138579
0.0138571
0.0138563
0.0138555
0.0138547
0.0138539
0.0138531
0.0138524
0.0138516
0.0138508
0.01385
0.0138492
0.0138484
0.0138476
0.0138468
0.013846
0.0138452
0.0138444
0.0138436
0.0138428
0.013842
0.0138412
0.0138405
0.0138397
0.0138391
0.0138479
0.0138472
0.0138464
0.0138457
0.013845
0.0138442
0.0138435
0.0138428
0.013842
0.0138413
0.0138405
0.0138398
0.0138391
0.0138383
0.0138376
0.0138368
0.0138361
0.0138353
0.0138346
0.0138338
0.0138331
0.0138323
0.0138316
0.0138308
0.0138301
0.0138295
0.0138293
0.0138291
0.013829
0.0138289
0.0138289
0.0138288
0.0138288
0.0138288
0.0138289
0.0138289
0.0138289
0.013829
0.013829
0.0138291
0.0138292
0.0138292
0.0138292
0.0138291
0.0138291
0.0138289
0.0138288
0.0138286
0.0138283
0.0138281
0.0138278
0.0138274
0.013827
0.0138265
0.013826
0.0138252
0.0138243
0.0138233
0.0138223
0.0138213
0.0138203
0.0138193
0.0138183
0.0138174
0.0138164
0.0138154
0.0138144
0.0138134
0.0138124
0.0138115
0.0138105
0.0138095
0.0138085
0.0138075
0.0138065
0.0138055
0.0138045
0.0138035
0.0138025
0.0138015
0.0138005
0.0137995
0.0137985
0.0137975
0.0137965
0.0137955
0.0137946
0.0137936
0.0137928
0.0138208
0.0138199
0.013819
0.0138181
0.0138172
0.0138164
0.0138155
0.0138146
0.0138137
0.0138128
0.0138119
0.013811
0.0138101
0.0138092
0.0138083
0.0138074
0.0138065
0.0138056
0.0138047
0.0138039
0.0138035
0.0138033
0.013803
0.0138025
0.0138015
0.0138006
0.0137996
0.0137986
0.0137977
0.0137967
0.0137958
0.0137948
0.0137939
0.0137929
0.0137919
0.013791
0.01379
0.0137891
0.0137881
0.0137871
0.0137862
0.0137852
0.0137842
0.0137833
0.0137823
0.0137814
0.0137804
0.0137794
0.0137784
0.0137775
0.0137765
0.0137755
0.0137745
0.0137736
0.0137726
0.0137716
0.0137706
0.0137696
0.0137686
0.0137676
0.0137666
0.0137656
0.0137646
0.0137636
0.0137626
0.0137616
0.0137605
0.0137595
0.0137585
0.0137575
0.0137564
0.0137554
0.0137543
0.0137533
0.0137523
0.0137512
0.0137501
0.0137491
0.013748
0.013747
0.0137459
0.0137448
0.0137438
0.0137427
0.0137416
0.0137405
0.0137395
0.0137385
0.0137376
0.0137903
0.0137892
0.0137882
0.0137872
0.0137861
0.0137851
0.0137841
0.013783
0.013782
0.0137809
0.0137799
0.0137788
0.0137778
0.0137767
0.0137757
0.0137746
0.0137735
0.0137725
0.0137714
0.0137703
0.0137692
0.0137682
0.0137671
0.0137661
0.013765
0.0137639
0.0137628
0.0137617
0.0137606
0.0137595
0.0137584
0.0137573
0.0137561
0.013755
0.0137539
0.0137528
0.0137517
0.0137505
0.0137494
0.0137483
0.0137471
0.013746
0.0137448
0.0137437
0.0137425
0.0137414
0.0137402
0.013739
0.0137379
0.0137367
0.0137355
0.0137343
0.0137331
0.013732
0.0137308
0.0137296
0.0137284
0.0137272
0.013726
0.0137248
0.0137235
0.0137223
0.0137211
0.0137199
0.0137186
0.0137174
0.0137162
0.0137149
0.0137137
0.0137124
0.0137112
0.0137099
0.0137087
0.0137074
0.0137061
0.0137049
0.0137036
0.0137023
0.013701
0.0136997
0.0136984
0.0136971
0.0136958
0.0136945
0.0136932
0.0136919
0.0136906
0.0136894
0.0136884
0.0137579
0.0137567
0.0137555
0.0137543
0.013753
0.0137518
0.0137505
0.0137493
0.013748
0.0137468
0.0137455
0.0137443
0.013743
0.0137417
0.0137405
0.0137392
0.0137379
0.0137366
0.0137353
0.013734
0.0137327
0.0137314
0.0137301
0.0137288
0.0137275
0.0137262
0.0137249
0.0137235
0.0137222
0.0137209
0.0137195
0.0137182
0.0137169
0.0137155
0.0137141
0.0137128
0.0137114
0.01371
0.0137087
0.0137073
0.0137059
0.0137045
0.0137031
0.0137017
0.0137003
0.0136989
0.0136975
0.0136961
0.0136947
0.0136933
0.0136918
0.0136904
0.013689
0.0136875
0.0136861
0.0136846
0.0136832
0.0136817
0.0136802
0.0136788
0.0136773
0.0136758
0.0136743
0.0136728
0.0136713
0.0136698
0.0136683
0.0136668
0.0136653
0.0136638
0.0136623
0.0136607
0.0136592
0.0136576
0.0136561
0.0136545
0.013653
0.0136514
0.0136499
0.0136483
0.0136467
0.0136451
0.0136435
0.0136419
0.0136403
0.0136388
0.0136372
0.0136357
0.0136344
0.0137221
0.0137207
0.0137192
0.0137178
0.0137163
0.0137148
0.0137134
0.0137119
0.0137104
0.0137089
0.0137074
0.0137059
0.0137044
0.0137029
0.0137014
0.0136999
0.0136984
0.0136968
0.0136953
0.0136938
0.0136922
0.0136907
0.0136891
0.0136875
0.013686
0.0136844
0.0136828
0.0136812
0.0136797
0.0136781
0.0136765
0.0136749
0.0136732
0.0136716
0.01367
0.0136684
0.0136667
0.0136651
0.0136635
0.0136618
0.0136601
0.0136585
0.0136568
0.0136551
0.0136534
0.0136518
0.0136501
0.0136484
0.0136466
0.0136449
0.0136432
0.0136415
0.0136398
0.013638
0.0136363
0.0136345
0.0136328
0.013631
0.0136292
0.0136274
0.0136257
0.0136239
0.0136221
0.0136203
0.0136184
0.0136166
0.0136148
0.013613
0.0136111
0.0136093
0.0136074
0.0136056
0.0136037
0.0136018
0.0136
0.0135981
0.0135962
0.0135943
0.0135924
0.0135905
0.0135885
0.0135866
0.0135847
0.0135827
0.0135808
0.0135789
0.0135769
0.0135751
0.0135736
0.0136826
0.0136809
0.0136792
0.0136775
0.0136757
0.013674
0.0136723
0.0136705
0.0136687
0.013667
0.0136652
0.0136634
0.0136616
0.0136598
0.013658
0.0136562
0.0136544
0.0136526
0.0136508
0.013649
0.0136471
0.0136453
0.0136434
0.0136415
0.0136397
0.0136378
0.0136359
0.013634
0.0136321
0.0136302
0.0136283
0.0136264
0.0136245
0.0136225
0.0136206
0.0136186
0.0136167
0.0136147
0.0136127
0.0136108
0.0136088
0.0136068
0.0136048
0.0136027
0.0136007
0.0135987
0.0135967
0.0135946
0.0135926
0.0135905
0.0135884
0.0135863
0.0135843
0.0135822
0.0135801
0.0135779
0.0135758
0.0135737
0.0135715
0.0135694
0.0135672
0.0135651
0.0135629
0.0135607
0.0135585
0.0135563
0.0135541
0.0135519
0.0135497
0.0135474
0.0135452
0.0135429
0.0135407
0.0135384
0.0135361
0.0135338
0.0135315
0.0135292
0.0135269
0.0135246
0.0135222
0.0135199
0.0135175
0.0135152
0.0135128
0.0135104
0.0135081
0.0135058
0.013504
0.0136397
0.0136376
0.0136356
0.0136336
0.0136315
0.0136295
0.0136274
0.0136253
0.0136233
0.0136212
0.0136191
0.013617
0.0136148
0.0136127
0.0136106
0.0136084
0.0136063
0.0136041
0.013602
0.0135998
0.0135976
0.0135954
0.0135932
0.013591
0.0135888
0.0135865
0.0135843
0.013582
0.0135798
0.0135775
0.0135752
0.0135729
0.0135706
0.0135683
0.013566
0.0135636
0.0135613
0.0135589
0.0135566
0.0135542
0.0135518
0.0135494
0.013547
0.0135446
0.0135421
0.0135397
0.0135372
0.0135348
0.0135323
0.0135298
0.0135273
0.0135248
0.0135223
0.0135197
0.0135172
0.0135147
0.0135121
0.0135095
0.0135069
0.0135043
0.0135017
0.0134991
0.0134964
0.0134938
0.0134911
0.0134885
0.0134858
0.0134831
0.0134804
0.0134776
0.0134749
0.0134721
0.0134694
0.0134666
0.0134638
0.013461
0.0134582
0.0134554
0.0134526
0.0134497
0.0134468
0.013444
0.0134411
0.0134382
0.0134353
0.0134324
0.0134295
0.0134268
0.0134245
0.0135927
0.0135903
0.0135879
0.0135855
0.0135831
0.0135806
0.0135782
0.0135757
0.0135733
0.0135708
0.0135683
0.0135658
0.0135633
0.0135608
0.0135583
0.0135557
0.0135532
0.0135506
0.013548
0.0135454
0.0135428
0.0135402
0.0135376
0.0135349
0.0135323
0.0135296
0.0135269
0.0135242
0.0135215
0.0135188
0.0135161
0.0135133
0.0135105
0.0135078
0.013505
0.0135022
0.0134994
0.0134965
0.0134937
0.0134908
0.013488
0.0134851
0.0134822
0.0134792
0.0134763
0.0134734
0.0134704
0.0134674
0.0134644
0.0134614
0.0134584
0.0134554
0.0134523
0.0134492
0.0134461
0.013443
0.0134399
0.0134368
0.0134336
0.0134305
0.0134273
0.0134241
0.0134209
0.0134177
0.0134144
0.0134111
0.0134079
0.0134046
0.0134012
0.0133979
0.0133946
0.0133912
0.0133878
0.0133844
0.013381
0.0133776
0.0133741
0.0133706
0.0133671
0.0133636
0.0133601
0.0133566
0.013353
0.0133494
0.0133458
0.0133422
0.0133387
0.0133353
0.0133326
0.0135413
0.0135384
0.0135356
0.0135328
0.0135299
0.013527
0.0135241
0.0135212
0.0135183
0.0135154
0.0135124
0.0135095
0.0135065
0.0135035
0.0135005
0.0134975
0.0134944
0.0134914
0.0134883
0.0134852
0.0134821
0.013479
0.0134758
0.0134727
0.0134695
0.0134663
0.0134631
0.0134599
0.0134566
0.0134534
0.0134501
0.0134468
0.0134435
0.0134401
0.0134368
0.0134334
0.01343
0.0134266
0.0134231
0.0134197
0.0134162
0.0134127
0.0134092
0.0134057
0.0134021
0.0133985
0.013395
0.0133913
0.0133877
0.013384
0.0133804
0.0133767
0.0133729
0.0133692
0.0133654
0.0133616
0.0133578
0.013354
0.0133502
0.0133463
0.0133424
0.0133385
0.0133345
0.0133305
0.0133266
0.0133225
0.0133185
0.0133144
0.0133104
0.0133063
0.0133021
0.013298
0.0132938
0.0132896
0.0132854
0.0132811
0.0132768
0.0132725
0.0132682
0.0132638
0.0132595
0.0132551
0.0132506
0.0132462
0.0132417
0.0132372
0.0132328
0.0132286
0.0132253
0.0134845
0.0134811
0.0134778
0.0134744
0.013471
0.0134676
0.0134642
0.0134608
0.0134573
0.0134538
0.0134503
0.0134468
0.0134433
0.0134397
0.0134361
0.0134325
0.0134289
0.0134252
0.0134216
0.0134179
0.0134142
0.0134104
0.0134067
0.0134029
0.0133991
0.0133952
0.0133914
0.0133875
0.0133836
0.0133797
0.0133757
0.0133717
0.0133677
0.0133637
0.0133597
0.0133556
0.0133515
0.0133473
0.0133432
0.013339
0.0133348
0.0133305
0.0133263
0.013322
0.0133177
0.0133133
0.0133089
0.0133045
0.0133001
0.0132956
0.0132911
0.0132866
0.013282
0.0132774
0.0132728
0.0132681
0.0132635
0.0132588
0.013254
0.0132492
0.0132444
0.0132396
0.0132347
0.0132298
0.0132249
0.0132199
0.0132149
0.0132099
0.0132048
0.0131997
0.0131946
0.0131894
0.0131842
0.013179
0.0131737
0.0131684
0.0131631
0.0131577
0.0131523
0.0131468
0.0131414
0.0131358
0.0131303
0.0131247
0.0131191
0.0131135
0.0131079
0.0131027
0.0130985
0.0134215
0.0134176
0.0134136
0.0134096
0.0134056
0.0134016
0.0133975
0.0133934
0.0133893
0.0133852
0.013381
0.0133768
0.0133726
0.0133684
0.0133641
0.0133598
0.0133555
0.0133511
0.0133467
0.0133423
0.0133379
0.0133334
0.0133289
0.0133243
0.0133198
0.0133151
0.0133105
0.0133058
0.0133011
0.0132964
0.0132916
0.0132868
0.013282
0.0132771
0.0132722
0.0132672
0.0132622
0.0132572
0.0132522
0.0132471
0.0132419
0.0132368
0.0132315
0.0132263
0.013221
0.0132157
0.0132103
0.0132049
0.0131994
0.0131939
0.0131884
0.0131828
0.0131772
0.0131716
0.0131659
0.0131601
0.0131543
0.0131485
0.0131426
0.0131367
0.0131307
0.0131247
0.0131187
0.0131126
0.0131064
0.0131002
0.013094
0.0130877
0.0130814
0.013075
0.0130685
0.0130621
0.0130555
0.013049
0.0130424
0.0130357
0.013029
0.0130222
0.0130154
0.0130085
0.0130016
0.0129946
0.0129876
0.0129805
0.0129734
0.0129663
0.0129592
0.0129526
0.0129473
0.0133514
0.0133467
0.013342
0.0133373
0.0133325
0.0133278
0.0133229
0.0133181
0.0133132
0.0133083
0.0133033
0.0132983
0.0132933
0.0132883
0.0132832
0.013278
0.0132728
0.0132676
0.0132624
0.0132571
0.0132517
0.0132464
0.0132409
0.0132355
0.01323
0.0132244
0.0132188
0.0132132
0.0132075
0.0132018
0.013196
0.0131902
0.0131843
0.0131784
0.0131724
0.0131664
0.0131603
0.0131542
0.013148
0.0131417
0.0131355
0.0131291
0.0131227
0.0131163
0.0131098
0.0131032
0.0130966
0.0130899
0.0130832
0.0130764
0.0130696
0.0130627
0.0130557
0.0130487
0.0130416
0.0130345
0.0130273
0.01302
0.0130127
0.0130053
0.0129978
0.0129903
0.0129827
0.012975
0.0129673
0.0129596
0.0129517
0.0129438
0.0129358
0.0129278
0.0129197
0.0129115
0.0129032
0.0128949
0.0128865
0.0128781
0.0128695
0.0128609
0.0128523
0.0128435
0.0128347
0.0128258
0.0128168
0.0128078
0.0127987
0.0127896
0.0127806
0.0127721
0.0127654
0.013273
0.0132675
0.013262
0.0132564
0.0132508
0.0132451
0.0132394
0.0132336
0.0132278
0.013222
0.0132161
0.0132101
0.0132042
0.0131981
0.013192
0.0131859
0.0131797
0.0131734
0.0131671
0.0131608
0.0131544
0.0131479
0.0131414
0.0131348
0.0131282
0.0131214
0.0131147
0.0131079
0.013101
0.013094
0.013087
0.0130799
0.0130728
0.0130655
0.0130582
0.0130509
0.0130435
0.013036
0.0130284
0.0130207
0.013013
0.0130052
0.0129973
0.0129894
0.0129814
0.0129733
0.0129651
0.0129568
0.0129485
0.01294
0.0129315
0.0129229
0.0129142
0.0129055
0.0128966
0.0128877
0.0128786
0.0128695
0.0128603
0.012851
0.0128416
0.0128322
0.0128226
0.0128129
0.0128032
0.0127933
0.0127834
0.0127734
0.0127632
0.012753
0.0127427
0.0127323
0.0127217
0.0127111
0.0127004
0.0126896
0.0126787
0.0126677
0.0126566
0.0126454
0.012634
0.0126226
0.0126111
0.0125995
0.0125878
0.012576
0.0125644
0.0125534
0.0125449
0.0131854
0.0131789
0.0131724
0.0131658
0.0131591
0.0131524
0.0131456
0.0131388
0.0131319
0.0131249
0.0131179
0.0131108
0.0131037
0.0130965
0.0130892
0.0130819
0.0130744
0.013067
0.0130594
0.0130518
0.0130441
0.0130363
0.0130284
0.0130205
0.0130124
0.0130043
0.0129961
0.0129879
0.0129795
0.0129711
0.0129625
0.0129539
0.0129452
0.0129363
0.0129274
0.0129184
0.0129093
0.0129001
0.0128908
0.0128813
0.0128718
0.0128622
0.0128525
0.0128426
0.0128326
0.0128226
0.0128124
0.0128021
0.0127917
0.0127812
0.0127705
0.0127597
0.0127489
0.0127378
0.0127267
0.0127155
0.0127041
0.0126926
0.0126809
0.0126692
0.0126573
0.0126453
0.0126331
0.0126208
0.0126084
0.0125959
0.0125832
0.0125704
0.0125574
0.0125443
0.0125311
0.0125178
0.0125043
0.0124907
0.0124769
0.012463
0.012449
0.0124348
0.0124204
0.012406
0.0123914
0.0123766
0.0123617
0.0123467
0.0123316
0.0123164
0.0123013
0.0122871
0.012276
0.0130874
0.0130797
0.013072
0.0130642
0.0130563
0.0130483
0.0130403
0.0130322
0.013024
0.0130157
0.0130074
0.0129989
0.0129904
0.0129818
0.0129731
0.0129643
0.0129555
0.0129465
0.0129374
0.0129283
0.012919
0.0129096
0.0129001
0.0128905
0.0128808
0.012871
0.0128611
0.0128511
0.0128409
0.0128306
0.0128202
0.0128097
0.012799
0.0127882
0.0127773
0.0127662
0.012755
0.0127437
0.0127322
0.0127205
0.0127088
0.0126968
0.0126847
0.0126725
0.0126601
0.0126476
0.0126348
0.012622
0.0126089
0.0125957
0.0125823
0.0125688
0.0125551
0.0125412
0.0125271
0.0125129
0.0124984
0.0124838
0.0124691
0.0124541
0.0124389
0.0124236
0.0124081
0.0123924
0.0123765
0.0123604
0.0123442
0.0123277
0.0123111
0.0122943
0.0122773
0.0122601
0.0122427
0.0122252
0.0122074
0.0121895
0.0121713
0.012153
0.0121345
0.0121158
0.0120969
0.0120778
0.0120586
0.0120391
0.0120195
0.0119998
0.0119803
0.0119619
0.0119475
0.0129776
0.0129685
0.0129594
0.0129501
0.0129408
0.0129314
0.0129219
0.0129123
0.0129026
0.0128928
0.0128828
0.0128728
0.0128627
0.0128524
0.012842
0.0128315
0.0128209
0.0128102
0.0127993
0.0127883
0.0127772
0.0127659
0.0127544
0.0127429
0.0127312
0.0127193
0.0127072
0.0126951
0.0126827
0.0126702
0.0126575
0.0126446
0.0126316
0.0126184
0.0126049
0.0125913
0.0125775
0.0125636
0.0125494
0.012535
0.0125204
0.0125056
0.0124905
0.0124753
0.0124598
0.0124441
0.0124282
0.012412
0.0123957
0.012379
0.0123622
0.0123451
0.0123277
0.0123101
0.0122923
0.0122742
0.0122559
0.0122373
0.0122184
0.0121993
0.0121799
0.0121603
0.0121405
0.0121203
0.0120999
0.0120793
0.0120584
0.0120373
0.0120159
0.0119942
0.0119723
0.0119501
0.0119277
0.0119051
0.0118822
0.011859
0.0118356
0.011812
0.0117881
0.011764
0.0117396
0.0117151
0.0116902
0.0116652
0.01164
0.0116146
0.0115895
0.0115657
0.011547
0.0128545
0.0128438
0.0128331
0.0128222
0.0128112
0.0128001
0.0127888
0.0127775
0.012766
0.0127543
0.0127426
0.0127307
0.0127186
0.0127064
0.012694
0.0126815
0.0126688
0.012656
0.012643
0.0126298
0.0126164
0.0126029
0.0125891
0.0125752
0.012561
0.0125467
0.0125321
0.0125173
0.0125023
0.0124871
0.0124716
0.0124559
0.01244
0.0124238
0.0124073
0.0123906
0.0123736
0.0123564
0.0123389
0.012321
0.0123029
0.0122845
0.0122658
0.0122468
0.0122275
0.0122079
0.0121879
0.0121676
0.012147
0.0121261
0.0121048
0.0120832
0.0120612
0.0120389
0.0120163
0.0119933
0.0119699
0.0119462
0.0119222
0.0118978
0.011873
0.0118479
0.0118224
0.0117966
0.0117705
0.011744
0.0117172
0.01169
0.0116625
0.0116347
0.0116065
0.011578
0.0115492
0.0115201
0.0114907
0.011461
0.011431
0.0114007
0.0113702
0.0113393
0.0113082
0.0112768
0.0112451
0.0112132
0.0111811
0.0111489
0.0111169
0.0110866
0.0110627
0.0127165
0.012704
0.0126914
0.0126786
0.0126657
0.0126526
0.0126394
0.0126259
0.0126124
0.0125986
0.0125847
0.0125706
0.0125563
0.0125418
0.0125271
0.0125123
0.0124972
0.0124818
0.0124663
0.0124505
0.0124345
0.0124183
0.0124018
0.012385
0.012368
0.0123507
0.0123331
0.0123152
0.012297
0.0122786
0.0122598
0.0122407
0.0122212
0.0122014
0.0121813
0.0121608
0.0121399
0.0121187
0.0120971
0.0120751
0.0120527
0.0120299
0.0120067
0.011983
0.0119589
0.0119344
0.0119094
0.011884
0.0118581
0.0118318
0.011805
0.0117777
0.01175
0.0117218
0.0116931
0.0116639
0.0116342
0.0116041
0.0115734
0.0115423
0.0115108
0.0114787
0.0114462
0.0114133
0.0113798
0.011346
0.0113117
0.011277
0.0112418
0.0112063
0.0111704
0.0111341
0.0110974
0.0110603
0.0110229
0.0109852
0.0109472
0.0109088
0.0108702
0.0108312
0.010792
0.0107526
0.0107129
0.010673
0.0106329
0.0105927
0.0105529
0.0105151
0.0104852
0.0125621
0.0125475
0.0125327
0.0125177
0.0125025
0.0124872
0.0124716
0.0124558
0.0124399
0.0124237
0.0124073
0.0123907
0.0123738
0.0123567
0.0123393
0.0123217
0.0123037
0.0122856
0.0122671
0.0122483
0.0122292
0.0122098
0.0121901
0.0121701
0.0121497
0.0121289
0.0121078
0.0120862
0.0120643
0.012042
0.0120193
0.0119961
0.0119725
0.0119484
0.0119239
0.0118989
0.0118734
0.0118474
0.0118208
0.0117938
0.0117662
0.011738
0.0117093
0.01168
0.0116501
0.0116196
0.0115885
0.0115568
0.0115245
0.0114915
0.0114579
0.0114237
0.0113888
0.0113532
0.011317
0.0112802
0.0112427
0.0112046
0.0111658
0.0111264
0.0110864
0.0110458
0.0110046
0.0109628
0.0109205
0.0108776
0.0108341
0.0107902
0.0107457
0.0107008
0.0106555
0.0106097
0.0105636
0.010517
0.0104702
0.010423
0.0103755
0.0103278
0.0102799
0.0102318
0.0101835
0.0101351
0.0100865
0.0100379
0.00998929
0.00994077
0.00989283
0.0098472
0.00981094
0.0123893
0.0123723
0.012355
0.0123375
0.0123198
0.0123019
0.0122837
0.0122653
0.0122466
0.0122276
0.0122084
0.0121889
0.012169
0.0121489
0.0121285
0.0121077
0.0120866
0.0120651
0.0120433
0.012021
0.0119984
0.0119754
0.011952
0.0119281
0.0119038
0.0118791
0.0118538
0.0118281
0.0118018
0.0117751
0.0117477
0.0117199
0.0116914
0.0116623
0.0116326
0.0116023
0.0115714
0.0115397
0.0115074
0.0114744
0.0114406
0.0114061
0.0113709
0.0113348
0.011298
0.0112604
0.011222
0.0111827
0.0111426
0.0111016
0.0110598
0.0110171
0.0109736
0.0109292
0.010884
0.0108378
0.0107909
0.0107431
0.0106945
0.010645
0.0105948
0.0105438
0.0104921
0.0104397
0.0103866
0.0103328
0.0102784
0.0102235
0.010168
0.0101121
0.0100557
0.00999901
0.00994194
0.00988461
0.00982706
0.00976936
0.00971156
0.00965372
0.00959591
0.00953818
0.00948059
0.00942321
0.0093661
0.00930933
0.00925298
0.0091972
0.00914244
0.0090905
0.00904904
0.0121965
0.0121767
0.0121567
0.0121364
0.0121158
0.0120949
0.0120738
0.0120524
0.0120306
0.0120085
0.0119861
0.0119633
0.0119402
0.0119167
0.0118928
0.0118684
0.0118437
0.0118185
0.0117929
0.0117668
0.0117403
0.0117132
0.0116856
0.0116574
0.0116287
0.0115994
0.0115695
0.011539
0.0115078
0.011476
0.0114435
0.0114102
0.0113762
0.0113414
0.0113059
0.0112695
0.0112322
0.0111941
0.0111551
0.0111152
0.0110743
0.0110325
0.0109896
0.0109458
0.0109009
0.0108549
0.0108079
0.0107598
0.0107106
0.0106602
0.0106087
0.0105561
0.0105024
0.0104475
0.0103915
0.0103345
0.0102763
0.010217
0.0101567
0.0100954
0.0100331
0.00996987
0.00990576
0.00984082
0.00977512
0.00970872
0.0096417
0.00957413
0.0095061
0.00943771
0.00936905
0.00930023
0.00923135
0.00916252
0.00909387
0.00902551
0.00895755
0.00889014
0.00882338
0.0087574
0.00869232
0.00862825
0.00856533
0.00850372
0.00844357
0.00838503
0.00832847
0.00827546
0.00823323
0.0119817
0.0119589
0.0119358
0.0119124
0.0118886
0.0118646
0.0118401
0.0118154
0.0117902
0.0117647
0.0117387
0.0117124
0.0116856
0.0116583
0.0116306
0.0116024
0.0115737
0.0115444
0.0115147
0.0114843
0.0114534
0.0114218
0.0113896
0.0113567
0.0113231
0.0112889
0.0112538
0.011218
0.0111814
0.0111439
0.0111056
0.0110664
0.0110262
0.0109851
0.010943
0.0108998
0.0108556
0.0108102
0.0107638
0.0107161
0.0106672
0.0106171
0.0105657
0.010513
0.0104589
0.0104035
0.0103467
0.0102884
0.0102288
0.0101676
0.0101051
0.010041
0.00997553
0.00990859
0.0098402
0.0097704
0.00969922
0.00962669
0.00955287
0.00947781
0.00940159
0.00932427
0.00924597
0.00916677
0.00908681
0.00900622
0.00892513
0.00884372
0.00876216
0.00868064
0.00859936
0.00851853
0.00843838
0.00835913
0.008281
0.00820423
0.00812908
0.00805582
0.00798467
0.00791581
0.00784939
0.00778561
0.00772487
0.00766796
0.00761476
0.00756492
0.00751854
0.00747658
0.00744403
0.0117433
0.0117172
0.0116908
0.0116639
0.0116368
0.0116092
0.0115812
0.0115528
0.011524
0.0114947
0.011465
0.0114347
0.011404
0.0113727
0.0113409
0.0113085
0.0112755
0.0112419
0.0112076
0.0111726
0.011137
0.0111006
0.0110635
0.0110255
0.0109867
0.0109471
0.0109065
0.010865
0.0108226
0.0107791
0.0107345
0.0106889
0.0106421
0.0105941
0.0105449
0.0104944
0.0104426
0.0103894
0.0103347
0.0102786
0.010221
0.0101618
0.010101
0.0100385
0.00997436
0.00990847
0.00984079
0.00977132
0.00970002
0.00962688
0.00955187
0.009475
0.00939628
0.00931571
0.00923333
0.00914918
0.0090633
0.00897578
0.00888669
0.00879614
0.00870427
0.00861123
0.00851719
0.00842238
0.00832704
0.00823143
0.00813587
0.0080407
0.00794628
0.00785299
0.00776124
0.00767149
0.00758422
0.00749979
0.00741857
0.00734096
0.0072677
0.0071997
0.00713666
0.00707841
0.00702502
0.00697671
0.00693372
0.00689626
0.00686446
0.0068385
0.0068187
0.00680539
0.00679887
0.01148
0.0114504
0.0114203
0.0113898
0.011359
0.0113277
0.0112959
0.0112637
0.0112309
0.0111977
0.0111639
0.0111296
0.0110947
0.0110592
0.0110231
0.0109863
0.0109488
0.0109106
0.0108716
0.0108319
0.0107913
0.0107499
0.0107076
0.0106644
0.0106202
0.0105749
0.0105286
0.0104812
0.0104327
0.0103829
0.0103319
0.0102795
0.0102258
0.0101706
0.010114
0.0100558
0.00999598
0.00993449
0.00987126
0.00980624
0.00973934
0.00967051
0.00959969
0.00952681
0.00945183
0.00937467
0.00929531
0.00921368
0.00912976
0.00904353
0.00895495
0.00886404
0.00877079
0.00867524
0.00857743
0.00847743
0.00837533
0.00827127
0.0081654
0.00805793
0.00794913
0.0078393
0.00772883
0.00761817
0.00750784
0.00739841
0.00729055
0.00718501
0.00708251
0.00698373
0.00688946
0.00680099
0.00671923
0.00664404
0.00657565
0.00651452
0.00646114
0.00641599
0.00637942
0.00635169
0.00633326
0.00632473
0.00632627
0.00633784
0.00635858
0.00638948
0.00643193
0.00648656
0.00654313
0.0111907
0.0111573
0.0111235
0.0110892
0.0110545
0.0110193
0.0109836
0.0109474
0.0109107
0.0108734
0.0108355
0.010797
0.0107578
0.010718
0.0106774
0.0106362
0.0105941
0.0105513
0.0105075
0.010463
0.0104174
0.0103709
0.0103234
0.0102749
0.0102252
0.0101743
0.0101222
0.0100689
0.0100142
0.00995805
0.00990047
0.00984135
0.00978062
0.00971821
0.00965404
0.00958803
0.00952012
0.0094502
0.00937821
0.00930405
0.00922764
0.0091489
0.00906774
0.00898408
0.00889784
0.00880894
0.00871733
0.00862292
0.00852568
0.00842557
0.00832255
0.00821663
0.00810782
0.00799617
0.00788176
0.00776471
0.0076452
0.00752348
0.00739987
0.00727482
0.00714889
0.00702276
0.00689727
0.00677344
0.0066524
0.00653526
0.00642344
0.00631899
0.0062227
0.00613514
0.00605727
0.00599022
0.00593494
0.00589222
0.00586285
0.00584787
0.00584772
0.00586274
0.00589255
0.00593664
0.00599799
0.00607906
0.00617736
0.00629299
0.00642351
0.00656947
0.00673053
0.00690086
0.00705611
0.010875
0.0108378
0.0108001
0.010762
0.0107234
0.0106842
0.0106446
0.0106044
0.0105636
0.0105222
0.0104802
0.0104375
0.0103941
0.01035
0.0103051
0.0102594
0.0102129
0.0101655
0.0101171
0.0100678
0.0100174
0.00996595
0.00991337
0.0098596
0.00980457
0.00974824
0.00969052
0.00963136
0.00957067
0.00950839
0.00944443
0.00937872
0.00931115
0.00924165
0.00917013
0.00909647
0.00902059
0.00894238
0.00886173
0.00877854
0.00869269
0.00860407
0.00851257
0.00841809
0.00832051
0.00821973
0.00811565
0.00800818
0.00789726
0.00778282
0.00766484
0.0075433
0.00741825
0.00728976
0.007158
0.00702319
0.00688571
0.00674609
0.00660506
0.00646362
0.00632305
0.00618488
0.00605089
0.00592362
0.00580522
0.00569705
0.00560105
0.00551944
0.00545421
0.00540705
0.00537989
0.00537442
0.00539119
0.00542991
0.0054917
0.00558062
0.00569472
0.00583328
0.00599492
0.00617842
0.00638349
0.00661008
0.00685652
0.00712137
0.00740309
0.00770081
0.00801182
0.00832351
0.0085918
0.010533
0.010492
0.0104505
0.0104086
0.0103661
0.0103232
0.0102797
0.0102356
0.0101909
0.0101455
0.0100996
0.0100529
0.0100054
0.0099572
0.00990816
0.00985826
0.00980746
0.0097557
0.00970294
0.00964912
0.00959418
0.00953807
0.00948072
0.00942207
0.00936205
0.00930058
0.00923759
0.00917299
0.00910671
0.00903864
0.00896871
0.00889679
0.00882281
0.00874664
0.00866817
0.00858729
0.00850387
0.00841778
0.00832889
0.00823706
0.00814216
0.00804404
0.00794255
0.00783756
0.00772891
0.00761646
0.00750009
0.00737967
0.0072551
0.00712631
0.00699325
0.00685593
0.00671443
0.00656891
0.00641971
0.00626735
0.00611265
0.00595685
0.00580167
0.0056493
0.00550292
0.00536558
0.00523988
0.00512937
0.00503784
0.00496908
0.00492696
0.00491493
0.00493465
0.00498651
0.00507472
0.0052023
0.00536452
0.00556048
0.00578978
0.00605138
0.00634008
0.00665442
0.0069924
0.00735302
0.00773523
0.00813731
0.00855651
0.00898678
0.00942501
0.00986693
0.0103043
0.0107169
0.0110467
0.0101658
0.0101211
0.010076
0.0100304
0.00998432
0.00993771
0.00989056
0.00984282
0.00979446
0.00974546
0.00969577
0.00964536
0.00959418
0.0095422
0.00948936
0.00943562
0.00938093
0.00932524
0.00926848
0.0092106
0.00915154
0.00909122
0.00902957
0.00896653
0.00890201
0.00883593
0.00876819
0.00869871
0.00862739
0.00855412
0.0084788
0.00840131
0.00832153
0.00823932
0.00815457
0.00806712
0.00797683
0.00788354
0.0077871
0.00768734
0.00758408
0.00747714
0.00736634
0.00725149
0.00713241
0.00700891
0.00688082
0.00674797
0.00661024
0.00646753
0.00631981
0.00616711
0.00600964
0.00584779
0.00568226
0.0055143
0.00534588
0.00517979
0.00502034
0.00487111
0.00473672
0.0046234
0.00453791
0.00448714
0.00447595
0.00450935
0.00459285
0.00473076
0.00491924
0.00515696
0.00544318
0.00577423
0.00614092
0.00654263
0.00697753
0.00744186
0.00793115
0.00843716
0.00895541
0.00948208
0.0100136
0.0105467
0.0110781
0.0116042
0.012121
0.0126227
0.0130982
0.0135229
0.0138386
0.00977503
0.00972699
0.00967852
0.0096296
0.00958019
0.00953028
0.00947983
0.0094288
0.00937716
0.00932487
0.0092719
0.0092182
0.00916372
0.00910843
0.00905226
0.00899517
0.0089371
0.00887799
0.00881778
0.00875639
0.00869377
0.00862983
0.0085645
0.00849769
0.00842931
0.00835927
0.00828747
0.0082138
0.00813816
0.00806042
0.00798047
0.00789817
0.00781339
0.00772597
0.00763576
0.00754261
0.00744633
0.00734676
0.00724369
0.00713692
0.00702626
0.00691147
0.00679234
0.00666863
0.00654011
0.00640654
0.00626771
0.00612342
0.00597351
0.00581788
0.00565656
0.00548971
0.00531779
0.0051417
0.0049631
0.00478491
0.00461186
0.00444872
0.00430237
0.00418206
0.00409715
0.00406013
0.00408086
0.00416968
0.00432813
0.00455726
0.00485611
0.00522084
0.00564179
0.00611447
0.006634
0.00719254
0.00777916
0.00838593
0.0090061
0.00963361
0.010263
0.0108891
0.0115078
0.0121154
0.0127089
0.0132855
0.0138427
0.0143777
0.0148868
0.0153638
0.015797
0.0161625
0.0164114
0.00936339
0.00931235
0.00926091
0.00920906
0.00915676
0.00910398
0.00905068
0.00899683
0.00894239
0.00888732
0.00883158
0.00877511
0.00871788
0.00865983
0.00860091
0.00854105
0.0084802
0.0084183
0.00835526
0.00829103
0.00822551
0.00815864
0.00809032
0.00802046
0.00794896
0.00787573
0.00780064
0.00772359
0.00764445
0.00756309
0.00747938
0.00739316
0.00730429
0.0072126
0.00711792
0.00702007
0.00691884
0.00681403
0.00670543
0.00659281
0.00647591
0.00635448
0.00622826
0.00609696
0.00596031
0.00581802
0.00566985
0.00551557
0.00535503
0.00518818
0.00501521
0.00483657
0.00465331
0.00446743
0.00428278
0.0041055
0.00394309
0.00380649
0.00371197
0.00367776
0.00371831
0.00384514
0.00406547
0.00438107
0.00478774
0.0052758
0.00583672
0.00645627
0.00712162
0.00781986
0.00853964
0.00927107
0.0100053
0.0107348
0.0114531
0.0121552
0.012837
0.0134952
0.0141273
0.0147317
0.0153069
0.0158518
0.016365
0.0168447
0.0172875
0.0176879
0.0180351
0.0183094
0.018475
0.00893402
0.00888045
0.00882655
0.00877227
0.00871759
0.00866246
0.00860686
0.00855074
0.00849406
0.00843679
0.00837886
0.00832024
0.00826087
0.00820069
0.00813965
0.00807768
0.00801472
0.0079507
0.00788554
0.00781916
0.00775149
0.00768243
0.00761188
0.00753975
0.00746594
0.00739032
0.00731279
0.00723321
0.00715145
0.00706738
0.00698083
0.00689166
0.00679969
0.00670475
0.00660664
0.00650517
0.00640012
0.00629126
0.00617834
0.00606111
0.0059393
0.00581261
0.00568073
0.00554336
0.00540017
0.00525087
0.00509518
0.0049329
0.00476396
0.0045885
0.00440701
0.0042206
0.0040315
0.00384395
0.00366527
0.0035074
0.00338796
0.00333159
0.00335891
0.00349168
0.0037439
0.00411994
0.00461396
0.00521212
0.00589602
0.00664599
0.00744256
0.00826844
0.00910858
0.00995011
0.0107824
0.011597
0.0123873
0.0131486
0.0138774
0.0145714
0.0152294
0.0158506
0.0164346
0.0169815
0.017491
0.0179628
0.0183962
0.0187897
0.01914
0.0194421
0.0196893
0.0198668
0.0199538
0.00849063
0.0084351
0.00837928
0.00832314
0.00826665
0.00820977
0.00815246
0.00809468
0.00803638
0.00797752
0.00791804
0.0078579
0.00779704
0.0077354
0.00767292
0.00760953
0.00754516
0.00747973
0.00741317
0.0073454
0.00727631
0.00720583
0.00713384
0.00706024
0.00698492
0.00690776
0.00682863
0.0067474
0.00666392
0.00657805
0.00648962
0.00639847
0.00630441
0.00620725
0.00610679
0.00600282
0.0058951
0.00578339
0.00566743
0.00554693
0.0054216
0.00529113
0.00515519
0.00501344
0.00486557
0.00471128
0.00455036
0.0043827
0.00420846
0.00402814
0.0038429
0.00365502
0.00346898
0.00329343
0.00314277
0.0030425
0.00302046
0.00311025
0.00334023
0.00372542
0.00426341
0.0049365
0.00571809
0.00657915
0.00749232
0.00843365
0.0093831
0.0103244
0.0112451
0.0121355
0.0129892
0.0138019
0.0145711
0.0152958
0.0159758
0.0166114
0.0172035
0.0177529
0.0182601
0.0187259
0.0191503
0.019533
0.0198731
0.0201703
0.0204189
0.020613
0.0207455
0.0208127
0.0208118
0.00803728
0.00798036
0.00792323
0.00786584
0.00780815
0.00775013
0.00769173
0.00763291
0.00757362
0.00751382
0.00745344
0.00739244
0.00733076
0.00726832
0.00720508
0.00714095
0.00707587
0.00700975
0.00694251
0.00687406
0.00680431
0.00673316
0.0066605
0.00658621
0.00651019
0.0064323
0.00635241
0.00627038
0.00618606
0.00609928
0.00600989
0.00591771
0.00582253
0.00572417
0.00562242
0.00551704
0.0054078
0.00529444
0.00517669
0.00505426
0.00492685
0.00479414
0.00465581
0.00451155
0.00436108
0.0042042
0.00404085
0.00387121
0.00369582
0.0035159
0.00333377
0.00315359
0.00298407
0.00284234
0.00275317
0.00275565
0.00289604
0.00321241
0.00372038
0.00440819
0.00524369
0.00618637
0.00719718
0.0082425
0.00929497
0.0103332
0.0113412
0.0123077
0.0132258
0.0140913
0.0149027
0.0156602
0.0163648
0.0170182
0.0176222
0.0181787
0.0186891
0.0191546
0.0195762
0.0199541
0.0202883
0.0205783
0.0208192
0.0210062
0.0211392
0.0212168
0.0212369
0.0211981
0.0211012
0.00757812
0.00752044
0.0074626
0.00740456
0.00734629
0.00728775
0.00722888
0.00716965
0.00711
0.00704989
0.00698925
0.00692803
0.00686616
0.00680359
0.00674024
0.00667604
0.00661092
0.00654478
0.00647755
0.00640912
0.00633941
0.00626831
0.0061957
0.00612147
0.0060455
0.00596765
0.00588779
0.00580576
0.00572142
0.00563459
0.0055451
0.00545277
0.00535741
0.0052588
0.00515674
0.00505098
0.0049413
0.00482743
0.00470911
0.00458605
0.00445797
0.00432459
0.00418563
0.00404087
0.00389017
0.00373354
0.00357123
0.00340394
0.00323289
0.00306038
0.00289058
0.00273025
0.00259535
0.00251024
0.00252067
0.00268642
0.00306042
0.00366317
0.00447298
0.00544295
0.00651907
0.00765216
0.00880265
0.00994004
0.0110421
0.0120937
0.0130858
0.0140139
0.0148768
0.0156757
0.0164129
0.0170914
0.0177142
0.0182845
0.0188048
0.0192772
0.0197032
0.0200838
0.0204193
0.0207096
0.0209509
0.0211395
0.0212763
0.0213601
0.0213894
0.0213628
0.0212793
0.0211386
0.0209417
0.00711732
0.00705946
0.00700151
0.00694343
0.00688518
0.00682671
0.00676797
0.00670892
0.00664951
0.00658968
0.00652937
0.00646853
0.00640709
0.00634499
0.00628215
0.00621849
0.00615395
0.00608842
0.00602183
0.00595407
0.00588505
0.00581465
0.00574277
0.00566927
0.00559404
0.00551694
0.00543782
0.00535653
0.00527291
0.0051868
0.005098
0.00500634
0.00491163
0.00481364
0.00471217
0.00460699
0.00449786
0.00438454
0.00426679
0.00414435
0.00401701
0.00388454
0.00374681
0.00360377
0.00345556
0.00330257
0.0031456
0.00298615
0.00282635
0.00266994
0.00252381
0.0023952
0.00230849
0.00231
0.00246786
0.00285516
0.00350746
0.00440001
0.00546937
0.00665033
0.00788321
0.00911994
0.0103259
0.0114777
0.0125612
0.0135695
0.0145007
0.0153563
0.0161396
0.016855
0.0175071
0.0181002
0.0186384
0.0191249
0.0195625
0.0199528
0.020297
0.0205953
0.0208463
0.0210468
0.021197
0.0212954
0.0213404
0.0213304
0.0212644
0.0211415
0.0209614
0.0207252
0.0204388
0.00665883
0.00660137
0.00654387
0.0064863
0.00642862
0.00637078
0.00631272
0.00625441
0.00619578
0.00613678
0.00607736
0.00601745
0.00595699
0.0058959
0.00583412
0.00577156
0.00570815
0.0056438
0.00557841
0.00551189
0.00544414
0.00537504
0.00530447
0.00523231
0.00515844
0.0050827
0.00500496
0.00492505
0.00484283
0.0047581
0.0046707
0.00458043
0.0044871
0.0043905
0.00429043
0.00418666
0.004079
0.00396721
0.0038511
0.00373051
0.0036053
0.00347542
0.00334096
0.0032022
0.00305973
0.0029145
0.00276812
0.00262333
0.00248282
0.00235078
0.00223171
0.00214343
0.00212582
0.00224839
0.00259748
0.00323908
0.00416087
0.00529111
0.00654571
0.0078601
0.00917138
0.0104384
0.0116352
0.0127481
0.0137718
0.0147068
0.0155567
0.0163269
0.0170235
0.0176524
0.0182193
0.0187289
0.0191855
0.0195921
0.0199509
0.0202631
0.0205289
0.0207473
0.0209177
0.021039
0.0211093
0.0211267
0.0210883
0.0209914
0.0208358
0.0206218
0.0203513
0.0200285
0.0196606
0.00620631
0.00614976
0.00609323
0.00603669
0.00598008
0.00592336
0.00586648
0.00580939
0.00575204
0.00569437
0.00563631
0.00557781
0.00551881
0.00545922
0.00539898
0.00533801
0.00527622
0.00521353
0.00514984
0.00508506
0.00501907
0.00495176
0.00488302
0.00481272
0.00474073
0.00466689
0.00459108
0.00451312
0.00443285
0.0043501
0.00426468
0.00417642
0.00408512
0.00399059
0.00389262
0.00379104
0.00368566
0.00357632
0.00346292
0.00334541
0.00322385
0.00309845
0.00296966
0.00283826
0.00270553
0.00257305
0.00244346
0.00232058
0.0022032
0.00209602
0.00201028
0.00197358
0.00204608
0.00232096
0.00288321
0.00376529
0.00490246
0.00620002
0.00757539
0.00895228
0.0102788
0.0115231
0.0126698
0.0137144
0.0146592
0.0155096
0.0162728
0.0169565
0.0175679
0.0181136
0.0185996
0.0190308
0.0194108
0.0197423
0.0200269
0.020265
0.0204573
0.020604
0.0207038
0.0207544
0.0207524
0.0206951
0.0205793
0.0204027
0.0201644
0.0198655
0.0195096
0.0191037
0.0186576
0.00576304
0.00570786
0.00565275
0.00559768
0.00554258
0.00548743
0.00543215
0.00537672
0.00532106
0.00526513
0.00520885
0.00515218
0.00509504
0.00503737
0.00497908
0.0049201
0.00486034
0.00479972
0.00473814
0.0046755
0.0046117
0.00454661
0.00448013
0.00441212
0.00434244
0.00427096
0.00419752
0.00412197
0.00404414
0.00396386
0.00388094
0.00379522
0.00370651
0.00361462
0.0035194
0.0034207
0.0033184
0.00321245
0.00310289
0.00298986
0.00287374
0.00275514
0.00263501
0.00251479
0.00239682
0.00228234
0.00217499
0.00207263
0.00197881
0.00190049
0.00185367
0.0018788
0.00206128
0.00250714
0.00326556
0.00433655
0.00562364
0.00702772
0.00846458
0.0098542
0.0111538
0.0123438
0.0134197
0.0143842
0.0152448
0.01601
0.0166888
0.0172899
0.0178212
0.0182894
0.0187003
0.0190586
0.0193675
0.0196285
0.0198428
0.0200137
0.020141
0.0202234
0.020259
0.0202449
0.0201771
0.0200516
0.0198649
0.0196138
0.0192973
0.0189171
0.0184788
0.017993
0.0174741
0.00533186
0.00527845
0.00522515
0.00517192
0.00511871
0.00506548
0.00501218
0.00495875
0.00490514
0.00485129
0.00479714
0.00474264
0.0046877
0.00463227
0.00457626
0.0045196
0.00446221
0.00440399
0.00434486
0.0042847
0.00422342
0.00416089
0.00409701
0.00403163
0.00396463
0.00389586
0.00382518
0.00375242
0.00367741
0.00360001
0.00352002
0.00343729
0.00335165
0.00326296
0.00317109
0.00307599
0.00297763
0.00287614
0.00277177
0.00266501
0.00255665
0.00244787
0.00234023
0.00223576
0.00213771
0.0020437
0.00195486
0.0018739
0.00180538
0.00175808
0.00175375
0.00184934
0.00215637
0.00276938
0.00367044
0.00486922
0.00624993
0.00772164
0.00917314
0.0105381
0.0117852
0.0129059
0.0139039
0.0147868
0.0155651
0.0162494
0.016849
0.0173736
0.0178316
0.0182282
0.0185697
0.018861
0.0191038
0.0192982
0.019449
0.0195591
0.0196272
0.0196512
0.0196283
0.0195546
0.0194256
0.0192367
0.0189831
0.0186612
0.0182695
0.0178099
0.0172915
0.0167343
0.0161568
0.00491516
0.00486383
0.00481266
0.00476159
0.00471057
0.00465957
0.00460852
0.00455738
0.0045061
0.00445461
0.00440287
0.00435079
0.00429833
0.0042454
0.00419194
0.00413786
0.00408309
0.00402753
0.00397109
0.00391368
0.00385518
0.00379547
0.00373445
0.00367199
0.00360794
0.00354217
0.00347453
0.00340486
0.00333301
0.00325882
0.00318214
0.00310281
0.00302072
0.00293577
0.00284793
0.00275725
0.00266391
0.00256826
0.00247096
0.00237288
0.00227544
0.0021805
0.00208908
0.00200438
0.00192306
0.00184662
0.00177747
0.001719
0.00167649
0.00166076
0.00170056
0.00187261
0.00231065
0.00306188
0.00401957
0.00529874
0.00674037
0.00824528
0.00968438
0.0110039
0.0121864
0.0132332
0.014154
0.0149585
0.0156599
0.0162696
0.0167963
0.0172508
0.0176427
0.0179735
0.0182509
0.018479
0.0186597
0.0187945
0.0188896
0.0189447
0.0189582
0.0189274
0.0188488
0.0187182
0.0185305
0.0182803
0.0179623
0.0175721
0.0171077
0.0165719
0.0159828
0.0154484
0.0149778
0.00451485
0.00446587
0.00441707
0.0043684
0.00431982
0.00427127
0.00422271
0.00417408
0.00412534
0.00407642
0.00402727
0.00397783
0.00392803
0.00387781
0.00382708
0.00377577
0.00372381
0.0036711
0.00361755
0.00356307
0.00350754
0.00345085
0.00339289
0.00333354
0.00327265
0.0032101
0.00314574
0.00307942
0.00301101
0.00294035
0.00286733
0.00279184
0.00271381
0.00263327
0.00255032
0.0024652
0.0023784
0.00229058
0.00220302
0.00211696
0.00203383
0.0019569
0.00188306
0.00181262
0.00174694
0.00168806
0.00163865
0.00160237
0.00158508
0.00159994
0.00168401
0.00193495
0.0024996
0.00333676
0.00426511
0.00559874
0.00709136
0.0085983
0.0100036
0.0112673
0.0123821
0.0133562
0.0142047
0.0149359
0.0155665
0.0161093
0.0165692
0.0169591
0.0172877
0.0175596
0.0177799
0.0179518
0.0180762
0.0181598
0.0182039
0.0182075
0.0181688
0.0180845
0.0179509
0.0177633
0.0175166
0.0172052
0.0168235
0.0163674
0.0158387
0.0152564
0.0147495
0.0143207
0.0139777
0.00413242
0.00408599
0.00403975
0.00399366
0.00394768
0.00390175
0.00385584
0.00380988
0.00376383
0.00371763
0.00367122
0.00362455
0.00357755
0.00353016
0.0034823
0.00343389
0.00338487
0.00333513
0.0032846
0.00323317
0.00318075
0.00312721
0.00307246
0.00301637
0.00295881
0.00289966
0.00283878
0.00277605
0.00271134
0.00264456
0.00257562
0.0025045
0.00243127
0.00235608
0.00227928
0.0022014
0.00212345
0.00204624
0.00197156
0.00190087
0.00183517
0.0017717
0.00171121
0.00165507
0.00160509
0.00156351
0.00153311
0.00151768
0.00152373
0.00156714
0.00169388
0.00202179
0.002702
0.00354954
0.00439997
0.00576947
0.00729303
0.00878637
0.010147
0.011352
0.0124007
0.0133057
0.0140892
0.0147521
0.015316
0.0157943
0.0161956
0.0165297
0.0168041
0.0170241
0.0171938
0.017316
0.017392
0.0174284
0.0174247
0.0173791
0.0172891
0.0171511
0.0169607
0.0167132
0.0164042
0.0160293
0.0155845
0.0150722
0.01453
0.0140488
0.0136505
0.013354
0.013153
0.00376895
0.0037252
0.00368165
0.00363827
0.003595
0.00355181
0.00350864
0.00346545
0.00342218
0.00337879
0.00333522
0.0032914
0.00324728
0.0032028
0.00315788
0.00311245
0.00306644
0.00301976
0.00297232
0.00292403
0.0028748
0.00282452
0.00277308
0.00272038
0.00266629
0.00261071
0.00255354
0.00249466
0.00243401
0.00237155
0.0023073
0.00224138
0.00217402
0.00210567
0.00203702
0.00196879
0.00190244
0.00183848
0.00178052
0.00172428
0.00166995
0.00161831
0.00157057
0.0015283
0.00149338
0.00146807
0.0014551
0.00145837
0.00148525
0.00155463
0.00172106
0.00211767
0.00289411
0.00368713
0.00446216
0.00582464
0.00735339
0.00882394
0.0101354
0.0112838
0.0122706
0.0131094
0.0138247
0.014428
0.0149355
0.0153597
0.0157102
0.0159958
0.0162234
0.016398
0.0165234
0.0166014
0.0166359
0.0166295
0.0165809
0.016488
0.0163472
0.016154
0.0159033
0.0155905
0.0152133
0.0147727
0.0142767
0.0137782
0.0133262
0.0129479
0.0126729
0.0125271
0.0123613
0.00342513
0.00338414
0.00334336
0.00330275
0.00326227
0.00322186
0.0031815
0.00314113
0.0031007
0.00306016
0.00301945
0.00297853
0.00293734
0.0028958
0.00285386
0.00281144
0.00276848
0.00272489
0.0026806
0.00263551
0.00258954
0.00254259
0.00249457
0.00244539
0.00239495
0.00234318
0.00229
0.00223538
0.00217934
0.00212194
0.00206335
0.00200398
0.00194424
0.00188474
0.00182659
0.0017705
0.00171943
0.00167056
0.00162296
0.00157694
0.00153324
0.00149294
0.00145737
0.00142813
0.00140708
0.00139637
0.00139866
0.00141804
0.00146302
0.00155563
0.00175756
0.00220786
0.00304703
0.00374891
0.00444924
0.00577981
0.0072895
0.00873047
0.00999092
0.0110772
0.0120028
0.0127855
0.0134452
0.0139972
0.0144559
0.0148337
0.0151404
0.0153841
0.0155714
0.0157071
0.0157945
0.0158355
0.0158335
0.0157885
0.0156989
0.0155612
0.0153707
0.0151214
0.0148068
0.0144224
0.0139718
0.0134783
0.0130079
0.0125869
0.0122221
0.0119461
0.0117838
0.0117616
0.0115832
0.00310135
0.00306315
0.00302517
0.00298735
0.00294967
0.00291208
0.00287454
0.00283699
0.0027994
0.00276172
0.0027239
0.00268588
0.0026476
0.00260902
0.00257007
0.00253068
0.00249079
0.00245032
0.00240921
0.00236738
0.00232476
0.00228126
0.00223682
0.00219136
0.00214486
0.00209727
0.00204862
0.00199893
0.00194845
0.00189734
0.00184597
0.00179479
0.00174468
0.00169638
0.00165197
0.00161059
0.00157001
0.00153025
0.00149175
0.00145519
0.00142149
0.00139178
0.00136741
0.00134993
0.00134109
0.00134288
0.00135791
0.00139072
0.00145122
0.00156445
0.00179722
0.00228443
0.00315362
0.00374655
0.00435579
0.00564314
0.00711303
0.00850638
0.0097212
0.0107573
0.0116322
0.0123659
0.012978
0.013485
0.0139013
0.0142391
0.014508
0.0147161
0.0148694
0.0149724
0.0150284
0.0150392
0.0150062
0.0149282
0.0148024
0.0146244
0.0143879
0.0140847
0.0137062
0.0132487
0.0127321
0.0122493
0.0118414
0.01149
0.0112061
0.0110218
0.0109614
0.011006
0.0108106
0.00279769
0.00276228
0.00272709
0.00269207
0.00265717
0.00262238
0.00258763
0.0025529
0.00251814
0.00248329
0.00244833
0.00241319
0.00237783
0.0023422
0.00230624
0.0022699
0.00223311
0.00219583
0.00215799
0.00211953
0.0020804
0.00204057
0.00200001
0.00195868
0.00191663
0.00187397
0.00183076
0.00178714
0.00174346
0.00170004
0.00165768
0.00161689
0.00157934
0.00154509
0.00151134
0.00147803
0.0014453
0.00141355
0.00138336
0.00135551
0.00133092
0.00131073
0.00129623
0.00128889
0.00129029
0.00130224
0.00132739
0.00137104
0.00144489
0.00157626
0.00183598
0.0023732
0.00321527
0.00368745
0.00419408
0.00541529
0.00683522
0.00818755
0.0093613
0.0103535
0.0111839
0.0118739
0.0124439
0.0129112
0.0132904
0.0135937
0.0138306
0.0140089
0.0141342
0.014211
0.014242
0.0142293
0.0141719
0.0140676
0.0139127
0.0137017
0.0134269
0.0130782
0.0126449
0.0121257
0.0115721
0.0111288
0.0107722
0.0104797
0.0102656
0.0101533
0.0101777
0.0102497
0.0100395
0.00251402
0.00248138
0.00244894
0.00241667
0.00238453
0.0023525
0.00232052
0.00228857
0.0022566
0.00222457
0.00219245
0.00216019
0.00212776
0.0020951
0.00206217
0.00202893
0.00199535
0.00196138
0.001927
0.00189217
0.00185688
0.00182119
0.0017851
0.00174865
0.0017119
0.00167505
0.00163835
0.00160203
0.00156695
0.00153323
0.00150281
0.00147513
0.00144778
0.00142069
0.00139379
0.00136729
0.00134152
0.00131697
0.00129425
0.00127412
0.00125752
0.00124552
0.00123934
0.00124032
0.00124982
0.00126948
0.0013022
0.00135445
0.00143988
0.00158669
0.00186508
0.00242648
0.00321914
0.00358548
0.00401575
0.00511978
0.0064837
0.00779839
0.00893466
0.0098871
0.010677
0.0113273
0.0118594
0.0122914
0.0126381
0.0129118
0.013122
0.013276
0.0133793
0.0134359
0.0134484
0.0134188
0.0133444
0.0132216
0.0130465
0.0128127
0.0125119
0.012133
0.0116652
0.0111099
0.0105398
0.0101192
0.00979845
0.00955001
0.00938718
0.00932273
0.00938979
0.00948354
0.00926738
0.00225005
0.00222012
0.00219039
0.00216083
0.00213141
0.0021021
0.00207286
0.00204366
0.00201448
0.00198528
0.00195602
0.00192668
0.00189723
0.00186765
0.0018379
0.00180795
0.00177782
0.00174753
0.00171704
0.00168636
0.00165551
0.00162456
0.00159361
0.00156285
0.00153241
0.00150273
0.00147431
0.00144719
0.0014238
0.00140204
0.00138049
0.00135911
0.00133773
0.00131643
0.00129538
0.00127485
0.00125522
0.00123696
0.0012207
0.00120717
0.00119726
0.00119198
0.00119246
0.00119987
0.00121532
0.0012403
0.0012782
0.00133723
0.0014329
0.00159207
0.00187942
0.00245088
0.00316885
0.00345316
0.00382235
0.00477459
0.00607793
0.00735699
0.00845848
0.009374
0.0101262
0.01074
0.0112375
0.0116377
0.011956
0.0122046
0.0123929
0.0125279
0.0126147
0.0126571
0.0126572
0.0126166
0.0125332
0.0124006
0.012215
0.0119703
0.0116581
0.0112686
0.0107926
0.0102342
0.00965517
0.00922919
0.00892368
0.00870044
0.00856577
0.00852395
0.00858867
0.00870045
0.00849249
0.00197814
0.00195108
0.0019242
0.00189748
0.00187088
0.00184439
0.00181799
0.00179166
0.00176536
0.00173908
0.00171281
0.00168659
0.00166038
0.00163415
0.0016079
0.00158166
0.00155545
0.00152931
0.00150333
0.00147764
0.00145232
0.00142765
0.00140412
0.00138163
0.00136139
0.00134414
0.00132739
0.00131089
0.00129451
0.00127806
0.00126157
0.00124509
0.00122874
0.00121273
0.00119735
0.00118295
0.00117001
0.0011591
0.00115093
0.00114634
0.00114629
0.00115179
0.00116378
0.00118309
0.00121113
0.00125211
0.00131652
0.00142138
0.00158912
0.00187325
0.00243503
0.00308305
0.00329758
0.00358992
0.00439523
0.00563329
0.00687756
0.00794612
0.00882672
0.00954339
0.0101227
0.0105883
0.01096
0.0112534
0.0114809
0.0116516
0.0117723
0.0118479
0.0118814
0.0118749
0.0118293
0.0117439
0.0116099
0.0114237
0.0111796
0.0108706
0.0104888
0.010029
0.00949821
0.00894016
0.00847829
0.00815985
0.00793774
0.00780562
0.00776309
0.00780001
0.00789545
0.00771347
0.00175512
0.00173075
0.0017066
0.00168263
0.00165882
0.0016352
0.00161177
0.0015885
0.00156538
0.00154238
0.0015195
0.00149678
0.00147424
0.00145187
0.00142973
0.00140792
0.00138651
0.00136554
0.00134533
0.00132619
0.00130796
0.0012915
0.00127793
0.00126525
0.00125271
0.00124048
0.00122829
0.00121605
0.00120373
0.00119135
0.00117894
0.00116658
0.00115441
0.00114264
0.00113152
0.0011214
0.00111271
0.00110602
0.00110198
0.0011014
0.00110517
0.00111414
0.00112897
0.00115018
0.0011792
0.00122153
0.00129034
0.00140341
0.00157503
0.0018455
0.00238026
0.00297273
0.00312841
0.00333853
0.0039973
0.00516301
0.00637149
0.00740823
0.00825527
0.00893777
0.0094844
0.00992026
0.0102659
0.0105375
0.0107473
0.0109043
0.011015
0.0110838
0.0111135
0.0111056
0.0110606
0.0109782
0.0108508
0.0106727
0.0104395
0.0101458
0.00978623
0.00935951
0.0088753
0.00836734
0.00790025
0.00753079
0.0072785
0.00712265
0.00705469
0.00704971
0.00707232
0.00692928
0.0015511
0.00152956
0.00150831
0.0014873
0.00146654
0.00144602
0.00142575
0.00140576
0.00138604
0.0013666
0.00134747
0.00132875
0.00131047
0.00129266
0.00127546
0.00125921
0.00124389
0.00122944
0.001217
0.00120687
0.00119744
0.00118813
0.00117921
0.00117047
0.00116172
0.00115294
0.00114411
0.0011352
0.00112621
0.00111717
0.00110812
0.00109916
0.0010904
0.00108203
0.00107428
0.00106747
0.00106202
0.00105845
0.0010574
0.00105963
0.00106592
0.00107694
0.00109303
0.00111438
0.00114259
0.00118487
0.00125742
0.00137773
0.00154945
0.00179534
0.00229414
0.00284555
0.00295384
0.00308617
0.00359699
0.00468311
0.00584798
0.00685353
0.00766782
0.00831699
0.00883214
0.00923987
0.00956166
0.00981399
0.010009
0.0101556
0.0102598
0.0103257
0.0103556
0.0103509
0.0103113
0.0102359
0.0101212
0.00995868
0.00974479
0.00947562
0.0091485
0.0087648
0.00833535
0.00788681
0.0074589
0.00707491
0.00675129
0.00654211
0.00642277
0.00635668
0.0062983
0.00613992
0.00136668
0.00134812
0.0013299
0.00131204
0.00129453
0.00127738
0.00126064
0.00124438
0.00122862
0.00121334
0.00119871
0.00118499
0.00117215
0.00116007
0.00114934
0.00114086
0.00113368
0.00112676
0.00112007
0.0011138
0.00110775
0.00110174
0.00109576
0.00108979
0.00108377
0.00107769
0.00107153
0.00106529
0.00105899
0.00105263
0.00104628
0.00103999
0.00103388
0.00102809
0.00102286
0.00101846
0.0010153
0.00101387
0.00101479
0.00101877
0.00102645
0.00103829
0.00105424
0.00107418
0.0011001
0.00114131
0.0012171
0.00134339
0.00151183
0.00171896
0.00218075
0.00270475
0.0027789
0.00284542
0.00321853
0.00420126
0.00531471
0.00628917
0.00707106
0.00768729
0.00817168
0.00855249
0.00885208
0.00908717
0.00926988
0.00940868
0.0095093
0.0095754
0.00960902
0.00961093
0.00958076
0.00951706
0.00941703
0.00927616
0.00908794
0.00885009
0.00856201
0.0082267
0.00785463
0.00746616
0.00708674
0.0067293
0.00639663
0.00609599
0.00590216
0.00574886
0.00560127
0.00535751
0.00120225
0.00118695
0.00117216
0.0011579
0.00114415
0.00113096
0.00111852
0.00110699
0.00109624
0.00108623
0.00107753
0.00107083
0.00106536
0.00106024
0.00105527
0.00105074
0.0010466
0.00104261
0.00103869
0.00103486
0.0010311
0.00102733
0.00102354
0.0010197
0.0010158
0.00101183
0.00100777
0.00100362
0.000999401
0.000995115
0.000990798
0.000986502
0.000982318
0.000978379
0.000974879
0.000972094
0.000970399
0.000970282
0.000972324
0.000977147
0.000985262
0.000996829
0.00101145
0.00102871
0.00105118
0.00109061
0.00116917
0.00129969
0.00146232
0.00160808
0.00204406
0.00254872
0.00260538
0.00262316
0.00290025
0.00371887
0.00477837
0.00572109
0.00647051
0.00705379
0.00750777
0.00786246
0.00814106
0.0083605
0.00853272
0.00866582
0.00876512
0.00883384
0.00887365
0.00888497
0.00886717
0.00881862
0.00873676
0.00861853
0.00846064
0.00825861
0.00801353
0.0077291
0.00741443
0.00708431
0.00675447
0.00643169
0.0061159
0.00580909
0.00553049
0.00526155
0.005005
0.00467351
0.00105931
0.00104793
0.00103743
0.00102775
0.00101876
0.00101062
0.00100407
0.000999194
0.000995151
0.000991337
0.000987705
0.000984521
0.000981767
0.000979232
0.000976783
0.000974454
0.00097226
0.000970147
0.000968065
0.000966
0.000963934
0.000961841
0.000959698
0.00095749
0.000955199
0.000952814
0.000950327
0.000947737
0.000945044
0.000942253
0.000939381
0.000936466
0.000933578
0.000930833
0.000928408
0.000926564
0.000925667
0.000926181
0.000928642
0.000933572
0.000941302
0.000951704
0.000964004
0.000977588
0.000995816
0.001033
0.00111373
0.00124676
0.00140254
0.00149549
0.0018879
0.00237499
0.00243247
0.00241623
0.00262421
0.00324487
0.00424436
0.00515422
0.00587078
0.00642074
0.00684429
0.0071733
0.00743175
0.00763669
0.00779976
0.00792864
0.00802819
0.00810119
0.00814893
0.00817153
0.00816814
0.00813708
0.00807606
0.00798256
0.00785437
0.00769078
0.00749067
0.00725759
0.00699894
0.0067247
0.00644355
0.00615767
0.00586474
0.00556408
0.00526067
0.0049303
0.00454351
0.00411101
0.000941536
0.000935443
0.000931023
0.000927656
0.00092467
0.000921815
0.000919269
0.000917213
0.000915536
0.000914042
0.000912639
0.000911379
0.000910288
0.000909322
0.000908423
0.000907575
0.000906775
0.000906004
0.000905235
0.000904449
0.00090363
0.000902758
0.000901814
0.000900779
0.00089964
0.000898382
0.000896998
0.000895481
0.000893826
0.000892028
0.00089009
0.000888035
0.000885915
0.000883831
0.00088195
0.000880518
0.000879889
0.0008805
0.000882821
0.000887252
0.000893931
0.000902437
0.000911653
0.000920855
0.000934343
0.000969008
0.0010511
0.00118516
0.00133269
0.00138181
0.00171613
0.00219044
0.00225846
0.00221941
0.00235305
0.00279113
0.00371739
0.00459265
0.0052757
0.00579169
0.00618449
0.00648796
0.00672677
0.00691795
0.00707273
0.00719832
0.00729906
0.0073773
0.00743397
0.0074689
0.00748108
0.00746884
0.00743013
0.00736294
0.0072658
0.0071385
0.00698202
0.00679936
0.00659437
0.00637313
0.00613905
0.00589062
0.00562306
0.00533268
0.00501666
0.00465419
0.00422169
0.00369628
0.000854823
0.000852797
0.000851242
0.000850127
0.000849265
0.000848512
0.000847868
0.000847401
0.000847114
0.000846953
0.000846866
0.000846846
0.000846899
0.000847012
0.000847161
0.000847328
0.000847501
0.000847665
0.000847805
0.000847901
0.000847936
0.000847893
0.000847752
0.000847495
0.000847107
0.000846574
0.000845884
0.000845031
0.000844002
0.000842783
0.000841363
0.00083975
0.000837983
0.00083615
0.000834405
0.000832986
0.000832227
0.000832526
0.000834268
0.000837715
0.000842807
0.000848852
0.000854435
0.000858823
0.000867366
0.000899341
0.000981666
0.00111453
0.00125218
0.00126713
0.00154916
0.00200466
0.00208104
0.00203253
0.00210747
0.00241643
0.00320169
0.00403975
0.00468847
0.00516961
0.00553116
0.00580902
0.00602843
0.00620623
0.00635316
0.00647584
0.00657811
0.00666189
0.00672777
0.00677534
0.00680345
0.00681045
0.00679451
0.00675402
0.00668803
0.00659669
0.00648119
0.00634403
0.00618877
0.00601734
0.00582821
0.005617
0.00537624
0.00509913
0.00477736
0.00439214
0.00392222
0.00332482
0.000783677
0.000783468
0.000783423
0.000783576
0.000783885
0.000784289
0.00078476
0.000785309
0.000785942
0.000786646
0.000787395
0.000788176
0.000788983
0.000789808
0.000790637
0.000791455
0.000792251
0.000793009
0.000793716
0.000794354
0.000794907
0.000795357
0.000795684
0.00079587
0.000795899
0.000795756
0.000795429
0.00079491
0.000794182
0.00079322
0.000792
0.000790515
0.000788791
0.000786908
0.000785009
0.000783315
0.000782137
0.000781819
0.000782643
0.000784725
0.000787818
0.00079099
0.000792591
0.000791981
0.00079563
0.000824811
0.000905872
0.00103464
0.00115987
0.00115146
0.00138823
0.00181298
0.00189724
0.00185362
0.00188917
0.00211107
0.00270228
0.00349817
0.00411177
0.00455711
0.00488682
0.00513892
0.00533901
0.00550354
0.00564262
0.00576228
0.00586582
0.0059548
0.00602949
0.00608929
0.00613295
0.00615882
0.00616525
0.00615089
0.00611513
0.00605829
0.00598154
0.00588669
0.00577549
0.00564765
0.00550031
0.00532558
0.00511248
0.00485134
0.00452942
0.00412833
0.00362766
0.00297897
0.000721218
0.00072201
0.000722873
0.000723825
0.00072486
0.000725955
0.00072709
0.000728259
0.000729462
0.000730691
0.000731936
0.000733184
0.000734428
0.000735658
0.000736865
0.000738037
0.000739162
0.000740226
0.000741216
0.000742115
0.000742908
0.000743575
0.000744098
0.000744459
0.00074464
0.000744626
0.000744408
0.000743976
0.000743308
0.000742369
0.000741119
0.000739539
0.000737645
0.000735508
0.000733259
0.000731096
0.000729297
0.000728139
0.00072779
0.000728214
0.000729004
0.000729028
0.000726478
0.00072091
0.000719934
0.000746259
0.000824235
0.00094529
0.00105402
0.00103489
0.00123237
0.00161291
0.00170477
0.00167909
0.00169146
0.00183195
0.00222708
0.00297022
0.0035479
0.00395657
0.00425404
0.00448032
0.00466112
0.00481228
0.00494318
0.00505917
0.00516314
0.00525629
0.00533868
0.00540959
0.00546769
0.00551134
0.00553897
0.00554937
0.0055421
0.00551751
0.00547653
0.00542026
0.005349
0.00526066
0.00515003
0.00500761
0.00482225
0.0045797
0.00426282
0.00385291
0.00333073
0.00265239
0.00066416
0.000665502
0.000666875
0.000668282
0.000669723
0.000671187
0.000672665
0.000674149
0.000675633
0.000677113
0.000678581
0.00068003
0.00068145
0.000682834
0.000684174
0.000685458
0.000686675
0.000687813
0.000688859
0.000689797
0.000690611
0.000691283
0.000691795
0.000692128
0.000692265
0.000692192
0.0006919
0.000691381
0.000690609
0.000689533
0.000688101
0.000686281
0.000684082
0.000681567
0.000678848
0.000676092
0.000673537
0.000671385
0.000669673
0.000668224
0.000666502
0.000663226
0.000656501
0.000646197
0.000641059
0.000664524
0.000737356
0.000846377
0.000932068
0.00091804
0.00108102
0.00140225
0.00150341
0.00150518
0.00151094
0.00158498
0.00183269
0.00245825
0.0029989
0.00337047
0.00363578
0.00383657
0.00399825
0.00413584
0.00425786
0.00436907
0.00447195
0.0045675
0.00465571
0.00473578
0.00480641
0.00486596
0.0049129
0.00494604
0.00496492
0.00496973
0.00496109
0.00493942
0.00490387
0.00485099
0.00477393
0.00466186
0.00450141
0.00427664
0.00396996
0.0035593
0.00302851
0.00234761
0.000610167
0.000611748
0.000613334
0.000614921
0.000616508
0.000618092
0.000619665
0.000621221
0.000622756
0.000624265
0.000625742
0.00062718
0.000628573
0.000629912
0.000631191
0.0006324
0.000633529
0.000634565
0.000635495
0.000636307
0.000636983
0.000637507
0.00063786
0.000638024
0.000637982
0.000637723
0.00063724
0.000636524
0.000635542
0.000634233
0.000632529
0.000630387
0.000627811
0.000624855
0.000621604
0.000618185
0.00061479
0.000611539
0.000608331
0.000604857
0.000600498
0.000593856
0.000583044
0.000568368
0.000559722
0.000580457
0.000645095
0.000738604
0.000801739
0.000802119
0.000934521
0.00118182
0.00129724
0.00132806
0.00134387
0.0013738
0.00151512
0.00196698
0.00246709
0.00280198
0.00303614
0.00321241
0.00335547
0.00347926
0.00359145
0.00369624
0.00379586
0.00389122
0.00398239
0.00406871
0.00414897
0.00422161
0.0042851
0.00433822
0.00438032
0.00441128
0.00443133
0.00444022
0.00443624
0.00441496
0.00436846
0.00428482
0.004149
0.00394333
0.0036482
0.00324329
0.00272042
0.00206901
0.000557356
0.000558943
0.000560514
0.000562065
0.000563596
0.000565102
0.00056658
0.000568025
0.000569433
0.000570801
0.000572122
0.000573392
0.000574605
0.000575753
0.000576831
0.00057783
0.000578739
0.000579548
0.000580246
0.000580817
0.000581249
0.000581523
0.000581622
0.000581528
0.000581227
0.000580707
0.000579964
0.00057899
0.000577744
0.000576151
0.000574131
0.000571634
0.000568657
0.000565242
0.000561438
0.000557324
0.000553044
0.000548629
0.000543833
0.000538234
0.000531168
0.000521152
0.000506401
0.000487827
0.000476555
0.000493894
0.000548163
0.000623978
0.000673291
0.000688531
0.000793917
0.000971343
0.00108465
0.00114437
0.00118492
0.00119431
0.00127343
0.00153459
0.00195744
0.00225654
0.00246181
0.00261538
0.00274061
0.00285034
0.00295145
0.00304771
0.00314119
0.00323291
0.00332314
0.00341155
0.00349724
0.00357887
0.00365495
0.00372426
0.00378588
0.00383927
0.00388414
0.00391961
0.0039433
0.00395011
0.00393142
0.00387455
0.0037633
0.00357877
0.00330082
0.00291245
0.00241514
0.00182799
0.000504176
0.000505594
0.000506982
0.000508338
0.000509659
0.000510943
0.000512187
0.000513389
0.000514544
0.000515648
0.000516699
0.000517691
0.000518619
0.000519477
0.000520259
0.000520959
0.000521565
0.000522069
0.000522459
0.000522723
0.000522846
0.000522813
0.000522606
0.00052221
0.000521609
0.000520793
0.000519761
0.000518502
0.000516972
0.000515079
0.000512734
0.000509884
0.000506517
0.000502657
0.000498306
0.000493489
0.000488302
0.000482687
0.000476241
0.000468447
0.000458636
0.000445249
0.000426737
0.000404906
0.000392086
0.000405595
0.000448491
0.000507397
0.000552796
0.000578511
0.000660512
0.000783423
0.000866923
0.000951469
0.00102777
0.00103584
0.00106183
0.00118746
0.00149112
0.00174812
0.00192667
0.00205921
0.002167
0.00226181
0.00234994
0.00243487
0.00251861
0.00260232
0.00268662
0.00277161
0.00285692
0.00294162
0.00302457
0.00310461
0.00318064
0.00325173
0.00331699
0.00337494
0.00342259
0.00345438
0.00346122
0.00342998
0.00334372
0.00318297
0.0029285
0.00256884
0.00211872
0.00162312
0.000449363
0.000450489
0.00045158
0.000452631
0.00045364
0.000454605
0.000455524
0.000456395
0.000457215
0.000457981
0.00045869
0.000459337
0.000459918
0.000460428
0.000460858
0.00046121
0.000461469
0.000461626
0.000461672
0.000461596
0.000461384
0.000461021
0.00046049
0.000459777
0.000458866
0.000457749
0.000456424
0.000454882
0.000453067
0.000450882
0.000448227
0.000445048
0.000441324
0.000437049
0.000432168
0.000426651
0.000420552
0.000413715
0.000405566
0.000395515
0.000382932
0.0003662
0.000344281
0.00032066
0.000307652
0.000317755
0.000350439
0.000398346
0.000442323
0.000473206
0.000535359
0.000617528
0.000667778
0.000749795
0.000866378
0.000891269
0.000885729
0.000932933
0.00110924
0.0013119
0.00145941
0.00156883
0.00165724
0.00173471
0.00180677
0.00187657
0.00194604
0.00201645
0.00208868
0.00216334
0.00224064
0.00232035
0.00240189
0.00248453
0.00256729
0.00264908
0.00272863
0.00280392
0.00287147
0.00292525
0.00295586
0.00294982
0.00288989
0.0027566
0.00253274
0.00221434
0.00183025
0.00144122
0.000391916
0.000392671
0.000393398
0.000394081
0.000394719
0.000395312
0.000395857
0.000396353
0.000396798
0.000397188
0.000397522
0.000397795
0.000398003
0.000398141
0.000398191
0.000398185
0.000398082
0.000397884
0.00039758
0.000397161
0.000396614
0.000395924
0.000395077
0.000394056
0.000392848
0.000391443
0.00038984
0.000388025
0.000385942
0.000383482
0.000380545
0.000377075
0.000373035
0.000368378
0.000362978
0.000356763
0.00034975
0.000341673
0.00033177
0.000319427
0.000304173
0.000284457
0.000260756
0.000238285
0.000227487
0.000235721
0.000261635
0.000302137
0.000341977
0.000373749
0.000419304
0.000471368
0.000498206
0.0005533
0.000697007
0.000752723
0.000738809
0.00074565
0.000810122
0.000951132
0.00106677
0.00115328
0.00122267
0.00128306
0.00133892
0.00139277
0.00144615
0.00150014
0.00155563
0.00161343
0.00167428
0.00173883
0.0018076
0.00188085
0.00195835
0.00203939
0.00212285
0.00220681
0.00228767
0.00235915
0.00241144
0.00243081
0.00239989
0.00229941
0.00211455
0.00184919
0.00154393
0.00126432
0.000331099
0.000331439
0.000331776
0.00033207
0.000332322
0.00033253
0.000332692
0.000332807
0.000332873
0.000332887
0.000332848
0.000332752
0.000332594
0.000332371
0.000332015
0.00033167
0.000331225
0.000330689
0.000330056
0.000329316
0.000328458
0.000327468
0.000326331
0.000325032
0.000323555
0.000321889
0.000320031
0.000317964
0.000315635
0.000312928
0.000309739
0.000306016
0.000301693
0.000296666
0.00029074
0.000283824
0.000275915
0.000266633
0.000255021
0.000240613
0.000223559
0.000202858
0.00018325
0.000167037
0.000159559
0.000166114
0.000185883
0.000218393
0.000251873
0.000281223
0.000313157
0.0003434
0.000354825
0.000388448
0.000517145
0.000611272
0.000608974
0.000593588
0.000600415
0.000663444
0.000743074
0.000806607
0.000857627
0.000902143
0.000943319
0.000982914
0.00102197
0.0010613
0.00110156
0.00114341
0.00118746
0.00123417
0.00128394
0.00133716
0.00139421
0.00145591
0.00152357
0.00159795
0.00167707
0.001755
0.00182193
0.00186454
0.00186621
0.00180702
0.0016719
0.00147017
0.00124992
0.00107544
0.000266551
0.000266452
0.000266415
0.000266346
0.000266239
0.000266091
0.000265902
0.000265671
0.000265395
0.000265073
0.000264702
0.000264279
0.0002638
0.000263258
0.000262399
0.000261771
0.000261039
0.000260219
0.000259311
0.000258306
0.000257193
0.000255959
0.000254589
0.000253068
0.000251377
0.0002495
0.000247434
0.00024516
0.000242638
0.000239726
0.000236313
0.000232359
0.000227753
0.000222326
0.000215823
0.000208204
0.00019956
0.000189461
0.000176567
0.000160903
0.000146602
0.000132574
0.000119203
0.000108545
0.000103825
0.00010851
0.000122306
0.000146461
0.000172255
0.000196757
0.000217943
0.000232844
0.000234941
0.000252968
0.000334599
0.00045741
0.000484482
0.000468259
0.000455781
0.000456768
0.000493386
0.000529766
0.000560122
0.000588423
0.000615785
0.00064267
0.000669098
0.000695598
0.00072261
0.000750622
0.00078016
0.000811499
0.00084489
0.000880616
0.000919048
0.000960678
0.00100618
0.00105562
0.00110731
0.00115764
0.0012024
0.00123953
0.00126557
0.00125985
0.00119238
0.00106612
0.000933901
0.000862661
0.000198715
0.000198174
0.000197822
0.000197465
0.000197079
0.000196659
0.000196205
0.000195715
0.000195187
0.000194619
0.000194008
0.000193352
0.000192646
0.00019188
0.000190106
0.000189283
0.000188384
0.0001874
0.000186334
0.000185183
0.000183935
0.000182579
0.0001811
0.000179482
0.000177703
0.000175739
0.0001736
0.000171272
0.00016872
0.000165675
0.000161997
0.000157672
0.000152487
0.000146119
0.000138072
0.000128204
0.00011763
0.000110307
0.000102226
9.29129e-05
8.47173e-05
7.65501e-05
6.86969e-05
6.26109e-05
6.01422e-05
6.30184e-05
7.13487e-05
8.67144e-05
0.000104238
0.000122088
0.000134805
0.000139981
0.000137094
0.000144538
0.000190161
0.000281541
0.000351337
0.000353394
0.00034031
0.00033317
0.00033895
0.000340064
0.000340449
0.000350971
0.000365129
0.000379135
0.000392874
0.00040665
0.000420751
0.000435638
0.000451948
0.000469461
0.000488197
0.000508445
0.000531023
0.000555725
0.000582568
0.00061144
0.000641061
0.000669326
0.00069386
0.000712557
0.00072088
0.000706939
0.000660997
0.000597633
0.000559882
0.000614931
0.000127491
0.000126487
0.000125803
0.000125146
0.000124466
0.000123752
0.000122999
0.000122203
0.000121359
0.000120464
0.000119512
0.000118498
0.000117414
0.00011624
0.000111625
0.000110204
0.000108884
0.000107434
0.000105839
0.000104077
0.000102117
9.9921e-05
9.74384e-05
9.4609e-05
9.13627e-05
8.76695e-05
8.36347e-05
7.98e-05
7.73927e-05
7.57108e-05
7.38375e-05
7.18014e-05
6.93801e-05
6.64366e-05
6.27448e-05
5.82285e-05
5.33615e-05
4.98784e-05
4.61159e-05
4.18536e-05
3.84614e-05
3.48727e-05
3.14828e-05
2.87655e-05
2.79627e-05
2.95551e-05
3.34408e-05
4.04202e-05
4.93341e-05
5.94514e-05
6.56498e-05
6.5767e-05
6.14145e-05
6.35478e-05
8.3532e-05
0.000123758
0.000180781
0.00022824
0.000230108
0.00022598
0.000228968
0.000229358
0.000224217
0.000226803
0.000227417
0.000226211
0.000222823
0.000216892
0.000209128
0.000204499
0.000208878
0.000216075
0.0002244
0.000233764
0.000244126
0.000255384
0.000267585
0.000281011
0.000294615
0.000307382
0.000318001
0.000325062
0.000327741
0.000328792
0.000347798
0.000378666
0.000381348
0.000397327
4.77254e-05
4.73143e-05
4.69084e-05
4.64938e-05
4.60637e-05
4.56159e-05
4.5149e-05
4.46612e-05
4.41506e-05
4.3615e-05
4.30519e-05
4.24586e-05
4.18324e-05
4.1155e-05
2.5165e-05
2.45213e-05
2.41688e-05
2.37746e-05
2.33465e-05
2.28816e-05
2.2374e-05
2.18164e-05
2.12003e-05
2.05116e-05
1.97254e-05
1.88569e-05
1.77068e-05
1.64637e-05
1.55802e-05
1.50669e-05
1.45455e-05
1.40234e-05
1.35329e-05
1.30021e-05
1.23451e-05
1.14923e-05
1.06462e-05
1.00089e-05
9.32945e-06
8.9516e-06
1.1656e-05
1.1318e-05
1.04633e-05
9.01006e-06
9.15848e-06
1.05956e-05
1.28667e-05
1.50199e-05
1.13802e-05
1.29042e-05
1.45757e-05
1.43416e-05
1.43536e-05
1.48438e-05
1.74882e-05
2.29006e-05
3.26297e-05
4.16449e-05
4.33337e-05
4.6068e-05
4.58571e-05
5.89967e-05
4.58609e-05
6.12798e-05
6.49857e-05
6.73256e-05
7.02932e-05
7.34126e-05
7.51632e-05
7.47586e-05
7.31096e-05
7.08576e-05
6.86641e-05
6.59236e-05
6.22486e-05
5.73007e-05
5.22878e-05
5.35648e-05
5.58647e-05
5.8082e-05
5.9995e-05
6.16925e-05
6.3976e-05
6.8604e-05
8.23818e-05
0.000121858
0.000154994
0.000202317
0.0110635
0.0104864
0.00981281
0.00905166
0.00823675
0.00744866
0.00680357
0.00655024
0.00706629
0.00861069
0.0110723
0.0138622
0.0164244
0.0184742
0.0199319
0.0207746
0.0210236
0.0208112
0.0202668
0.0194434
0.0183937
0.0171733
0.0158764
0.014755
0.013822
0.0129722
0.0121493
0.0113361
0.0105293
0.00972756
0.00893125
0.00814114
0.00735698
0.00657937
0.00580956
0.00505263
0.00432745
0.00364171
0.00305444
0.00255789
0.00216302
0.00183155
0.00157375
0.00139518
0.00127936
0.00119791
0.00112474
0.00104103
0.000937192
0.000807667
0.00064709
0.000452325
0.000257885
5.61222e-05
2.94847e-05
9.5977e-05
0.000106756
0.000118917
0.000132174
0.000145706
0.000158555
0.000170628
0.000183112
0.00019432
0.000203446
3.41197e-05
3.71614e-05
3.87538e-05
4.11983e-05
4.39621e-05
4.64724e-05
4.90365e-05
5.22667e-05
5.67432e-05
6.2989e-05
7.14631e-05
8.21637e-05
9.4911e-05
0.000107443
0.000115911
0.000216123
0.00020765
0.000194885
0.000192331
0.000203452
0.000120803
0.000153766
0.000145295
0.000133703
0.000129167
)
;

boundaryField
{
    down
    {
        type            freestream;
        freestreamValue uniform 0.014;
        value           nonuniform List<scalar> 
89
(
0.0140468
0.0140469
0.014047
0.014047
0.0140471
0.0140472
0.0140473
0.0140473
0.0140474
0.0140475
0.0140475
0.0140476
0.0140477
0.0140478
0.0140478
0.0140479
0.014048
0.0140481
0.0140481
0.0140482
0.0140483
0.0140484
0.0140484
0.0140485
0.0140486
0.0140487
0.0140487
0.0140488
0.0140489
0.0140489
0.014049
0.0140491
0.0140491
0.0140492
0.0140493
0.0140493
0.0140494
0.0140495
0.0140495
0.0140495
0.0140496
0.0140496
0.0140496
0.0140496
0.0140496
0.0140496
0.0140496
0.0140496
0.0140496
0.0140496
0.0140497
0.0140497
0.0140497
0.0140497
0.0140497
0.0140497
0.0140497
0.0140497
0.0140497
0.0140497
0.0140497
0.0140497
0.0140497
0.0140497
0.0140497
0.0140497
0.0140497
0.0140498
0.0140498
0.0140498
0.0140498
0.0140498
0.0140498
0.0140498
0.0140499
0.0140499
0.0140499
0.0140499
0.0140499
0.01405
0.01405
0.01405
0.01405
0.01405
0.0140501
0.0140501
0.0140501
0.0140501
0.0140502
)
;
    }
    right
    {
        type            freestream;
        freestreamValue nonuniform List<scalar> 0();
        value           nonuniform List<scalar> 0();
    }
    up
    {
        type            freestream;
        freestreamValue nonuniform List<scalar> 0();
        value           nonuniform List<scalar> 0();
    }
    meanFlow
    {
        type            freestream;
        freestreamValue nonuniform List<scalar> 0();
        value           nonuniform List<scalar> 0();
    }
    surface
    {
        type            fixedValue;
        value           uniform 0;
    }
    surfaceInner
    {
        type            fixedValue;
        value           uniform 0;
    }
    coandaInlet
    {
        type            freestream;
        freestreamValue uniform 0.014;
        value           uniform 0.014;
    }
    defaultFaces
    {
        type            empty;
    }
    procBoundary1to0
    {
        type            processor;
        value           nonuniform List<scalar> 
81
(
0.0140468
0.0140679
0.0140303
0.0140367
0.0140275
0.0139972
0.0139527
0.0139492
0.0139174
0.0139043
0.0138782
0.0138486
0.0138216
0.0137913
0.0137592
0.0137236
0.0136844
0.0136417
0.0135951
0.0135441
0.0134878
0.0134254
0.013356
0.0132785
0.0131919
0.013095
0.0129865
0.012865
0.0127289
0.0125766
0.0124062
0.012216
0.0120042
0.0117691
0.0115093
0.0112237
0.0109118
0.0105736
0.01021
0.00982267
0.00941407
0.00898727
0.00854591
0.008094
0.00763569
0.00717512
0.0067163
0.00626293
0.00581834
0.00538544
0.00496668
0.00456404
0.00417909
0.00381295
0.00346638
0.0031398
0.00283334
0.00254691
0.00228022
0.0020054
0.0020054
0.00177972
0.00157294
0.00138559
0.001218
0.00107139
0.000948958
0.000857095
0.000783979
0.000720489
0.000662856
0.000608598
0.000555759
0.00050273
0.000448194
0.000391094
0.00033061
0.000266186
0.000197648
0.000122957
2.82708e-05
)
;
    }
    procBoundary1to2
    {
        type            processor;
        value           nonuniform List<scalar> 
106
(
0.0140502
0.0140969
0.0140577
0.0140559
0.0140228
0.0139851
0.0139703
0.0139403
0.0139254
0.0138943
0.013839
0.0137927
0.0137375
0.0136882
0.0136342
0.0135734
0.0135038
0.0134243
0.0133324
0.013225
0.0130983
0.0129471
0.0127653
0.0125449
0.0122761
0.0119477
0.0115475
0.0110638
0.0104869
0.00981352
0.0090527
0.0082382
0.00745068
0.00680587
0.00655253
0.00706893
0.00861519
0.0110776
0.0138665
0.0164265
0.0184739
0.019927
0.0207651
0.021013
0.0207998
0.020252
0.0194247
0.018371
0.0171473
0.0158525
0.014736
0.0138082
0.0129561
0.0121305
0.0113143
0.0105045
0.00969998
0.00890154
0.00810993
0.00732506
0.00654764
0.00577905
0.0050238
0.00429615
0.00360271
0.00300369
0.00249888
0.0021019
0.00177179
0.0015205
0.00135183
0.00124833
0.00117891
0.00111619
0.00104298
0.000951923
0.000835362
0.000688453
0.000510205
0.000334484
0.0115475
0.00022383
6.38192e-05
6.09969e-05
2.76239e-05
0.000172241
0.000182606
0.000193239
0.000204474
0.000215076
0.000224644
0.000232943
0.000240828
0.000245668
0.000247544
5.82551e-05
6.35487e-05
7.02608e-05
7.78283e-05
8.64227e-05
8.64227e-05
0.000246884
0.000242691
0.000243271
0.000253745
0.00027292
)
;
    }
    procBoundary1to4
    {
        type            processor;
        value           nonuniform List<scalar> 2(0.000228735 0.000148757);
    }
}


// ************************************************************************* //
