/*--------------------------------*- C++ -*----------------------------------*\
  =========                 |
  \\      /  F ield         | OpenFOAM: The Open Source CFD Toolbox
   \\    /   O peration     | Website:  https://openfoam.org
    \\  /    A nd           | Version:  9
     \\/     M anipulation  |
\*---------------------------------------------------------------------------*/
FoamFile
{
    format      ascii;
    class       volScalarField;
    location    "0.0025";
    object      alphat;
}
// * * * * * * * * * * * * * * * * * * * * * * * * * * * * * * * * * * * * * //

dimensions      [1 -1 -1 0 0 0 0];

internalField   nonuniform List<scalar> 
5373
(
0.0162991
0.0162652
0.0162652
0.0162651
0.0162651
0.0162237
0.0162237
0.0162237
0.0162236
0.0162236
0.0162236
0.0161835
0.0161835
0.0161835
0.0161835
0.0161836
0.0161836
0.0161836
0.0161836
0.0161388
0.0161388
0.0161388
0.0161388
0.0161388
0.0161388
0.0161388
0.0161389
0.0161389
0.0160928
0.0160928
0.0160928
0.0160928
0.0160928
0.0160928
0.0160929
0.0160929
0.0160929
0.0160929
0.016093
0.0160388
0.0160389
0.016039
0.016039
0.0160391
0.0160392
0.0160394
0.0160395
0.0160397
0.0160398
0.01604
0.0159744
0.0159746
0.0159749
0.0159751
0.0159754
0.0159756
0.0159759
0.0159761
0.0159764
0.0159766
0.0159769
0.0159771
0.0158981
0.0158984
0.0158988
0.0158991
0.0158995
0.0158998
0.0159001
0.0159004
0.0159008
0.0159011
0.0159014
0.0159018
0.0159021
0.0158077
0.0158082
0.0158086
0.015809
0.0158095
0.0158099
0.0158103
0.0158108
0.0158112
0.0158116
0.015812
0.0158124
0.0158128
0.0156998
0.0157004
0.0157009
0.0157015
0.0157021
0.0157026
0.0157032
0.0157037
0.0157042
0.0157048
0.0157053
0.0157058
0.0157064
0.0157069
0.0155715
0.0155723
0.015573
0.0155737
0.0155744
0.0155751
0.0155758
0.0155765
0.0155772
0.0155778
0.0155785
0.0155792
0.0155798
0.0155804
0.015417
0.0154179
0.0154188
0.0154197
0.0154206
0.0154214
0.0154223
0.0154232
0.015424
0.0154248
0.0154257
0.0154265
0.0154273
0.0154281
0.0154289
0.015232
0.0152331
0.0152343
0.0152354
0.0152364
0.0152375
0.0152386
0.0152396
0.0152406
0.0152416
0.0152426
0.0152436
0.0152446
0.0152456
0.0152465
0.0150093
0.0150106
0.0150119
0.0150132
0.0150145
0.0150157
0.015017
0.0150182
0.0150194
0.0150206
0.0150217
0.0150229
0.015024
0.0150251
0.0150262
0.0147406
0.0147421
0.0147436
0.014745
0.0147465
0.0147479
0.0147493
0.0147507
0.014752
0.0147533
0.0147546
0.0147559
0.0147572
0.0147584
0.0147596
0.0144171
0.0144188
0.0144204
0.014422
0.0144235
0.0144251
0.0144266
0.014428
0.0144295
0.0144309
0.0144322
0.0144336
0.0144349
0.0144362
0.0144374
0.014028
0.0140297
0.0140314
0.014033
0.0140346
0.0140362
0.0140377
0.0140392
0.0140406
0.014042
0.0140433
0.0140446
0.0140459
0.0140471
0.0140483
0.0140494
0.0135685
0.0135701
0.0135716
0.013573
0.0135744
0.0135758
0.013577
0.0135783
0.0135794
0.0135806
0.0135816
0.0135826
0.0135836
0.0135845
0.0135853
0.0135861
0.0130314
0.0130325
0.0130336
0.0130346
0.0130356
0.0130365
0.0130373
0.013038
0.0130386
0.0130392
0.0130396
0.01304
0.0130403
0.0130406
0.0130409
0.0130411
0.0124187
0.0124189
0.0124191
0.0124193
0.0124193
0.0124193
0.0124191
0.012419
0.0124187
0.0124184
0.0124179
0.0124172
0.0124164
0.0124156
0.0124147
0.0124137
0.0117442
0.0117433
0.0117422
0.0117411
0.0117399
0.0117386
0.0117371
0.0117355
0.0117337
0.0117317
0.0117296
0.0117273
0.0117249
0.0117224
0.0117197
0.011717
0.0110454
0.0110428
0.0110401
0.0110373
0.0110343
0.0110311
0.0110276
0.011024
0.0110203
0.0110164
0.0110123
0.0110081
0.0110038
0.0109992
0.0109945
0.0109897
0.010409
0.010405
0.0104008
0.0103965
0.010392
0.0103873
0.0103825
0.0103775
0.0103723
0.0103669
0.0103613
0.0103556
0.0103496
0.0103435
0.0103371
0.0103306
0.00999261
0.00999054
0.0099885
0.00998648
0.00998445
0.00998241
0.00998034
0.00997821
0.009976
0.00997366
0.00997116
0.00996846
0.00996551
0.00996228
0.00995876
0.00995501
0.00991834
0.00991484
0.00991089
0.00990651
0.00990171
0.00989669
0.00989154
0.00988627
0.00988088
0.00987539
0.00986981
0.00986414
0.0098584
0.00985258
0.00984658
0.00984047
0.0100295
0.0100292
0.0100291
0.0100292
0.0100296
0.0100302
0.0100308
0.0100313
0.0100316
0.0100318
0.0100318
0.0100317
0.0100314
0.010031
0.0100305
0.0100299
0.0103459
0.0103509
0.010356
0.010361
0.010366
0.0103711
0.0103761
0.010381
0.010386
0.0103909
0.0103958
0.0104007
0.0104056
0.0104105
0.0104154
0.0104204
0.0106668
0.0106765
0.0106862
0.0106959
0.0107055
0.0107152
0.0107248
0.0107345
0.0107442
0.0107539
0.0107637
0.0107735
0.0107834
0.0107934
0.0108034
0.0108136
0.0108359
0.0108491
0.0108622
0.0108752
0.0108882
0.0109011
0.0109141
0.0109271
0.0109401
0.010953
0.010966
0.0109791
0.0109921
0.0110051
0.0110182
0.0110314
0.0107525
0.0107675
0.0107823
0.010797
0.0108117
0.0108263
0.0108408
0.0108552
0.0108695
0.0108838
0.010898
0.0109121
0.0109261
0.0109401
0.0109539
0.0109677
0.010379
0.0103947
0.0104101
0.0104255
0.0104406
0.0104556
0.0104704
0.0104849
0.0104993
0.0105135
0.0105274
0.010541
0.0105543
0.0105673
0.01058
0.0105924
0.00971749
0.00973355
0.00974955
0.00976538
0.00978069
0.00979562
0.00981019
0.0098244
0.00983823
0.00985166
0.00986465
0.00987718
0.00988918
0.00990062
0.00991146
0.00992195
0.00880106
0.00881694
0.00883275
0.00884846
0.00886401
0.00887942
0.00889414
0.00890816
0.00892155
0.00893436
0.00894653
0.00895801
0.00896871
0.00897867
0.00898845
0.0089978
0.00768256
0.00769791
0.00771329
0.00772866
0.00774395
0.00775909
0.00777401
0.00778828
0.00780155
0.00781402
0.0078257
0.00783652
0.00784633
0.00785595
0.00786504
0.00787337
0.00645716
0.00647093
0.00648483
0.00649881
0.0065128
0.00652671
0.00654048
0.00655402
0.00656664
0.00657823
0.00658895
0.00659872
0.00660781
0.00661659
0.00662455
0.00663146
0.0052794
0.00529016
0.00530108
0.00531209
0.00532313
0.0053341
0.00534493
0.00535551
0.00536572
0.00537468
0.00538261
0.00538952
0.00539624
0.00540235
0.00540742
0.00541114
0.00423978
0.00424776
0.00425589
0.0042641
0.00427231
0.00428042
0.00428836
0.00429601
0.00430325
0.00430965
0.00431474
0.00431905
0.00432303
0.00432613
0.00432795
0.00432811
0.00334256
0.00334837
0.0033543
0.00336029
0.00336625
0.00337211
0.00337778
0.00338316
0.0033881
0.00339248
0.00339558
0.0033981
0.00340008
0.00340104
0.00340042
0.00339748
0.00257865
0.00258279
0.00258703
0.00259131
0.00259556
0.00259971
0.00260369
0.00260739
0.00261072
0.00261355
0.00261539
0.00261673
0.00261741
0.0026169
0.00261461
0.00261009
0.00193671
0.00193959
0.00194254
0.00194553
0.0019485
0.00195138
0.00195411
0.00195662
0.00195882
0.0019606
0.00196165
0.00196225
0.00196211
0.00196073
0.00195774
0.00195271
0.00140473
0.00140665
0.00140865
0.00141067
0.00141268
0.00141463
0.00141647
0.00141814
0.00141956
0.00142066
0.00142122
0.0014214
0.00142082
0.00141917
0.00141614
0.00141129
0.000970665
0.000971883
0.00097316
0.000974465
0.000975768
0.000977035
0.00097823
0.000979306
0.000980211
0.000980875
0.00098118
0.000981135
0.000980455
0.000978919
0.000976261
0.000972025
0.000622529
0.00062322
0.000623959
0.000624727
0.000625503
0.000626267
0.000626993
0.00062765
0.0006282
0.000628595
0.000628761
0.000628652
0.000628084
0.000626871
0.000624798
0.000621435
0.000346511
0.000346755
0.00034704
0.000347358
0.000347698
0.000348047
0.00034839
0.000348709
0.000348982
0.000349178
0.000349253
0.000349155
0.000348769
0.000347947
0.000346533
0.000344142
0.000144038
0.000142275
0.000140505
0.000138756
0.000137055
0.000135435
0.000133896
0.000132475
0.000131199
0.000130101
0.000129175
0.000128426
0.000127815
0.00012742
0.000127306
0.000126623
1.22053e-06
1.19505e-06
1.1681e-06
1.14022e-06
1.11165e-06
1.08304e-06
1.05478e-06
1.02698e-06
9.99785e-07
9.7358e-07
9.48649e-07
9.24964e-07
9.0237e-07
8.85389e-07
8.99887e-07
9.51289e-07
0.0163419
0.0163421
0.0163422
0.0163423
0.0163424
0.0163426
0.0163427
0.0163428
0.0163429
0.0163431
0.0163432
0.0163433
0.0163435
0.0163436
0.0163437
0.0163438
0.016344
0.0163441
0.0163442
0.0163444
0.0163445
0.0163446
0.0163447
0.0163449
0.016345
0.0163451
0.0163453
0.0163454
0.0163455
0.0163456
0.0163458
0.0163459
0.016346
0.0163462
0.0163463
0.0163464
0.0163466
0.0163467
0.0163468
0.016347
0.0163471
0.0163472
0.0163474
0.0163475
0.0163476
0.0163478
0.0163479
0.016348
0.0163481
0.0163504
0.0163503
0.0163501
0.0163499
0.0163498
0.0163496
0.0163494
0.0163492
0.0163491
0.0163489
0.0163487
0.0163485
0.0163483
0.016348
0.0163478
0.0163476
0.0163474
0.0163472
0.0163469
0.0163467
0.0163464
0.0163462
0.0163459
0.0163457
0.0163454
0.0163451
0.0163448
0.0163446
0.0163443
0.016344
0.0163437
0.0163434
0.0163431
0.0163428
0.0163425
0.0163421
0.0163418
0.0163415
0.0163411
0.0163408
0.0163404
0.0163401
0.0163397
0.0163393
0.016339
0.0163386
0.0163382
0.0163378
0.0163374
0.0163328
0.0163325
0.0163323
0.0163322
0.016332
0.0163318
0.0163317
0.0163315
0.0163314
0.0163312
0.0163311
0.0163309
0.0163308
0.0163306
0.0163304
0.0163303
0.0163301
0.01633
0.0163298
0.0163297
0.0163295
0.0163293
0.0163292
0.016329
0.0163289
0.0163287
0.0163286
0.0163284
0.0163282
0.0163281
0.0163279
0.0163278
0.0163276
0.0163274
0.0163273
0.0163271
0.0163269
0.0163268
0.0163266
0.0163264
0.0163263
0.0163261
0.0163259
0.0163258
0.0163256
0.0163254
0.0163253
0.0163251
0.0163249
0.0163247
0.0162991
0.016299
0.0162991
0.0162993
0.0162995
0.0162997
0.0163
0.0163002
0.0163003
0.0163003
0.0163002
0.0163001
0.0163
0.0162999
0.0162998
0.0162996
0.0162994
0.0162993
0.0162991
0.0162989
0.0162987
0.0162985
0.0162983
0.016298
0.0162978
0.0162976
0.0162974
0.0162971
0.0162969
0.0162967
0.0162964
0.0162962
0.0162959
0.0162957
0.0162954
0.0162952
0.0162949
0.0162947
0.0162944
0.0162941
0.0162939
0.0162936
0.0162933
0.0162931
0.0162928
0.0162926
0.0162923
0.016292
0.0162918
0.0162915
0.0162651
0.0162647
0.0162645
0.0162642
0.016264
0.0162637
0.0162635
0.0162633
0.0162631
0.0162629
0.0162627
0.0162626
0.0162624
0.0162623
0.0162622
0.0162622
0.0162622
0.0162624
0.0162626
0.0162629
0.0162632
0.0162634
0.0162637
0.016264
0.0162643
0.0162646
0.0162648
0.0162651
0.0162654
0.0162657
0.0162659
0.0162662
0.0162665
0.0162668
0.0162671
0.0162674
0.0162676
0.0162679
0.0162681
0.0162681
0.0162681
0.016268
0.0162679
0.0162678
0.0162677
0.0162676
0.0162674
0.0162672
0.016267
0.0162668
0.0162235
0.0162232
0.0162231
0.016223
0.0162229
0.0162231
0.0162234
0.0162238
0.0162241
0.0162245
0.0162249
0.0162252
0.0162256
0.016226
0.0162264
0.0162267
0.0162271
0.0162275
0.0162279
0.0162283
0.0162286
0.016229
0.0162294
0.0162298
0.0162299
0.0162299
0.0162299
0.0162297
0.0162296
0.0162294
0.0162292
0.0162291
0.0162289
0.0162288
0.0162288
0.0162291
0.0162295
0.0162298
0.0162302
0.0162306
0.016231
0.0162314
0.0162317
0.0162321
0.0162325
0.0162329
0.0162333
0.0162337
0.016234
0.0162344
0.0161836
0.0161839
0.0161844
0.0161848
0.0161853
0.0161858
0.0161863
0.0161868
0.0161873
0.0161877
0.0161878
0.0161882
0.0161886
0.0161891
0.0161896
0.0161901
0.0161906
0.0161911
0.0161916
0.0161921
0.0161926
0.0161931
0.0161936
0.016194
0.0161945
0.016195
0.0161956
0.0161961
0.0161962
0.0161963
0.0161962
0.016196
0.0161958
0.0161957
0.0161956
0.0161958
0.0161962
0.0161967
0.0161972
0.0161977
0.0161982
0.0161987
0.0161992
0.0161997
0.0162002
0.0162007
0.0162012
0.0162017
0.0162022
0.0162027
0.0161389
0.0161393
0.0161399
0.0161405
0.0161412
0.0161418
0.0161424
0.016143
0.0161436
0.0161439
0.0161445
0.016145
0.0161457
0.0161463
0.0161469
0.0161476
0.0161482
0.0161488
0.0161495
0.0161501
0.0161508
0.0161514
0.0161521
0.0161527
0.0161533
0.016154
0.0161546
0.0161553
0.0161559
0.0161566
0.0161572
0.0161579
0.0161586
0.0161592
0.0161599
0.0161605
0.0161612
0.0161619
0.0161625
0.0161632
0.0161639
0.0161645
0.0161652
0.0161659
0.0161665
0.0161672
0.0161679
0.0161686
0.0161692
0.0161699
0.0160931
0.0160938
0.0160945
0.0160953
0.0160961
0.0160969
0.0160977
0.0160986
0.0160994
0.0161002
0.016101
0.0161018
0.0161027
0.0161035
0.0161043
0.0161052
0.016106
0.0161068
0.0161077
0.0161085
0.0161093
0.0161102
0.016111
0.0161119
0.0161127
0.0161136
0.0161144
0.0161153
0.0161161
0.016117
0.0161178
0.0161187
0.0161196
0.0161204
0.0161213
0.0161221
0.016123
0.0161239
0.0161247
0.0161256
0.0161265
0.0161274
0.0161282
0.0161291
0.01613
0.0161308
0.0161317
0.0161326
0.0161335
0.0161344
0.0160403
0.0160412
0.0160422
0.0160432
0.0160443
0.0160453
0.0160464
0.0160474
0.0160485
0.0160496
0.0160506
0.0160517
0.0160528
0.0160538
0.0160549
0.016056
0.0160571
0.0160581
0.0160592
0.0160603
0.0160614
0.0160625
0.0160636
0.0160647
0.0160658
0.0160669
0.016068
0.0160691
0.0160702
0.0160713
0.0160725
0.0160736
0.0160747
0.0160758
0.016077
0.0160781
0.0160792
0.0160804
0.0160815
0.0160826
0.0160838
0.0160849
0.0160861
0.0160872
0.0160884
0.0160895
0.0160907
0.0160918
0.016093
0.0160941
0.0159776
0.0159787
0.01598
0.0159814
0.0159827
0.015984
0.0159854
0.0159868
0.0159881
0.0159895
0.0159909
0.0159922
0.0159936
0.015995
0.0159964
0.0159978
0.0159992
0.0160006
0.016002
0.0160034
0.0160048
0.0160062
0.0160077
0.0160091
0.0160105
0.016012
0.0160134
0.0160149
0.0160163
0.0160178
0.0160192
0.0160207
0.0160221
0.0160236
0.0160251
0.0160266
0.0160281
0.0160295
0.016031
0.0160325
0.016034
0.0160355
0.016037
0.0160385
0.0160401
0.0160416
0.0160431
0.0160446
0.0160461
0.0160477
0.0159027
0.0159042
0.0159058
0.0159075
0.0159092
0.015911
0.0159127
0.0159144
0.0159162
0.0159179
0.0159197
0.0159215
0.0159232
0.015925
0.0159268
0.0159286
0.0159304
0.0159322
0.0159341
0.0159359
0.0159377
0.0159396
0.0159414
0.0159433
0.0159451
0.015947
0.0159489
0.0159508
0.0159526
0.0159545
0.0159565
0.0159584
0.0159603
0.0159622
0.0159641
0.0159661
0.015968
0.01597
0.0159719
0.0159739
0.0159759
0.0159778
0.0159798
0.0159818
0.0159838
0.0159859
0.0159879
0.0159899
0.015992
0.015994
0.0158136
0.0158155
0.0158176
0.0158197
0.0158219
0.0158241
0.0158263
0.0158285
0.0158308
0.015833
0.0158352
0.0158375
0.0158398
0.0158421
0.0158444
0.0158467
0.015849
0.0158513
0.0158537
0.015856
0.0158584
0.0158608
0.0158632
0.0158656
0.015868
0.0158704
0.0158729
0.0158753
0.0158778
0.0158802
0.0158827
0.0158852
0.0158877
0.0158902
0.0158928
0.0158953
0.0158979
0.0159004
0.015903
0.0159056
0.0159082
0.0159109
0.0159135
0.0159162
0.0159188
0.0159215
0.0159242
0.0159269
0.0159296
0.0159323
0.0157078
0.0157102
0.0157128
0.0157155
0.0157182
0.015721
0.0157238
0.0157266
0.0157294
0.0157322
0.0157351
0.015738
0.0157409
0.0157438
0.0157467
0.0157497
0.0157526
0.0157556
0.0157586
0.0157617
0.0157647
0.0157678
0.0157708
0.0157739
0.0157771
0.0157802
0.0157834
0.0157865
0.0157897
0.0157929
0.0157962
0.0157994
0.0158027
0.015806
0.0158093
0.0158126
0.015816
0.0158194
0.0158228
0.0158263
0.0158297
0.0158332
0.0158367
0.0158402
0.0158438
0.0158473
0.0158509
0.0158545
0.0158581
0.0158616
0.0155816
0.0155845
0.0155878
0.0155911
0.0155946
0.015598
0.0156015
0.015605
0.0156085
0.0156121
0.0156157
0.0156193
0.0156229
0.0156266
0.0156303
0.0156341
0.0156379
0.0156417
0.0156455
0.0156494
0.0156532
0.0156572
0.0156611
0.0156651
0.0156691
0.0156732
0.0156772
0.0156814
0.0156855
0.0156896
0.0156938
0.0156981
0.0157024
0.0157067
0.0157111
0.0157155
0.01572
0.0157244
0.015729
0.0157335
0.0157381
0.0157427
0.0157473
0.015752
0.0157566
0.0157614
0.0157661
0.0157709
0.0157756
0.0157804
0.0154303
0.0154339
0.0154378
0.015442
0.0154461
0.0154504
0.0154547
0.015459
0.0154634
0.0154678
0.0154723
0.0154768
0.0154813
0.015486
0.0154906
0.0154953
0.0155001
0.0155049
0.0155098
0.0155147
0.0155196
0.0155246
0.0155297
0.0155348
0.0155399
0.0155451
0.0155504
0.0155557
0.015561
0.0155664
0.0155719
0.0155775
0.0155831
0.0155888
0.0155946
0.0156004
0.0156062
0.0156121
0.0156181
0.0156241
0.0156301
0.0156362
0.0156424
0.0156486
0.0156548
0.0156611
0.0156674
0.0156737
0.0156801
0.0156864
0.0152481
0.0152524
0.0152572
0.0152621
0.0152672
0.0152723
0.0152775
0.0152828
0.0152881
0.0152936
0.0152991
0.0153046
0.0153103
0.015316
0.0153218
0.0153277
0.0153337
0.0153397
0.0153458
0.015352
0.0153583
0.0153647
0.0153711
0.0153776
0.0153842
0.0153908
0.0153976
0.0154044
0.0154114
0.0154185
0.0154257
0.0154329
0.0154403
0.0154478
0.0154553
0.015463
0.0154707
0.0154785
0.0154864
0.0154944
0.0155024
0.0155105
0.0155187
0.015527
0.0155353
0.0155436
0.015552
0.0155605
0.015569
0.0155775
0.015028
0.015033
0.0150386
0.0150444
0.0150504
0.0150565
0.0150627
0.015069
0.0150754
0.0150819
0.0150886
0.0150954
0.0151023
0.0151093
0.0151165
0.0151237
0.0151311
0.0151387
0.0151463
0.0151541
0.015162
0.01517
0.0151781
0.0151864
0.0151948
0.0152033
0.015212
0.0152208
0.0152299
0.0152391
0.0152484
0.0152579
0.0152676
0.0152774
0.0152874
0.0152975
0.0153077
0.0153181
0.0153286
0.0153392
0.01535
0.0153608
0.0153717
0.0153828
0.0153939
0.0154051
0.0154164
0.0154278
0.0154393
0.0154507
0.0147616
0.0147672
0.0147735
0.0147801
0.0147869
0.0147939
0.0148011
0.0148084
0.014816
0.0148237
0.0148316
0.0148397
0.014848
0.0148565
0.0148652
0.014874
0.0148831
0.0148923
0.0149018
0.0149115
0.0149213
0.0149314
0.0149416
0.0149521
0.0149627
0.0149735
0.0149847
0.0149961
0.0150078
0.0150197
0.0150319
0.0150444
0.0150571
0.01507
0.0150832
0.0150965
0.0151102
0.015124
0.015138
0.0151522
0.0151666
0.0151811
0.0151958
0.0152107
0.0152257
0.0152408
0.015256
0.0152714
0.0152868
0.0153022
0.0144394
0.0144453
0.0144521
0.0144592
0.0144667
0.0144744
0.0144824
0.0144907
0.0144992
0.0145081
0.0145172
0.0145266
0.0145363
0.0145463
0.0145567
0.0145673
0.0145782
0.0145895
0.014601
0.0146128
0.014625
0.0146375
0.0146503
0.0146634
0.0146768
0.0146905
0.0147047
0.0147193
0.0147344
0.0147498
0.0147657
0.014782
0.0147986
0.0148157
0.0148331
0.0148509
0.014869
0.0148875
0.0149063
0.0149254
0.0149447
0.0149644
0.0149842
0.0150043
0.0150246
0.0150451
0.0150658
0.0150865
0.0151074
0.0151284
0.0140512
0.0140569
0.0140635
0.0140707
0.0140783
0.0140862
0.0140946
0.0141034
0.0141127
0.0141223
0.0141324
0.014143
0.014154
0.0141655
0.0141774
0.0141898
0.0142026
0.0142159
0.0142297
0.014244
0.0142588
0.014274
0.0142898
0.014306
0.0143227
0.01434
0.0143579
0.0143764
0.0143956
0.0144155
0.0144361
0.0144573
0.0144791
0.0145016
0.0145247
0.0145483
0.0145726
0.0145973
0.0146226
0.0146483
0.0146745
0.0147011
0.0147281
0.0147554
0.014783
0.0148109
0.014839
0.0148673
0.0148957
0.0149242
0.0135873
0.0135918
0.0135974
0.0136035
0.0136103
0.0136177
0.0136256
0.0136342
0.0136434
0.0136533
0.0136638
0.0136749
0.0136867
0.0136992
0.0137124
0.0137262
0.0137408
0.0137561
0.013772
0.0137888
0.0138062
0.0138244
0.0138434
0.0138631
0.0138836
0.0139048
0.013927
0.0139502
0.0139744
0.0139998
0.0140262
0.0140536
0.014082
0.0141115
0.014142
0.0141734
0.0142057
0.0142389
0.014273
0.0143078
0.0143433
0.0143795
0.0144162
0.0144535
0.0144912
0.0145293
0.0145677
0.0146064
0.0146452
0.0146841
0.0130412
0.013043
0.0130458
0.0130495
0.013054
0.0130593
0.0130655
0.0130726
0.0130805
0.0130893
0.0130991
0.0131097
0.0131213
0.0131338
0.0131473
0.0131619
0.0131774
0.0131939
0.0132116
0.0132303
0.0132501
0.013271
0.013293
0.0133162
0.0133406
0.0133661
0.0133929
0.0134212
0.0134511
0.0134827
0.013516
0.0135509
0.0135875
0.0136257
0.0136656
0.013707
0.01375
0.0137943
0.0138401
0.0138871
0.0139353
0.0139845
0.0140347
0.0140857
0.0141374
0.0141896
0.0142423
0.0142952
0.0143483
0.0144014
0.0124121
0.0124095
0.0124079
0.0124073
0.0124076
0.012409
0.0124114
0.0124149
0.0124197
0.0124257
0.0124328
0.0124412
0.0124508
0.0124617
0.012474
0.0124875
0.0125025
0.0125189
0.0125368
0.0125562
0.0125772
0.0125998
0.012624
0.01265
0.0126776
0.0127071
0.012738
0.0127711
0.0128067
0.0128447
0.0128854
0.0129287
0.0129746
0.0130231
0.0130743
0.013128
0.0131842
0.0132428
0.0133037
0.0133668
0.0134318
0.0134985
0.0135668
0.0136365
0.0137072
0.0137788
0.013851
0.0139236
0.0139963
0.0140689
0.011713
0.0117038
0.0116951
0.0116876
0.0116814
0.0116766
0.0116732
0.0116711
0.0116705
0.0116711
0.0116731
0.0116766
0.0116816
0.0116883
0.0116966
0.0117067
0.0117185
0.0117322
0.0117478
0.0117655
0.0117852
0.0118072
0.0118315
0.0118581
0.0118873
0.011919
0.0119527
0.0119892
0.012029
0.0120725
0.0121198
0.012171
0.0122263
0.0122856
0.0123491
0.0124167
0.0124884
0.012564
0.0126434
0.0127264
0.0128128
0.0129022
0.0129942
0.0130886
0.0131848
0.0132824
0.0133811
0.0134803
0.0135796
0.0136786
0.0109828
0.0109652
0.0109476
0.0109312
0.0109162
0.0109026
0.0108904
0.0108796
0.0108702
0.0108623
0.010856
0.0108514
0.0108484
0.0108473
0.0108479
0.0108502
0.0108546
0.0108612
0.0108703
0.0108818
0.010896
0.010913
0.010933
0.0109562
0.0109828
0.0110129
0.0110468
0.0110831
0.0111237
0.0111692
0.0112201
0.0112765
0.0113388
0.0114072
0.0114819
0.0115629
0.0116502
0.011744
0.0118439
0.0119499
0.0120614
0.0121782
0.0122997
0.0124252
0.0125541
0.0126856
0.0128189
0.0129533
0.013088
0.0132222
0.0103213
0.0102958
0.0102691
0.0102431
0.0102183
0.0101946
0.0101719
0.0101502
0.0101295
0.0101098
0.0100912
0.0100738
0.0100577
0.010043
0.0100297
0.0100182
0.0100085
0.0100009
0.00999561
0.00999309
0.00999338
0.00999658
0.0100034
0.0100142
0.0100292
0.0100489
0.0100736
0.0101029
0.0101361
0.0101754
0.0102215
0.0102752
0.0103372
0.010408
0.0104879
0.0105773
0.0106763
0.0107852
0.010904
0.0110325
0.0111705
0.0113172
0.0114721
0.0116342
0.0118025
0.0119758
0.0121528
0.0123321
0.0125123
0.0126921
0.00995017
0.00993664
0.00990536
0.00986959
0.00983658
0.00980798
0.00977877
0.00974844
0.00971717
0.00968513
0.0096525
0.00961942
0.00958608
0.00955262
0.00951925
0.00948614
0.00945351
0.00942156
0.00939052
0.00936066
0.00933246
0.00930638
0.00928295
0.00926269
0.00924596
0.00923328
0.00922532
0.009223
0.00922422
0.00923127
0.00924649
0.0092721
0.00931067
0.00936309
0.00943208
0.00951456
0.00961092
0.00972225
0.00984961
0.00999318
0.0101522
0.010326
0.0105138
0.0107143
0.0109261
0.0111472
0.0113757
0.0116094
0.011846
0.012083
0.00983194
0.00980611
0.00977485
0.00974687
0.00972037
0.00968918
0.0096535
0.00961377
0.00957035
0.00952353
0.00947353
0.00942057
0.00936492
0.00930687
0.00924681
0.00918517
0.00912249
0.00905943
0.00899673
0.00893519
0.00887395
0.00881315
0.00875344
0.00869578
0.00864181
0.00859292
0.00855019
0.00851451
0.0084867
0.00846376
0.00844802
0.00844087
0.00844377
0.00845499
0.00848084
0.0085219
0.00857898
0.00865441
0.00875671
0.00889147
0.0090528
0.00923834
0.00944848
0.00968126
0.00993413
0.0102045
0.0104891
0.0107845
0.011087
0.0113928
0.0100289
0.0100217
0.0100093
0.00999267
0.00997168
0.00994555
0.00991421
0.00987766
0.00983587
0.00978879
0.00973634
0.00967839
0.00961484
0.00954556
0.00947044
0.00938947
0.00930269
0.00921016
0.00911196
0.00900827
0.0088991
0.00878492
0.00866658
0.00854592
0.0084259
0.00830893
0.00819743
0.00809397
0.00800118
0.00792084
0.00785046
0.00778776
0.00773427
0.00769226
0.00766515
0.0076572
0.00767136
0.00770567
0.00776548
0.00785679
0.00797853
0.00813297
0.00833391
0.00857702
0.00885593
0.00916727
0.0095054
0.00986481
0.0102398
0.010624
0.0104272
0.0104422
0.0104532
0.0104593
0.01046
0.010456
0.0104467
0.0104317
0.0104108
0.0103838
0.0103506
0.0103108
0.0102638
0.0102094
0.010147
0.0100761
0.00999619
0.0099067
0.00980702
0.00969654
0.00957473
0.00944117
0.00929568
0.00913838
0.00896974
0.00879052
0.00860206
0.00840649
0.00820709
0.00800899
0.00781646
0.00763216
0.00746026
0.00730411
0.00716788
0.00705662
0.00697569
0.00692616
0.00691261
0.00693909
0.00700528
0.007118
0.00727781
0.00748328
0.00774789
0.00807499
0.00845176
0.00886822
0.00931592
0.00978463
0.0108283
0.0108656
0.0109008
0.0109321
0.0109589
0.0109812
0.0109988
0.0110114
0.0110187
0.0110199
0.0110157
0.0110055
0.0109882
0.0109635
0.010931
0.0108897
0.010839
0.0107781
0.0107059
0.0106215
0.0105237
0.0104112
0.0102827
0.0101365
0.00997137
0.00978566
0.00957814
0.00934794
0.00909496
0.00882023
0.00852641
0.00822194
0.00792181
0.00762396
0.0073333
0.00705656
0.00680128
0.00657536
0.00639778
0.0062787
0.00622415
0.00624067
0.0063252
0.00647647
0.00670128
0.0069924
0.00737294
0.00782412
0.00833478
0.00888771
0.0110513
0.0111036
0.011156
0.0112057
0.0112523
0.0112955
0.0113351
0.0113708
0.0114023
0.0114293
0.0114516
0.0114686
0.0114797
0.0114843
0.0114814
0.011471
0.0114515
0.0114223
0.0113823
0.0113304
0.0112652
0.0111852
0.0110888
0.010974
0.0108389
0.0106814
0.0104992
0.0102901
0.0100517
0.00978192
0.00947852
0.00914011
0.00876692
0.00837742
0.00797493
0.00756572
0.00715981
0.00676989
0.00641105
0.00609782
0.00584438
0.00566447
0.00558343
0.00561342
0.0057532
0.00599116
0.00633614
0.00677514
0.00732329
0.00795104
0.0109889
0.0110472
0.0111078
0.0111676
0.0112258
0.0112822
0.0113363
0.0113879
0.0114366
0.0114821
0.0115237
0.011561
0.0115933
0.0116201
0.0116404
0.0116538
0.011659
0.0116552
0.0116414
0.0116164
0.0115788
0.0115272
0.0114598
0.011375
0.0112708
0.011145
0.0109953
0.0108195
0.0106154
0.0103804
0.010112
0.00980763
0.00946454
0.00907971
0.00866126
0.00821356
0.00774147
0.00725403
0.00676456
0.00629087
0.00585497
0.005482
0.00519826
0.00502601
0.0049853
0.00510307
0.00537137
0.0057789
0.00631616
0.0069962
0.0106123
0.0106701
0.0107321
0.0107952
0.0108584
0.0109213
0.0109834
0.0110443
0.0111035
0.0111605
0.0112147
0.0112656
0.0113124
0.0113545
0.0113912
0.0114215
0.0114445
0.0114591
0.0114644
0.0114598
0.0114432
0.0114136
0.0113693
0.0113089
0.0112308
0.0111327
0.0110124
0.0108679
0.0106973
0.0104988
0.0102701
0.0100091
0.00971366
0.00938161
0.00901072
0.00860157
0.00815629
0.0076774
0.00716868
0.0066375
0.00609874
0.00557789
0.00511013
0.00473572
0.0044943
0.00441901
0.00453113
0.00485498
0.00535608
0.00604791
0.00993948
0.00999352
0.0100534
0.0101162
0.0101807
0.0102462
0.0103121
0.0103779
0.010443
0.0105069
0.010569
0.0106285
0.0106849
0.0107374
0.0107852
0.0108274
0.0108632
0.0108914
0.0109111
0.0109217
0.0109225
0.0109105
0.0108848
0.0108443
0.0107874
0.0107124
0.0106173
0.0105006
0.0103605
0.0101955
0.0100038
0.00978387
0.0095341
0.00925313
0.00893976
0.00859279
0.00820861
0.00778917
0.00733526
0.00684622
0.00632248
0.00577019
0.00520899
0.00468044
0.00424429
0.00396269
0.00388741
0.00405043
0.00447753
0.00513352
0.00901284
0.009063
0.00912023
0.00918165
0.00924592
0.00931221
0.00937984
0.00944818
0.00951663
0.0095846
0.00965147
0.0097166
0.00977929
0.00983883
0.00989444
0.00994529
0.00999045
0.010029
0.0100599
0.0100825
0.0100962
0.0100993
0.0100903
0.0100667
0.0100287
0.00997435
0.00990229
0.00981106
0.00969926
0.00956545
0.00940824
0.00922648
0.00901902
0.00878493
0.00852363
0.008235
0.00791725
0.00756616
0.0071845
0.00677094
0.00632247
0.0058346
0.00530272
0.00473576
0.00417798
0.00371128
0.00342995
0.00340873
0.00368991
0.00428355
0.00788649
0.00793506
0.00799011
0.00805015
0.00811377
0.00818001
0.00824818
0.00831763
0.00838777
0.00845801
0.00852776
0.00859641
0.00866331
0.00872778
0.00878908
0.00884642
0.00889895
0.00894578
0.00898599
0.00901885
0.00904388
0.00905966
0.00906504
0.00905836
0.00903823
0.00900332
0.00895314
0.00888629
0.00880154
0.00869764
0.00857335
0.00842796
0.00826053
0.00807038
0.00785721
0.00762135
0.00736426
0.00707863
0.00676751
0.00643025
0.00606481
0.00566817
0.00522932
0.00473312
0.0041787
0.00361122
0.00314791
0.00292063
0.00302928
0.00352153
0.00664224
0.00668825
0.00673978
0.00679673
0.0068576
0.00692146
0.00698768
0.00705569
0.00712488
0.00719473
0.0072647
0.00733424
0.00740279
0.00746972
0.00753438
0.00759603
0.00765389
0.00770716
0.00775503
0.00779685
0.00783203
0.00785944
0.007878
0.00788652
0.00788433
0.00786909
0.00784037
0.00779748
0.00773938
0.00766488
0.00757268
0.00746278
0.00733416
0.00718629
0.00701897
0.00683267
0.00662948
0.006405
0.00615944
0.00589238
0.00560271
0.00529275
0.00495312
0.00456507
0.00410965
0.00356686
0.00300342
0.00258656
0.00248996
0.00283194
0.00541529
0.00544979
0.0054909
0.00553813
0.00558983
0.00564509
0.00570322
0.00576365
0.00582586
0.00588936
0.00595371
0.00601844
0.00608307
0.00614711
0.00620999
0.00627108
0.00632968
0.00638514
0.0064368
0.00648407
0.00652633
0.00656265
0.00659213
0.0066138
0.00662688
0.00662999
0.00662213
0.00660262
0.00657035
0.00652476
0.00646472
0.00638983
0.00629936
0.00619274
0.00606974
0.0059307
0.00577697
0.00560827
0.00542213
0.00521915
0.0049997
0.00476652
0.00451538
0.00422759
0.00389468
0.00346658
0.00292558
0.00238414
0.00209249
0.00224186
0.00432528
0.00434528
0.00437263
0.00440594
0.00444371
0.00448508
0.00452938
0.0045761
0.00462479
0.00467504
0.00472651
0.00477883
0.00483167
0.00488464
0.00493737
0.00498939
0.0050402
0.00508931
0.0051363
0.00518071
0.00522206
0.00525964
0.0052928
0.00532078
0.00534284
0.00535787
0.00536521
0.00536443
0.00535422
0.00533406
0.00530287
0.00526021
0.00520541
0.0051378
0.00505697
0.00496296
0.00485656
0.00473885
0.00460745
0.00446258
0.00430513
0.00413787
0.00395972
0.00376167
0.00353992
0.00324438
0.00282494
0.00226578
0.00181747
0.00176966
0.00339104
0.00340104
0.00341793
0.00344012
0.00346631
0.00349572
0.00352775
0.00356191
0.0035978
0.00363509
0.00367348
0.00371265
0.00375234
0.00379223
0.00383201
0.00387136
0.00390985
0.00394711
0.00398291
0.00401697
0.00404898
0.0040785
0.00410519
0.00412843
0.00414796
0.0041632
0.00417379
0.00417951
0.00417972
0.00417383
0.00416107
0.00414098
0.00411286
0.00407606
0.00403008
0.00397463
0.00390993
0.00383716
0.00375466
0.00366193
0.00355972
0.00345044
0.00333463
0.00320879
0.00307228
0.00289863
0.00263581
0.0021702
0.00164015
0.0014179
0.00260213
0.00260593
0.00261569
0.00262994
0.00264759
0.00266798
0.00269058
0.00271496
0.00274079
0.00276779
0.0027957
0.00282427
0.00285326
0.00288243
0.0029115
0.00294026
0.00296829
0.00299529
0.00302114
0.00304564
0.00306858
0.00308945
0.00310801
0.00312395
0.00313703
0.00314692
0.00315342
0.00315648
0.00315586
0.00315127
0.00314246
0.00312936
0.00311187
0.00308981
0.00306289
0.00303099
0.00299416
0.00295335
0.00290754
0.00285574
0.00279836
0.00273725
0.00267361
0.00260692
0.00253844
0.00245539
0.00232828
0.00203015
0.00151619
0.00117548
0.00194444
0.00194464
0.00194975
0.00195847
0.00196998
0.0019837
0.00199922
0.00201618
0.00203429
0.00205334
0.00207313
0.00209344
0.00211408
0.00213487
0.00215558
0.00217607
0.00219597
0.00221501
0.00223318
0.0022504
0.00226624
0.00228044
0.00229284
0.00230323
0.0023114
0.00231711
0.00232022
0.0023207
0.00231839
0.00231311
0.00230463
0.00229295
0.00227812
0.00226018
0.00223914
0.0022152
0.0021888
0.00216148
0.00213313
0.00210294
0.00207152
0.00204058
0.0020119
0.00198701
0.00196916
0.00195442
0.00192548
0.00179637
0.00139136
0.00101522
0.00140346
0.0014018
0.00140402
0.00140898
0.00141612
0.001425
0.00143526
0.00144663
0.00145889
0.00147186
0.0014854
0.00149935
0.00151356
0.00152787
0.00154213
0.00155625
0.00156991
0.00158288
0.00159528
0.00160686
0.0016174
0.0016267
0.00163465
0.00164111
0.00164592
0.0016489
0.00164995
0.00164904
0.00164606
0.00164092
0.00163339
0.00162342
0.0016111
0.00159648
0.00157961
0.00156062
0.0015398
0.00151881
0.0014978
0.00147587
0.00145354
0.00143234
0.00141437
0.00140294
0.00140477
0.00142645
0.0014648
0.00145703
0.00122151
0.000897011
0.000965087
0.000962711
0.000963247
0.000965732
0.000969848
0.000975232
0.000981651
0.000988875
0.000996745
0.00100514
0.00101395
0.00102306
0.00103236
0.00104173
0.00105107
0.00106034
0.00106928
0.00107772
0.00108568
0.00109306
0.0010997
0.00110544
0.00111023
0.00111398
0.00111655
0.00111782
0.00111773
0.00111624
0.00111331
0.00110889
0.00110276
0.00109485
0.00108526
0.00107407
0.00106128
0.00104702
0.00103131
0.00101598
0.00100096
0.00098544
0.000969729
0.000954837
0.000942174
0.000934276
0.000935579
0.000951146
0.000987107
0.00104883
0.000990726
0.000789163
0.000615657
0.000613255
0.000612879
0.000613798
0.000615861
0.000618785
0.000622443
0.000626667
0.000631328
0.000636342
0.000641653
0.00064716
0.000652803
0.000658492
0.000664163
0.000669819
0.000675286
0.000680308
0.000685004
0.00068933
0.000693164
0.000696391
0.000698977
0.000700891
0.000702018
0.000702286
0.000701651
0.000700084
0.000697577
0.000694122
0.000689523
0.000683684
0.000676734
0.000668737
0.000659682
0.000649659
0.000638496
0.000628059
0.000618053
0.000607754
0.000597381
0.000587572
0.000579008
0.000574115
0.000575031
0.000585208
0.000608287
0.00064987
0.000687872
0.00063996
0.000339592
0.00033736
0.000336428
0.000336311
0.000336941
0.000338152
0.000339886
0.000342036
0.00034446
0.000347106
0.000349948
0.000352912
0.000355965
0.000359043
0.00036211
0.000365215
0.000368189
0.000370807
0.000373225
0.00037543
0.000377329
0.000378844
0.000379959
0.000380678
0.00038091
0.000380615
0.000379762
0.000378336
0.000376343
0.000373818
0.000370579
0.000366495
0.000361752
0.00035641
0.000350373
0.000343595
0.000335428
0.000328974
0.000323219
0.000316849
0.000310389
0.000304285
0.000298277
0.000295965
0.000296734
0.000303191
0.000317392
0.00034437
0.000366853
0.000420953
0.000122534
0.000113685
0.00010685
0.00010343
0.000102194
0.000102395
0.000102807
0.000103341
0.000104039
0.000104877
0.00010583
0.000106864
0.000107965
0.000109153
0.00011059
0.000112079
0.000113488
0.000114634
0.000115676
0.000116615
0.000117381
0.000118106
0.000118706
0.000119096
0.000119204
0.000119008
0.000118492
0.000117649
0.000116734
0.000115151
0.000112752
0.000110026
0.000106826
0.000103117
9.90474e-05
9.47287e-05
9.03606e-05
8.67359e-05
8.36112e-05
8.03234e-05
7.70231e-05
7.40115e-05
7.26027e-05
7.01891e-05
7.03014e-05
7.31695e-05
8.11923e-05
9.84979e-05
0.000110548
0.000125686
8.92342e-07
8.13885e-07
7.24483e-07
6.32545e-07
5.31464e-07
4.43829e-07
4.10521e-07
3.99117e-07
3.88531e-07
3.7495e-07
3.73667e-07
3.74169e-07
3.75219e-07
3.76816e-07
3.86186e-07
4.02835e-07
4.13953e-07
4.20188e-07
4.26209e-07
4.31787e-07
4.35948e-07
4.39171e-07
4.45389e-07
4.50406e-07
4.52908e-07
4.52766e-07
4.49936e-07
4.44458e-07
4.42046e-07
4.39771e-07
4.32718e-07
4.2433e-07
4.36827e-07
5.03677e-07
5.64931e-07
6.18316e-07
6.65302e-07
6.99647e-07
7.26474e-07
7.42139e-07
7.47367e-07
7.43419e-07
1.75841e-06
6.69537e-07
6.62337e-07
6.37166e-07
5.68263e-07
4.18255e-07
4.67499e-07
5.07944e-07
0.0163477
0.0163469
0.0163452
0.0163423
0.0163384
0.0163356
0.0163339
0.0163331
0.0163332
0.0163352
0.0163356
0.0163357
0.0163355
0.0163351
0.0163345
0.0163339
0.0163334
0.0163329
0.0163325
0.0163321
0.0163317
0.0163311
0.0163304
0.0163294
0.0163282
0.0163272
0.0163264
0.0163259
0.0163265
0.0163287
0.0163297
0.0163306
0.0163312
0.0163315
0.0163315
0.0163313
0.0163309
0.0163304
0.01633
0.0163293
0.0163283
0.0163278
0.0163318
0.0163327
0.0163331
0.0163332
0.0163338
0.0163337
0.0163333
0.0163329
0.0163371
0.0163347
0.0163314
0.016328
0.0163249
0.0163221
0.0163213
0.0163207
0.0163211
0.0163218
0.0163224
0.0163228
0.0163231
0.0163234
0.0163236
0.0163239
0.0163242
0.0163247
0.0163252
0.0163258
0.0163265
0.0163274
0.0163284
0.0163285
0.0163282
0.0163279
0.0163276
0.0163273
0.0163273
0.0163274
0.0163268
0.0163257
0.0163242
0.016323
0.0163229
0.0163229
0.016323
0.0163234
0.0163242
0.0163245
0.0163232
0.0163221
0.0163241
0.0163248
0.0163253
0.0163259
0.0163262
0.016326
0.016326
0.0163258
0.0163245
0.0163245
0.0163234
0.0163227
0.016322
0.0163215
0.0163212
0.0163211
0.0163211
0.0163212
0.0163213
0.0163215
0.0163217
0.016322
0.0163223
0.0163225
0.0163227
0.0163228
0.0163226
0.0163223
0.0163218
0.0163211
0.0163202
0.0163191
0.0163179
0.0163166
0.0163156
0.0163154
0.0163154
0.0163152
0.0163149
0.0163145
0.0163143
0.0163145
0.0163152
0.0163163
0.0163178
0.0163192
0.0163185
0.0163165
0.016314
0.0163139
0.0163151
0.0163158
0.0163165
0.016317
0.016317
0.0163171
0.0163174
0.0163167
0.0162916
0.0162937
0.0162957
0.0162975
0.0162993
0.0163009
0.0163025
0.016304
0.0163054
0.0163068
0.0163082
0.0163094
0.0163102
0.0163105
0.0163104
0.01631
0.0163093
0.0163083
0.016307
0.0163056
0.0163041
0.0163031
0.0163026
0.0163023
0.016302
0.0163019
0.016302
0.0163022
0.0163025
0.0163028
0.0163032
0.0163037
0.0163044
0.0163054
0.0163066
0.0163079
0.0163086
0.0163077
0.0163057
0.0163044
0.0163036
0.016304
0.016305
0.0163057
0.0163063
0.0163066
0.0163066
0.0163071
0.0163071
0.0163065
0.0162666
0.0162677
0.0162699
0.016272
0.016274
0.0162759
0.0162776
0.0162791
0.0162805
0.0162817
0.0162828
0.0162836
0.0162843
0.0162847
0.016285
0.0162851
0.0162851
0.0162851
0.0162851
0.0162851
0.0162852
0.0162854
0.0162858
0.0162862
0.0162867
0.0162872
0.0162878
0.0162885
0.0162892
0.01629
0.0162908
0.0162916
0.0162924
0.0162932
0.0162939
0.0162941
0.0162939
0.016293
0.016292
0.0162915
0.0162917
0.0162924
0.0162933
0.0162939
0.0162943
0.0162945
0.0162948
0.0162953
0.0162953
0.0162947
0.0162349
0.0162378
0.0162406
0.0162431
0.0162455
0.0162477
0.0162498
0.0162517
0.0162534
0.016255
0.0162564
0.0162577
0.0162589
0.01626
0.016261
0.016262
0.0162629
0.0162638
0.0162647
0.0162655
0.0162665
0.0162674
0.0162684
0.0162693
0.0162703
0.0162713
0.0162723
0.0162732
0.0162742
0.0162751
0.0162759
0.0162767
0.0162773
0.0162777
0.0162779
0.0162779
0.0162776
0.0162772
0.0162771
0.0162774
0.016278
0.0162787
0.0162795
0.01628
0.0162803
0.0162807
0.0162812
0.0162816
0.0162814
0.0162809
0.0162034
0.0162068
0.01621
0.0162131
0.016216
0.0162188
0.0162214
0.0162238
0.0162261
0.0162283
0.0162303
0.0162323
0.0162341
0.0162359
0.0162376
0.0162392
0.0162408
0.0162423
0.0162438
0.0162452
0.0162466
0.016248
0.0162493
0.0162506
0.0162519
0.0162531
0.0162542
0.0162553
0.0162562
0.0162571
0.0162579
0.0162585
0.016259
0.0162593
0.0162596
0.0162597
0.0162599
0.0162602
0.0162606
0.0162612
0.0162619
0.0162627
0.0162633
0.0162638
0.0162642
0.0162647
0.0162652
0.0162655
0.0162653
0.0162649
0.0161708
0.0161747
0.0161785
0.0161822
0.0161857
0.016189
0.0161921
0.0161951
0.016198
0.0162007
0.0162034
0.0162059
0.0162082
0.0162105
0.0162127
0.0162148
0.0162169
0.0162188
0.0162207
0.0162225
0.0162242
0.0162259
0.0162274
0.0162289
0.0162303
0.0162316
0.0162328
0.0162339
0.0162349
0.0162358
0.0162366
0.0162373
0.0162379
0.0162385
0.0162391
0.0162397
0.0162403
0.016241
0.0162417
0.0162424
0.0162432
0.0162439
0.0162445
0.016245
0.0162457
0.0162463
0.0162467
0.0162468
0.0162466
0.0162464
0.0161355
0.01614
0.0161444
0.0161487
0.0161527
0.0161566
0.0161603
0.0161639
0.0161673
0.0161705
0.0161736
0.0161766
0.0161795
0.0161822
0.0161848
0.0161873
0.0161897
0.016192
0.0161941
0.0161962
0.0161982
0.0162
0.0162018
0.0162035
0.016205
0.0162065
0.0162078
0.0162091
0.0162102
0.0162113
0.0162124
0.0162134
0.0162143
0.0162153
0.0162162
0.0162171
0.016218
0.0162189
0.0162198
0.0162206
0.0162214
0.0162221
0.0162228
0.0162236
0.0162242
0.0162248
0.0162251
0.0162252
0.0162251
0.016225
0.0160956
0.0161008
0.0161059
0.0161108
0.0161155
0.0161199
0.0161242
0.0161283
0.0161323
0.016136
0.0161396
0.0161431
0.0161464
0.0161495
0.0161525
0.0161554
0.0161581
0.0161608
0.0161633
0.0161656
0.0161679
0.01617
0.016172
0.016174
0.0161758
0.0161775
0.0161792
0.0161807
0.0161822
0.0161837
0.0161851
0.0161864
0.0161877
0.0161889
0.0161901
0.0161912
0.0161923
0.0161933
0.0161943
0.0161953
0.0161962
0.0161971
0.016198
0.0161988
0.0161994
0.0161999
0.0162002
0.0162003
0.0162003
0.0162004
0.0160496
0.0160555
0.0160613
0.016067
0.0160724
0.0160776
0.0160825
0.0160873
0.0160918
0.0160962
0.0161003
0.0161043
0.0161081
0.0161117
0.0161152
0.0161185
0.0161217
0.0161248
0.0161277
0.0161304
0.0161331
0.0161356
0.016138
0.0161403
0.0161426
0.0161447
0.0161467
0.0161487
0.0161505
0.0161523
0.016154
0.0161556
0.0161572
0.0161587
0.01616
0.0161614
0.0161627
0.0161639
0.016165
0.0161662
0.0161672
0.0161683
0.0161692
0.01617
0.0161706
0.0161711
0.0161714
0.0161716
0.0161717
0.0161719
0.0159965
0.0160032
0.01601
0.0160165
0.0160228
0.0160288
0.0160345
0.01604
0.0160453
0.0160503
0.0160551
0.0160597
0.0160642
0.0160684
0.0160724
0.0160763
0.0160801
0.0160836
0.016087
0.0160903
0.0160935
0.0160965
0.0160994
0.0161022
0.0161048
0.0161073
0.0161098
0.0161121
0.0161143
0.0161164
0.0161184
0.0161203
0.0161221
0.0161238
0.0161254
0.016127
0.0161285
0.01613
0.0161313
0.0161326
0.0161338
0.0161349
0.0161359
0.0161367
0.0161374
0.0161379
0.0161383
0.0161385
0.0161387
0.016139
0.0159355
0.0159433
0.0159512
0.0159587
0.015966
0.0159729
0.0159796
0.0159859
0.015992
0.0159979
0.0160035
0.0160089
0.016014
0.016019
0.0160237
0.0160283
0.0160326
0.0160368
0.0160408
0.0160447
0.0160483
0.0160519
0.0160552
0.0160585
0.0160616
0.0160645
0.0160673
0.01607
0.0160726
0.016075
0.0160773
0.0160796
0.0160817
0.0160837
0.0160857
0.0160875
0.0160893
0.0160909
0.0160925
0.0160939
0.0160952
0.0160964
0.0160974
0.0160982
0.016099
0.0160995
0.0161
0.0161004
0.0161007
0.016101
0.0158659
0.0158749
0.0158839
0.0158927
0.0159011
0.0159091
0.0159168
0.0159242
0.0159313
0.015938
0.0159446
0.0159508
0.0159568
0.0159625
0.015968
0.0159733
0.0159783
0.0159832
0.0159878
0.0159923
0.0159966
0.0160006
0.0160045
0.0160083
0.0160119
0.0160153
0.0160185
0.0160217
0.0160247
0.0160275
0.0160302
0.0160328
0.0160353
0.0160377
0.0160399
0.016042
0.016044
0.0160458
0.0160475
0.0160491
0.0160505
0.0160517
0.0160529
0.0160538
0.0160546
0.0160553
0.0160559
0.0160564
0.0160568
0.0157859
0.0157964
0.0158069
0.015817
0.0158267
0.015836
0.0158449
0.0158534
0.0158616
0.0158694
0.0158769
0.0158841
0.0158911
0.0158977
0.015904
0.0159101
0.015916
0.0159216
0.015927
0.0159321
0.015937
0.0159418
0.0159463
0.0159506
0.0159548
0.0159587
0.0159625
0.0159661
0.0159696
0.0159729
0.015976
0.015979
0.0159818
0.0159845
0.015987
0.0159894
0.0159916
0.0159936
0.0159955
0.0159973
0.0159988
0.0160002
0.0160015
0.0160025
0.0160035
0.0160043
0.016005
0.0160056
0.0160061
0.0156936
0.0157058
0.0157182
0.01573
0.0157412
0.0157519
0.0157622
0.0157721
0.0157815
0.0157906
0.0157992
0.0158076
0.0158156
0.0158232
0.0158305
0.0158376
0.0158443
0.0158508
0.015857
0.015863
0.0158687
0.0158741
0.0158793
0.0158843
0.0158891
0.0158937
0.015898
0.0159022
0.0159061
0.0159099
0.0159135
0.0159169
0.0159201
0.0159231
0.0159259
0.0159286
0.0159311
0.0159333
0.0159355
0.0159374
0.0159391
0.0159407
0.0159421
0.0159434
0.0159445
0.0159455
0.0159463
0.015947
0.0159475
0.015587
0.0156013
0.0156158
0.0156296
0.0156426
0.015655
0.0156669
0.0156783
0.0156892
0.0156997
0.0157097
0.0157194
0.0157286
0.0157374
0.0157459
0.015754
0.0157618
0.0157693
0.0157764
0.0157833
0.0157898
0.0157961
0.0158021
0.0158079
0.0158133
0.0158186
0.0158236
0.0158283
0.0158328
0.0158371
0.0158412
0.015845
0.0158487
0.0158521
0.0158553
0.0158583
0.0158611
0.0158637
0.0158661
0.0158683
0.0158703
0.0158721
0.0158737
0.0158751
0.0158764
0.0158775
0.0158785
0.0158792
0.0158799
0.0154631
0.0154801
0.015497
0.0155133
0.0155285
0.0155429
0.0155567
0.0155699
0.0155826
0.0155947
0.0156063
0.0156175
0.0156281
0.0156383
0.0156481
0.0156575
0.0156665
0.0156751
0.0156833
0.0156912
0.0156988
0.015706
0.0157129
0.0157195
0.0157258
0.0157318
0.0157375
0.0157429
0.0157481
0.015753
0.0157576
0.015762
0.0157661
0.01577
0.0157737
0.0157771
0.0157803
0.0157832
0.0157859
0.0157884
0.0157907
0.0157928
0.0157947
0.0157963
0.0157978
0.015799
0.0158001
0.015801
0.0158017
0.0153187
0.0153388
0.0153586
0.0153777
0.015396
0.0154129
0.015429
0.0154443
0.015459
0.0154731
0.0154866
0.0154995
0.0155118
0.0155236
0.015535
0.0155458
0.0155562
0.0155661
0.0155756
0.0155847
0.0155934
0.0156017
0.0156097
0.0156173
0.0156245
0.0156314
0.0156379
0.0156442
0.0156501
0.0156557
0.015661
0.015666
0.0156707
0.0156752
0.0156794
0.0156833
0.0156869
0.0156903
0.0156934
0.0156963
0.0156989
0.0157013
0.0157034
0.0157053
0.015707
0.0157084
0.0157096
0.0157106
0.0157113
0.0151502
0.0151742
0.0151976
0.01522
0.0152415
0.0152617
0.0152806
0.0152985
0.0153156
0.015332
0.0153477
0.0153627
0.015377
0.0153907
0.0154039
0.0154164
0.0154284
0.0154399
0.0154509
0.0154615
0.0154715
0.0154811
0.0154903
0.015499
0.0155073
0.0155152
0.0155228
0.01553
0.0155368
0.0155432
0.0155493
0.0155551
0.0155605
0.0155656
0.0155704
0.0155749
0.0155791
0.015583
0.0155865
0.0155898
0.0155928
0.0155956
0.015598
0.0156001
0.015602
0.0156037
0.015605
0.0156061
0.0156069
0.0149533
0.014982
0.0150097
0.0150362
0.0150614
0.0150855
0.0151081
0.0151291
0.0151492
0.0151683
0.0151865
0.015204
0.0152207
0.0152367
0.0152519
0.0152665
0.0152805
0.0152938
0.0153066
0.0153188
0.0153304
0.0153415
0.0153521
0.0153622
0.0153718
0.015381
0.0153897
0.015398
0.0154058
0.0154133
0.0154203
0.0154269
0.0154332
0.0154391
0.0154446
0.0154497
0.0154545
0.015459
0.0154631
0.0154669
0.0154703
0.0154734
0.0154762
0.0154787
0.0154808
0.0154826
0.0154841
0.0154853
0.0154862
0.0147231
0.0147576
0.0147904
0.0148218
0.0148516
0.01488
0.014907
0.0149323
0.0149558
0.0149782
0.0149996
0.01502
0.0150395
0.0150581
0.0150759
0.0150929
0.0151091
0.0151246
0.0151394
0.0151536
0.0151671
0.01518
0.0151923
0.015204
0.0152151
0.0152257
0.0152358
0.0152454
0.0152545
0.0152631
0.0152712
0.0152789
0.0152861
0.0152929
0.0152992
0.0153052
0.0153107
0.0153158
0.0153205
0.0153249
0.0153288
0.0153323
0.0153355
0.0153383
0.0153407
0.0153428
0.0153444
0.0153457
0.0144539
0.0144955
0.0145347
0.0145718
0.0146071
0.0146406
0.0146726
0.014703
0.0147313
0.0147577
0.0147827
0.0148066
0.0148294
0.0148512
0.0148719
0.0148918
0.0149107
0.0149288
0.014946
0.0149625
0.0149782
0.0149932
0.0150075
0.0150211
0.015034
0.0150463
0.015058
0.0150691
0.0150796
0.0150896
0.015099
0.0151078
0.0151162
0.015124
0.0151314
0.0151382
0.0151446
0.0151505
0.0151559
0.0151609
0.0151654
0.0151695
0.0151731
0.0151763
0.015179
0.0151813
0.0151832
0.0151846
0.0141395
0.0141899
0.0142366
0.0142807
0.0143224
0.0143621
0.0143999
0.0144358
0.01447
0.0145018
0.0145314
0.0145594
0.0145861
0.0146116
0.0146359
0.014659
0.0146812
0.0147023
0.0147224
0.0147416
0.0147599
0.0147773
0.0147939
0.0148098
0.0148248
0.0148391
0.0148527
0.0148655
0.0148777
0.0148893
0.0149002
0.0149104
0.0149201
0.0149292
0.0149376
0.0149455
0.0149529
0.0149597
0.0149659
0.0149717
0.0149768
0.0149815
0.0149857
0.0149893
0.0149924
0.014995
0.0149971
0.0149987
0.0137734
0.0138343
0.01389
0.0139422
0.0139917
0.0140386
0.0140832
0.0141257
0.014166
0.0142045
0.0142401
0.0142733
0.0143047
0.0143345
0.014363
0.0143901
0.0144159
0.0144406
0.0144641
0.0144865
0.0145078
0.0145281
0.0145475
0.0145659
0.0145834
0.0146
0.0146158
0.0146307
0.0146449
0.0146583
0.0146709
0.0146828
0.014694
0.0147045
0.0147143
0.0147235
0.014732
0.0147398
0.014747
0.0147536
0.0147596
0.0147649
0.0147697
0.0147738
0.0147774
0.0147804
0.0147827
0.0147845
0.0133489
0.0134222
0.0134885
0.0135503
0.0136088
0.0136641
0.0137167
0.0137667
0.0138142
0.0138595
0.0139026
0.0139426
0.0139798
0.0140149
0.0140482
0.0140799
0.0141101
0.0141389
0.0141663
0.0141924
0.0142173
0.014241
0.0142635
0.014285
0.0143053
0.0143247
0.014343
0.0143604
0.0143768
0.0143924
0.014407
0.0144208
0.0144338
0.014446
0.0144573
0.0144679
0.0144777
0.0144868
0.0144951
0.0145027
0.0145096
0.0145158
0.0145213
0.014526
0.0145301
0.0145335
0.0145362
0.0128601
0.0129479
0.0130263
0.0130991
0.0131678
0.0132328
0.0132945
0.0133531
0.0134089
0.013462
0.0135125
0.0135607
0.0136055
0.013647
0.0136862
0.0137233
0.0137586
0.0137922
0.0138241
0.0138546
0.0138836
0.0139112
0.0139374
0.0139623
0.013986
0.0140085
0.0140298
0.0140499
0.014069
0.0140871
0.0141041
0.0141201
0.0141351
0.0141492
0.0141624
0.0141746
0.014186
0.0141965
0.0142061
0.0142149
0.0142228
0.01423
0.0142363
0.0142418
0.0142465
0.0142504
0.0142535
0.012303
0.012407
0.0124989
0.0125839
0.0126639
0.0127396
0.0128115
0.0128799
0.0129449
0.0130068
0.0130657
0.0131219
0.0131754
0.0132254
0.0132716
0.0133151
0.0133563
0.0133954
0.0134326
0.013468
0.0135017
0.0135337
0.0135642
0.0135931
0.0136206
0.0136467
0.0136714
0.0136948
0.0137169
0.0137378
0.0137575
0.0137761
0.0137935
0.0138098
0.013825
0.0138392
0.0138523
0.0138644
0.0138756
0.0138857
0.0138949
0.0139031
0.0139104
0.0139168
0.0139222
0.0139267
0.0139303
0.0116763
0.0117976
0.011904
0.012002
0.0120941
0.0121814
0.0122643
0.0123432
0.0124183
0.0124898
0.0125579
0.0126229
0.0126848
0.0127439
0.0127995
0.0128506
0.0128986
0.0129441
0.0129872
0.0130282
0.0130672
0.0131043
0.0131395
0.013173
0.0132047
0.0132349
0.0132634
0.0132905
0.0133161
0.0133402
0.0133629
0.0133844
0.0134045
0.0134233
0.0134409
0.0134572
0.0134724
0.0134864
0.0134993
0.013511
0.0135216
0.0135311
0.0135395
0.0135469
0.0135531
0.0135584
0.0109821
0.0111212
0.0112422
0.0113535
0.0114581
0.0115573
0.0116516
0.0117415
0.0118272
0.0119089
0.0119868
0.0120612
0.0121321
0.0121998
0.0122645
0.0123256
0.0123818
0.0124345
0.0124843
0.0125315
0.0125764
0.012619
0.0126596
0.0126981
0.0127346
0.0127693
0.0128021
0.0128332
0.0128626
0.0128903
0.0129165
0.0129411
0.0129642
0.0129859
0.0130061
0.0130249
0.0130424
0.0130585
0.0130733
0.0130868
0.013099
0.01311
0.0131197
0.0131282
0.0131354
0.0131415
0.0102268
0.0103828
0.010518
0.0106422
0.010759
0.0108699
0.0109755
0.0110763
0.0111726
0.0112646
0.0113524
0.0114364
0.0115166
0.0115932
0.0116665
0.0117365
0.0118031
0.0118643
0.0119216
0.0119757
0.012027
0.0120757
0.0121219
0.0121659
0.0122076
0.0122471
0.0122846
0.0123201
0.0123537
0.0123853
0.0124152
0.0124433
0.0124697
0.0124945
0.0125176
0.0125391
0.012559
0.0125775
0.0125944
0.0126099
0.0126239
0.0126365
0.0126477
0.0126574
0.0126658
0.00942044
0.00959154
0.00973945
0.00987533
0.0100033
0.0101251
0.0102414
0.0103525
0.0104589
0.0105607
0.0106582
0.0107514
0.0108407
0.0109261
0.0110079
0.0110861
0.011161
0.0112326
0.0112987
0.0113604
0.0114185
0.0114736
0.0115259
0.0115756
0.0116227
0.0116674
0.0117098
0.0117499
0.0117879
0.0118237
0.0118575
0.0118894
0.0119193
0.0119473
0.0119735
0.0119979
0.0120205
0.0120414
0.0120607
0.0120783
0.0120942
0.0121086
0.0121213
0.0121325
0.00857632
0.00875952
0.00891787
0.00906362
0.00920125
0.0093325
0.00945813
0.00957855
0.00969402
0.00980476
0.00991096
0.0100128
0.0101105
0.0102041
0.0102938
0.0103799
0.0104623
0.0105414
0.0106171
0.0106874
0.0107529
0.0108147
0.0108731
0.0109285
0.0109812
0.0110311
0.0110785
0.0111233
0.0111658
0.0112059
0.0112437
0.0112794
0.0113129
0.0113443
0.0113736
0.011401
0.0114264
0.01145
0.0114716
0.0114914
0.0115094
0.0115257
0.0115401
0.0115529
0.00770985
0.00790123
0.0080671
0.00822031
0.00836546
0.00850428
0.00863751
0.00876551
0.00888853
0.00900677
0.0091204
0.00922959
0.00933448
0.00943525
0.00953202
0.00962495
0.00971416
0.00979981
0.00988201
0.00996089
0.0100345
0.010103
0.0101676
0.0102288
0.0102867
0.0103418
0.0103939
0.0104434
0.0104902
0.0105345
0.0105763
0.0106157
0.0106527
0.0106874
0.01072
0.0107503
0.0107785
0.0108046
0.0108287
0.0108507
0.0108708
0.0108889
0.0109051
0.0068375
0.00703242
0.00720243
0.00736033
0.00751054
0.00765465
0.00779332
0.00792687
0.00805552
0.00817943
0.00829875
0.00841363
0.00852422
0.00863063
0.00873302
0.00883152
0.00892624
0.00901732
0.00910488
0.00918903
0.00926989
0.00934566
0.00941624
0.00948274
0.00954568
0.00960538
0.009662
0.00971569
0.00976655
0.00981466
0.00986011
0.00990297
0.00994331
0.00998118
0.0100167
0.0100498
0.0100806
0.0101092
0.0101355
0.0101597
0.0101817
0.0102017
0.00597574
0.00616905
0.00633962
0.00649929
0.00665192
0.00679886
0.00694061
0.00707744
0.00720953
0.007337
0.00745999
0.00757862
0.00769301
0.00780329
0.00790958
0.00801199
0.00811064
0.00820564
0.00829711
0.00838516
0.00846989
0.00855141
0.008628
0.0086994
0.0087667
0.00883042
0.00889084
0.00894814
0.00900245
0.00905386
0.00910245
0.00914831
0.0091915
0.0092321
0.00927014
0.00930571
0.00933883
0.00936957
0.00939797
0.00942406
0.00944789
0.0094695
0.00514018
0.00532644
0.00549404
0.0056526
0.00580502
0.00595225
0.00609464
0.00623237
0.00636557
0.00649435
0.00661882
0.00673908
0.00685522
0.00696737
0.00707562
0.00718008
0.00728084
0.00737802
0.00747172
0.00756203
0.00764906
0.00773291
0.00781367
0.00788959
0.00796048
0.00802735
0.00809068
0.00815073
0.00820766
0.00826158
0.00831259
0.00836076
0.00840617
0.00844888
0.00848894
0.00852643
0.00856138
0.00859385
0.00862388
0.00865151
0.00867679
0.00434434
0.00451854
0.00467999
0.00483475
0.00498441
0.00512944
0.00527003
0.00540628
0.00553827
0.00566607
0.00578978
0.00590948
0.00602525
0.00613719
0.00624537
0.00634989
0.00645084
0.00654832
0.00664241
0.00673321
0.00682081
0.00690531
0.00698679
0.00706535
0.00713905
0.00720804
0.00727319
0.00733493
0.00739345
0.00744891
0.00750141
0.00755101
0.00759781
0.00764186
0.00768322
0.00772195
0.00775811
0.00779173
0.00782287
0.00785157
0.00360047
0.00375771
0.00391016
0.00405864
0.00420314
0.00434361
0.00448006
0.00461253
0.00474105
0.00486567
0.00498646
0.00510347
0.00521677
0.00532643
0.00543252
0.00553512
0.00563431
0.00573016
0.00582278
0.00591223
0.00599862
0.00608202
0.00616253
0.00624023
0.00631521
0.00638517
0.00645092
0.0065131
0.00657204
0.00662791
0.00668081
0.00673083
0.00677805
0.00682254
0.00686434
0.00690353
0.00694014
0.00697422
0.00700583
0.00291723
0.00305372
0.00319499
0.00333501
0.00347212
0.00360584
0.00373601
0.00386259
0.00398558
0.00410498
0.00422084
0.00433318
0.00444205
0.0045475
0.00464958
0.00474836
0.00484391
0.00493629
0.00502559
0.00511188
0.00519525
0.00527579
0.00535357
0.00542868
0.00550122
0.00557126
0.00563639
0.00569775
0.00575583
0.00581088
0.00586302
0.00591236
0.00595895
0.00600288
0.00604419
0.00608295
0.00611919
0.00615298
0.00229741
0.00241461
0.00254318
0.00267259
0.00280016
0.00292507
0.00304701
0.00316584
0.00328148
0.0033939
0.00350307
0.003609
0.00371171
0.00381122
0.00390758
0.00400083
0.00409104
0.00417825
0.00426256
0.00434404
0.00442277
0.00449883
0.00457231
0.00464331
0.00471192
0.00477821
0.00484178
0.00490108
0.00495702
0.00501
0.00506019
0.00510769
0.00515258
0.00519492
0.00523477
0.00527219
0.00530721
0.0017545
0.00185071
0.00196308
0.00207872
0.00219419
0.00230817
0.00242004
0.00252945
0.00263619
0.0027401
0.00284111
0.00293917
0.00303426
0.00312637
0.00321553
0.00330177
0.00338514
0.0034657
0.00354353
0.0036187
0.00369132
0.00376145
0.00382922
0.0038947
0.003958
0.00401921
0.00407844
0.0041343
0.00418683
0.00423653
0.0042836
0.00432817
0.0043703
0.00441007
0.00444752
0.0044827
0.00130618
0.00137606
0.00146449
0.00156075
0.00166042
0.00176081
0.00186055
0.00195887
0.00205526
0.00214938
0.002241
0.00232999
0.00241628
0.0024998
0.00258055
0.00265854
0.00273383
0.00280646
0.00287652
0.00294411
0.00300931
0.00307222
0.00313296
0.00319164
0.00324834
0.00330317
0.00335624
0.00340763
0.00345561
0.00350091
0.00354381
0.00358443
0.00362284
0.00365912
0.0036933
0.000968122
0.00100776
0.00106354
0.0011293
0.00120671
0.00128925
0.00137383
0.00145879
0.00154311
0.00162603
0.00170709
0.00178597
0.00186245
0.00193642
0.00200779
0.00207656
0.00214276
0.00220645
0.00226772
0.00232668
0.00238344
0.00243812
0.00249084
0.00254173
0.0025909
0.00263847
0.00268454
0.00272924
0.00277182
0.00281183
0.00284967
0.00288549
0.00291939
0.00295141
0.000743533
0.00074865
0.000769649
0.00080317
0.000847132
0.000904064
0.00096774
0.00103512
0.00110459
0.0011742
0.00124313
0.00131067
0.00137637
0.00143992
0.00150112
0.00155988
0.00161621
0.00167019
0.00172191
0.00177149
0.00181906
0.00186477
0.00190875
0.00195114
0.00199209
0.0020317
0.00207009
0.00210738
0.00214365
0.00217757
0.00220962
0.00223997
0.000623133
0.000607069
0.00059671
0.000595052
0.000604765
0.000626512
0.000658132
0.000697794
0.000746636
0.000798958
0.000852825
0.000907107
0.000960674
0.00101281
0.00106303
0.00111105
0.00115679
0.00120035
0.00124191
0.00128156
0.00131944
0.0013557
0.00139048
0.00142396
0.00145626
0.00148751
0.00151785
0.00154738
0.0015762
0.00160376
0.00162965
0.000537784
0.000522053
0.000501544
0.000479755
0.000462211
0.000452917
0.000453364
0.00046482
0.000485011
0.000511419
0.000543098
0.000580284
0.000619127
0.000658049
0.000696238
0.000732886
0.000767589
0.000800123
0.000830934
0.000860253
0.000888185
0.000914839
0.000940304
0.000964848
0.00098852
0.00101143
0.0010337
0.00105545
0.00107678
0.00109777
0.000404562
0.000413156
0.00041901
0.000407098
0.000381409
0.000353022
0.00033087
0.000318014
0.000313767
0.000316843
0.000326631
0.000341168
0.000358305
0.000377699
0.000400758
0.000424465
0.000447053
0.000468458
0.0004886
0.000507729
0.000525866
0.000542994
0.000559365
0.000575157
0.000590409
0.000605179
0.000619573
0.000633728
0.000647775
0.000126377
0.00014096
0.000191145
0.000258744
0.000287172
0.000268904
0.000237478
0.000209637
0.000190582
0.00017905
0.000173982
0.00017245
0.000175442
0.000180268
0.000187082
0.000194435
0.000201017
0.000206362
0.000211334
0.000218333
0.000229289
0.000240376
0.000250985
0.000261155
0.000270875
0.000279904
0.000287725
0.000293426
5.0964e-07
5.85043e-07
1.30291e-06
3.11892e-06
3.56867e-06
3.24252e-06
2.47741e-06
1.79811e-06
1.37623e-06
1.63429e-06
3.4412e-06
9.92067e-06
2.43592e-05
2.61704e-05
2.14247e-05
1.55887e-05
1.0812e-05
7.9162e-06
6.13279e-06
4.99142e-06
4.2732e-06
3.92486e-06
4.10817e-06
4.43158e-06
4.75967e-06
5.08821e-06
5.41837e-06
)
;

boundaryField
{
    down
    {
        type            calculated;
        value           nonuniform List<scalar> 0();
    }
    right
    {
        type            calculated;
        value           nonuniform List<scalar> 0();
    }
    up
    {
        type            calculated;
        value           nonuniform List<scalar> 
49
(
0.0163291
0.0163291
0.0163291
0.0163291
0.0163291
0.0163291
0.0163291
0.0163291
0.0163291
0.0163291
0.0163291
0.0163291
0.0163291
0.016329
0.016329
0.016329
0.016329
0.016329
0.016329
0.016329
0.016329
0.016329
0.016329
0.016329
0.016329
0.016329
0.016329
0.016329
0.016329
0.016329
0.016329
0.016329
0.016329
0.016329
0.0163289
0.0163289
0.0163289
0.0163289
0.0163289
0.0163289
0.0163289
0.0163289
0.0163289
0.0163289
0.0163289
0.0163289
0.0163289
0.0163289
0.0163289
)
;
    }
    meanFlow
    {
        type            calculated;
        value           uniform 0.0163296;
    }
    surface
    {
        type            compressible::alphatWallFunction;
        Prt             0.85;
        value           nonuniform List<scalar> 
93
(
1.53325e-06
1.27656e-06
1.0565e-06
8.71776e-07
7.12909e-07
5.72869e-07
4.49431e-07
3.40714e-07
2.46392e-07
1.6671e-07
1.00792e-07
4.92972e-08
1.36985e-08
1.52462e-09
2.53698e-08
6.71341e-08
1.26705e-07
1.9847e-07
2.80951e-07
3.73903e-07
4.75946e-07
5.85431e-07
6.9834e-07
8.15896e-07
9.35162e-07
1.05346e-06
1.16819e-06
1.2769e-06
1.37718e-06
1.46736e-06
1.54521e-06
1.60698e-06
1.65002e-06
1.67285e-06
1.67473e-06
1.65473e-06
1.61427e-06
1.55638e-06
1.48363e-06
1.39774e-06
1.30258e-06
1.20408e-06
1.10921e-06
1.03287e-06
9.94588e-07
9.87679e-07
1.09923e-06
1.18697e-06
1.71185e-06
1.00724e-06
2.92772e-06
2.848e-06
2.76941e-06
2.69183e-06
2.61511e-06
2.53904e-06
2.46344e-06
2.38807e-06
2.31266e-06
2.2366e-06
2.15908e-06
2.07994e-06
1.99984e-06
1.91574e-06
1.81643e-06
1.70431e-06
5.85721e-07
4.50921e-07
4.55804e-07
5.22559e-07
5.53064e-07
5.14394e-07
3.94911e-07
2.1102e-07
4.90078e-08
1.33948e-07
6.12457e-07
1.66983e-06
3.36109e-06
5.27729e-06
7.15237e-06
8.81493e-06
1.02025e-05
1.13574e-05
1.23154e-05
1.31118e-05
1.37767e-05
1.43344e-05
1.4804e-05
1.51986e-05
1.55294e-05
1.58061e-05
1.6036e-05
)
;
    }
    surfaceInner
    {
        type            compressible::alphatWallFunction;
        Prt             0.85;
        value           nonuniform List<scalar> 0();
    }
    coandaInlet
    {
        type            calculated;
        value           nonuniform List<scalar> 0();
    }
    defaultFaces
    {
        type            empty;
    }
    procBoundary2to0
    {
        type            processor;
        value           nonuniform List<scalar> 
73
(
0.0163335
0.0163261
0.0163169
0.0163066
0.0162949
0.0162811
0.0162651
0.0162467
0.0162253
0.0162007
0.0161722
0.0161393
0.0160572
0.0161014
0.0160572
0.0160065
0.015948
0.0158803
0.0158022
0.0157118
0.0156074
0.0154867
0.0153467
0.0153467
0.0151856
0.0149998
0.0147857
0.0145382
0.0145382
0.0142558
0.013933
0.0135626
0.0135626
0.0131465
0.012673
0.012673
0.0121423
0.0121423
0.011564
0.0109195
0.0109195
0.0102197
0.0102197
0.00948904
0.0086999
0.0086999
0.00787801
0.00787801
0.00703516
0.00703516
0.0061845
0.0061845
0.00534003
0.00534003
0.00451581
0.00451581
0.00372556
0.00372556
0.0029817
0.00226878
0.0029817
0.00229597
0.00226878
0.00165419
0.00165419
0.0011173
0.0011173
0.000661782
0.000661782
0.000297334
0.000297334
5.7619e-06
5.7619e-06
)
;
    }
    procBoundary2to3
    {
        type            processor;
        value           nonuniform List<scalar> 
67
(
0.0163329
0.0163329
0.0162992
0.0162992
0.0162992
0.0162992
0.0162652
0.0162652
0.0162652
0.0162238
0.0162238
0.0162238
0.0161835
0.0161835
0.0161388
0.0161388
0.0161388
0.0160928
0.0160387
0.0160387
0.0159741
0.0159741
0.0158977
0.0158073
0.0158073
0.0156992
0.0155708
0.0155708
0.015416
0.0152309
0.0150079
0.014739
0.0144154
0.0144154
0.0140263
0.0135668
0.0130302
0.0124183
0.011745
0.0110479
0.0104127
0.00999466
0.00992136
0.01003
0.0103409
0.010657
0.0108227
0.0107375
0.0103632
0.00970139
0.00878518
0.00766728
0.00644356
0.00526886
0.004232
0.00333695
0.00257468
0.00193398
0.00140292
0.000969539
0.00062189
0.000346173
0.000145025
1.21323e-06
0.0163418
0.0163506
0.0163506
)
;
    }
}


// ************************************************************************* //
