/*--------------------------------*- C++ -*----------------------------------*\
  =========                 |
  \\      /  F ield         | OpenFOAM: The Open Source CFD Toolbox
   \\    /   O peration     | Website:  https://openfoam.org
    \\  /    A nd           | Version:  9
     \\/     M anipulation  |
\*---------------------------------------------------------------------------*/
FoamFile
{
    format      ascii;
    class       volScalarField;
    location    "0.0275";
    object      alphat;
}
// * * * * * * * * * * * * * * * * * * * * * * * * * * * * * * * * * * * * * //

dimensions      [1 -1 -1 0 0 0 0];

internalField   nonuniform List<scalar> 
6127
(
1.90007e-07
2.88691e-07
5.56747e-07
7.1045e-07
9.48625e-07
1.72265e-06
6.01907e-07
7.16292e-07
1.22571e-06
1.35416e-06
8.92844e-07
1.34706e-06
2.87419e-06
1.66151e-06
1.75371e-06
4.79865e-06
2.76455e-06
2.19531e-06
6.42449e-06
3.78323e-06
2.57284e-06
6.99913e-06
4.20349e-06
2.52205e-06
6.05159e-06
3.65469e-06
2.00838e-06
4.24136e-06
2.55288e-06
1.37054e-06
2.38602e-06
1.4589e-06
8.55755e-07
1.08735e-06
7.64558e-07
5.65394e-07
5.30158e-07
6.3661e-07
5.18587e-07
6.26075e-07
8.45154e-07
9.07915e-07
1.89409e-07
2.70795e-07
5.63911e-07
0.0164018
0.0164521
0.0164061
0.0163571
0.0163424
0.0162964
0.0162961
0.0162782
0.0162604
0.0162207
0.0161574
0.0161109
0.0160633
0.0164595
0.0164523
0.0164082
0.016361
0.0163317
0.0162881
0.0162782
0.0162386
0.0162313
0.0161936
0.016149
0.0160972
0.016044
0.0159922
0.0159447
0.0158995
0.0158548
0.0158094
0.0157623
0.0157128
0.0156605
0.0156046
0.0155448
0.0154807
0.0154117
0.0153375
0.0152578
0.0151723
0.0150809
0.0149836
0.0148808
0.0147729
0.0146609
0.0145459
0.0144293
0.0143131
0.0141992
0.0140898
0.0139869
0.0138924
0.0138079
0.0137345
0.0136732
0.0136245
0.0135884
0.0135645
0.0135525
0.0135513
0.0135598
0.0135771
0.0136021
0.0136337
0.0136712
0.0137137
0.0137606
0.0138112
0.0138653
0.0139224
0.0139824
0.0140451
0.0164589
0.0164568
0.0164158
0.0163633
0.0163354
0.0162875
0.0162793
0.0162365
0.0162324
0.016191
0.0161446
0.0160898
0.016034
0.0159799
0.0159316
0.0158852
0.0158387
0.0157908
0.0157407
0.0156875
0.0156305
0.0155693
0.015503
0.0154313
0.0153533
0.0152687
0.0151769
0.0150774
0.0149702
0.014855
0.0147323
0.0146028
0.0144676
0.0143285
0.0141879
0.0140485
0.0139138
0.0137874
0.0136727
0.0135728
0.0134904
0.0134267
0.0133826
0.0133583
0.0133543
0.013368
0.0133982
0.0134428
0.0134996
0.0135667
0.0136421
0.0137239
0.0138108
0.0139014
0.0139944
0.0140891
0.0141848
0.014281
0.0143774
0.0144737
0.0164592
0.0164607
0.016421
0.0163677
0.0163382
0.01629
0.0162824
0.016239
0.0162341
0.0161894
0.0161417
0.0160844
0.0160277
0.0159746
0.0159263
0.015879
0.0158309
0.0157808
0.0157277
0.0156709
0.0156095
0.0155428
0.0154701
0.0153906
0.0153034
0.0152079
0.0151033
0.014989
0.0148645
0.0147297
0.014585
0.0144312
0.01427
0.014104
0.0139368
0.0137729
0.0136177
0.0134771
0.0133567
0.0132605
0.013192
0.0131533
0.0131454
0.0131672
0.0132163
0.0132892
0.0133823
0.0134916
0.013613
0.0137432
0.0138786
0.0140165
0.0141547
0.0142914
0.0144254
0.0145559
0.0146823
0.0148045
0.0149224
0.015036
0.0164616
0.0164645
0.0164254
0.0163718
0.0163408
0.0162921
0.0162838
0.0162417
0.0162356
0.016188
0.0161391
0.0160795
0.0160223
0.0159709
0.0159225
0.0158743
0.0158246
0.0157723
0.0157164
0.015656
0.0155903
0.0155183
0.0154392
0.0153519
0.0152554
0.0151488
0.015031
0.0149011
0.0147584
0.0146026
0.0144341
0.014254
0.0140645
0.0138693
0.0136739
0.0134851
0.0133114
0.013162
0.013045
0.0129662
0.0129305
0.0129402
0.0129936
0.0130868
0.0132139
0.0133684
0.013543
0.0137308
0.0139254
0.0141218
0.0143155
0.0145034
0.0146833
0.0148536
0.0150134
0.0151627
0.0153013
0.0154298
0.0155486
0.0156586
0.0164609
0.0164709
0.0164292
0.0163759
0.0163433
0.0162938
0.0162851
0.0162447
0.0162372
0.0161869
0.0161371
0.0160757
0.0160195
0.015969
0.0159202
0.015871
0.0158198
0.0157655
0.015707
0.0156432
0.0155733
0.0154962
0.0154107
0.0153158
0.01521
0.0150922
0.0149609
0.0148149
0.0146532
0.0144753
0.0142815
0.014073
0.0138531
0.0136267
0.0134017
0.0131885
0.0130001
0.0128504
0.0127498
0.0127075
0.0127295
0.012814
0.0129554
0.0131444
0.0133697
0.0136189
0.0138809
0.0141457
0.0144054
0.014654
0.0148875
0.0151033
0.0153001
0.0154776
0.0156362
0.0157769
0.0159008
0.0160094
0.0161041
0.0161866
0.016459
0.0164739
0.0164321
0.0163794
0.0163458
0.0162947
0.0162862
0.0162478
0.0162387
0.0161861
0.0161355
0.0160731
0.0160187
0.0159683
0.0159191
0.015869
0.0158164
0.0157602
0.0156992
0.0156323
0.0155584
0.0154764
0.0153849
0.0152825
0.0151676
0.0150386
0.0148938
0.0147315
0.0145503
0.0143494
0.0141289
0.0138906
0.0136384
0.0133792
0.0131238
0.0128876
0.0126904
0.0125498
0.0124828
0.0125015
0.0126073
0.0127934
0.0130463
0.0133477
0.0136781
0.0140198
0.0143577
0.0146805
0.0149802
0.015252
0.0154937
0.0157046
0.0158856
0.0160385
0.0161655
0.0162691
0.016352
0.0164168
0.0164659
0.0165016
0.0164562
0.0164756
0.0164336
0.0163833
0.0163481
0.0162952
0.0162873
0.016251
0.0162401
0.0161857
0.0161345
0.0160723
0.0160189
0.0159685
0.0159189
0.015868
0.0158142
0.0157563
0.015693
0.0156232
0.0155456
0.0154589
0.0153616
0.0152521
0.0151284
0.0149885
0.0148303
0.0146516
0.0144507
0.0142262
0.0139782
0.0137088
0.0134229
0.0131295
0.0128432
0.0125858
0.0123857
0.012267
0.0122559
0.0123598
0.0125758
0.0128862
0.0132644
0.0136806
0.0141072
0.0145219
0.0149083
0.0152561
0.0155599
0.0158179
0.0160311
0.0162023
0.0163352
0.0164342
0.0165036
0.0165472
0.0165692
0.016574
0.0165649
0.0165448
0.016453
0.0164764
0.0164342
0.0163842
0.0163503
0.0162954
0.0162883
0.0162542
0.0162414
0.0161859
0.0161338
0.0160728
0.0160199
0.0159694
0.0159195
0.0158679
0.0158131
0.0157536
0.0156882
0.0156158
0.0155348
0.0154438
0.0153411
0.0152248
0.0150926
0.0149422
0.0147709
0.0145761
0.0143554
0.0141072
0.0138313
0.01353
0.0132094
0.0128807
0.0125633
0.0122872
0.0120916
0.0120105
0.0120742
0.0122888
0.0126375
0.0130855
0.0135895
0.0141078
0.0146066
0.0150622
0.0154602
0.0157942
0.0160636
0.0162713
0.0164228
0.0165249
0.0165839
0.0166071
0.0166019
0.0165742
0.0165293
0.0164711
0.0164031
0.0163288
0.0164494
0.0164766
0.016434
0.0163838
0.0163542
0.0162953
0.0162893
0.0162574
0.0162427
0.0161867
0.0161334
0.0160739
0.0160213
0.0159708
0.0159207
0.0158686
0.0158128
0.015752
0.0156848
0.0156099
0.0155258
0.0154309
0.0153232
0.0152005
0.0150604
0.0148999
0.014716
0.0145055
0.0142653
0.0139935
0.0136896
0.0133562
0.0130001
0.0126355
0.012287
0.011995
0.0118107
0.011782
0.0119423
0.0122887
0.0127847
0.013372
0.0139892
0.0145848
0.0151226
0.0155815
0.0159525
0.0162357
0.0164367
0.0165645
0.0166289
0.0166411
0.0166127
0.016553
0.01647
0.0163706
0.0162614
0.0161475
0.0160326
0.0159195
0.0164457
0.0164762
0.0164333
0.0163827
0.0163554
0.0162975
0.0162907
0.0162605
0.0162438
0.0161881
0.0161335
0.0160753
0.016023
0.0159727
0.0159224
0.0158698
0.0158133
0.0157514
0.0156826
0.0156055
0.0155186
0.0154201
0.0153078
0.0151792
0.0150317
0.0148617
0.0146659
0.0144402
0.0141812
0.0138861
0.0135546
0.0131891
0.0127975
0.0123965
0.0120167
0.0117113
0.0115437
0.0115813
0.0118573
0.0123523
0.0130012
0.0137188
0.0144271
0.0150687
0.0156098
0.0160356
0.0163453
0.0165471
0.0166541
0.0166814
0.0166453
0.0165612
0.0164424
0.016301
0.0161473
0.0159893
0.0158333
0.0156844
0.0155449
0.0154129
0.0164419
0.0164754
0.0164322
0.016381
0.0163556
0.016297
0.0162922
0.0162636
0.0162449
0.0161899
0.0161339
0.0160771
0.016025
0.0159748
0.0159245
0.0158716
0.0158145
0.0157515
0.0156813
0.0156024
0.0155131
0.0154113
0.0152948
0.0151609
0.0150064
0.0148277
0.0146206
0.0143805
0.0141033
0.0137859
0.0134273
0.0130302
0.0126033
0.0121661
0.0117543
0.0114351
0.0112905
0.0114063
0.0118136
0.0124672
0.0132663
0.0140978
0.0148703
0.015526
0.0160373
0.016399
0.0166206
0.016719
0.0167159
0.016634
0.016494
0.0163155
0.0161154
0.0159074
0.0157025
0.0155103
0.0153278
0.0151524
0.0149835
0.0148196
0.0164382
0.0164743
0.0164309
0.0163789
0.0163552
0.0162964
0.0162935
0.0162665
0.0162459
0.016192
0.0161348
0.016079
0.0160272
0.0159772
0.0159269
0.0158737
0.0158161
0.0157523
0.015681
0.0156005
0.0155089
0.0154043
0.015284
0.0151453
0.0149845
0.0147977
0.01458
0.0143264
0.014032
0.0136931
0.0133085
0.0128806
0.0124193
0.0119465
0.0115019
0.0111684
0.0110504
0.0112532
0.0118025
0.0126187
0.0135593
0.0144844
0.0152943
0.0159352
0.0163893
0.0166631
0.0167773
0.0167596
0.0166402
0.0164479
0.016211
0.015952
0.0156902
0.0154423
0.015205
0.014975
0.0147503
0.0145301
0.0143143
0.0141034
0.0164345
0.0164731
0.0164295
0.0163767
0.0163544
0.0162966
0.0162947
0.0162692
0.0162468
0.0161942
0.016136
0.016081
0.0160294
0.0159797
0.0159294
0.0158762
0.0158181
0.0157537
0.0156814
0.0155995
0.015506
0.0153989
0.0152753
0.0151322
0.0149657
0.0147715
0.0145441
0.0142778
0.0139673
0.0136082
0.0131987
0.0127412
0.0122464
0.0117391
0.0112609
0.0109114
0.0108213
0.0111165
0.0118141
0.0127915
0.0138615
0.01486
0.0156835
0.0162861
0.0166624
0.0168321
0.0168275
0.0166881
0.0164528
0.0161592
0.0158397
0.0155221
0.0152189
0.0149238
0.0146334
0.0143465
0.0140634
0.013785
0.0135131
0.0132493
0.016431
0.0164717
0.016428
0.0163743
0.0163534
0.0162982
0.0162957
0.0162718
0.0162477
0.0161963
0.0161375
0.0160831
0.0160317
0.0159822
0.0159321
0.0158788
0.0158204
0.0157555
0.0156824
0.0155993
0.0155042
0.0153949
0.0152684
0.0151214
0.0149499
0.0147489
0.0145126
0.0142347
0.0139091
0.0135311
0.0130981
0.0126124
0.0120853
0.0115444
0.0110328
0.010664
0.0106001
0.0109896
0.0118378
0.012972
0.0141585
0.0152124
0.0160303
0.016577
0.0168613
0.0169161
0.0167876
0.0165263
0.016182
0.0157996
0.0154185
0.0150503
0.0146874
0.0143264
0.013967
0.013611
0.0132612
0.0129213
0.0125943
0.0122833
0.0164276
0.0164703
0.0164265
0.0163721
0.0163521
0.0162999
0.0162967
0.0162742
0.0162485
0.0161985
0.0161391
0.0160851
0.016034
0.0159848
0.0159348
0.0158815
0.0158229
0.0157576
0.0156838
0.0155998
0.0155034
0.0153921
0.0152631
0.0151127
0.0149366
0.0147296
0.0144852
0.0141967
0.0138573
0.0134616
0.0130066
0.0124942
0.0119365
0.0113631
0.0108188
0.0104263
0.0103853
0.0108668
0.0118639
0.0131487
0.01444
0.015535
0.0163334
0.0168124
0.0169957
0.0169302
0.0166772
0.0162985
0.0158548
0.0154017
0.0149613
0.0145235
0.0140841
0.0136436
0.0132062
0.0127773
0.0123632
0.0119696
0.0116009
0.0112606
0.0164245
0.0164688
0.016425
0.0163701
0.0163509
0.0163014
0.0162976
0.0162765
0.0162492
0.0162005
0.0161406
0.0160871
0.0160361
0.0159873
0.0159375
0.0158842
0.0158256
0.0157599
0.0156856
0.0156008
0.0155032
0.0153904
0.0152591
0.0151058
0.0149257
0.0147133
0.0144617
0.0141634
0.0138114
0.0133994
0.0129239
0.0123866
0.0117999
0.0111955
0.010619
0.0101987
0.0101755
0.0107429
0.0118845
0.0133131
0.0146996
0.0158255
0.0165956
0.0169999
0.0170772
0.016891
0.0165153
0.016025
0.0154935
0.0149774
0.0144609
0.013938
0.0134101
0.0128836
0.0123679
0.0118731
0.0114086
0.0109815
0.0105967
0.0102562
0.0164215
0.0164674
0.0164235
0.0163683
0.0163498
0.0163018
0.0162985
0.0162786
0.0162499
0.0162024
0.0161421
0.016089
0.0160383
0.0159897
0.0159402
0.015887
0.0158282
0.0157623
0.0156876
0.0156022
0.0155037
0.0153895
0.0152564
0.0151004
0.0149168
0.0146996
0.0144415
0.0141346
0.013771
0.0133441
0.0128497
0.0122892
0.0116753
0.0110413
0.0104334
0.00998336
0.00996858
0.010614
0.0118934
0.0134591
0.0149337
0.0160845
0.016822
0.0171496
0.0171197
0.0168136
0.0163196
0.0157275
0.0151268
0.0145277
0.0139185
0.0132987
0.0126765
0.0120657
0.0114818
0.0109395
0.0104503
0.0100213
0.00965482
0.00934913
0.0164187
0.016466
0.0164221
0.0163668
0.0163488
0.0163019
0.0162994
0.0162805
0.0162505
0.0162043
0.0161435
0.0160907
0.0160403
0.0159921
0.0159428
0.0158896
0.0158309
0.0157649
0.0156899
0.0156039
0.0155046
0.0153893
0.0152546
0.0150964
0.0149098
0.0146884
0.0144244
0.0141097
0.0137357
0.0132952
0.0127834
0.0122015
0.0115622
0.0109005
0.0102622
0.00978074
0.00976489
0.010478
0.0118865
0.0135827
0.0151407
0.0163139
0.0170184
0.0172708
0.0171361
0.0167119
0.0161023
0.0154151
0.0147365
0.0140447
0.0133346
0.0126141
0.0119008
0.0112172
0.0105862
0.0100258
0.00954741
0.009154
0.00884172
0.00860184
0.0164162
0.0164646
0.0164207
0.0163655
0.016348
0.016302
0.0163004
0.0162823
0.0162511
0.016206
0.0161448
0.0160924
0.0160422
0.0159944
0.0159452
0.0158923
0.0158335
0.0157674
0.0156922
0.0156058
0.0155059
0.0153897
0.0152536
0.0150936
0.0149042
0.0146791
0.0144101
0.0140883
0.0137049
0.0132521
0.0127243
0.0121227
0.01146
0.0107722
0.0101053
0.0095911
0.00956561
0.0103345
0.0118619
0.0136818
0.0153204
0.0165168
0.0171899
0.0173698
0.0171348
0.0165964
0.0158778
0.0151096
0.0143363
0.0135401
0.0127228
0.0119027
0.0111085
0.0103729
0.00972477
0.0091829
0.00875314
0.00842939
0.00819748
0.00803981
0.0164141
0.0164633
0.0164195
0.0163643
0.0163473
0.0163022
0.0163019
0.016284
0.0162517
0.0162076
0.016146
0.016094
0.016044
0.0159965
0.0159476
0.0158947
0.0158361
0.0157699
0.0156945
0.0156079
0.0155075
0.0153905
0.0152533
0.0150916
0.0149
0.0146716
0.0143981
0.01407
0.0136783
0.0132142
0.012672
0.0120522
0.0113678
0.0106559
0.00996221
0.00941445
0.00937253
0.0101846
0.0118187
0.0137553
0.0154734
0.0166961
0.0173437
0.0174552
0.0171248
0.0164745
0.0156444
0.0147926
0.013921
0.013017
0.0120937
0.0111831
0.0103271
0.00956843
0.00893893
0.00845202
0.00810149
0.00786727
0.00772374
0.00764625
0.0164122
0.0164621
0.0164182
0.0163633
0.0163467
0.0163024
0.0163033
0.0162856
0.0162523
0.016209
0.0161471
0.0160955
0.0160456
0.0159985
0.0159498
0.0158971
0.0158385
0.0157723
0.0156969
0.01561
0.0155092
0.0153915
0.0152534
0.0150904
0.0148968
0.0146656
0.0143881
0.0140545
0.0136552
0.013181
0.0126256
0.0119893
0.0112849
0.0105507
0.00983241
0.00925068
0.00918819
0.0100304
0.0117572
0.0138033
0.0156009
0.0168548
0.017486
0.0175379
0.0171186
0.0163599
0.0154112
0.014479
0.0135037
0.0124876
0.0114628
0.0104779
0.00958646
0.00883787
0.00826096
0.00785573
0.00759822
0.00745353
0.00738781
0.00737985
0.0164107
0.0164609
0.0164171
0.0163625
0.0163462
0.0163026
0.0163039
0.0162868
0.0162528
0.0162104
0.0161481
0.0160968
0.0160472
0.0160004
0.0159519
0.0158993
0.0158408
0.0157747
0.0156992
0.0156121
0.015511
0.0153928
0.015254
0.0150898
0.0148945
0.0146609
0.0143798
0.0140414
0.0136353
0.013152
0.0125847
0.0119332
0.0112105
0.0104555
0.00971517
0.00909979
0.00901464
0.00987307
0.0116788
0.0138268
0.0157042
0.0169952
0.0176196
0.017619
0.0171237
0.0162735
0.0152426
0.0141901
0.0130929
0.0119722
0.0108611
0.00981883
0.00891381
0.00820023
0.00769656
0.0073823
0.00721401
0.00714608
0.00714927
0.00717885
0.0164094
0.0164598
0.016416
0.0163617
0.0163458
0.0163028
0.016304
0.0162871
0.0162533
0.0162117
0.016149
0.0160981
0.0160486
0.0160021
0.0159538
0.0159014
0.015843
0.0157769
0.0157014
0.0156142
0.0155128
0.0153943
0.0152548
0.0150896
0.0148929
0.0146572
0.0143731
0.0140303
0.0136182
0.0131267
0.0125485
0.0118832
0.0111436
0.0103696
0.00960987
0.00896517
0.0088518
0.0097148
0.0115858
0.0138272
0.0157851
0.0171179
0.0177407
0.0177056
0.0171373
0.0161926
0.0150628
0.0139004
0.0127055
0.0114882
0.0102972
0.00921052
0.00831057
0.00765028
0.00722949
0.00700323
0.00691133
0.00691323
0.00694964
0.00701054
0.0164083
0.0164588
0.016415
0.0163611
0.0163455
0.0163031
0.0163039
0.0162871
0.0162538
0.0162128
0.0161498
0.0160992
0.0160499
0.0160037
0.0159556
0.0159034
0.0158451
0.0157791
0.0157035
0.0156162
0.0155147
0.0153958
0.0152558
0.0150898
0.0148919
0.0146543
0.0143675
0.0140209
0.0136035
0.0131046
0.0125167
0.0118387
0.0110837
0.010292
0.00951524
0.00884508
0.00870042
0.00955839
0.0114815
0.013809
0.0158462
0.0172269
0.017859
0.0177946
0.0171627
0.0161274
0.0148967
0.0136441
0.0123521
0.011041
0.00977706
0.00865775
0.00777711
0.00717997
0.00684141
0.00669233
0.00666928
0.00670463
0.00677289
0.0068552
0.0164073
0.0164578
0.0164141
0.0163606
0.0163454
0.0163033
0.0163037
0.0162869
0.0162543
0.0162139
0.0161506
0.0161003
0.0160512
0.0160052
0.0159573
0.0159052
0.015847
0.015781
0.0157055
0.0156182
0.0155165
0.0153974
0.0152569
0.0150903
0.0148913
0.0146521
0.014363
0.0140131
0.0135908
0.0130854
0.0124886
0.0117991
0.0110299
0.0102219
0.0094298
0.00873727
0.00856162
0.00940668
0.0113688
0.0137738
0.0158889
0.0173229
0.0179731
0.0178899
0.0172044
0.0160832
0.0147654
0.0134238
0.0120366
0.0106356
0.00930505
0.00816197
0.00730875
0.00677608
0.00651183
0.00642776
0.0064496
0.00651572
0.00660468
0.00670176
0.0164065
0.016457
0.0164133
0.0163601
0.0163455
0.0163034
0.0163034
0.0162866
0.0162548
0.0162148
0.0161513
0.0161013
0.0160523
0.0160066
0.0159588
0.0159069
0.0158488
0.0157829
0.0157074
0.0156201
0.0155183
0.0153989
0.0152581
0.0150909
0.0148911
0.0146505
0.0143594
0.0140064
0.01358
0.0130686
0.0124638
0.0117639
0.0109817
0.0101586
0.00935251
0.00864064
0.00843516
0.00926164
0.011251
0.0137244
0.0159151
0.0174068
0.0180835
0.0179925
0.0172652
0.0160677
0.0146709
0.0132421
0.011763
0.0102763
0.00888377
0.00772177
0.00689765
0.00642354
0.00621966
0.00619282
0.00624141
0.00633037
0.0064349
0.00654321
0.0164058
0.0164561
0.0164125
0.0163597
0.016346
0.0163033
0.0163031
0.0162863
0.0162554
0.0162157
0.0161519
0.0161022
0.0160533
0.0160078
0.0159603
0.0159084
0.0158504
0.0157846
0.0157092
0.0156219
0.01552
0.0154005
0.0152593
0.0150917
0.0148911
0.0146494
0.0143564
0.0140009
0.0135706
0.0130539
0.0124419
0.0117326
0.0109385
0.0101014
0.00928252
0.00855407
0.00832072
0.00912466
0.0111308
0.0136634
0.0159263
0.0174794
0.0181901
0.018102
0.0173452
0.0160834
0.0146117
0.0131003
0.0115341
0.00996575
0.0085143
0.0073341
0.00653568
0.00611119
0.0059555
0.00596719
0.00603826
0.00614293
0.00625889
0.00637602
0.0164053
0.0164554
0.0164118
0.0163594
0.0163464
0.0163031
0.0163027
0.0162859
0.016256
0.0162166
0.0161524
0.016103
0.0160542
0.016009
0.0159616
0.0159099
0.0158519
0.0157862
0.0157108
0.0156235
0.0155217
0.015402
0.0152606
0.0150925
0.0148913
0.0146486
0.0143541
0.0139962
0.0135626
0.0130412
0.0124226
0.0117047
0.0108997
0.0100497
0.00921907
0.00847643
0.00821754
0.00899662
0.0110106
0.0135937
0.0159244
0.0175412
0.0182924
0.0182168
0.0174426
0.0161281
0.0145886
0.013
0.0113525
0.00970633
0.00819663
0.00699482
0.00621415
0.00582806
0.00570977
0.00574288
0.0058323
0.00594881
0.00607358
0.00619794
0.0164048
0.0164547
0.0164111
0.0163591
0.0163465
0.0163028
0.0163023
0.0162854
0.0162566
0.0162173
0.0161529
0.0161037
0.0160551
0.01601
0.0159627
0.0159112
0.0158533
0.0157877
0.0157124
0.0156251
0.0155232
0.0154034
0.0152618
0.0150934
0.0148917
0.0146481
0.0143522
0.0139923
0.0135557
0.01303
0.0124056
0.0116799
0.010865
0.0100031
0.00916156
0.00840691
0.00812453
0.008878
0.0108924
0.0135176
0.0159127
0.017593
0.0183898
0.0183352
0.0175551
0.0162008
0.0145997
0.0129414
0.0112194
0.00949961
0.00793056
0.00670013
0.00592558
0.00556462
0.00547196
0.00552019
0.00562175
0.00574627
0.0058775
0.00600772
0.0164043
0.0164541
0.0164105
0.0163588
0.0163465
0.0163025
0.016302
0.016285
0.0162573
0.0162181
0.0161533
0.0161044
0.0160559
0.016011
0.0159638
0.0159124
0.0158546
0.0157891
0.0157138
0.0156266
0.0155246
0.0154048
0.015263
0.0150943
0.0148921
0.0146478
0.0143507
0.013989
0.0135498
0.0130203
0.0123906
0.0116578
0.0108338
0.00996096
0.0091094
0.00834474
0.00804103
0.00876901
0.0107777
0.0134372
0.0158918
0.0176351
0.0184819
0.0184547
0.01768
0.0162976
0.014638
0.0129247
0.0111362
0.00934713
0.00771622
0.0064475
0.0056653
0.00531596
0.00523894
0.00529675
0.0054051
0.00553446
0.00566997
0.00580465
0.016404
0.0164536
0.01641
0.0163586
0.0163463
0.0163022
0.0163016
0.0162846
0.0162579
0.0162187
0.0161537
0.016105
0.0160566
0.0160119
0.0159648
0.0159135
0.0158558
0.0157904
0.0157151
0.0156279
0.015526
0.0154061
0.0152642
0.0150952
0.0148926
0.0146476
0.0143495
0.0139862
0.0135446
0.0130117
0.0123773
0.0116382
0.0108059
0.009923
0.00906207
0.0082892
0.00796633
0.00866957
0.0106676
0.0133541
0.0158632
0.0176675
0.0185668
0.0185743
0.0178149
0.0164152
0.0146991
0.0129446
0.0111046
0.00925038
0.00755397
0.00623557
0.00543061
0.0050792
0.00500951
0.00507145
0.00518202
0.00531361
0.00545113
0.0055885
0.0164036
0.0164532
0.0164095
0.0163585
0.0163462
0.0163019
0.0163012
0.0162841
0.0162584
0.0162193
0.0161541
0.0161056
0.0160572
0.0160127
0.0159657
0.0159145
0.0158569
0.0157915
0.0157163
0.0156292
0.0155272
0.0154073
0.0152653
0.0150961
0.0148932
0.0146476
0.0143486
0.0139839
0.0135402
0.0130043
0.0123656
0.0116207
0.0107809
0.00988879
0.00901912
0.00823963
0.00789997
0.00857935
0.010563
0.01327
0.0158282
0.0176906
0.0186414
0.0186947
0.0179572
0.0165499
0.0147758
0.0129965
0.0111219
0.00921035
0.00744402
0.00606384
0.00522094
0.00485501
0.00478194
0.00484406
0.00495278
0.00508346
0.00522126
0.0053595
0.0164034
0.0164529
0.016409
0.0163583
0.016346
0.0163015
0.0163008
0.0162837
0.0162589
0.0162199
0.0161544
0.0161061
0.0160578
0.0160134
0.0159666
0.0159154
0.0158579
0.0157926
0.0157174
0.0156303
0.0155284
0.0154084
0.0152664
0.015097
0.0148937
0.0146477
0.0143479
0.0139819
0.0135364
0.0129977
0.0123552
0.0116051
0.0107585
0.00985795
0.00898013
0.0081954
0.00784336
0.00849781
0.0104643
0.0131861
0.0157885
0.0177062
0.0187115
0.0188103
0.018104
0.0166998
0.0148605
0.0130811
0.0111807
0.00922408
0.00738608
0.00593267
0.00503648
0.00464359
0.00455772
0.00461609
0.00471926
0.00484583
0.00498118
0.00511869
0.0164031
0.0164527
0.0164086
0.0163582
0.0163458
0.0163012
0.0163005
0.0162833
0.0162594
0.0162203
0.0161547
0.0161066
0.0160584
0.0160141
0.0159673
0.0159162
0.0158588
0.0157935
0.0157185
0.0156314
0.0155295
0.0154095
0.0152673
0.0150978
0.0148943
0.0146478
0.0143473
0.0139803
0.0135331
0.012992
0.012346
0.0115912
0.0107384
0.00983018
0.00894471
0.00815601
0.00779405
0.00842438
0.0103718
0.0131034
0.0157452
0.017715
0.0187752
0.0189224
0.0182534
0.0168658
0.0149817
0.0132024
0.0112802
0.00928184
0.00738203
0.00584328
0.00487844
0.00444584
0.00433929
0.00438935
0.00448416
0.00460299
0.00473266
0.00486628
0.0164029
0.0164525
0.0164082
0.0163581
0.0163456
0.0163008
0.0163001
0.0162829
0.0162598
0.0162207
0.016155
0.016107
0.0160588
0.0160147
0.015968
0.015917
0.0158596
0.0157944
0.0157194
0.0156323
0.0155304
0.0154104
0.0152682
0.0150986
0.0148949
0.014648
0.0143469
0.0139789
0.0135302
0.0129869
0.0123378
0.0115788
0.0107204
0.00980518
0.00891256
0.00812099
0.00775043
0.00835841
0.0102854
0.0130229
0.0156996
0.0177178
0.0188325
0.0190288
0.0184025
0.0170448
0.0151449
0.0133562
0.0114145
0.00938055
0.00742068
0.00579664
0.00474911
0.00426342
0.00412935
0.00416571
0.00425016
0.004358
0.00447876
0.00460515
0.0164028
0.0164523
0.0164078
0.016358
0.0163453
0.0163005
0.0162998
0.0162825
0.0162601
0.016221
0.0161552
0.0161074
0.0160593
0.0160152
0.0159686
0.0159176
0.0158603
0.0157952
0.0157202
0.0156332
0.0155313
0.0154113
0.0152691
0.0150994
0.0148954
0.0146482
0.0143465
0.0139777
0.0135277
0.0129825
0.0123306
0.0115677
0.0107043
0.00978266
0.0088834
0.00808973
0.00771167
0.00829922
0.0102052
0.012945
0.0156527
0.0177163
0.0188837
0.0191281
0.018548
0.0172301
0.0153384
0.0135323
0.0115751
0.00951481
0.00750302
0.00579884
0.00465218
0.00409975
0.00393
0.00394737
0.00401804
0.00411415
0.00422298
0.00433845
0.0164026
0.0164522
0.0164075
0.0163579
0.0163451
0.0163002
0.0162995
0.0162821
0.0162603
0.0162211
0.0161554
0.0161077
0.0160597
0.0160157
0.0159692
0.0159183
0.015861
0.0157959
0.015721
0.015634
0.0155322
0.0154122
0.0152699
0.0151001
0.0148959
0.0146484
0.0143463
0.0139767
0.0135255
0.0129786
0.0123242
0.0115578
0.0106899
0.00976238
0.00885696
0.00806165
0.00767714
0.00824619
0.010131
0.0128703
0.0156053
0.0177117
0.0189297
0.0192207
0.018687
0.0174149
0.0155549
0.0137196
0.0117525
0.00967762
0.00762465
0.00584038
0.00459072
0.00395843
0.00374425
0.00373614
0.00379114
0.00387263
0.00396763
0.0040703
0.0164025
0.0164521
0.0164073
0.0163579
0.0163449
0.0162999
0.0162992
0.0162818
0.0162604
0.0162212
0.0161556
0.016108
0.01606
0.0160162
0.0159697
0.0159188
0.0158616
0.0157966
0.0157217
0.0156348
0.0155329
0.0154129
0.0152706
0.0151007
0.0148964
0.0146487
0.0143461
0.0139758
0.0135236
0.0129751
0.0123185
0.011549
0.0106769
0.00974413
0.00883298
0.00803497
0.00764622
0.00819874
0.0100625
0.0127991
0.015558
0.0177042
0.0189702
0.0193069
0.0188176
0.0175927
0.0157847
0.0139064
0.0119378
0.00986187
0.00778152
0.00592511
0.00457126
0.00384236
0.00357537
0.00353366
0.00357255
0.00363732
0.00371573
0.0038023
0.0164023
0.016452
0.016407
0.016358
0.0163447
0.0162996
0.0162989
0.0162815
0.0162605
0.0162212
0.0161558
0.0161083
0.0160604
0.0160166
0.0159701
0.0159193
0.0158622
0.0157972
0.0157224
0.0156354
0.0155336
0.0154136
0.0152713
0.0151013
0.0148969
0.0146489
0.014346
0.0139751
0.0135219
0.012972
0.0123134
0.0115412
0.0106653
0.00972768
0.00881125
0.00800999
0.00761813
0.00815631
0.00999948
0.0127315
0.0155112
0.0176942
0.0190056
0.0193859
0.0189384
0.0177576
0.0159964
0.0140818
0.0121239
0.0100602
0.00796748
0.00605067
0.00459195
0.00375315
0.00342326
0.00334403
0.00336479
0.00341097
0.00347037
0.00353764
0.0164022
0.016452
0.0164068
0.0163581
0.0163445
0.0162993
0.0162986
0.0162812
0.0162605
0.0162212
0.0161559
0.0161086
0.0160607
0.0160169
0.0159706
0.0159198
0.0158627
0.0157977
0.0157229
0.015636
0.0155342
0.0154142
0.0152719
0.0151019
0.0148973
0.0146492
0.0143459
0.0139745
0.0135205
0.0129693
0.0123089
0.0115341
0.0106549
0.00971288
0.00879159
0.00798728
0.00759264
0.00811841
0.00994159
0.0126677
0.0154655
0.0176822
0.0190359
0.0194579
0.0190491
0.0179091
0.016188
0.0142402
0.0123046
0.0102659
0.0081749
0.00621211
0.00465085
0.00369424
0.0032894
0.00316951
0.00316927
0.00319579
0.00323441
0.00327943
0.0164022
0.0164519
0.0164067
0.0163581
0.0163443
0.0162991
0.0162984
0.0162809
0.0162606
0.0162212
0.0161561
0.0161088
0.0160609
0.0160173
0.0159709
0.0159202
0.0158631
0.0157982
0.0157235
0.0156366
0.0155348
0.0154148
0.0152724
0.0151024
0.0148978
0.0146494
0.0143459
0.0139739
0.0135192
0.0129669
0.0123048
0.0115278
0.0106456
0.00969954
0.0087738
0.00796675
0.00756962
0.00808456
0.00988852
0.0126078
0.0154212
0.0176686
0.0190617
0.0195233
0.0191497
0.0180476
0.0163614
0.014378
0.0124756
0.01047
0.00839547
0.00640276
0.00474961
0.00367276
0.00317548
0.00301361
0.00298558
0.00299352
0.00301119
0.00303273
0.0164021
0.0164519
0.0164066
0.0163581
0.0163441
0.0162988
0.0162982
0.0162806
0.0162606
0.0162212
0.0161562
0.016109
0.0160612
0.0160176
0.0159713
0.0159206
0.0158636
0.0157987
0.0157239
0.0156371
0.0155353
0.0154153
0.015273
0.0151029
0.0148981
0.0146496
0.0143458
0.0139735
0.013518
0.0129648
0.0123012
0.0115222
0.0106372
0.00968753
0.00875771
0.00794819
0.00754893
0.00805433
0.00983995
0.0125516
0.0153785
0.0176538
0.0190834
0.0195826
0.0192404
0.0181736
0.0165187
0.0144979
0.0126371
0.010667
0.00861976
0.00661428
0.00488441
0.00368773
0.00308473
0.00287346
0.00281551
0.0028037
0.00280142
0.00279982
0.016402
0.0164519
0.0164064
0.016358
0.016344
0.0162986
0.016298
0.0162804
0.0162606
0.0162211
0.0161563
0.0161092
0.0160614
0.0160179
0.0159716
0.015921
0.0158639
0.0157991
0.0157244
0.0156376
0.0155358
0.0154158
0.0152734
0.0151033
0.0148985
0.0146498
0.0143458
0.0139731
0.0135171
0.0129629
0.012298
0.0115171
0.0106297
0.00967671
0.00874317
0.00793144
0.00753038
0.00802733
0.00979556
0.0124992
0.0153377
0.0176383
0.0191016
0.0196365
0.019322
0.0182882
0.016662
0.0146185
0.0127899
0.0108543
0.00883824
0.00683834
0.00504876
0.00373427
0.00301647
0.00274738
0.00265685
0.00262391
0.00260124
0.00257638
0.016402
0.0164519
0.0164064
0.016358
0.0163438
0.0162984
0.0162978
0.0162802
0.0162606
0.0162211
0.0161564
0.0161094
0.0160616
0.0160181
0.0159719
0.0159213
0.0158643
0.0157995
0.0157248
0.015638
0.0155363
0.0154163
0.0152739
0.0151037
0.0148988
0.01465
0.0143458
0.0139727
0.0135162
0.0129612
0.0122952
0.0115126
0.0106229
0.00966696
0.00873003
0.00791632
0.0075138
0.00800322
0.00975504
0.0124505
0.0152989
0.0176223
0.0191167
0.0196839
0.019395
0.0183924
0.0167924
0.0147428
0.0129335
0.0110298
0.00904718
0.00706234
0.00523562
0.00381424
0.00297403
0.00263427
0.00250548
0.00244439
0.00239576
0.00235558
0.0164019
0.0164519
0.0164063
0.0163579
0.0163437
0.0162982
0.0162976
0.0162799
0.0162606
0.0162211
0.0161565
0.0161096
0.0160618
0.0160183
0.0159721
0.0159216
0.0158646
0.0157998
0.0157251
0.0156384
0.0155366
0.0154167
0.0152743
0.0151041
0.0148991
0.0146502
0.0143458
0.0139724
0.0135154
0.0129597
0.0122926
0.0115086
0.0106169
0.00965818
0.00871816
0.00790268
0.007499
0.00798166
0.00971809
0.0124054
0.0152622
0.0176061
0.0191284
0.019725
0.0194604
0.018487
0.0169119
0.0148662
0.0130669
0.0111924
0.00924386
0.00728035
0.00543506
0.00392582
0.00296713
0.00253419
0.00236801
0.00228865
0.0022263
0.00216261
0.0164019
0.0164519
0.0164062
0.0163579
0.0163435
0.016298
0.0162974
0.0162798
0.0162605
0.016221
0.0161566
0.0161097
0.0160619
0.0160185
0.0159724
0.0159218
0.0158649
0.0158001
0.0157255
0.0156387
0.015537
0.015417
0.0152746
0.0151044
0.0148994
0.0146504
0.0143458
0.0139722
0.0135147
0.0129583
0.0122903
0.0115049
0.0106114
0.00965026
0.00870743
0.00789037
0.00748583
0.00796238
0.00968444
0.0123636
0.0152276
0.0175901
0.0191373
0.0197608
0.0195191
0.0185724
0.0170216
0.0149865
0.0131899
0.0113416
0.00942672
0.00748848
0.00563641
0.00406087
0.00298767
0.00245766
0.00225826
0.00215713
0.00207463
0.00198377
0.0164018
0.0164519
0.0164062
0.0163578
0.0163434
0.0162978
0.0162973
0.0162796
0.0162605
0.016221
0.0161567
0.0161098
0.0160621
0.0160187
0.0159726
0.015922
0.0158651
0.0158004
0.0157258
0.015639
0.0155373
0.0154174
0.0152749
0.0151047
0.0148997
0.0146506
0.0143459
0.013972
0.0135141
0.0129571
0.0122882
0.0115017
0.0106065
0.00964312
0.00869774
0.00787926
0.00747413
0.00794513
0.0096538
0.0123251
0.0151953
0.0175744
0.0191437
0.0197924
0.0195716
0.0186499
0.0171226
0.0151022
0.013302
0.0114776
0.00959507
0.00768415
0.00583431
0.00420892
0.00303226
0.00240729
0.00216629
0.00204002
0.00193494
0.00181409
0.0164018
0.0164519
0.0164062
0.0163578
0.0163433
0.0162977
0.0162971
0.0162794
0.0162605
0.016221
0.0161568
0.01611
0.0160622
0.0160189
0.0159728
0.0159223
0.0158653
0.0158006
0.015726
0.0156393
0.0155376
0.0154177
0.0152752
0.015105
0.0148999
0.0146507
0.0143459
0.0139718
0.0135135
0.0129561
0.0122864
0.0114987
0.0106021
0.00963668
0.00868898
0.00786923
0.00746377
0.00792968
0.00962594
0.0122896
0.015165
0.0175591
0.0191482
0.0198203
0.0196187
0.0187201
0.0172153
0.015212
0.0134024
0.0116008
0.00974897
0.00786592
0.00602462
0.00436382
0.00309706
0.00237583
0.00208688
0.00193481
0.00180911
0.00165978
0.0164018
0.0164519
0.0164061
0.0163577
0.0163432
0.0162975
0.016297
0.0162793
0.0162605
0.0162209
0.0161569
0.0161101
0.0160623
0.016019
0.0159729
0.0159224
0.0158656
0.0158009
0.0157263
0.0156396
0.0155379
0.0154179
0.0152755
0.0151052
0.0149001
0.0146509
0.0143459
0.0139716
0.0135131
0.0129551
0.0122847
0.0114961
0.0105981
0.00963088
0.00868107
0.00786018
0.00745462
0.00791583
0.00960061
0.012257
0.0151369
0.0175445
0.0191513
0.0198452
0.0196613
0.0187839
0.0173003
0.0153155
0.0134909
0.011712
0.00988893
0.00803322
0.00620453
0.00452014
0.00317762
0.00236337
0.00201757
0.00184137
0.00170054
0.00157484
0.0164018
0.0164519
0.0164061
0.0163576
0.0163431
0.0162974
0.0162969
0.0162791
0.0162605
0.0162209
0.0161569
0.0161102
0.0160624
0.0160192
0.0159731
0.0159226
0.0158657
0.0158011
0.0157265
0.0156398
0.0155381
0.0154182
0.0152757
0.0151055
0.0149003
0.014651
0.0143459
0.0139714
0.0135126
0.0129542
0.0122833
0.0114938
0.0105946
0.00962564
0.00867393
0.00785201
0.0074465
0.00790341
0.0095776
0.0122271
0.0151109
0.0175305
0.019153
0.0198673
0.0197008
0.0188417
0.017378
0.0154132
0.0135688
0.0118123
0.0100157
0.00818615
0.00637234
0.00467358
0.00326923
0.00236781
0.00195778
0.00176654
0.00165343
0.00151496
0.0164018
0.016452
0.0164061
0.0163576
0.016343
0.0162973
0.0162968
0.016279
0.0162605
0.0162209
0.016157
0.0161102
0.0160625
0.0160193
0.0159732
0.0159228
0.0158659
0.0158012
0.0157267
0.01564
0.0155383
0.0154184
0.015276
0.0151057
0.0149005
0.0146511
0.014346
0.0139713
0.0135122
0.0129535
0.0122819
0.0114916
0.0105914
0.00962092
0.00866748
0.00784463
0.00743928
0.00789227
0.00955672
0.0121997
0.0150868
0.0175173
0.0191538
0.0198872
0.0197373
0.0188939
0.017449
0.0155055
0.0136374
0.0119028
0.0101303
0.00832527
0.00652733
0.00482102
0.0033674
0.0023831
0.00191164
0.00173456
0.00162209
0.00146481
0.0164018
0.016452
0.0164061
0.0163575
0.0163429
0.0162972
0.0162967
0.0162789
0.0162605
0.0162209
0.016157
0.0161103
0.0160626
0.0160194
0.0159734
0.0159229
0.0158661
0.0158014
0.0157269
0.0156402
0.0155385
0.0154186
0.0152762
0.0151059
0.0149007
0.0146512
0.014346
0.0139712
0.0135119
0.0129528
0.0122807
0.0114897
0.0105885
0.00961666
0.00866165
0.00783797
0.00743283
0.00788227
0.00953776
0.0121746
0.0150645
0.0175048
0.0191538
0.0199049
0.0197709
0.0189411
0.0175135
0.015592
0.0136987
0.0119844
0.0102337
0.00845138
0.00666945
0.00496039
0.00346858
0.00240839
0.00187297
0.00171522
0.00159578
0.00141297
0.0164018
0.016452
0.0164061
0.0163575
0.0163429
0.0162971
0.0162966
0.0162788
0.0162605
0.0162208
0.0161571
0.0161104
0.0160627
0.0160195
0.0159735
0.015923
0.0158662
0.0158016
0.015727
0.0156404
0.0155387
0.0154188
0.0152763
0.015106
0.0149008
0.0146514
0.014346
0.0139711
0.0135116
0.0129522
0.0122797
0.011488
0.0105859
0.00961281
0.00865638
0.00783196
0.00742705
0.00787328
0.00952057
0.0121517
0.015044
0.0174932
0.0191535
0.0199208
0.0198019
0.0189837
0.0175718
0.0156711
0.0137553
0.0120583
0.0103269
0.00856545
0.00679905
0.0050905
0.00356961
0.00244294
0.00186191
0.00170047
0.00156615
0.00135159
0.0164018
0.016452
0.0164061
0.0163574
0.0163428
0.016297
0.0162965
0.0162787
0.0162605
0.0162208
0.0161571
0.0161105
0.0160628
0.0160196
0.0159736
0.0159232
0.0158663
0.0158017
0.0157272
0.0156405
0.0155389
0.0154189
0.0152765
0.0151062
0.0149009
0.0146514
0.014346
0.013971
0.0135113
0.0129516
0.0122787
0.0114864
0.0105835
0.00960934
0.00865163
0.00782652
0.00742188
0.0078652
0.00950497
0.0121308
0.0150252
0.0174823
0.019153
0.0199351
0.0198303
0.0190221
0.0176241
0.0157426
0.013809
0.012125
0.0104109
0.00866848
0.00691677
0.00521078
0.00366775
0.00248443
0.00187152
0.00168664
0.00153151
0.00127812
0.0164018
0.016452
0.0164061
0.0163574
0.0163427
0.0162969
0.0162965
0.0162786
0.0162604
0.0162208
0.0161571
0.0161105
0.0160628
0.0160197
0.0159737
0.0159233
0.0158664
0.0158018
0.0157273
0.0156407
0.015539
0.0154191
0.0152767
0.0151063
0.0149011
0.0146515
0.0143461
0.0139709
0.0135111
0.0129511
0.0122779
0.011485
0.0105814
0.00960621
0.00864733
0.00782161
0.00741724
0.00785794
0.00949084
0.0121118
0.0150079
0.0174722
0.0191524
0.0199479
0.0198565
0.0190567
0.0176712
0.0158069
0.0138596
0.0121855
0.0104866
0.00876146
0.00702339
0.00532115
0.00376142
0.00253034
0.00188917
0.00167324
0.00149314
0.0011951
0.0164018
0.016452
0.0164061
0.0163573
0.0163427
0.0162968
0.0162964
0.0162786
0.0162604
0.0162208
0.0161572
0.0161106
0.0160629
0.0160198
0.0159738
0.0159233
0.0158666
0.0158019
0.0157274
0.0156408
0.0155392
0.0154192
0.0152768
0.0151065
0.0149012
0.0146516
0.0143461
0.0139708
0.0135109
0.0129507
0.0122771
0.0114838
0.0105795
0.00960339
0.00864345
0.00781718
0.00741307
0.00785141
0.00947804
0.0120944
0.0149921
0.0174629
0.0191516
0.0199593
0.0198806
0.0190879
0.0177136
0.0158647
0.013907
0.0122402
0.010555
0.00884532
0.00711976
0.0054219
0.00384977
0.00257894
0.00191321
0.0016639
0.00145353
0.00111166
0.0164018
0.016452
0.0164061
0.0163573
0.0163426
0.0162968
0.0162964
0.0162785
0.0162604
0.0162208
0.0161572
0.0161106
0.016063
0.0160198
0.0159738
0.0159234
0.0158666
0.015802
0.0157275
0.0156409
0.0155393
0.0154194
0.0152769
0.0151066
0.0149013
0.0146517
0.0143461
0.0139708
0.0135107
0.0129503
0.0122764
0.0114827
0.0105778
0.00960084
0.00863995
0.00781318
0.00740932
0.00784553
0.00946644
0.0120787
0.0149776
0.0174543
0.0191508
0.0199695
0.0199028
0.0191159
0.017752
0.0159166
0.0139511
0.0122897
0.0106167
0.00892092
0.00720674
0.0055135
0.00393236
0.00262966
0.00194324
0.0016599
0.0014144
0.00103309
0.0164018
0.016452
0.0164061
0.0163573
0.0163426
0.0162967
0.0162963
0.0162784
0.0162604
0.0162207
0.0161572
0.0161107
0.016063
0.0160199
0.0159739
0.0159235
0.0158667
0.0158021
0.0157276
0.015641
0.0155394
0.0154195
0.015277
0.0151067
0.0149014
0.0146517
0.0143461
0.0139707
0.0135105
0.0129499
0.0122758
0.0114816
0.0105763
0.00959853
0.00863678
0.00780956
0.00740595
0.00784024
0.00945593
0.0120643
0.0149644
0.0174464
0.0191499
0.0199787
0.0199231
0.019141
0.0177866
0.0159633
0.013992
0.0123342
0.0106725
0.00898908
0.00728518
0.00559656
0.00400908
0.00268573
0.00197874
0.00166059
0.00137995
0.000979583
0.0164018
0.0164521
0.0164061
0.0163572
0.0163425
0.0162966
0.0162963
0.0162784
0.0162604
0.0162207
0.0161572
0.0161107
0.016063
0.0160199
0.015974
0.0159236
0.0158668
0.0158022
0.0157277
0.0156411
0.0155395
0.0154196
0.0152771
0.0151068
0.0149014
0.0146518
0.0143461
0.0139707
0.0135103
0.0129496
0.0122752
0.0114807
0.0105749
0.00959645
0.00863392
0.00780629
0.00740292
0.00783548
0.00944643
0.0120513
0.0149524
0.0174391
0.019149
0.0199869
0.0199418
0.0191637
0.0178179
0.0160053
0.0140297
0.0123742
0.010723
0.00905051
0.00735588
0.00567173
0.00407998
0.00274578
0.00201919
0.00166536
0.0013525
0.000950839
0.0164018
0.0164521
0.0164061
0.0163572
0.0163425
0.0162966
0.0162962
0.0162783
0.0162604
0.0162207
0.0161573
0.0161107
0.0160631
0.01602
0.015974
0.0159236
0.0158669
0.0158023
0.0157278
0.0156412
0.0155396
0.0154197
0.0152772
0.0151069
0.0149015
0.0146519
0.0143462
0.0139706
0.0135102
0.0129493
0.0122747
0.0114799
0.0105736
0.00959456
0.00863134
0.00780334
0.00740023
0.00783117
0.00943783
0.0120394
0.0149414
0.0174324
0.019148
0.0199946
0.0199574
0.0191839
0.017846
0.016043
0.0140646
0.0124101
0.0107687
0.00910587
0.00741958
0.00573967
0.00414523
0.00280857
0.00206493
0.00167679
0.00133475
0.00092038
0.0143459
0.0148244
0.0153559
0.0158785
0.0163255
0.0166344
0.0167634
0.0167073
0.0165122
0.0162721
0.0160469
0.0157302
0.0152477
0.0145863
0.0138071
0.0130359
0.0124239
0.0121118
0.0120666
0.0121927
0.0124054
0.0126501
0.0128971
0.0131326
0.0133509
0.0135508
0.0137326
0.0138976
0.01405
0.0141902
0.0143194
0.0148646
0.0153938
0.0158975
0.0163159
0.0165938
0.0166958
0.0166196
0.0164141
0.0161972
0.0159999
0.0157195
0.0152877
0.0146848
0.0139492
0.0131749
0.01249
0.0120148
0.0118282
0.0118592
0.01202
0.0122433
0.0124878
0.0127312
0.012963
0.0131789
0.0133779
0.0135604
0.0137275
0.0138806
0.0140212
0.0141531
0.0154346
0.0159125
0.0162985
0.0165493
0.0166394
0.0165704
0.0163805
0.0161472
0.0159277
0.0156494
0.0152519
0.0147071
0.0140313
0.0132871
0.012575
0.0120066
0.0116689
0.011582
0.0116677
0.0118509
0.0120791
0.0123209
0.0125594
0.0127865
0.012999
0.013196
0.0133779
0.0135456
0.0137001
0.0138427
0.0139744
0.0159918
0.016335
0.0165445
0.0166024
0.0165133
0.0163117
0.0160656
0.0158325
0.0155519
0.0151718
0.0146635
0.0140326
0.0133227
0.0126117
0.0119959
0.011561
0.011358
0.0113599
0.0114892
0.0116887
0.0119187
0.012156
0.0123885
0.01261
0.0128181
0.0130122
0.0131925
0.0133597
0.0135148
0.0136586
0.0137922
0.0163984
0.0165536
0.0165678
0.0164494
0.016231
0.0159728
0.0157235
0.0154334
0.0150586
0.0145728
0.0139765
0.0133006
0.0126056
0.0119716
0.0114789
0.0111817
0.0110941
0.0111614
0.0113218
0.0115304
0.0117587
0.01199
0.0122154
0.0124306
0.0126337
0.0128243
0.0130024
0.0131686
0.0133237
0.0134684
0.0136035
0.0165675
0.0165297
0.016374
0.0161348
0.0158654
0.015599
0.0152946
0.0149159
0.0144408
0.0138678
0.0132205
0.0125466
0.0119124
0.0113887
0.0110312
0.0108639
0.0108682
0.0109832
0.0111629
0.0113748
0.0115985
0.0118224
0.0120401
0.0122484
0.012446
0.0126323
0.0128076
0.0129721
0.0131265
0.0132714
0.0134074
0.0164745
0.0162786
0.0160158
0.0157361
0.0154524
0.0151311
0.014743
0.0142705
0.0137126
0.0130886
0.0124373
0.0118138
0.011279
0.0108853
0.0106608
0.0106042
0.0106729
0.0108193
0.0110091
0.0112195
0.0114365
0.011652
0.0118614
0.0120624
0.0122539
0.0124356
0.0126074
0.0127697
0.0129228
0.0130673
0.0132036
0.0161555
0.0158686
0.0155784
0.0152777
0.0149382
0.0145372
0.0140618
0.013513
0.0129076
0.0122786
0.011672
0.01114
0.0107292
0.0104687
0.0103631
0.0103883
0.0105005
0.0106649
0.0108576
0.0110631
0.0112718
0.0114782
0.0116789
0.0118723
0.0120574
0.0122339
0.0124018
0.0125612
0.0127125
0.012856
0.0129921
0.015698
0.0153962
0.0150753
0.0147143
0.0142968
0.0138144
0.0132703
0.0126801
0.0120728
0.0114873
0.0109679
0.010555
0.0102757
0.0101366
0.0101253
0.0102053
0.0103433
0.0105156
0.0107061
0.0109042
0.0111036
0.0113004
0.0114922
0.0116776
0.011856
0.012027
0.0121905
0.0123467
0.0124956
0.0126376
0.0127729
0.0151774
0.0148338
0.0144501
0.0140149
0.0135241
0.0129829
0.0124068
0.0118214
0.0112605
0.0107613
0.010358
0.0100741
0.00991678
0.00987815
0.00993069
0.0100438
0.0101949
0.010368
0.0105527
0.0107419
0.0109314
0.0111183
0.011301
0.0114784
0.0116498
0.0118149
0.0119736
0.012126
0.0122721
0.012412
0.012546
0.0145446
0.0141385
0.0136863
0.0131877
0.0126499
0.0120884
0.0115265
0.0109935
0.0105209
0.0101366
0.00985992
0.00969694
0.0096414
0.00967287
0.00976447
0.00989522
0.0100503
0.0102196
0.0103962
0.0105756
0.0107547
0.0109317
0.0111052
0.0112743
0.0114385
0.0115975
0.0117511
0.0118993
0.012042
0.0121794
0.0123115
0.0137752
0.0133074
0.0128029
0.0122706
0.011726
0.0111905
0.0106895
0.0102489
0.0098914
0.00963156
0.00947342
0.00941093
0.00942844
0.00950288
0.0096155
0.0097531
0.00990633
0.0100688
0.010236
0.010405
0.0105737
0.0107407
0.0109049
0.0110657
0.0112225
0.0113751
0.0115232
0.0116667
0.0118057
0.01194
0.0120698
0.0121952
0.0128726
0.0123666
0.0118443
0.0113212
0.0108165
0.0103521
0.00994912
0.00962486
0.00938954
0.00924468
0.00918395
0.00919435
0.00925636
0.00935384
0.00947541
0.00961291
0.00976057
0.00991438
0.0100715
0.0102299
0.0103882
0.0105453
0.0107003
0.0108526
0.0110019
0.0111478
0.0112901
0.0114287
0.0115634
0.0116943
0.0118212
0.0119443
0.0118784
0.0113728
0.0108772
0.0104092
0.00998679
0.00962663
0.00934109
0.00913626
0.00901113
0.00895899
0.00896817
0.00902231
0.009108
0.00921571
0.00933859
0.00947177
0.00961176
0.00975606
0.00990285
0.0100508
0.0101987
0.010346
0.0104917
0.0106356
0.0107772
0.0109162
0.0110524
0.0111857
0.0113158
0.0114426
0.0115663
0.0116866
0.01086
0.0103999
0.00997523
0.00960056
0.00928802
0.0090455
0.0088754
0.00877456
0.00873596
0.00874844
0.00879866
0.00887575
0.008972
0.00908192
0.00920153
0.00932801
0.00945925
0.00959372
0.0097302
0.00986777
0.0100056
0.0101431
0.0102798
0.0104152
0.010549
0.0106809
0.0108107
0.0109382
0.0110633
0.0111858
0.0113056
0.0114227
0.0098977
0.00952368
0.00920223
0.00894123
0.00874453
0.00861145
0.00853789
0.00851567
0.00853447
0.00858374
0.00865495
0.0087421
0.00884093
0.00894837
0.00906222
0.00918081
0.00930293
0.00942759
0.009554
0.0096815
0.00980945
0.00993744
0.0100651
0.010192
0.010318
0.0104426
0.0105658
0.0106873
0.0108069
0.0109245
0.01104
0.0111534
0.00906604
0.00880222
0.00859516
0.00844524
0.00834956
0.0083025
0.0082999
0.00832605
0.00837615
0.00844355
0.00852369
0.00861336
0.00871027
0.00881278
0.00891965
0.00902996
0.00914299
0.00925811
0.00937478
0.0094925
0.00961091
0.00972968
0.00984849
0.00996704
0.0100851
0.0102023
0.0103186
0.0104338
0.0105476
0.01066
0.0107707
0.0108798
0.0084119
0.00825874
0.00815471
0.00809586
0.00807556
0.00808668
0.00812157
0.00817407
0.00823942
0.00831441
0.00839676
0.00848486
0.00857755
0.00867398
0.0087735
0.0088756
0.00897985
0.0090858
0.00919314
0.0093016
0.0094109
0.00952077
0.00963096
0.00974124
0.00985138
0.00996118
0.0100704
0.010179
0.0102867
0.0103934
0.0104989
0.0106033
0.0107063
0.00794004
0.00787815
0.00785094
0.00785538
0.00788011
0.00792215
0.00797691
0.00804099
0.00811212
0.0081887
0.00826962
0.00835409
0.00844155
0.00853157
0.00862384
0.00871803
0.00881389
0.00891124
0.00900989
0.00910964
0.00921029
0.00931165
0.00941351
0.00951571
0.00961804
0.00972036
0.00982248
0.00992427
0.0100256
0.0101263
0.0102262
0.0103254
0.0104236
0.00761851
0.0076212
0.00764123
0.00767742
0.00772562
0.00778261
0.00784606
0.00791443
0.00798661
0.00806187
0.00813968
0.00821972
0.0083017
0.00838542
0.00847073
0.00855753
0.00864572
0.00873518
0.0088258
0.00891744
0.00900998
0.00910327
0.00919717
0.00929155
0.00938627
0.00948118
0.00957617
0.00967109
0.00976584
0.0098603
0.00995435
0.0100479
0.0101409
0.00739953
0.00743308
0.00747779
0.00753072
0.00758955
0.00765272
0.00771913
0.00778804
0.00785897
0.00793159
0.00800565
0.00808102
0.00815764
0.00823547
0.00831449
0.00839466
0.00847593
0.00855824
0.00864154
0.00872574
0.00881076
0.00889652
0.00898291
0.00906985
0.00915723
0.00924494
0.00933289
0.00942098
0.00950911
0.00959718
0.00968509
0.00977277
0.00986013
0.00722766
0.00727872
0.00733528
0.00739568
0.00745883
0.00752396
0.00759055
0.00765826
0.00772688
0.00779632
0.00786655
0.00793757
0.00800939
0.00808204
0.00815551
0.00822982
0.00830496
0.0083809
0.00845763
0.00853511
0.00861329
0.00869213
0.00877157
0.00885154
0.00893198
0.00901281
0.00909397
0.00917538
0.00925695
0.00933862
0.00942031
0.00950194
0.00958346
0.0096648
0.00707738
0.00713699
0.00719889
0.00726229
0.00732665
0.00739163
0.00745704
0.00752281
0.0075889
0.00765533
0.00772214
0.00778936
0.00785704
0.00792522
0.00799392
0.00806317
0.008133
0.00820339
0.00827436
0.0083459
0.008418
0.00849062
0.00856374
0.00863733
0.00871135
0.00878575
0.00886048
0.0089355
0.00901074
0.00908615
0.00916168
0.00923726
0.00931285
0.00938839
0.0069336
0.00699699
0.00706087
0.00712493
0.00718899
0.00725297
0.00731685
0.00738066
0.00744445
0.00750826
0.00757216
0.0076362
0.00770042
0.00776488
0.00782961
0.00789464
0.00796
0.0080257
0.00809177
0.0081582
0.00822501
0.00829219
0.00835973
0.00842763
0.00849585
0.00856438
0.0086332
0.00870226
0.00877154
0.00884099
0.00891058
0.00898027
0.00905001
0.00911977
0.00678798
0.00685266
0.00691688
0.00698059
0.0070438
0.00710657
0.00716895
0.00723104
0.00729289
0.00735457
0.00741614
0.00747765
0.00753914
0.00760065
0.00766222
0.00772386
0.00778562
0.00784751
0.00790954
0.00797174
0.00803413
0.0080967
0.00815947
0.00822243
0.00828558
0.00834893
0.00841245
0.00847613
0.00853995
0.0086039
0.00866794
0.00873206
0.00879622
0.0088604
0.00892457
0.00663551
0.00670041
0.00676431
0.00682734
0.00688962
0.00695127
0.00701242
0.00707315
0.00713352
0.00719361
0.00725346
0.00731311
0.00737258
0.00743191
0.00749111
0.00755021
0.00760922
0.00766816
0.00772705
0.00778591
0.00784476
0.0079036
0.00796244
0.00802131
0.00808021
0.00813913
0.00819809
0.00825707
0.00831609
0.00837512
0.00843416
0.00849319
0.0085522
0.00861118
0.0086701
0.0064735
0.00653816
0.00660154
0.00666386
0.00672534
0.00678614
0.00684638
0.00690617
0.00696556
0.0070246
0.00708332
0.00714175
0.0071999
0.00725778
0.00731538
0.00737273
0.00742983
0.00748669
0.00754331
0.00759972
0.00765591
0.00771192
0.00776774
0.00782339
0.00787888
0.00793423
0.00798944
0.00804452
0.00809947
0.0081543
0.008209
0.00826357
0.00831801
0.00837232
0.00842647
0.00848047
0.00630019
0.00636449
0.00642736
0.00648911
0.00655002
0.00661025
0.00666995
0.00672921
0.00678808
0.00684659
0.00690475
0.00696257
0.00702004
0.00707714
0.00713388
0.00719024
0.00724622
0.0073018
0.007357
0.00741181
0.00746624
0.0075203
0.00757398
0.00762732
0.0076803
0.00773296
0.00778529
0.00783731
0.00788903
0.00794045
0.00799159
0.00804245
0.00809302
0.00814332
0.00819335
0.0082431
0.00611445
0.00617838
0.00624083
0.00630219
0.00636275
0.00642272
0.00648222
0.00654134
0.00660012
0.00665856
0.00671667
0.00677441
0.00683178
0.00688874
0.00694526
0.00700132
0.0070569
0.00711198
0.00716653
0.00722056
0.00727406
0.00732702
0.00737944
0.00743134
0.00748271
0.00753356
0.0075839
0.00763375
0.00768311
0.00773199
0.00778041
0.00782838
0.0078759
0.00792297
0.00796962
0.00801583
0.0059155
0.00597908
0.0060412
0.00610232
0.00616276
0.00622272
0.00628232
0.00634163
0.00640068
0.00645946
0.00651794
0.00657608
0.00663385
0.0066912
0.00674808
0.00680445
0.00686027
0.00691551
0.00697013
0.00702412
0.00707745
0.00713011
0.00718208
0.00723337
0.00728397
0.00733389
0.00738312
0.00743167
0.00747955
0.00752678
0.00757336
0.0076193
0.00766461
0.00770931
0.0077534
0.00779689
0.0078398
0.00570286
0.00576607
0.00582793
0.00588893
0.0059494
0.00600954
0.00606948
0.00612925
0.00618886
0.00624829
0.00630749
0.00636642
0.006425
0.00648317
0.00654088
0.00659807
0.00665468
0.00671065
0.00676595
0.00682053
0.00687437
0.00692743
0.00697968
0.00703113
0.00708174
0.00713151
0.00718045
0.00722854
0.0072758
0.00732222
0.00736781
0.00741259
0.00745657
0.00749975
0.00754214
0.00758376
0.00762462
0.00547639
0.00553917
0.00560077
0.0056617
0.00572229
0.00578274
0.00584315
0.00590355
0.00596393
0.00602424
0.00608443
0.0061444
0.0062041
0.00626345
0.00632235
0.00638075
0.00643856
0.00649573
0.0065522
0.0066079
0.0066628
0.00671684
0.00677
0.00682225
0.00687355
0.00692389
0.00697326
0.00702164
0.00706903
0.00711543
0.00716085
0.00720528
0.00724873
0.00729121
0.00733274
0.00737332
0.00741296
0.00745168
0.00523643
0.00529859
0.00535983
0.00542065
0.00548138
0.00554217
0.00560312
0.00566424
0.00572549
0.00578681
0.00584812
0.00590932
0.00597034
0.00603106
0.00609141
0.00615128
0.00621061
0.0062693
0.00632729
0.0063845
0.00644089
0.00649637
0.00655092
0.00660448
0.00665702
0.00670851
0.00675891
0.00680821
0.0068564
0.00690346
0.00694939
0.00699419
0.00703785
0.00708038
0.0071218
0.0071621
0.0072013
0.00723941
0.00498342
0.00504489
0.00510572
0.00516638
0.00522718
0.00528827
0.00534972
0.00541152
0.00547362
0.00553594
0.00559839
0.00566087
0.00572327
0.00578546
0.00584736
0.00590886
0.00596985
0.00603026
0.00608999
0.00614896
0.0062071
0.00626433
0.0063206
0.00637585
0.00643002
0.00648308
0.00653498
0.00658569
0.00663518
0.00668344
0.00673045
0.0067762
0.00682068
0.00686389
0.00690583
0.0069465
0.00698592
0.00702409
0.00706102
0.0047191
0.00477955
0.00483976
0.00490009
0.00496081
0.00502204
0.00508383
0.00514616
0.00520897
0.00527217
0.00533565
0.0053993
0.00546299
0.00552661
0.00559003
0.00565314
0.00571583
0.00577799
0.00583953
0.00590035
0.00596036
0.00601949
0.00607765
0.00613478
0.00619082
0.00624571
0.00629939
0.00635183
0.00640298
0.00645281
0.0065013
0.00654843
0.00659418
0.00663853
0.00668149
0.00672304
0.0067632
0.00680196
0.00683934
0.00687534
0.00444583
0.00450481
0.00456401
0.00462371
0.00468407
0.00474518
0.00480705
0.00486965
0.00493289
0.0049967
0.00506096
0.00512553
0.00519029
0.00525512
0.00531988
0.00538444
0.00544868
0.00551249
0.00557575
0.00563835
0.00570019
0.00576119
0.00582126
0.00588031
0.00593827
0.00599507
0.00605064
0.00610494
0.00615791
0.0062095
0.00625969
0.00630843
0.0063557
0.00640149
0.00644577
0.00648854
0.00652978
0.0065695
0.0066077
0.00664437
0.00416658
0.00422358
0.00428129
0.00433992
0.00439954
0.00446014
0.00452172
0.0045842
0.00464749
0.0047115
0.00477612
0.00484122
0.00490667
0.00497233
0.00503807
0.00510375
0.00516925
0.00523442
0.00529915
0.00536331
0.00542678
0.00548948
0.00555128
0.00561212
0.00567189
0.00573051
0.00578791
0.00584401
0.00589877
0.00595212
0.00600401
0.0060544
0.00610326
0.00615056
0.00619626
0.00624035
0.00628282
0.00632365
0.00636283
0.00640037
0.00643625
0.00388396
0.00393876
0.0039947
0.0040519
0.00411039
0.00417008
0.0042309
0.00429277
0.00435562
0.00441932
0.00448377
0.00454886
0.00461446
0.00468043
0.00474663
0.00481294
0.00487919
0.00494527
0.00501104
0.00507635
0.00514108
0.00520512
0.00526834
0.00533066
0.00539195
0.00545214
0.00551113
0.00556883
0.00562518
0.0056801
0.00573353
0.00578542
0.00583572
0.00588439
0.0059314
0.00597671
0.0060203
0.00606215
0.00610225
0.00614058
0.00617713
0.00621194
0.00360132
0.0036537
0.00370765
0.00376315
0.00382014
0.00387851
0.00393813
0.00399891
0.00406076
0.00412358
0.00418726
0.0042517
0.00431678
0.00438239
0.00444839
0.00451464
0.00458102
0.00464736
0.00471355
0.00477942
0.00484485
0.00490971
0.00497386
0.00503718
0.00509956
0.00516089
0.00522107
0.00527999
0.00533758
0.00539373
0.00544838
0.00550146
0.0055529
0.00560266
0.00565067
0.00569691
0.00574134
0.00578392
0.00582463
0.00586345
0.0059004
0.00593546
0.0033231
0.00337161
0.00342326
0.00347688
0.00353216
0.00358895
0.00364706
0.00370633
0.00376671
0.00382809
0.00389039
0.00395353
0.0040174
0.00408191
0.00414695
0.00421238
0.00427807
0.0043439
0.00440972
0.00447539
0.00454077
0.00460572
0.00467011
0.00473378
0.00479662
0.00485851
0.00491932
0.00497894
0.00503726
0.00509417
0.00514959
0.00520342
0.00525558
0.00530601
0.00535463
0.00540139
0.00544625
0.00548915
0.00553006
0.005569
0.0056059
0.00564079
0.00567368
0.00305534
0.00309733
0.00314477
0.00319565
0.00324893
0.0033041
0.00336079
0.00341838
0.00347698
0.00353656
0.00359703
0.00365832
0.00372036
0.00378309
0.00384641
0.00391021
0.0039744
0.00403885
0.00410341
0.00416799
0.00423243
0.0042966
0.00436034
0.00442354
0.00448602
0.00454767
0.00460837
0.00466798
0.00472636
0.00478341
0.004839
0.00489301
0.00494536
0.00499595
0.00504469
0.0050915
0.00513632
0.00517908
0.0052198
0.00525838
0.00529486
0.00532932
0.0053624
0.00539375
0.00280067
0.00283519
0.00287856
0.00292624
0.00297655
0.00302874
0.00308252
0.00313769
0.00319415
0.00325184
0.0033104
0.00336956
0.0034294
0.00348988
0.00355091
0.00361244
0.00367438
0.00373663
0.00379911
0.00386168
0.00392425
0.00398667
0.0040488
0.00411053
0.00417168
0.00423215
0.0042918
0.0043505
0.0044081
0.00446447
0.00451946
0.00457295
0.00462481
0.00467492
0.00472318
0.00476948
0.00481373
0.00485585
0.00489584
0.00493368
0.0049697
0.00500424
0.00503686
0.00506743
0.0025567
0.00258557
0.00262531
0.00267006
0.00271744
0.00276671
0.00281748
0.00286958
0.00292291
0.0029774
0.00303299
0.00308959
0.00314715
0.00320537
0.00326388
0.0033228
0.00338205
0.00344157
0.0035013
0.00356113
0.00362101
0.00368079
0.00374041
0.0037997
0.00385856
0.00391683
0.00397442
0.0040312
0.00408702
0.00414176
0.00419525
0.00424735
0.00429792
0.00434681
0.0043939
0.00443904
0.00448213
0.00452316
0.004562
0.00459919
0.00463486
0.00466867
0.00470045
0.00472999
0.00475732
0.00232276
0.00234831
0.00238535
0.0024275
0.00247219
0.00251857
0.00256631
0.0026153
0.00266546
0.00271672
0.00276903
0.0028223
0.00287647
0.00293148
0.00298723
0.0030437
0.00310027
0.00315692
0.00321363
0.00327039
0.00332711
0.00338376
0.00344022
0.00349642
0.00355222
0.00360748
0.00366214
0.0037161
0.00376924
0.00382145
0.00387258
0.00392249
0.00397102
0.00401801
0.0040633
0.00410674
0.00414838
0.00418799
0.00422598
0.00426274
0.00429791
0.00433114
0.00436245
0.00439164
0.00441882
0.00444377
0.00210202
0.00212396
0.00215848
0.00219826
0.00224045
0.00228408
0.00232889
0.00237483
0.00242185
0.00246991
0.00251896
0.00256892
0.00261971
0.00267132
0.00272362
0.0027766
0.00283012
0.00288414
0.00293815
0.00299194
0.00304553
0.00309896
0.00315213
0.00320502
0.00325749
0.00330952
0.00336093
0.00341172
0.00346182
0.00351115
0.00355961
0.00360709
0.00365348
0.00369863
0.0037424
0.00378463
0.00382548
0.00386467
0.00390298
0.00394004
0.00397545
0.00400884
0.00404008
0.00406892
0.00409534
0.00411916
0.0018954
0.00191243
0.00194403
0.00198138
0.00202119
0.00206233
0.00210446
0.00214751
0.00219151
0.00223647
0.00228232
0.00232903
0.00237651
0.00242474
0.00247363
0.00252315
0.00257321
0.00262378
0.00267469
0.0027259
0.0027768
0.00282733
0.00287749
0.00292736
0.00297683
0.00302591
0.00307444
0.00312247
0.00316999
0.00321701
0.0032635
0.00330941
0.00335462
0.00339894
0.00344211
0.00348398
0.0035242
0.0035627
0.00360017
0.00363585
0.00366949
0.00370081
0.00372971
0.00375602
0.00377971
0.00380061
0.00381871
0.00170655
0.00171641
0.00174333
0.00177718
0.00181401
0.00185251
0.00189201
0.00193227
0.00197338
0.00201536
0.00205817
0.00210174
0.00214603
0.00219099
0.00223653
0.00228264
0.00232925
0.00237635
0.00242382
0.00247162
0.00251961
0.00256773
0.00261518
0.00266232
0.0027091
0.00275563
0.00280193
0.00284783
0.00289349
0.00293896
0.0029842
0.00302901
0.00307307
0.00311599
0.00315742
0.00319722
0.00323513
0.00327197
0.00330719
0.00334033
0.00337125
0.0033997
0.00342567
0.00344896
0.00346955
0.00348727
0.00350255
0.00351646
0.00155047
0.00154975
0.00156707
0.00159239
0.0016224
0.00165636
0.0016926
0.00172918
0.00176684
0.00180568
0.00184551
0.00188593
0.00192708
0.0019689
0.00201131
0.00205416
0.00209742
0.00214108
0.00218509
0.00222945
0.00227401
0.00231883
0.00236375
0.00240831
0.00245263
0.00249676
0.00254096
0.00258502
0.00262916
0.0026733
0.00271713
0.00276022
0.00280218
0.00284271
0.00288155
0.00291866
0.00295442
0.00298887
0.00302143
0.00305177
0.00307981
0.00310536
0.00312839
0.00314871
0.0031663
0.00318151
0.00319522
0.00320652
0.00321485
0.00145365
0.00145
0.00145618
0.00146751
0.00148119
0.0014979
0.00152026
0.00154625
0.00157563
0.00160864
0.00164507
0.00168172
0.00171893
0.00175725
0.00179654
0.00183643
0.00187664
0.00191703
0.00195775
0.00199879
0.00204005
0.00208157
0.00212322
0.0021652
0.00220707
0.00224878
0.00229089
0.00233315
0.00237562
0.00241787
0.00245945
0.0025
0.00253925
0.00257697
0.00261298
0.0026475
0.00268096
0.00271279
0.00274259
0.00277011
0.00279534
0.00281809
0.00283832
0.00285584
0.00287098
0.00288476
0.00289605
0.00290444
0.00290965
0.00291146
0.00138333
0.0013791
0.00138332
0.00139076
0.00139886
0.00140739
0.00141666
0.00142693
0.00143868
0.00145451
0.00147574
0.00150023
0.00152792
0.00155888
0.00159275
0.00162919
0.00166627
0.00170333
0.00174077
0.00177855
0.00181679
0.00185541
0.00189415
0.00193325
0.00197287
0.00201226
0.00205203
0.00209214
0.00213206
0.00217147
0.00221006
0.00224755
0.00228376
0.00231847
0.00235165
0.0023839
0.00241473
0.00244383
0.00247088
0.00249568
0.00251825
0.00253839
0.00255593
0.00257115
0.0025851
0.00259671
0.00260545
0.00261102
0.00261338
0.0026123
0.00260654
0.00131571
0.00131362
0.00132217
0.00133155
0.0013397
0.00134655
0.00135252
0.00135811
0.00136382
0.00137013
0.00137735
0.00138565
0.00139558
0.00141063
0.00143054
0.00145348
0.00147927
0.00150773
0.00153846
0.00157093
0.00160502
0.00164042
0.00167652
0.00171315
0.00175025
0.0017875
0.00182453
0.00186144
0.00189794
0.00193389
0.00196907
0.00200326
0.00203625
0.00206786
0.0020984
0.00212803
0.00215611
0.00218246
0.00220681
0.00222904
0.00224911
0.00226686
0.00228215
0.0022965
0.0023086
0.00231792
0.00232433
0.00232762
0.00232763
0.00232364
0.00231567
0.00230391
0.00123064
0.00123411
0.00125131
0.00126777
0.00128141
0.00129209
0.00130028
0.00130651
0.00131133
0.00131529
0.00131887
0.00132247
0.00132649
0.00133133
0.00133706
0.0013438
0.00135213
0.00136533
0.00138373
0.00140485
0.00142868
0.00145504
0.00148371
0.00151381
0.00154495
0.00157706
0.00160958
0.00164197
0.00167412
0.00170595
0.00173725
0.00176781
0.00179738
0.00182575
0.00185365
0.00188044
0.00190572
0.00192934
0.00195115
0.00197099
0.00198869
0.00200432
0.00201908
0.00203177
0.00204198
0.00204946
0.00205402
0.00205547
0.00205372
0.00204805
0.00203877
0.00202609
0.00111536
0.00112595
0.0011535
0.00118001
0.00120303
0.00122211
0.00123751
0.0012496
0.00125881
0.00126564
0.00127064
0.0012743
0.00127706
0.00127933
0.00128146
0.00128375
0.00128647
0.00128994
0.00129421
0.00129925
0.00130523
0.00131376
0.00132941
0.00134752
0.00136752
0.00138961
0.0014138
0.00143924
0.00146505
0.00149113
0.00151727
0.00154321
0.00156867
0.00159362
0.0016183
0.00164202
0.00166443
0.0016853
0.00170468
0.00172235
0.00173814
0.00175288
0.0017662
0.00177732
0.00178595
0.00179203
0.00179544
0.00179604
0.00179334
0.0017873
0.0017781
0.00176565
0.00174976
0.00173058
0.000966359
0.000982156
0.00101876
0.00105515
0.00108858
0.00111811
0.00114377
0.00116559
0.00118366
0.00119826
0.00120975
0.00121858
0.00122518
0.00122999
0.00123341
0.0012358
0.00123751
0.00123881
0.00123993
0.00124106
0.00124245
0.0012443
0.00124672
0.0012494
0.00125248
0.00125632
0.00126227
0.00127426
0.00128874
0.00130428
0.00132086
0.00133842
0.00135683
0.00137625
0.00139605
0.00141551
0.00143424
0.00145199
0.00146856
0.00148401
0.00149866
0.00151236
0.00152418
0.00153406
0.00154178
0.00154721
0.00155018
0.00155071
0.00154847
0.00154333
0.00153543
0.00152467
0.00151137
0.00149544
0.00147681
0.000789238
0.000805428
0.000846265
0.000889078
0.000930742
0.000969097
0.00100455
0.00103686
0.00106567
0.00109081
0.00111235
0.00113051
0.0011455
0.00115768
0.00116739
0.00117501
0.00118088
0.00118529
0.00118855
0.0011909
0.00119252
0.00119358
0.00119417
0.00119451
0.00119472
0.00119494
0.00119527
0.00119571
0.00119597
0.00119604
0.00119595
0.00119615
0.00119757
0.0012027
0.00121211
0.00122248
0.00123317
0.00124403
0.00125496
0.00126591
0.00127724
0.00128785
0.00129722
0.00130517
0.00131147
0.00131625
0.00131927
0.00132036
0.00131933
0.0013159
0.00131066
0.00130379
0.00129534
0.00128539
0.00127401
0.00126152
0.00060473
0.00061236
0.000645195
0.000686068
0.000732307
0.000774143
0.00081498
0.000854647
0.000892311
0.000926968
0.000958453
0.00098701
0.00101241
0.00103474
0.00105403
0.00107056
0.00108463
0.00109657
0.00110674
0.00111534
0.00112253
0.0011285
0.00113345
0.00113749
0.00114068
0.00114313
0.00114493
0.00114614
0.00114693
0.00114739
0.00114754
0.0011476
0.00114765
0.00114763
0.00114732
0.00114663
0.00114545
0.00114377
0.0011416
0.00113902
0.0011354
0.00113135
0.00112767
0.00112522
0.00112425
0.00112491
0.00112554
0.00112474
0.00112265
0.00111926
0.0011146
0.00110852
0.00110072
0.00109079
0.00107835
0.00106499
0.00104954
0.00102923
0.00100731
0.000485736
0.000479648
0.000491208
0.000506706
0.000522434
0.000549826
0.000582792
0.00062054
0.00066221
0.000702344
0.000738417
0.000773485
0.000806575
0.000837566
0.000866298
0.000892535
0.000915829
0.000936214
0.000954729
0.000971565
0.000986833
0.00100085
0.00101374
0.00102558
0.00103632
0.00104598
0.00105453
0.00106219
0.00106898
0.00107492
0.0010797
0.00108371
0.00108702
0.00108943
0.00109091
0.00109165
0.00109186
0.00109164
0.00109102
0.0010899
0.00108819
0.00108605
0.00108395
0.00108187
0.00107963
0.00107664
0.00107277
0.00106793
0.00106198
0.0010547
0.00104569
0.00103437
0.00101989
0.00100248
0.000981948
0.000957948
0.000930098
0.00089711
0.000857623
0.000809896
0.000411599
0.000397672
0.000393208
0.00039079
0.000392314
0.000400328
0.000415306
0.000431151
0.000441895
0.000452028
0.00046739
0.00049406
0.000522931
0.000552509
0.000583432
0.000616931
0.000649768
0.000674207
0.000697997
0.0007198
0.00073875
0.000757038
0.000775009
0.000792893
0.000810527
0.000827775
0.000844378
0.000860168
0.000875498
0.000890517
0.000904604
0.000918201
0.000931158
0.000943051
0.000953929
0.000963902
0.000972765
0.000980508
0.00098683
0.000991156
0.000994443
0.000997262
0.000999289
0.000999726
0.000998764
0.000996229
0.000992167
0.000986664
0.000979395
0.000970436
0.000959413
0.000945519
0.000927697
0.000905057
0.000876277
0.000840389
0.000795606
0.000738588
0.000663819
0.000570483
0.000319175
0.00030833
0.000309426
0.00030957
0.000308483
0.000305744
0.000301023
0.00029541
0.000292016
0.000292048
0.000296031
0.000308175
0.000335165
0.000355685
0.000369569
0.000379059
0.00038403
0.000384467
0.000381606
0.00037759
0.000372593
0.000367037
0.000361723
0.000357783
0.00035922
0.000368441
0.000378694
0.000389748
0.000401896
0.000414318
0.000426939
0.000440107
0.000453776
0.000467869
0.000482562
0.000498198
0.000515087
0.000534017
0.000556014
0.000579783
0.000604669
0.000633403
0.00066894
0.000696572
0.000710855
0.000718418
0.000720194
0.00071723
0.000709643
0.000697981
0.000682331
0.000662147
0.000636375
0.00060387
0.000563143
0.000512712
0.000450817
0.000376568
0.000290179
0.000195335
9.60891e-06
5.52421e-06
5.41542e-06
5.64449e-06
6.29183e-06
8.95107e-06
1.99971e-05
6.95485e-05
0.000112034
0.000143225
0.000166524
0.000184782
0.000193978
0.000186557
0.000173241
0.00015686
0.000137807
0.000117103
9.62531e-05
7.64399e-05
5.8802e-05
4.39766e-05
3.26436e-05
2.44184e-05
1.89758e-05
1.58375e-05
1.6302e-05
1.77167e-05
1.92859e-05
2.10281e-05
2.29436e-05
2.50737e-05
2.74465e-05
3.00966e-05
3.30716e-05
3.64254e-05
4.02195e-05
4.45336e-05
4.94374e-05
5.49571e-05
6.11704e-05
6.74997e-05
7.31389e-05
7.80401e-05
8.11359e-05
8.30229e-05
8.42968e-05
8.48431e-05
8.44021e-05
8.27923e-05
7.94865e-05
7.4472e-05
6.74378e-05
5.79519e-05
4.55151e-05
3.1076e-05
1.76344e-05
8.91106e-06
4.80942e-06
3.11371e-06
0.00075404
0.000763501
0.000781816
0.000805185
0.000829514
0.000474897
0.000493083
0.000520588
0.000551678
0.000583822
0.000617105
0.000652481
0.000689231
0.000725433
0.000759651
0.000790618
0.000135729
0.000159708
0.000188913
0.000220805
0.000254904
0.000291124
0.000329264
0.000368822
0.000409023
0.000449237
0.0004888
0.000530719
0.000574492
0.000616092
0.00065169
3.74812e-06
5.36594e-06
7.1736e-06
1.00322e-05
1.41896e-05
2.01462e-05
2.87316e-05
4.09297e-05
5.71644e-05
7.85628e-05
0.000104364
0.000134605
0.00016736
0.000199113
0.000225813
0.000706883
0.000257304
0.000312097
)
;

boundaryField
{
    down
    {
        type            calculated;
        value           nonuniform List<scalar> 
61
(
0.0164014
0.0164595
0.0164589
0.0164591
0.0164615
0.0164608
0.0164588
0.016456
0.0164528
0.0164492
0.0164455
0.0164417
0.0164379
0.0164342
0.0164307
0.0164273
0.0164241
0.0164212
0.0164184
0.0164158
0.0164137
0.0164119
0.0164103
0.016409
0.0164079
0.0164069
0.0164061
0.0164055
0.0164049
0.0164044
0.0164039
0.0164036
0.0164033
0.016403
0.0164027
0.0164025
0.0164024
0.0164022
0.0164021
0.016402
0.0164019
0.0164018
0.0164017
0.0164016
0.0164016
0.0164015
0.0164015
0.0164015
0.0164014
0.0164014
0.0164014
0.0164014
0.0164014
0.0164014
0.0164014
0.0164014
0.0164014
0.0164014
0.0164014
0.0164014
0.0164014
)
;
    }
    right
    {
        type            calculated;
        value           nonuniform List<scalar> 
91
(
0.0164595
0.0164522
0.0164081
0.0163609
0.0163315
0.016288
0.0162781
0.0162384
0.0162311
0.0161934
0.0161488
0.016097
0.0160438
0.0159919
0.0159445
0.0158993
0.0158546
0.0158091
0.015762
0.0157126
0.0156602
0.0156043
0.0155445
0.0154804
0.0154114
0.0153372
0.0152575
0.0151719
0.0150805
0.0149832
0.0148804
0.0147726
0.0146605
0.0145455
0.014429
0.0143127
0.0141989
0.0140894
0.0139865
0.013892
0.0138075
0.0137342
0.0136729
0.0136241
0.013588
0.0135642
0.0135521
0.0135509
0.0135594
0.0135767
0.0136017
0.0136333
0.0136708
0.0137133
0.0137602
0.0138108
0.0138649
0.013922
0.013982
0.0140447
0.0143455
0.0148239
0.0153554
0.015878
0.016325
0.0166338
0.0167629
0.0167068
0.0165117
0.0162718
0.0160465
0.0157299
0.0152475
0.0145861
0.0138069
0.0130357
0.0124237
0.0121117
0.0120665
0.0121926
0.0124054
0.01265
0.0128971
0.0131326
0.0133509
0.0135508
0.0137326
0.0138977
0.0140501
0.0141903
0.0143195
)
;
    }
    up
    {
        type            calculated;
        value           nonuniform List<scalar> 0();
    }
    meanFlow
    {
        type            calculated;
        value           nonuniform List<scalar> 0();
    }
    surface
    {
        type            compressible::alphatWallFunction;
        Prt             0.85;
        value           nonuniform List<scalar> 
62
(
6.36762e-06
5.97653e-06
7.59574e-07
1.26763e-06
1.57079e-06
1.76478e-06
2.03824e-06
2.42601e-06
3.0389e-06
3.95368e-06
5.15666e-06
6.61877e-06
8.26653e-06
1.00717e-05
1.19781e-05
1.38573e-05
1.56377e-05
1.73418e-05
1.89957e-05
2.06162e-05
2.21999e-05
2.37332e-05
2.52242e-05
2.66744e-05
2.80932e-05
2.94821e-05
3.08226e-05
3.21187e-05
3.33585e-05
3.45455e-05
3.57039e-05
3.68067e-05
3.78631e-05
3.88259e-05
3.96883e-05
4.05021e-05
4.12589e-05
4.19407e-05
4.25477e-05
4.30685e-05
4.34819e-05
4.37795e-05
4.39557e-05
4.40153e-05
4.40086e-05
4.39209e-05
4.37167e-05
4.3381e-05
4.2893e-05
4.2265e-05
4.14981e-05
4.05988e-05
3.95801e-05
3.84588e-05
3.72512e-05
3.59752e-05
3.46336e-05
3.32224e-05
3.16948e-05
3.0002e-05
2.81063e-05
2.59641e-05
)
;
    }
    surfaceInner
    {
        type            compressible::alphatWallFunction;
        Prt             0.85;
        value           nonuniform List<scalar> 6(1.51974e-06 1.0615e-06 1.29e-06 1.36214e-06 1.07583e-06 1.03173e-06);
    }
    coandaInlet
    {
        type            calculated;
        value           nonuniform List<scalar> 0();
    }
    defaultFaces
    {
        type            empty;
    }
    procBoundary2to1
    {
        type            processor;
        value           nonuniform List<scalar> 
76
(
1.42446e-07
6.572e-07
7.92236e-07
2.02812e-06
4.36906e-06
7.24791e-06
9.65751e-06
1.0549e-05
9.2223e-06
6.56257e-06
3.71913e-06
1.62325e-06
6.07953e-07
5.03591e-07
1.19224e-07
0.0164017
0.016452
0.016406
0.0163571
0.0163422
0.0162961
0.0162957
0.0162779
0.0162605
0.0162209
0.0161581
0.0161118
0.0160643
0.0160202
0.0160202
0.0159743
0.0159239
0.0158672
0.0158026
0.0157281
0.0156415
0.0155399
0.01542
0.0152776
0.0151072
0.0149018
0.0146521
0.0143462
0.0139705
0.0135098
0.0129486
0.0122735
0.011478
0.0105709
0.00959056
0.00862632
0.00779794
0.00739298
0.0078173
0.00940687
0.0119876
0.0148837
0.0173928
0.0191407
0.0200352
0.0200731
0.0193839
0.0181284
0.0164207
0.0144202
0.012769
0.0112286
0.00966496
0.00806304
0.00642649
0.00481409
0.00352941
0.00262327
0.00191775
0.00135486
0.000909654
)
;
    }
    procBoundary2to5
    {
        type            processor;
        value           nonuniform List<scalar> 
106
(
0.0144382
0.0142749
0.0140963
0.0139165
0.0137298
0.0135353
0.0133323
0.0131212
0.0129018
0.0126742
0.0124386
0.0124386
0.0123161
0.0120636
0.0118037
0.011537
0.0112644
0.0109871
0.0109871
0.0108079
0.0105208
0.0102332
0.00994711
0.00994711
0.0097459
0.00946383
0.00918951
0.00918951
0.00898871
0.00872895
0.00872895
0.00853431
0.00829257
0.00806162
0.00806162
0.00788212
0.00766472
0.00766472
0.00748949
0.00727644
0.00727644
0.00709673
0.00709673
0.00690997
0.00667954
0.00667954
0.0064705
0.0064705
0.00624499
0.00596864
0.00596864
0.00570509
0.00570509
0.00542312
0.00509576
0.00509576
0.0047823
0.0047823
0.00446658
0.00414036
0.00414036
0.0038341
0.0038341
0.00352804
0.00352804
0.00322005
0.00322005
0.00290961
0.00290961
0.00259689
0.00259689
0.00228843
0.00200979
0.00200979
0.0019897
0.00170797
0.00170797
0.00145534
0.00145534
0.00124903
0.00124903
0.00122397
0.00119477
0.000986336
0.000986336
0.000970399
0.000975769
0.000984984
0.000995307
0.00100568
0.000852909
0.000852909
0.000874145
0.000896193
0.000918199
0.000939634
0.00095798
0.000817354
0.000817354
0.000842355
0.00086686
0.000888381
0.000921742
0.000793098
0.000793098
0.000446509
)
;
    }
}


// ************************************************************************* //
