/*--------------------------------*- C++ -*----------------------------------*\
  =========                 |
  \\      /  F ield         | OpenFOAM: The Open Source CFD Toolbox
   \\    /   O peration     | Website:  https://openfoam.org
    \\  /    A nd           | Version:  9
     \\/     M anipulation  |
\*---------------------------------------------------------------------------*/
FoamFile
{
    format      ascii;
    class       volScalarField;
    location    "0.0075";
    object      nuTilda;
}
// * * * * * * * * * * * * * * * * * * * * * * * * * * * * * * * * * * * * * //

dimensions      [0 2 -1 0 0 0 0];

internalField   nonuniform List<scalar> 
6352
(
0.0124611
0.0123917
0.0124347
0.0125259
0.0126302
0.0127323
0.0128267
0.0129119
0.012988
0.0130561
0.0131171
0.0131719
0.0132216
0.0132667
0.0133079
0.0133457
0.0133805
0.0134125
0.013442
0.0134693
0.0134946
0.0135181
0.0135399
0.0135602
0.013579
0.0123221
0.0122541
0.012296
0.0123859
0.0124911
0.0125966
0.0126956
0.012786
0.0128674
0.0129405
0.0130062
0.0130656
0.0131193
0.0131681
0.0132127
0.0132541
0.0132923
0.0133276
0.0133603
0.0133907
0.0134189
0.0134453
0.0134699
0.0134929
0.0135144
0.0121051
0.0121463
0.0122343
0.0123385
0.012446
0.012549
0.0126443
0.0127309
0.0128093
0.0128802
0.0129448
0.0130037
0.0130576
0.0131069
0.0131523
0.0131942
0.0132329
0.0132689
0.0133023
0.0133335
0.0133626
0.0133898
0.0134153
0.0134393
0.0119492
0.0119926
0.0120807
0.012185
0.0122935
0.0123987
0.0124974
0.0125883
0.0126716
0.0127476
0.0128171
0.0128806
0.0129388
0.0129923
0.0130415
0.013087
0.0131292
0.0131683
0.0132048
0.0132388
0.0132706
0.0133004
0.0133284
0.0133547
0.0117861
0.0118328
0.0119217
0.0120266
0.0121349
0.0122415
0.0123429
0.0124374
0.0125248
0.0126052
0.012679
0.0127469
0.0128095
0.0128671
0.0129204
0.0129698
0.0130156
0.0130582
0.013098
0.0131351
0.0131699
0.0132025
0.0132332
0.013262
0.0116155
0.0116667
0.0117566
0.0118617
0.0119699
0.0120772
0.0121802
0.0122774
0.0123682
0.0124524
0.0125304
0.0126025
0.0126692
0.012731
0.0127883
0.0128416
0.0128912
0.0129375
0.0129807
0.0130211
0.0130591
0.0130947
0.0131282
0.0131598
0.0114381
0.0114943
0.0115854
0.0116907
0.0117993
0.0119059
0.0120096
0.0121086
0.0122019
0.0122893
0.0123709
0.0124469
0.0125175
0.0125833
0.0126446
0.0127018
0.0127551
0.0128051
0.0128518
0.0128957
0.012937
0.0129758
0.0130123
0.0130468
0.0112546
0.0113159
0.011408
0.0115131
0.0116215
0.0117282
0.0118314
0.0119312
0.0120262
0.0121161
0.0122006
0.01228
0.0123542
0.0124237
0.0124888
0.0125497
0.0126068
0.0126604
0.0127107
0.0127581
0.0128027
0.0128447
0.0128845
0.012922
0.0110659
0.0111317
0.0112245
0.011329
0.0114367
0.011543
0.0116459
0.0117453
0.0118412
0.0119328
0.0120197
0.0121017
0.0121791
0.012252
0.0123205
0.012385
0.0124456
0.0125028
0.0125566
0.0126074
0.0126554
0.0127008
0.0127437
0.0127843
0.0108726
0.0109422
0.0110351
0.0111384
0.0112448
0.0113503
0.0114528
0.0115515
0.0116471
0.0117394
0.0118279
0.0119122
0.0119921
0.0120679
0.0121395
0.0122072
0.0122712
0.0123317
0.0123889
0.0124431
0.0124944
0.012543
0.0125891
0.0126329
0.0106757
0.0107479
0.0108401
0.0109415
0.011046
0.01115
0.0112515
0.0113497
0.0114443
0.0115363
0.0116254
0.0117111
0.011793
0.0118712
0.0119455
0.0120161
0.0120831
0.0121467
0.0122071
0.0122644
0.0123189
0.0123707
0.0124199
0.0124667
0.010476
0.0105494
0.0106398
0.0107386
0.0108404
0.0109422
0.0110421
0.0111392
0.0112331
0.0113239
0.0114125
0.0114986
0.0115818
0.0116617
0.0117382
0.0118113
0.011881
0.0119474
0.0120107
0.0120709
0.0121284
0.0121831
0.0122353
0.0122851
0.0103473
0.0104349
0.0105302
0.0106285
0.0107272
0.0108247
0.01092
0.0110127
0.0111025
0.0111898
0.0112751
0.0113585
0.0114393
0.0115173
0.0115922
0.0116641
0.011733
0.0117988
0.0118618
0.011922
0.0119796
0.0120346
0.0120872
0.0101424
0.0102262
0.0103168
0.0104107
0.0105056
0.0105998
0.0106926
0.0107833
0.0108717
0.0109577
0.0110415
0.0111237
0.0112044
0.0112829
0.011359
0.0114325
0.0115032
0.0115712
0.0116364
0.011699
0.0117591
0.0118167
0.011872
0.00993611
0.0100146
0.0100997
0.0101882
0.0102782
0.0103683
0.0104576
0.0105455
0.0106317
0.0107159
0.0107981
0.0108786
0.0109577
0.0110357
0.0111119
0.0111861
0.011258
0.0113274
0.0113944
0.0114589
0.0115211
0.0115809
0.0116385
0.00972986
0.00980194
0.00988035
0.00996251
0.0100467
0.0101316
0.0102164
0.0103005
0.0103835
0.0104651
0.0105452
0.0106237
0.0107007
0.0107767
0.0108517
0.0109255
0.0109976
0.0110677
0.0111357
0.0112016
0.0112652
0.0113267
0.0113861
0.00952579
0.0095903
0.00966098
0.0097357
0.00981293
0.00989158
0.00997083
0.0100501
0.0101289
0.0102069
0.0102839
0.0103597
0.0104343
0.0105077
0.0105803
0.0106521
0.0107231
0.0107928
0.0108609
0.0109272
0.0109917
0.0110541
0.0111147
0.00938249
0.00944446
0.00951073
0.00957999
0.00965126
0.0097238
0.00979699
0.00987038
0.00994361
0.0100164
0.0100885
0.0101598
0.0102301
0.0102997
0.0103685
0.0104368
0.0105046
0.0105714
0.0106371
0.0107013
0.0107638
0.0108247
0.0091819
0.00923437
0.00929131
0.00935163
0.00941447
0.00947913
0.00954506
0.00961179
0.00967896
0.00974623
0.00981337
0.00988016
0.00994646
0.0100122
0.0100773
0.0101419
0.0102061
0.0102701
0.0103336
0.0103961
0.0104576
0.0105177
0.00899234
0.00903481
0.0090818
0.00913241
0.00918589
0.00924165
0.00929918
0.00935803
0.00941785
0.00947832
0.00953914
0.00960011
0.00966102
0.00972174
0.00978216
0.00984223
0.00990197
0.00996153
0.010021
0.0100803
0.010139
0.010197
0.00885
0.00888679
0.00892726
0.00897079
0.00901688
0.00906509
0.00911503
0.00916635
0.00921875
0.00927196
0.00932574
0.00937989
0.00943424
0.00948863
0.00954296
0.00959718
0.00965131
0.00970542
0.00975949
0.00981358
0.00986757
0.00868355
0.00871046
0.00874088
0.00877436
0.00881047
0.00884885
0.00888919
0.00893119
0.00897456
0.00901907
0.00906449
0.00911061
0.00915726
0.00920427
0.00925151
0.0092989
0.0093464
0.00939391
0.00944147
0.00948913
0.00953702
0.00853778
0.00855576
0.00857689
0.00860083
0.00862727
0.00865595
0.0086866
0.008719
0.0087529
0.00878812
0.00882443
0.00886166
0.00889963
0.00893819
0.00897719
0.00901654
0.00905614
0.00909593
0.00913586
0.00917592
0.00921618
0.00842346
0.00843674
0.00845239
0.00847021
0.00849001
0.00851163
0.00853489
0.00855961
0.00858564
0.00861281
0.00864098
0.00866998
0.00869969
0.00872996
0.00876071
0.00879181
0.0088232
0.00885478
0.00888652
0.00891838
0.00831142
0.00831895
0.00832824
0.0083392
0.00835171
0.00836569
0.00838103
0.00839761
0.00841535
0.00843411
0.00845379
0.00847428
0.00849546
0.00851722
0.00853948
0.00856214
0.00858511
0.0086083
0.00863166
0.00865513
0.00821879
0.00822422
0.00823067
0.00823812
0.00824654
0.00825589
0.00826612
0.00827719
0.00828904
0.00830161
0.00831482
0.00832861
0.00834289
0.00835761
0.00837271
0.00838809
0.00840371
0.00841949
0.00843538
0.00812848
0.00813286
0.00813755
0.0081426
0.00814803
0.00815384
0.00816007
0.0081667
0.00817373
0.00818116
0.00818895
0.00819708
0.00820552
0.00821423
0.00822319
0.00823234
0.00824165
0.00825107
0.00826057
0.00804408
0.00804986
0.00805534
0.00806057
0.00806562
0.00807053
0.00807536
0.00808014
0.00808491
0.00808968
0.00809447
0.00809928
0.00810414
0.00810904
0.00811396
0.00811887
0.00812375
0.00812858
0.0079557
0.00796424
0.00797193
0.00797886
0.00798513
0.00799081
0.00799599
0.00800077
0.00800531
0.00800961
0.00801368
0.00801755
0.00802122
0.00802471
0.00802802
0.00803117
0.00803417
0.00784291
0.00785659
0.00786888
0.00787987
0.00788968
0.00789841
0.00790617
0.00791304
0.00791931
0.00792502
0.00793017
0.00793481
0.00793896
0.00794266
0.00794594
0.00794884
0.00795139
0.00772104
0.00773951
0.00775621
0.00777127
0.00778476
0.00779681
0.00780754
0.00781723
0.00782602
0.00783393
0.00784099
0.00784722
0.0078527
0.00785745
0.00786155
0.00786505
0.007573
0.00759635
0.00761762
0.00763688
0.00765425
0.0076699
0.00768432
0.00769743
0.00770925
0.00771979
0.00772913
0.0077373
0.00774439
0.00775048
0.00775563
0.00736043
0.00739058
0.00741824
0.00744351
0.00746664
0.00748814
0.0075079
0.00752586
0.00754205
0.00755647
0.00756921
0.00758033
0.00758993
0.00759809
0.00760491
0.00713112
0.00716453
0.0071959
0.00722526
0.00725243
0.0072773
0.00729984
0.00732006
0.00733801
0.00735376
0.00736738
0.00737895
0.00738859
0.00739639
0.00685196
0.00688878
0.00692298
0.00695439
0.00698294
0.0070086
0.00703136
0.00705127
0.0070684
0.00708282
0.0070946
0.00710394
0.0071116
0.00647948
0.00651937
0.00655605
0.00658938
0.00661924
0.00664561
0.00666849
0.00668786
0.00670379
0.00671639
0.00672671
0.00673545
0.00674244
0.0060883
0.00612447
0.00615673
0.00618492
0.00620897
0.00622887
0.0062446
0.0062573
0.00626805
0.00627647
0.00628234
0.00628557
0.00563093
0.00565859
0.00568151
0.00569965
0.00571375
0.00572536
0.00573428
0.00574
0.00574227
0.00573984
0.00573078
0.00510328
0.00511779
0.00512933
0.00513821
0.00514363
0.00514501
0.00513983
0.00512788
0.00510985
0.00508683
0.00451616
0.00452155
0.00452298
0.0045174
0.00450507
0.00448713
0.00446395
0.00443535
0.00439955
0.00391497
0.00390923
0.00389837
0.00388156
0.00385804
0.00382654
0.00378599
0.00373573
0.00334852
0.00334131
0.00332588
0.00330212
0.00326919
0.00322673
0.00317401
0.00311084
0.0028169
0.0027933
0.00276037
0.0027177
0.00266474
0.00260068
0.00252535
0.00225749
0.00220638
0.00214459
0.00207104
0.00198522
0.00174667
0.00167696
0.0015948
0.001499
0.0013147
0.00121567
0.00110334
0.0135938
0.0135939
0.0135941
0.0135943
0.0135944
0.0135946
0.0135947
0.0135949
0.013595
0.0135951
0.0135953
0.0135954
0.0135955
0.0135956
0.0135957
0.0135958
0.0135959
0.013596
0.0135961
0.0135962
0.0135312
0.0135314
0.0135316
0.0135318
0.013532
0.0135321
0.0135323
0.0135325
0.0135326
0.0135328
0.0135329
0.0135331
0.0135332
0.0135333
0.0135335
0.0135336
0.0135337
0.0135338
0.0135339
0.013534
0.0134576
0.0134578
0.013458
0.0134582
0.0134584
0.0134586
0.0134588
0.013459
0.0134592
0.0134594
0.0134596
0.0134597
0.0134599
0.01346
0.0134602
0.0134603
0.0134605
0.0134606
0.0134607
0.0134609
0.0133746
0.0133749
0.0133751
0.0133754
0.0133756
0.0133758
0.013376
0.0133763
0.0133765
0.0133767
0.0133769
0.0133771
0.0133773
0.0133775
0.0133777
0.0133778
0.013378
0.0133782
0.0133783
0.0133785
0.0132835
0.0132838
0.013284
0.0132843
0.0132846
0.0132848
0.0132851
0.0132853
0.0132855
0.0132858
0.013286
0.0132862
0.0132865
0.0132867
0.0132869
0.0132871
0.0132873
0.0132875
0.0132876
0.0132878
0.0131829
0.0131832
0.0131835
0.0131838
0.0131841
0.0131844
0.0131846
0.0131849
0.0131852
0.0131854
0.0131857
0.0131859
0.0131862
0.0131864
0.0131866
0.0131868
0.0131871
0.0131873
0.0131875
0.0131877
0.0130716
0.013072
0.0130723
0.0130726
0.013073
0.0130733
0.0130736
0.0130739
0.0130741
0.0130744
0.0130747
0.013075
0.0130752
0.0130755
0.0130757
0.013076
0.0130762
0.0130764
0.0130766
0.0130768
0.0129486
0.0129489
0.0129493
0.0129497
0.01295
0.0129504
0.0129507
0.012951
0.0129513
0.0129516
0.0129519
0.0129522
0.0129525
0.0129528
0.012953
0.0129533
0.0129535
0.0129537
0.012954
0.0129542
0.0128127
0.0128131
0.0128135
0.0128139
0.0128143
0.0128146
0.012815
0.0128153
0.0128157
0.012816
0.0128163
0.0128166
0.0128169
0.0128172
0.0128175
0.0128177
0.012818
0.0128182
0.0128185
0.0128187
0.0126629
0.0126634
0.0126638
0.0126642
0.0126647
0.0126651
0.0126655
0.0126658
0.0126662
0.0126665
0.0126669
0.0126672
0.0126675
0.0126678
0.0126681
0.0126684
0.0126686
0.0126689
0.0126691
0.0126693
0.0124984
0.0124989
0.0124994
0.0124999
0.0125003
0.0125008
0.0125012
0.0125016
0.012502
0.0125023
0.0125027
0.012503
0.0125034
0.0125037
0.012504
0.0125042
0.0125045
0.0125048
0.012505
0.0125052
0.0123183
0.0123189
0.0123194
0.01232
0.0123205
0.0123209
0.0123214
0.0123218
0.0123222
0.0123226
0.012323
0.0123234
0.0123237
0.012324
0.0123243
0.0123246
0.0123248
0.0123251
0.0123253
0.0123255
0.0121219
0.0121225
0.0121231
0.0121236
0.0121242
0.0121247
0.0121252
0.0121256
0.0121261
0.0121265
0.0121269
0.0121273
0.0121276
0.0121279
0.0121282
0.0121285
0.0121288
0.012129
0.0121292
0.0121294
0.0119079
0.0119086
0.0119092
0.0119098
0.0119104
0.011911
0.0119115
0.011912
0.0119124
0.0119129
0.0119133
0.0119137
0.0119141
0.0119144
0.0119147
0.011915
0.0119153
0.0119155
0.0119157
0.0119159
0.0116754
0.0116762
0.0116769
0.0116775
0.0116782
0.0116788
0.0116793
0.0116799
0.0116804
0.0116809
0.0116813
0.0116817
0.0116821
0.0116824
0.0116827
0.011683
0.0116833
0.0116835
0.0116837
0.0116839
0.0114238
0.0114246
0.0114254
0.0114261
0.0114268
0.0114274
0.011428
0.0114286
0.0114292
0.0114297
0.0114301
0.0114306
0.011431
0.0114313
0.0114316
0.0114319
0.0114322
0.0114324
0.0114326
0.0114328
0.0111528
0.0111537
0.0111545
0.0111553
0.011156
0.0111567
0.0111574
0.011158
0.0111586
0.0111591
0.0111596
0.01116
0.0111605
0.0111608
0.0111612
0.0111615
0.0111618
0.011162
0.0111622
0.0111623
0.0108627
0.0108637
0.0108646
0.0108654
0.0108662
0.010867
0.0108677
0.0108683
0.0108689
0.0108695
0.01087
0.0108705
0.010871
0.0108714
0.0108717
0.010872
0.0108723
0.0108725
0.0108727
0.0108729
0.010555
0.010556
0.0105569
0.0105578
0.0105587
0.0105595
0.0105602
0.0105609
0.0105616
0.0105622
0.0105627
0.0105632
0.0105637
0.0105641
0.0105645
0.0105648
0.0105651
0.0105654
0.0105656
0.0105657
0.0102327
0.0102337
0.0102347
0.0102357
0.0102366
0.0102374
0.0102382
0.010239
0.0102396
0.0102403
0.0102409
0.0102414
0.0102419
0.0102423
0.0102427
0.0102431
0.0102434
0.0102437
0.0102439
0.010244
0.00990082
0.0099019
0.00990293
0.0099039
0.00990482
0.00990568
0.0099065
0.00990726
0.00990797
0.00990863
0.00990923
0.00990979
0.0099103
0.00991076
0.00991118
0.00991154
0.00991186
0.00991213
0.00991235
0.00991248
0.00956662
0.00956769
0.00956871
0.00956967
0.00957059
0.00957145
0.00957226
0.00957302
0.00957372
0.00957438
0.00957499
0.00957555
0.00957606
0.00957652
0.00957694
0.0095773
0.00957762
0.0095779
0.00957811
0.00957823
0.00924092
0.00924194
0.0092429
0.00924381
0.00924467
0.00924549
0.00924626
0.00924697
0.00924765
0.00924827
0.00924885
0.00924938
0.00924986
0.0092503
0.0092507
0.00925104
0.00925135
0.00925161
0.00925179
0.00925189
0.00893753
0.00893843
0.00893929
0.0089401
0.00894087
0.00894159
0.00894227
0.00894291
0.00894351
0.00894406
0.00894457
0.00894504
0.00894547
0.00894585
0.0089462
0.00894651
0.00894677
0.00894697
0.00894709
0.00894714
0.00866891
0.00866967
0.00867039
0.00867108
0.00867173
0.00867234
0.00867291
0.00867345
0.00867395
0.00867442
0.00867485
0.00867524
0.0086756
0.00867592
0.00867621
0.00867646
0.00867666
0.00867679
0.00867685
0.00867684
0.00844449
0.0084451
0.00844568
0.00844623
0.00844674
0.00844723
0.00844769
0.00844813
0.00844853
0.0084489
0.00844924
0.00844955
0.00844984
0.00845009
0.00845032
0.0084505
0.00845062
0.00845069
0.0084507
0.00845069
0.00826588
0.00826634
0.00826677
0.00826718
0.00826757
0.00826795
0.0082683
0.00826863
0.00826894
0.00826923
0.0082695
0.00826975
0.00826998
0.00827018
0.00827037
0.00827052
0.00827063
0.00827069
0.00827072
0.00827071
0.00813146
0.00813175
0.00813203
0.0081323
0.00813256
0.0081328
0.00813304
0.00813327
0.00813348
0.00813368
0.00813388
0.00813406
0.00813422
0.00813438
0.00813452
0.00813463
0.00813472
0.00813478
0.00813481
0.00813481
0.0080359
0.0080361
0.0080363
0.0080365
0.00803668
0.00803686
0.00803703
0.00803719
0.00803734
0.00803749
0.00803762
0.00803774
0.00803785
0.00803793
0.00803799
0.00803802
0.00803803
0.00803802
0.00803801
0.00803798
0.00795275
0.00795294
0.00795312
0.00795331
0.00795349
0.00795366
0.00795384
0.007954
0.00795416
0.00795432
0.00795447
0.00795462
0.00795475
0.00795488
0.00795499
0.00795509
0.00795517
0.00795523
0.00795526
0.00795527
0.00786683
0.00786709
0.00786736
0.00786762
0.00786787
0.00786812
0.00786837
0.00786861
0.00786885
0.00786909
0.00786931
0.00786954
0.00786975
0.00786996
0.00787016
0.00787035
0.00787054
0.00787071
0.00787087
0.007871
0.00775821
0.00775862
0.00775903
0.00775944
0.00775984
0.00776024
0.00776063
0.00776102
0.00776141
0.00776179
0.00776216
0.00776253
0.00776289
0.00776324
0.00776359
0.00776392
0.00776425
0.00776457
0.00776487
0.00776516
0.00760822
0.00760882
0.00760942
0.00761001
0.0076106
0.00761119
0.00761178
0.00761235
0.00761293
0.0076135
0.00761406
0.00761462
0.00761517
0.00761572
0.00761625
0.00761678
0.0076173
0.0076178
0.0076183
0.00761879
0.00740003
0.00740082
0.00740161
0.0074024
0.00740319
0.00740398
0.00740476
0.00740555
0.00740633
0.00740711
0.00740789
0.00740866
0.00740943
0.00741019
0.00741094
0.00741169
0.00741244
0.00741317
0.00741389
0.00741461
0.0071155
0.00711654
0.00711758
0.00711862
0.00711966
0.00712071
0.00712177
0.00712282
0.00712388
0.00712494
0.007126
0.00712706
0.00712812
0.00712918
0.00713024
0.00713129
0.00713234
0.00713339
0.00713443
0.00713547
0.00674554
0.00674654
0.0067476
0.00674869
0.00674983
0.00675101
0.00675222
0.00675347
0.00675475
0.00675605
0.00675738
0.00675874
0.0067601
0.00676147
0.00676285
0.00676423
0.00676562
0.00676702
0.00676842
0.00676982
0.00628582
0.00628608
0.00628648
0.006287
0.00628766
0.00628844
0.00628933
0.00629033
0.00629143
0.00629263
0.00629393
0.00629531
0.00629676
0.00629829
0.00629989
0.00630155
0.00630327
0.00630503
0.00630685
0.00630873
0.00572073
0.00572043
0.00572021
0.0057201
0.00572008
0.00572028
0.00572073
0.00572142
0.00572234
0.00572347
0.0057248
0.00572631
0.005728
0.00572985
0.00573185
0.00573399
0.00573626
0.00573864
0.00574114
0.00574369
0.00506837
0.00506772
0.0050672
0.00506682
0.00506657
0.00506645
0.00506646
0.00506682
0.00506753
0.00506855
0.00506988
0.00507149
0.00507337
0.0050755
0.00507787
0.00508046
0.00508325
0.00508625
0.00508941
0.00509266
0.00436757
0.0043663
0.00436523
0.00436436
0.00436368
0.00436319
0.00436289
0.00436278
0.00436295
0.00436362
0.00436474
0.00436629
0.00436823
0.00437054
0.00437318
0.00437614
0.00437939
0.00438291
0.00438659
0.0043904
0.00369106
0.00368913
0.00368749
0.00368613
0.00368505
0.00368424
0.00368369
0.0036834
0.00368335
0.00368388
0.00368504
0.00368677
0.00368902
0.00369173
0.00369488
0.00369842
0.00370229
0.00370632
0.00371052
0.00371487
0.00305488
0.00305232
0.00305019
0.00304847
0.00304714
0.0030462
0.00304564
0.00304542
0.00304579
0.00304704
0.00304909
0.00305184
0.00305523
0.00305918
0.00306345
0.00306795
0.00307269
0.00307764
0.00308279
0.00308812
0.00245776
0.00245453
0.00245193
0.00244992
0.00244848
0.00244758
0.0024472
0.0024475
0.00244906
0.0024517
0.00245528
0.00245962
0.00246432
0.00246938
0.00247477
0.00248045
0.0024864
0.00249261
0.00249904
0.00250569
0.00190801
0.00190422
0.0019013
0.00189922
0.00189792
0.00189735
0.00189768
0.0018997
0.00190313
0.00190763
0.00191266
0.00191818
0.00192413
0.00193047
0.00193717
0.00194419
0.00195149
0.00195905
0.00196684
0.00197483
0.00141424
0.00141003
0.00140702
0.00140513
0.00140428
0.00140456
0.00140711
0.00141144
0.00141655
0.00142235
0.00142874
0.00143565
0.00144302
0.00145079
0.0014589
0.00146731
0.00147598
0.00148488
0.00149398
0.00150325
0.00099384
0.000987966
0.000984529
0.000982768
0.000982496
0.000985083
0.000989728
0.000995447
0.00100205
0.00100936
0.00101727
0.00102563
0.00103433
0.00104332
0.00105255
0.00106198
0.00107156
0.00108129
0.00109112
0.00110105
0.000635626
0.000636313
0.000640587
0.000646428
0.000653494
0.000661587
0.000670501
0.000680021
0.000689933
0.000700078
0.000709931
0.000719258
0.000728706
0.000738233
0.000747806
0.000757402
0.000767006
0.00077661
0.000477196
0.000487889
0.00049842
0.000508637
0.000518349
0.000527242
0.000535608
0.000543291
0.0135964
0.0135966
0.0135968
0.013597
0.0135972
0.0135341
0.0135343
0.0135345
0.0135348
0.013535
0.013461
0.0134613
0.0134615
0.0134618
0.0134621
0.0133787
0.013379
0.0133794
0.0133798
0.0133801
0.013288
0.0132885
0.0132889
0.0132893
0.0132897
0.0131879
0.0131884
0.0131889
0.0131893
0.0131898
0.0130771
0.0130776
0.0130781
0.0130787
0.0130792
0.0129544
0.012955
0.0129556
0.0129561
0.0129567
0.0128189
0.0128195
0.0128201
0.0128207
0.0128213
0.0126696
0.0126702
0.0126708
0.0126714
0.012672
0.0125054
0.0125061
0.0125067
0.0125073
0.0125079
0.0123257
0.0123263
0.0123269
0.0123275
0.0123281
0.0121296
0.0121302
0.0121308
0.0121313
0.0121319
0.011916
0.0119166
0.0119171
0.0119177
0.0119182
0.011684
0.0116846
0.0116851
0.0116856
0.0116861
0.0114329
0.0114334
0.0114339
0.0114344
0.0114349
0.0111624
0.0111628
0.0111633
0.0111638
0.0111643
0.0108729
0.0108733
0.0108737
0.0108742
0.0108746
0.0105658
0.0105661
0.0105665
0.010567
0.0105675
0.0102441
0.0102444
0.0102448
0.0102453
0.0102459
0.00991254
0.00991289
0.00991334
0.00991389
0.00991454
0.00957828
0.00957863
0.00957911
0.00957969
0.00958038
0.00925192
0.00925222
0.00925265
0.00925321
0.00925389
0.00894713
0.00894727
0.00894756
0.00894799
0.00894856
0.00867678
0.00867677
0.00867689
0.00867715
0.00867756
0.00845062
0.00845055
0.00845053
0.00845062
0.00845084
0.00827067
0.00827063
0.00827063
0.00827073
0.00827092
0.00813479
0.00813482
0.00813494
0.00813513
0.00813539
0.0080379
0.00803778
0.00803768
0.00803761
0.00803756
0.00795527
0.00795532
0.00795542
0.00795557
0.00795575
0.00787132
0.00787191
0.00787256
0.00787327
0.00787401
0.00776585
0.00776718
0.00776857
0.00777001
0.00777149
0.00761998
0.00762223
0.00762461
0.00762708
0.00762965
0.00741641
0.00741983
0.00742347
0.00742731
0.00743133
0.00713814
0.00714319
0.00714862
0.00715438
0.00716043
0.0067735
0.00678052
0.00678815
0.00679632
0.00680502
0.00631377
0.00632347
0.00633409
0.00634551
0.00635763
0.00575058
0.00576407
0.00577895
0.00579493
0.00581181
0.0051015
0.00511874
0.0051379
0.00515864
0.00518068
0.00440078
0.0044213
0.00444438
0.00446956
0.00449645
0.00372667
0.00375019
0.00377672
0.00380565
0.0038365
0.00310243
0.00313061
0.00316206
0.003196
0.00323181
0.00252314
0.0025568
0.00259376
0.00263307
0.00267403
0.00199519
0.00203396
0.00207597
0.00212008
0.00216554
0.001526
0.00156895
0.00161495
0.00166274
0.00171156
0.00112436
0.00116859
0.0012161
0.00126535
0.00131558
0.000798206
0.000839174
0.000882888
0.000928698
0.000976339
0.000559898
0.000592716
0.000623812
0.00065582
0.000692398
0.000375971
0.000392446
0.000407271
0.000425859
0.000450559
0.000215589
0.000219762
0.00023505
0.0135974
0.0135975
0.0135977
0.0135979
0.0135981
0.0135984
0.0135987
0.0135991
0.0135996
0.0136001
0.0136007
0.0136014
0.0136022
0.0136032
0.0136043
0.0136057
0.0136072
0.013609
0.0136111
0.0136135
0.0136162
0.0136194
0.013623
0.0136271
0.0136317
0.013637
0.0136429
0.0136496
0.0136572
0.0136656
0.013675
0.0136855
0.013697
0.0137098
0.0137238
0.0137391
0.0137557
0.0137737
0.0137931
0.0138137
0.0138356
0.0138586
0.0138828
0.013909
0.0139355
0.0139598
0.0139838
0.0140218
0.0140445
0.0140205
0.0135351
0.0135352
0.0135354
0.0135357
0.0135359
0.0135362
0.0135365
0.0135369
0.0135374
0.0135379
0.0135385
0.0135393
0.0135402
0.0135413
0.0135425
0.013544
0.0135458
0.0135479
0.0135504
0.0135534
0.0135568
0.0135608
0.0135654
0.0135706
0.0135764
0.0135831
0.0135906
0.013599
0.0136084
0.0136188
0.0136304
0.0136432
0.0136573
0.0136726
0.0136893
0.0137074
0.0137269
0.0137478
0.0137701
0.0137937
0.0138185
0.013844
0.0138699
0.013897
0.013926
0.0139522
0.0139751
0.0140136
0.014039
0.0140214
0.0134622
0.0134625
0.0134628
0.0134631
0.0134635
0.0134639
0.0134644
0.013465
0.0134656
0.0134664
0.0134673
0.0134683
0.0134695
0.013471
0.0134727
0.0134747
0.0134771
0.0134799
0.0134831
0.013487
0.0134914
0.0134965
0.0135024
0.013509
0.0135165
0.0135249
0.0135344
0.0135449
0.0135566
0.0135696
0.0135838
0.0135995
0.0136165
0.0136349
0.0136548
0.0136761
0.0136987
0.0137227
0.0137481
0.0137748
0.0138028
0.0138314
0.0138597
0.0138882
0.0139177
0.0139463
0.0139708
0.0140069
0.0140324
0.0140231
0.0133804
0.0133807
0.0133812
0.0133817
0.0133822
0.0133828
0.0133835
0.0133843
0.0133853
0.0133863
0.0133876
0.013389
0.0133906
0.0133926
0.0133949
0.0133975
0.0134007
0.0134043
0.0134087
0.0134137
0.0134194
0.013426
0.0134335
0.0134419
0.0134514
0.013462
0.0134738
0.013487
0.0135016
0.0135176
0.0135351
0.0135542
0.0135748
0.0135969
0.0136204
0.0136453
0.0136714
0.0136988
0.0137272
0.0137567
0.0137872
0.0138184
0.0138499
0.0138808
0.0139109
0.0139412
0.0139682
0.0140021
0.0140261
0.0140234
0.01329
0.0132905
0.0132911
0.0132917
0.0132924
0.0132933
0.0132942
0.0132952
0.0132964
0.0132978
0.0132995
0.0133013
0.0133035
0.013306
0.013309
0.0133124
0.0133165
0.0133213
0.0133269
0.0133333
0.0133406
0.013349
0.0133584
0.013369
0.0133809
0.0133942
0.013409
0.0134254
0.0134434
0.013463
0.0134844
0.0135075
0.0135323
0.0135586
0.0135863
0.0136154
0.0136455
0.0136765
0.0137084
0.013741
0.0137744
0.0138083
0.0138425
0.0138759
0.0139074
0.0139371
0.0139667
0.0139989
0.0140211
0.0140228
0.0131901
0.0131907
0.0131914
0.0131922
0.0131931
0.0131941
0.0131953
0.0131966
0.0131982
0.0131999
0.013202
0.0132044
0.0132071
0.0132104
0.0132142
0.0132186
0.0132239
0.0132301
0.0132371
0.0132453
0.0132545
0.013265
0.0132768
0.01329
0.0133049
0.0133214
0.0133396
0.0133598
0.0133818
0.0134058
0.0134317
0.0134595
0.0134891
0.0135202
0.0135527
0.0135863
0.0136208
0.0136558
0.0136913
0.0137271
0.0137632
0.0137997
0.0138363
0.0138722
0.0139055
0.0139349
0.0139656
0.0139971
0.0140176
0.0140218
0.0130795
0.0130803
0.0130811
0.0130821
0.0130832
0.0130844
0.0130859
0.0130875
0.0130894
0.0130916
0.0130942
0.0130972
0.0131007
0.0131048
0.0131097
0.0131154
0.0131221
0.0131299
0.0131388
0.013149
0.0131606
0.0131737
0.0131884
0.0132048
0.0132231
0.0132434
0.0132658
0.0132903
0.0133171
0.013346
0.0133772
0.0134103
0.0134452
0.0134818
0.0135196
0.0135582
0.0135974
0.0136368
0.013676
0.0137149
0.0137537
0.0137924
0.0138312
0.0138694
0.0139046
0.0139343
0.0139649
0.0139985
0.0140154
0.0140203
0.0129571
0.012958
0.012959
0.0129601
0.0129614
0.012963
0.0129647
0.0129667
0.0129691
0.0129718
0.012975
0.0129788
0.0129832
0.0129883
0.0129945
0.0130017
0.0130102
0.01302
0.0130311
0.0130439
0.0130583
0.0130745
0.0130927
0.0131129
0.0131354
0.0131602
0.0131875
0.0132172
0.0132494
0.013284
0.013321
0.0133602
0.0134011
0.0134436
0.0134872
0.0135313
0.0135755
0.0136194
0.0136625
0.0137046
0.0137458
0.0137866
0.0138272
0.0138673
0.0139044
0.0139344
0.0139645
0.0140005
0.0140142
0.0140186
0.0128217
0.0128227
0.0128239
0.0128252
0.0128268
0.0128285
0.0128306
0.0128331
0.0128359
0.0128393
0.0128432
0.0128478
0.0128533
0.0128598
0.0128676
0.0128766
0.0128872
0.0128994
0.0129133
0.0129291
0.0129469
0.0129669
0.0129893
0.0130141
0.0130415
0.0130717
0.0131047
0.0131404
0.0131789
0.0132201
0.0132637
0.0133095
0.0133571
0.0134061
0.0134558
0.0135057
0.0135552
0.0136037
0.0136507
0.0136959
0.0137396
0.0137821
0.0138241
0.0138659
0.0139047
0.013935
0.0139643
0.0140025
0.0140138
0.0140168
0.0126725
0.0126736
0.0126749
0.0126764
0.0126782
0.0126802
0.0126827
0.0126856
0.012689
0.0126931
0.0126979
0.0127036
0.0127104
0.0127185
0.0127281
0.0127394
0.0127525
0.0127675
0.0127847
0.0128042
0.012826
0.0128505
0.0128778
0.0129081
0.0129414
0.0129778
0.0130174
0.0130602
0.0131059
0.0131545
0.0132055
0.0132587
0.0133135
0.0133694
0.0134257
0.0134816
0.0135366
0.0135897
0.0136407
0.013689
0.0137348
0.0137788
0.013822
0.0138649
0.0139055
0.013936
0.0139644
0.0140036
0.0140157
0.014015
0.0125083
0.0125096
0.012511
0.0125127
0.0125147
0.0125171
0.01252
0.0125234
0.0125275
0.0125324
0.0125382
0.0125452
0.0125536
0.0125636
0.0125754
0.0125893
0.0126054
0.0126239
0.0126449
0.0126687
0.0126953
0.0127251
0.0127582
0.0127947
0.0128348
0.0128785
0.0129258
0.0129766
0.0130306
0.0130875
0.0131469
0.0132082
0.0132708
0.013334
0.0133972
0.0134593
0.0135197
0.0135776
0.0136323
0.0136835
0.0137313
0.0137766
0.0138205
0.0138644
0.0139065
0.0139372
0.0139646
0.0140038
0.0140175
0.0140132
0.0123286
0.0123299
0.0123314
0.0123333
0.0123356
0.0123383
0.0123416
0.0123456
0.0123505
0.0123564
0.0123635
0.0123719
0.0123822
0.0123944
0.012409
0.0124259
0.0124456
0.012468
0.0124936
0.0125224
0.0125546
0.0125906
0.0126304
0.0126742
0.0127221
0.0127741
0.0128301
0.0128899
0.0129532
0.0130194
0.013088
0.0131582
0.0132292
0.0133003
0.0133704
0.0134389
0.0135047
0.0135671
0.0136255
0.0136794
0.013729
0.0137753
0.0138198
0.0138642
0.0139076
0.0139385
0.0139651
0.0140036
0.0140177
0.0140116
0.0121323
0.0121337
0.0121354
0.0121375
0.01214
0.0121431
0.012147
0.0121517
0.0121575
0.0121645
0.0121731
0.0121833
0.0121958
0.0122108
0.0122284
0.012249
0.0122728
0.0122999
0.0123306
0.0123652
0.0124039
0.0124469
0.0124943
0.0125464
0.0126032
0.0126647
0.0127306
0.0128006
0.0128742
0.0129507
0.0130294
0.0131092
0.0131892
0.0132684
0.0133458
0.0134205
0.0134916
0.0135583
0.0136201
0.0136765
0.0137277
0.0137748
0.0138196
0.0138643
0.0139088
0.0139399
0.0139656
0.0140033
0.0140176
0.0140102
0.0119186
0.0119201
0.0119219
0.0119242
0.011927
0.0119306
0.0119351
0.0119407
0.0119476
0.0119561
0.0119664
0.0119788
0.011994
0.0120121
0.0120334
0.0120582
0.0120868
0.0121193
0.0121561
0.0121973
0.0122434
0.0122944
0.0123506
0.0124121
0.0124789
0.0125509
0.0126278
0.0127091
0.0127941
0.0128819
0.0129714
0.0130614
0.0131509
0.0132385
0.0133233
0.0134042
0.0134804
0.0135512
0.013616
0.0136746
0.0137272
0.0137748
0.0138198
0.0138646
0.0139101
0.0139414
0.0139662
0.014003
0.0140174
0.0140089
0.0116865
0.011688
0.01169
0.0116926
0.0116958
0.0117
0.0117053
0.0117119
0.0117201
0.0117303
0.0117426
0.0117577
0.011776
0.0117978
0.0118234
0.0118531
0.0118872
0.0119259
0.0119696
0.0120185
0.0120729
0.0121331
0.0121992
0.0122713
0.0123494
0.0124332
0.0125223
0.012616
0.0127134
0.0128134
0.0129146
0.0130154
0.0131146
0.0132109
0.013303
0.0133899
0.0134709
0.0135455
0.0136132
0.0136736
0.0137273
0.0137753
0.0138202
0.0138649
0.0139113
0.0139428
0.0139668
0.0140027
0.0140172
0.0140078
0.0114352
0.0114369
0.0114391
0.011442
0.0114457
0.0114506
0.0114568
0.0114647
0.0114745
0.0114867
0.0115015
0.0115196
0.0115416
0.0115676
0.0115982
0.0116335
0.0116738
0.0117196
0.0117711
0.0118286
0.0118925
0.011963
0.0120403
0.0121244
0.0122151
0.0123121
0.0124147
0.012522
0.0126328
0.0127458
0.0128594
0.0129715
0.0130807
0.0131857
0.013285
0.0133778
0.0134633
0.0135412
0.0136112
0.0136733
0.0137278
0.0137762
0.0138209
0.0138654
0.0139125
0.0139441
0.0139674
0.0140024
0.0140169
0.014007
0.0111646
0.0111664
0.0111689
0.0111722
0.0111766
0.0111824
0.0111898
0.0111992
0.0112109
0.0112254
0.0112431
0.0112648
0.0112909
0.0113218
0.0113579
0.0113994
0.0114469
0.0115005
0.0115608
0.011628
0.0117025
0.0117846
0.0118743
0.0119717
0.0120764
0.0121879
0.0123054
0.0124275
0.0125529
0.0126798
0.0128062
0.0129299
0.0130493
0.0131629
0.0132692
0.0133675
0.0134571
0.013538
0.0136102
0.0136735
0.0137287
0.0137772
0.0138218
0.0138659
0.0139137
0.0139454
0.013968
0.0140021
0.0140166
0.0140066
0.010875
0.0108771
0.0108799
0.0108838
0.010889
0.0108959
0.0109047
0.0109158
0.0109298
0.010947
0.010968
0.0109936
0.0110244
0.0110607
0.0111029
0.0111514
0.0112066
0.011269
0.0113389
0.0114169
0.0115032
0.0115982
0.0117018
0.0118139
0.011934
0.0120615
0.0121951
0.0123333
0.0124742
0.0126157
0.0127555
0.0128911
0.0130206
0.0131425
0.0132556
0.013359
0.0134523
0.0135358
0.0136097
0.0136741
0.0137298
0.0137784
0.0138227
0.0138665
0.0139147
0.0139466
0.0139686
0.0140018
0.0140163
0.0140062
0.0105679
0.0105703
0.0105736
0.0105783
0.0105844
0.0105925
0.010603
0.0106161
0.0106326
0.0106528
0.0106774
0.0107074
0.0107433
0.0107854
0.0108342
0.0108902
0.0109539
0.0110257
0.0111062
0.0111959
0.0112952
0.0114043
0.0115231
0.0116515
0.0117886
0.0119334
0.0120845
0.01224
0.0123973
0.0125541
0.0127076
0.0128551
0.0129946
0.0131246
0.013244
0.013352
0.0134487
0.0135345
0.0136098
0.013675
0.0137311
0.0137797
0.0138237
0.013867
0.0139157
0.0139476
0.0139692
0.0140017
0.014016
0.0140061
0.0102465
0.0102493
0.0102532
0.0102587
0.0102659
0.0102754
0.0102876
0.0103029
0.010322
0.0103454
0.0103738
0.0104084
0.0104495
0.0104977
0.0105534
0.0106173
0.0106898
0.0107717
0.0108635
0.0109659
0.0110793
0.0112038
0.0113393
0.0114854
0.0116409
0.0118046
0.0119745
0.0121482
0.0123228
0.0124954
0.0126627
0.0128221
0.0129714
0.0131091
0.0132342
0.0133465
0.0134461
0.0135337
0.0136102
0.013676
0.0137324
0.013781
0.0138246
0.0138675
0.0139166
0.0139486
0.0139697
0.014002
0.0140157
0.014006
0.00991542
0.00991866
0.00992323
0.00992949
0.00993785
0.00994875
0.0099627
0.00998024
0.010002
0.0100285
0.0100608
0.0100999
0.0101463
0.0102006
0.0102633
0.0103352
0.0104169
0.0105092
0.0106129
0.0107286
0.0108569
0.0109979
0.0111515
0.0113166
0.0114921
0.0116759
0.0118657
0.0120587
0.0122513
0.01244
0.0126211
0.0127921
0.0129508
0.0130957
0.0132262
0.0133422
0.0134443
0.0135335
0.0136109
0.0136772
0.0137338
0.0137822
0.0138256
0.013868
0.0139174
0.0139495
0.0139701
0.0140026
0.0140155
0.014006
0.00958151
0.00958513
0.00959024
0.00959724
0.00960655
0.00961869
0.00963417
0.00965359
0.00967759
0.00970696
0.00974273
0.00978596
0.00983726
0.00989727
0.00996672
0.0100464
0.0101373
0.0102402
0.0103561
0.0104858
0.0106298
0.0107882
0.0109607
0.0111463
0.011343
0.0115483
0.0117591
0.0119721
0.012183
0.0123879
0.0125829
0.0127652
0.0129328
0.0130843
0.0132195
0.0133388
0.0134431
0.0135336
0.0136117
0.0136784
0.0137351
0.0137834
0.0138265
0.0138685
0.0139182
0.0139504
0.0139706
0.0140032
0.0140152
0.014006
0.00925518
0.00925901
0.00926443
0.00927186
0.00928176
0.00929464
0.00931107
0.00933165
0.00935711
0.00938834
0.00942652
0.00947277
0.00952787
0.00959261
0.0096679
0.00975475
0.00985431
0.00996762
0.0100958
0.0102397
0.0103998
0.0105764
0.0107688
0.0109758
0.0111949
0.0114226
0.0116555
0.0118891
0.0121186
0.0123396
0.0125481
0.0127412
0.012917
0.0130747
0.0132142
0.0133364
0.0134424
0.013534
0.0136127
0.0136796
0.0137364
0.0137845
0.0138273
0.0138689
0.0139188
0.013951
0.0139709
0.0140037
0.014015
0.0140061
0.00894987
0.00895361
0.00895897
0.00896635
0.00897622
0.0089891
0.00900555
0.00902621
0.00905183
0.00908335
0.009122
0.00916914
0.00922589
0.00929334
0.00937265
0.00946508
0.00957196
0.00969468
0.00983452
0.00999253
0.0101691
0.0103643
0.0105775
0.0108067
0.0110491
0.0113
0.0115555
0.0118101
0.0120583
0.0122951
0.0125166
0.01272
0.0129035
0.0130666
0.0132099
0.0133345
0.0134421
0.0135346
0.0136137
0.0136808
0.0137375
0.0137856
0.0138281
0.0138693
0.0139186
0.0139509
0.0139713
0.0140037
0.0140148
0.0140064
0.0086786
0.00868199
0.00868695
0.00869382
0.00870305
0.00871512
0.00873059
0.00875007
0.00877428
0.00880414
0.00884081
0.00888577
0.00894084
0.00900777
0.00908813
0.00918354
0.00929565
0.00942603
0.00957616
0.00974726
0.00994002
0.0101541
0.0103882
0.0106404
0.0109067
0.0111816
0.01146
0.0117355
0.0120021
0.0122544
0.0124884
0.0127013
0.0128918
0.0130599
0.0132065
0.0133332
0.0134421
0.0135353
0.0136147
0.013682
0.0137387
0.0137866
0.0138289
0.0138697
0.0139181
0.0139506
0.0139716
0.0140037
0.0140147
0.0140067
0.00845152
0.00845421
0.0084585
0.00846448
0.00847253
0.0084831
0.00849669
0.00851387
0.00853529
0.00856177
0.00859434
0.0086344
0.00868393
0.00874572
0.00882276
0.00891726
0.00903118
0.00916644
0.00932474
0.00950736
0.00971506
0.00994754
0.0102028
0.0104782
0.0107688
0.011068
0.0113694
0.0116658
0.0119502
0.0122175
0.0124632
0.0126849
0.0128818
0.0130543
0.0132038
0.0133324
0.0134423
0.013536
0.0136157
0.013683
0.0137397
0.0137875
0.0138295
0.0138701
0.0139175
0.0139502
0.0139719
0.0140036
0.0140145
0.0140069
0.00827147
0.00827362
0.00827716
0.00828206
0.00828864
0.00829727
0.0083084
0.0083225
0.00834017
0.00836213
0.0083893
0.00842294
0.00846488
0.0085178
0.00858586
0.00867402
0.00878513
0.00892132
0.00908456
0.00927633
0.00949732
0.00974709
0.010023
0.0103216
0.0106364
0.01096
0.0112842
0.0116008
0.0119027
0.0121841
0.0124408
0.0126707
0.0128733
0.0130496
0.0132016
0.0133318
0.0134426
0.0135368
0.0136167
0.0136841
0.0137406
0.0137883
0.0138301
0.0138704
0.0139169
0.0139497
0.0139721
0.0140034
0.0140144
0.0140072
0.00813595
0.00813767
0.00814049
0.00814429
0.00814935
0.00815597
0.00816448
0.00817531
0.00818893
0.00820598
0.0082273
0.00825399
0.00828765
0.00833069
0.00838672
0.00846202
0.00856416
0.00869617
0.00886008
0.00905759
0.00928936
0.00955475
0.00985046
0.0101717
0.0105106
0.010858
0.0112045
0.0115407
0.0118593
0.0121541
0.012421
0.0126582
0.012866
0.0130457
0.0132
0.0133314
0.013443
0.0135375
0.0136176
0.013685
0.0137415
0.013789
0.0138307
0.0138708
0.0139163
0.0139493
0.0139723
0.0140033
0.0140143
0.0140074
0.00803751
0.00803827
0.00804009
0.00804298
0.00804686
0.00805192
0.00805841
0.0080666
0.00807685
0.00808967
0.0081057
0.00812591
0.00815168
0.00818507
0.00822909
0.00828891
0.00837479
0.00849627
0.00865562
0.00885448
0.00909376
0.00937239
0.00968644
0.0100296
0.010392
0.0107627
0.0111305
0.0114857
0.01182
0.0121272
0.0124034
0.0126474
0.0128597
0.0130425
0.0131987
0.0133313
0.0134434
0.0135383
0.0136185
0.0136858
0.0137423
0.0137897
0.0138312
0.0138711
0.0139157
0.0139488
0.0139725
0.0140032
0.0140142
0.0140075
0.00795619
0.00795767
0.00796005
0.00796319
0.00796719
0.00797218
0.00797829
0.00798565
0.00799445
0.00800497
0.00801762
0.00803309
0.00805244
0.00807741
0.0081106
0.00815644
0.0082227
0.00832631
0.00847499
0.00867018
0.00891279
0.0092016
0.00953216
0.00989588
0.010281
0.0106739
0.0110623
0.0114354
0.0117844
0.0121031
0.0123879
0.0126379
0.0128544
0.0130398
0.0131976
0.0133312
0.0134439
0.013539
0.0136192
0.0136866
0.013743
0.0137903
0.0138316
0.0138713
0.0139152
0.0139484
0.0139727
0.014003
0.0140141
0.0140077
0.00787553
0.00787859
0.00788254
0.00788747
0.00789346
0.00790055
0.00790875
0.00791803
0.00792839
0.00793983
0.00795244
0.0079665
0.00798262
0.00800204
0.00802686
0.00806071
0.00811011
0.0081899
0.00832119
0.00850701
0.00874836
0.00904399
0.00938848
0.00977117
0.0101775
0.0105918
0.0109998
0.0113897
0.0117524
0.0120817
0.0123743
0.0126297
0.0128498
0.0130376
0.0131968
0.0133313
0.0134443
0.0135396
0.0136199
0.0136873
0.0137436
0.0137908
0.013832
0.0138716
0.0139147
0.013948
0.0139729
0.0140029
0.014014
0.0140078
0.00777457
0.00778046
0.00778782
0.00779673
0.00780725
0.00781934
0.0078329
0.00784775
0.00786362
0.00788022
0.00789727
0.00791451
0.00793201
0.00795022
0.00797051
0.00799574
0.00803156
0.0080894
0.00819617
0.0083666
0.0086016
0.00890017
0.0092559
0.00965577
0.010082
0.0105164
0.0109428
0.0113484
0.0117236
0.0120626
0.0123622
0.0126225
0.0128458
0.0130357
0.0131962
0.0133314
0.0134448
0.0135402
0.0136206
0.0136879
0.0137442
0.0137913
0.0138324
0.0138719
0.0139142
0.0139477
0.013973
0.0140027
0.0140139
0.0140079
0.00763504
0.00764527
0.00765798
0.00767328
0.0076912
0.00771167
0.00773444
0.00775916
0.00778532
0.00781222
0.00783911
0.00786513
0.00788961
0.00791214
0.00793312
0.00795465
0.00798119
0.00802214
0.00810065
0.0082497
0.00847311
0.00877047
0.00913453
0.00954943
0.00999424
0.0104475
0.010891
0.011311
0.0116978
0.0120456
0.0123515
0.0126162
0.0128424
0.0130342
0.0131957
0.0133315
0.0134452
0.0135408
0.0136212
0.0136885
0.0137447
0.0137918
0.0138327
0.0138721
0.0139138
0.0139474
0.0139732
0.0140026
0.0140139
0.0140081
0.00743983
0.00745611
0.00747644
0.00750095
0.00752966
0.00756243
0.00759891
0.00763849
0.00768039
0.00772347
0.00776642
0.00780761
0.00784547
0.00787855
0.00790623
0.0079293
0.00795107
0.00798008
0.00803426
0.00815611
0.00836282
0.00865478
0.00902403
0.00945224
0.00991411
0.0103848
0.0108441
0.0112774
0.0116747
0.0120304
0.0123422
0.0126107
0.0128395
0.0130328
0.0131953
0.0133316
0.0134456
0.0135413
0.0136217
0.013689
0.0137451
0.0137921
0.013833
0.0138723
0.0139135
0.0139471
0.0139733
0.0140025
0.0140139
0.0140082
0.00717328
0.00719798
0.00722883
0.00726601
0.00730952
0.00735915
0.00741442
0.0074745
0.00753828
0.00760413
0.00767007
0.00773353
0.00779181
0.00784223
0.0078828
0.00791303
0.00793526
0.00795715
0.00799392
0.00808467
0.00827002
0.00855237
0.00892432
0.00936389
0.00984123
0.0103279
0.0108018
0.0112472
0.0116541
0.012017
0.0123339
0.0126059
0.012837
0.0130317
0.013195
0.0133318
0.013446
0.0135418
0.0136222
0.0136895
0.0137455
0.0137925
0.0138332
0.0138724
0.0139131
0.0139468
0.0139733
0.0140024
0.0140139
0.0140082
0.00682365
0.00685949
0.00690423
0.00695804
0.00702088
0.00709247
0.00717213
0.0072589
0.00735129
0.00744711
0.00754359
0.00763705
0.00772332
0.00779803
0.00785785
0.00790084
0.00792837
0.00794718
0.00797112
0.00803353
0.00819328
0.00846281
0.00883488
0.00928392
0.0097752
0.0102765
0.0107636
0.0112201
0.0116357
0.0120051
0.0123266
0.0126017
0.0128348
0.0130307
0.0131948
0.0133319
0.0134464
0.0135422
0.0136226
0.0136899
0.0137459
0.0137928
0.0138334
0.0138726
0.0139128
0.0139465
0.0139733
0.0140023
0.0140139
0.0140083
0.00638334
0.00643319
0.00649544
0.00657019
0.00665732
0.00675633
0.00686653
0.00698672
0.0071149
0.00724838
0.00738321
0.00751442
0.00763633
0.00774263
0.00782789
0.00788872
0.00792599
0.00794574
0.00796046
0.00800066
0.00813149
0.00838514
0.00875503
0.0092118
0.00971556
0.0102302
0.0107294
0.0111959
0.0116193
0.0119945
0.0123201
0.012598
0.0128329
0.0130299
0.0131946
0.0133321
0.0134467
0.0135426
0.013623
0.0136902
0.0137462
0.013793
0.0138336
0.0138727
0.0139125
0.0139463
0.0139733
0.0140022
0.0140139
0.0140084
0.00584715
0.00591515
0.00599946
0.00610009
0.00621671
0.00634895
0.00649608
0.00665648
0.006828
0.00700689
0.00718802
0.00736509
0.00753008
0.00767461
0.00779105
0.00787467
0.00792508
0.00794839
0.00795786
0.00798184
0.00808294
0.00831822
0.00868399
0.00914695
0.00966183
0.0101885
0.0106986
0.0111742
0.0116047
0.0119851
0.0123144
0.0125948
0.0128312
0.0130292
0.0131945
0.0133322
0.013447
0.0135429
0.0136234
0.0136905
0.0137465
0.0137933
0.0138338
0.0138729
0.0139123
0.0139461
0.0139732
0.0140021
0.0140139
0.0140084
0.00522627
0.00531469
0.00542401
0.005554
0.00570454
0.00587494
0.0060646
0.00627159
0.00649333
0.00672497
0.00696028
0.00719049
0.00740532
0.00759426
0.00774719
0.00785768
0.00792421
0.00795309
0.00795961
0.00797176
0.00804587
0.00826089
0.00862096
0.0090888
0.00961356
0.0101511
0.0106711
0.0111549
0.0115917
0.0119768
0.0123094
0.012592
0.0128297
0.0130286
0.0131944
0.0133324
0.0134473
0.0135433
0.0136237
0.0136908
0.0137467
0.0137935
0.013834
0.013873
0.013912
0.0139459
0.0139731
0.014002
0.0140139
0.0140085
0.00455112
0.00465898
0.0047933
0.00495285
0.00513787
0.00534843
0.00558331
0.00584134
0.0061183
0.00640909
0.00670467
0.00699415
0.00726507
0.00750351
0.00769717
0.0078375
0.00792267
0.00795932
0.00796434
0.00796719
0.00801878
0.00821208
0.00856517
0.00903676
0.00957027
0.0101176
0.0106465
0.0111376
0.0115801
0.0119695
0.0123049
0.0125895
0.0128285
0.0130281
0.0131943
0.0133325
0.0134475
0.0135435
0.0136239
0.0136911
0.013747
0.0137937
0.0138341
0.0138731
0.0139118
0.0139458
0.0139731
0.014002
0.0140138
0.0140085
0.00389743
0.00401881
0.00417022
0.00435073
0.00456141
0.00480397
0.00507857
0.00538478
0.00571703
0.00606894
0.00642802
0.00678142
0.00711237
0.00740387
0.00764116
0.00781426
0.00792009
0.00796616
0.00797105
0.00796622
0.00800012
0.00817065
0.00851587
0.00899028
0.00953154
0.0100876
0.0106246
0.0111223
0.0115699
0.011963
0.012301
0.0125873
0.0128274
0.0130276
0.0131942
0.0133327
0.0134477
0.0135438
0.0136242
0.0136913
0.0137471
0.0137938
0.0138342
0.0138732
0.0139117
0.0139456
0.013973
0.0140019
0.0140138
0.0140086
0.00329986
0.00343532
0.00360258
0.00380014
0.00402929
0.0042925
0.00459224
0.00493177
0.00530934
0.00571774
0.00613957
0.0065577
0.00695092
0.00729819
0.00758166
0.00778873
0.00791657
0.00797311
0.0079787
0.0079674
0.00798784
0.00813555
0.00847235
0.00894884
0.00949693
0.0100609
0.010605
0.0111087
0.0115608
0.0119572
0.0122976
0.0125853
0.0128264
0.0130273
0.0131942
0.0133328
0.0134479
0.013544
0.0136244
0.0136915
0.0137473
0.013794
0.0138343
0.0138733
0.0139115
0.0139455
0.013973
0.0140018
0.0140137
0.0140086
0.0027485
0.00289768
0.00308044
0.0032947
0.00354194
0.00382492
0.00414639
0.00451028
0.00491852
0.00537023
0.0058484
0.00632863
0.00678547
0.00719028
0.00752019
0.00776184
0.00791217
0.00797976
0.00798667
0.00796996
0.00797978
0.00810583
0.00843396
0.00891193
0.00946606
0.0100371
0.0105876
0.0110965
0.0115527
0.0119521
0.0122945
0.0125836
0.0128255
0.0130269
0.0131941
0.0133329
0.0134481
0.0135442
0.0136246
0.0136917
0.0137475
0.0137941
0.0138344
0.0138733
0.0139113
0.0139454
0.0139729
0.0140018
0.0140137
0.0140086
0.00224453
0.00240555
0.0026019
0.00283109
0.00309488
0.00339625
0.00373819
0.0041246
0.00455813
0.00503951
0.00556133
0.00610149
0.00662181
0.00708336
0.00745861
0.00773429
0.007907
0.00798583
0.0079946
0.00797331
0.00797416
0.00808067
0.00840012
0.00887911
0.00943855
0.0100158
0.0105722
0.0110858
0.0115455
0.0119476
0.0122918
0.0125821
0.0128248
0.0130266
0.0131941
0.013333
0.0134482
0.0135444
0.0136247
0.0136918
0.0137476
0.0137942
0.0138345
0.0138734
0.0139112
0.0139453
0.0139729
0.0140018
0.0140137
0.0140087
0.00179261
0.00196244
0.00216897
0.00241004
0.00268753
0.00300482
0.00336523
0.0037729
0.00422973
0.00473802
0.00529487
0.00588481
0.00646432
0.00697919
0.00739817
0.00770663
0.0079012
0.0079912
0.00800225
0.00797708
0.00796996
0.0080595
0.00837031
0.00884995
0.00941408
0.00999697
0.0105584
0.0110763
0.0115392
0.0119436
0.0122894
0.0125808
0.0128241
0.0130264
0.013194
0.0133331
0.0134484
0.0135445
0.0136249
0.013692
0.0137477
0.0137943
0.0138346
0.0138735
0.0139111
0.0139452
0.0139729
0.0140017
0.0140136
0.0140087
0.00139556
0.00156984
0.00178249
0.00203136
0.00231889
0.00264884
0.00302468
0.00345194
0.0039331
0.00446865
0.00505599
0.0056851
0.00631503
0.00687981
0.00733981
0.00767933
0.00789495
0.00799586
0.00800946
0.00798107
0.00796683
0.0080418
0.00834406
0.00882407
0.00939233
0.0099802
0.0105462
0.0110678
0.0115336
0.01194
0.0122873
0.0125796
0.0128236
0.0130261
0.013194
0.0133331
0.0134485
0.0135446
0.013625
0.0136921
0.0137478
0.0137944
0.0138346
0.0138735
0.013911
0.0139451
0.0139728
0.0140017
0.0140136
0.0140087
0.00105037
0.00122527
0.00143962
0.00169247
0.00198656
0.00232721
0.00271862
0.00316433
0.00366691
0.00422678
0.00484162
0.00550268
0.00617635
0.00678631
0.00728413
0.00765273
0.00788839
0.00799984
0.00801613
0.00798506
0.00796456
0.00802695
0.00832096
0.00880112
0.00937301
0.00996531
0.0105354
0.0110603
0.0115286
0.0119369
0.0122855
0.0125786
0.012823
0.0130259
0.013194
0.0133332
0.0134486
0.0135448
0.0136251
0.0136922
0.0137479
0.0137945
0.0138347
0.0138736
0.0139109
0.013945
0.0139728
0.0140016
0.0140136
0.0140087
0.000751455
0.000923535
0.00113704
0.00139305
0.0016948
0.00204547
0.00244902
0.0029091
0.00342893
0.00400904
0.00464814
0.00533809
0.00604907
0.00669925
0.00723151
0.00762707
0.00788169
0.00800331
0.00802225
0.00798892
0.00796297
0.00801444
0.00830063
0.00878078
0.00935588
0.00995211
0.0105258
0.0110537
0.0115242
0.0119342
0.0122839
0.0125777
0.0128226
0.0130258
0.013194
0.0133333
0.0134487
0.0135449
0.0136252
0.0136923
0.013748
0.0137946
0.0138347
0.0138736
0.0139108
0.013945
0.0139728
0.0140016
0.0140135
0.0140087
0.000492927
0.000662124
0.000877308
0.0011372
0.00144432
0.00180164
0.00221339
0.00268351
0.00321591
0.00381263
0.00447274
0.0051889
0.0059329
0.00661878
0.00718215
0.00760255
0.00787496
0.00800631
0.00802784
0.00799257
0.00796191
0.00800386
0.00828274
0.00876276
0.00934068
0.0099404
0.0105173
0.0110478
0.0115204
0.0119317
0.0122824
0.0125769
0.0128222
0.0130256
0.0131939
0.0133333
0.0134488
0.0135449
0.0136253
0.0136924
0.0137481
0.0137946
0.0138348
0.0138736
0.0139107
0.0139449
0.0139727
0.0140016
0.0140135
0.0140087
0.000253914
0.000436892
0.000655205
0.000919247
0.00122978
0.00159061
0.00200731
0.00248414
0.00302624
0.00363588
0.00431311
0.0050525
0.00582667
0.00654458
0.00713611
0.00757927
0.00786825
0.00800884
0.00803293
0.00799596
0.00796119
0.00799483
0.00826699
0.0087468
0.0093272
0.00993002
0.0105098
0.0110426
0.0115169
0.0119296
0.0122811
0.0125762
0.0128218
0.0130255
0.0131939
0.0133333
0.0134488
0.013545
0.0136254
0.0136924
0.0137481
0.0137947
0.0138348
0.0138737
0.0139107
0.0139449
0.0139727
0.0140016
0.0140135
0.0140088
0.0140088
0.0140088
0.0140088
0.0140088
0.0140088
0.0140088
0.0140088
0.0140088
0.0140088
0.0140088
0.0140088
0.0140089
0.0140089
0.0140089
0.0140089
0.0140089
0.0140089
0.0140089
0.0140089
0.0140089
0.0140089
0.0140089
0.0140089
0.0140089
0.0140089
0.014009
0.014009
0.014009
0.014009
0.014009
0.014009
0.014009
0.014009
0.014009
0.014009
0.014009
0.014009
0.014009
0.014009
0.0140091
0.0140091
0.0140091
0.0140091
0.0140091
0.0140091
0.0140091
0.0140091
0.0140091
0.0140091
0.0140091
0.0140135
0.0140135
0.0140134
0.0140134
0.0140134
0.0140134
0.0140134
0.0140133
0.0140133
0.0140133
0.0140133
0.0140133
0.0140132
0.0140132
0.0140132
0.0140132
0.0140132
0.0140131
0.0140131
0.0140131
0.0140131
0.0140131
0.014013
0.014013
0.014013
0.014013
0.014013
0.0140129
0.0140129
0.0140129
0.0140129
0.0140128
0.0140128
0.0140128
0.0140128
0.0140128
0.0140127
0.0140127
0.0140127
0.0140127
0.0140127
0.0140126
0.0140126
0.0140126
0.0140126
0.0140125
0.0140125
0.0140125
0.0140125
0.0140125
0.0140015
0.0140015
0.0140015
0.0140015
0.0140015
0.0140015
0.0140014
0.0140014
0.0140014
0.0140014
0.0140014
0.0140014
0.0140013
0.0140013
0.0140013
0.0140013
0.0140013
0.0140013
0.0140012
0.0140012
0.0140012
0.0140012
0.0140012
0.0140011
0.0140011
0.0140011
0.0140011
0.0140011
0.0140011
0.014001
0.014001
0.014001
0.014001
0.014001
0.0140009
0.0140009
0.0140009
0.0140009
0.0140009
0.0140008
0.0140008
0.0140008
0.0140008
0.0140008
0.0140007
0.0140007
0.0140007
0.0140007
0.0140007
0.0140006
0.0139727
0.0139727
0.0139726
0.0139726
0.0139726
0.0139726
0.0139726
0.0139726
0.0139725
0.0139725
0.0139725
0.0139725
0.0139725
0.0139725
0.0139724
0.0139724
0.0139724
0.0139724
0.0139724
0.0139724
0.0139723
0.0139723
0.0139723
0.0139723
0.0139723
0.0139723
0.0139723
0.0139723
0.0139724
0.0139724
0.0139724
0.0139724
0.0139724
0.0139724
0.0139724
0.0139724
0.0139725
0.0139725
0.0139725
0.0139725
0.0139725
0.0139725
0.0139725
0.0139725
0.0139725
0.0139725
0.0139725
0.0139725
0.0139725
0.0139448
0.0139448
0.0139447
0.0139447
0.0139447
0.0139446
0.0139446
0.0139446
0.0139445
0.0139445
0.0139445
0.0139444
0.0139444
0.0139444
0.0139443
0.0139443
0.0139443
0.0139442
0.0139442
0.0139441
0.0139441
0.0139441
0.013944
0.013944
0.013944
0.0139439
0.0139439
0.0139438
0.0139438
0.0139438
0.0139437
0.0139437
0.0139436
0.0139436
0.0139435
0.0139435
0.0139435
0.0139434
0.0139434
0.0139433
0.0139433
0.0139432
0.0139432
0.0139432
0.0139431
0.0139431
0.0139106
0.0139106
0.0139105
0.0139105
0.0139104
0.0139104
0.0139104
0.0139103
0.0139103
0.0139103
0.0139102
0.0139102
0.0139101
0.0139101
0.01391
0.01391
0.01391
0.0139099
0.0139099
0.0139098
0.0139098
0.0139097
0.0139097
0.0139096
0.0139096
0.0139095
0.0139095
0.0139095
0.0139094
0.0139094
0.0139093
0.0139093
0.0139092
0.0139092
0.0139091
0.0139091
0.013909
0.013909
0.0139089
0.0139089
0.0139088
0.0139088
0.0139087
0.0139087
0.0138737
0.0138738
0.0138738
0.0138739
0.013874
0.0138741
0.0138742
0.0138742
0.0138743
0.0138744
0.0138745
0.0138746
0.0138746
0.0138747
0.0138748
0.0138749
0.0138749
0.013875
0.0138751
0.0138752
0.0138752
0.0138753
0.0138754
0.0138755
0.0138755
0.0138756
0.0138757
0.0138757
0.0138758
0.0138759
0.0138759
0.013876
0.0138761
0.0138761
0.0138762
0.0138763
0.0138763
0.0138764
0.0138765
0.0138765
0.0138766
0.0138767
0.0138348
0.0138349
0.013835
0.0138351
0.0138353
0.0138354
0.0138355
0.0138356
0.0138357
0.0138358
0.0138359
0.013836
0.0138361
0.0138362
0.0138363
0.0138364
0.0138365
0.0138366
0.0138367
0.0138368
0.0138369
0.013837
0.0138371
0.0138372
0.0138373
0.0138374
0.0138375
0.0138376
0.0138377
0.0138378
0.0138379
0.013838
0.0138381
0.0138382
0.0138383
0.0138384
0.0138385
0.0138386
0.0138387
0.0138387
0.0138388
0.0137947
0.0137949
0.013795
0.0137952
0.0137953
0.0137955
0.0137956
0.0137958
0.0137959
0.0137961
0.0137962
0.0137964
0.0137965
0.0137967
0.0137968
0.013797
0.0137971
0.0137972
0.0137974
0.0137975
0.0137977
0.0137978
0.013798
0.0137981
0.0137982
0.0137984
0.0137985
0.0137986
0.0137988
0.0137989
0.013799
0.0137992
0.0137993
0.0137994
0.0137995
0.0137997
0.0137998
0.0137999
0.0138001
0.0137482
0.0137484
0.0137486
0.0137488
0.013749
0.0137492
0.0137494
0.0137496
0.0137498
0.01375
0.0137502
0.0137504
0.0137506
0.0137508
0.013751
0.0137512
0.0137514
0.0137516
0.0137518
0.013752
0.0137522
0.0137524
0.0137525
0.0137527
0.0137529
0.0137531
0.0137533
0.0137535
0.0137536
0.0137538
0.013754
0.0137542
0.0137544
0.0137545
0.0137547
0.0137549
0.013755
0.0137552
0.0137554
0.0136925
0.0136928
0.013693
0.0136933
0.0136936
0.0136938
0.0136941
0.0136944
0.0136947
0.0136949
0.0136952
0.0136955
0.0136957
0.013696
0.0136963
0.0136965
0.0136968
0.0136971
0.0136973
0.0136976
0.0136978
0.0136981
0.0136983
0.0136986
0.0136988
0.0136991
0.0136993
0.0136996
0.0136998
0.0137001
0.0137003
0.0137005
0.0137008
0.013701
0.0137012
0.0137015
0.0137017
0.0137019
0.0136255
0.0136258
0.0136261
0.0136265
0.0136268
0.0136272
0.0136276
0.0136279
0.0136283
0.0136287
0.013629
0.0136294
0.0136298
0.0136301
0.0136305
0.0136308
0.0136312
0.0136315
0.0136319
0.0136322
0.0136326
0.0136329
0.0136332
0.0136336
0.0136339
0.0136342
0.0136346
0.0136349
0.0136352
0.0136355
0.0136358
0.0136361
0.0136365
0.0136368
0.0136371
0.0136374
0.0136377
0.0135451
0.0135455
0.0135459
0.0135464
0.0135469
0.0135473
0.0135478
0.0135483
0.0135488
0.0135493
0.0135498
0.0135503
0.0135507
0.0135512
0.0135517
0.0135521
0.0135526
0.0135531
0.0135535
0.013554
0.0135544
0.0135549
0.0135553
0.0135558
0.0135562
0.0135566
0.0135571
0.0135575
0.0135579
0.0135583
0.0135587
0.0135591
0.0135595
0.0135599
0.0135604
0.0135608
0.0135611
0.0134489
0.0134494
0.01345
0.0134505
0.0134512
0.0134518
0.0134524
0.0134531
0.0134537
0.0134543
0.013455
0.0134556
0.0134562
0.0134568
0.0134575
0.0134581
0.0134587
0.0134593
0.0134599
0.0134605
0.0134611
0.0134616
0.0134622
0.0134628
0.0134633
0.0134639
0.0134645
0.013465
0.0134656
0.0134661
0.0134666
0.0134672
0.0134677
0.0134682
0.0134688
0.0134693
0.0133334
0.0133339
0.0133346
0.0133354
0.0133362
0.013337
0.0133378
0.0133387
0.0133395
0.0133403
0.0133411
0.013342
0.0133428
0.0133436
0.0133444
0.0133452
0.0133459
0.0133467
0.0133475
0.0133483
0.013349
0.0133498
0.0133505
0.0133512
0.013352
0.0133527
0.0133534
0.0133541
0.0133548
0.0133555
0.0133562
0.0133569
0.0133576
0.0133582
0.0133589
0.0133596
0.0131939
0.0131945
0.0131954
0.0131963
0.0131974
0.0131984
0.0131995
0.0132006
0.0132016
0.0132027
0.0132037
0.0132048
0.0132058
0.0132068
0.0132078
0.0132088
0.0132098
0.0132108
0.0132118
0.0132128
0.0132137
0.0132147
0.0132156
0.0132165
0.0132175
0.0132184
0.0132193
0.0132202
0.0132211
0.013222
0.0132229
0.0132238
0.0132246
0.0132255
0.0132264
0.0130253
0.013026
0.0130271
0.0130284
0.0130297
0.0130311
0.0130324
0.0130338
0.0130351
0.0130364
0.0130378
0.0130391
0.0130404
0.0130417
0.013043
0.0130442
0.0130455
0.0130467
0.0130479
0.0130491
0.0130503
0.0130515
0.0130527
0.0130539
0.013055
0.0130562
0.0130573
0.0130585
0.0130596
0.0130608
0.0130619
0.013063
0.0130641
0.0130652
0.0130663
0.0128215
0.0128222
0.0128236
0.0128252
0.0128269
0.0128286
0.0128303
0.012832
0.0128337
0.0128354
0.012837
0.0128387
0.0128403
0.0128419
0.0128434
0.012845
0.0128465
0.012848
0.0128496
0.0128511
0.0128526
0.0128541
0.0128556
0.012857
0.0128585
0.01286
0.0128614
0.0128628
0.0128642
0.0128656
0.012867
0.0128684
0.0128697
0.0128711
0.0128724
0.0125756
0.0125763
0.0125779
0.0125798
0.0125819
0.012584
0.0125861
0.0125882
0.0125903
0.0125923
0.0125944
0.0125964
0.0125983
0.0126003
0.0126022
0.0126042
0.0126061
0.012608
0.0126099
0.0126118
0.0126137
0.0126155
0.0126174
0.0126192
0.012621
0.0126227
0.0126245
0.0126262
0.0126279
0.0126296
0.0126313
0.0126329
0.0126346
0.0126362
0.0126378
0.0122801
0.0122807
0.0122825
0.0122848
0.0122872
0.0122897
0.0122922
0.0122947
0.0122972
0.0122997
0.0123022
0.0123047
0.0123072
0.0123096
0.0123121
0.0123145
0.0123169
0.0123192
0.0123216
0.0123238
0.0123261
0.0123283
0.0123305
0.0123326
0.0123348
0.0123369
0.0123389
0.012341
0.012343
0.012345
0.0123469
0.0123489
0.0123508
0.0123527
0.0123545
0.0119278
0.0119281
0.0119301
0.0119328
0.0119357
0.0119387
0.0119418
0.0119449
0.011948
0.011951
0.011954
0.011957
0.01196
0.0119629
0.0119657
0.0119686
0.0119713
0.0119741
0.0119768
0.0119795
0.0119821
0.0119847
0.0119873
0.0119898
0.0119923
0.0119947
0.0119971
0.0119994
0.0120017
0.0120039
0.0120062
0.0120083
0.0120105
0.0120126
0.0115142
0.0115142
0.0115164
0.0115196
0.011523
0.0115266
0.0115302
0.0115337
0.0115372
0.0115407
0.0115441
0.0115475
0.0115508
0.0115541
0.0115573
0.0115605
0.0115636
0.0115667
0.0115697
0.0115727
0.0115756
0.0115785
0.0115813
0.0115841
0.0115868
0.0115895
0.0115922
0.0115948
0.0115973
0.0115998
0.0116022
0.0116045
0.0116068
0.011609
0.0110386
0.0110381
0.0110401
0.0110433
0.0110471
0.011051
0.0110548
0.0110587
0.0110625
0.0110662
0.0110699
0.0110735
0.0110771
0.0110806
0.011084
0.0110874
0.0110907
0.011094
0.0110972
0.0111003
0.0111034
0.0111064
0.0111093
0.0111122
0.0111151
0.0111178
0.0111205
0.0111232
0.0111257
0.0111282
0.0111307
0.0111331
0.0111354
0.0111377
0.0105041
0.0105028
0.0105042
0.0105073
0.0105111
0.0105151
0.010519
0.010523
0.0105268
0.0105306
0.0105343
0.010538
0.0105415
0.010545
0.0105485
0.0105518
0.0105551
0.0105583
0.0105614
0.0105644
0.0105674
0.0105703
0.0105731
0.0105759
0.0105785
0.0105811
0.0105836
0.0105861
0.0105884
0.0105907
0.0105929
0.010595
0.0105971
0.010599
0.00992215
0.00991992
0.00992024
0.00992295
0.00992643
0.00993012
0.00993383
0.00993749
0.00994108
0.00994458
0.00994801
0.00995134
0.00995459
0.00995775
0.00996082
0.00996381
0.00996671
0.00996952
0.00997224
0.00997487
0.00997742
0.00997987
0.00998223
0.0099845
0.00998668
0.00998877
0.00999076
0.00999266
0.00999447
0.00999618
0.0099978
0.00999933
0.0100008
0.0100021
0.00931697
0.00931354
0.00931286
0.00931442
0.0093171
0.00932008
0.00932311
0.00932608
0.00932897
0.00933177
0.00933448
0.00933709
0.00933961
0.00934203
0.00934436
0.00934659
0.00934872
0.00935075
0.00935268
0.00935452
0.00935625
0.00935788
0.00935941
0.00936083
0.00936215
0.00936336
0.00936447
0.00936547
0.00936637
0.00936715
0.00936782
0.00936838
0.00936882
0.00936915
0.00873465
0.00873007
0.00872842
0.00872844
0.00872993
0.00873182
0.00873377
0.00873568
0.00873749
0.00873922
0.00874085
0.00874239
0.00874382
0.00874516
0.00874639
0.00874752
0.00874855
0.00874948
0.0087503
0.00875101
0.00875162
0.00875212
0.00875251
0.00875279
0.00875295
0.008753
0.00875296
0.00875283
0.00875261
0.00875228
0.00875184
0.00875128
0.0087506
0.00874979
0.00825496
0.00825022
0.00824819
0.00824768
0.00824814
0.00824912
0.0082502
0.00825123
0.00825218
0.00825303
0.00825378
0.00825443
0.00825498
0.00825542
0.00825576
0.00825599
0.00825611
0.00825612
0.00825606
0.00825591
0.00825567
0.00825532
0.00825487
0.00825431
0.00825364
0.00825286
0.00825197
0.00825097
0.00824985
0.00824861
0.00824726
0.00824579
0.00824419
0.00824248
0.00798484
0.00798162
0.00798115
0.00798257
0.00798462
0.00798693
0.00798933
0.00799172
0.00799407
0.00799636
0.00799856
0.00800068
0.0080027
0.0080046
0.00800639
0.00800806
0.0080096
0.00801097
0.00801219
0.00801327
0.00801419
0.00801496
0.00801557
0.008016
0.00801625
0.00801632
0.00801625
0.00801604
0.00801569
0.00801517
0.00801449
0.00801365
0.00801264
0.00801147
0.00796018
0.00796193
0.00796372
0.00796561
0.0079675
0.00796934
0.00797108
0.0079727
0.00797421
0.00797558
0.00797683
0.00797795
0.00797891
0.00797961
0.00798001
0.00798007
0.00797978
0.00797917
0.00797823
0.00797695
0.00797535
0.00797355
0.0079716
0.00796951
0.00796729
0.00796493
0.00796244
0.00795984
0.00795714
0.00795432
0.00795141
0.00794841
0.00794535
0.00794221
0.00799875
0.00800156
0.00800399
0.00800624
0.00800834
0.00801029
0.00801208
0.00801371
0.00801517
0.00801646
0.00801756
0.00801849
0.00801923
0.00801978
0.00802015
0.00802046
0.00802079
0.0080212
0.00802173
0.00802242
0.00802333
0.00802451
0.00802596
0.00802745
0.00802886
0.00803016
0.00803133
0.00803238
0.00803331
0.00803411
0.00803481
0.0080354
0.00803589
0.00803628
0.00803817
0.00804371
0.00804847
0.00805301
0.00805757
0.00806209
0.00806654
0.0080709
0.00807517
0.00807934
0.00808338
0.0080873
0.00809113
0.00809493
0.0080987
0.00810246
0.00810622
0.00810994
0.00811363
0.0081173
0.00812093
0.00812452
0.00812805
0.00813152
0.0081349
0.00813819
0.00814139
0.00814451
0.00814755
0.00815051
0.00815339
0.00815619
0.00815893
0.0081616
0.008012
0.0080186
0.00802508
0.00803143
0.00803772
0.00804396
0.00805014
0.00805627
0.00806235
0.00806838
0.00807437
0.00808032
0.00808625
0.00809218
0.0080981
0.00810398
0.00810984
0.00811565
0.00812142
0.00812713
0.0081328
0.00813841
0.00814397
0.00814947
0.00815491
0.00816029
0.00816561
0.00817086
0.00817605
0.00818118
0.00818625
0.00819125
0.00819619
0.00820108
0.0078624
0.00786374
0.00786868
0.00787472
0.00788114
0.00788773
0.00789443
0.00790104
0.00790767
0.00791435
0.00792107
0.00792785
0.00793467
0.00794154
0.00794846
0.00795542
0.00796241
0.00796944
0.00797648
0.00798355
0.00799062
0.00799771
0.00800479
0.00801187
0.00801894
0.008026
0.00803304
0.00804006
0.00804706
0.00805403
0.00806088
0.00806763
0.00807431
0.00808091
0.00756013
0.00755448
0.0075536
0.00755613
0.00756024
0.00756502
0.00757019
0.00757567
0.00758143
0.00758747
0.00759377
0.00760005
0.00760647
0.00761305
0.00761982
0.00762676
0.00763387
0.00764114
0.00764856
0.00765611
0.00766378
0.00767156
0.00767942
0.00768736
0.00769537
0.00770342
0.00771151
0.00771962
0.00772773
0.00773584
0.00774393
0.00775198
0.00776
0.00776797
0.00709873
0.00708406
0.00707677
0.00707347
0.00707244
0.00707301
0.00707492
0.00707763
0.00708098
0.00708492
0.0070894
0.00709438
0.00709985
0.00710532
0.00711106
0.0071171
0.00712347
0.00713017
0.00713719
0.0071445
0.00715207
0.00715988
0.0071679
0.00717612
0.0071845
0.00719303
0.00720168
0.00721043
0.00721925
0.00722813
0.00723705
0.00724597
0.00725489
0.00726377
0.00648431
0.00645909
0.00644407
0.00643444
0.00642796
0.00642363
0.00642096
0.00641959
0.00641927
0.00642017
0.00642213
0.00642497
0.00642861
0.00643296
0.00643804
0.00644293
0.00644811
0.00645378
0.00645993
0.00646654
0.00647358
0.00648101
0.0064888
0.00649691
0.00650531
0.00651396
0.00652284
0.00653192
0.00654116
0.00655053
0.00656001
0.00656957
0.00657916
0.00658877
0.00573965
0.00570304
0.00567974
0.00566344
0.00565127
0.00564197
0.00563491
0.00562969
0.00562606
0.00562383
0.00562289
0.00562318
0.00562493
0.00562781
0.00563171
0.00563651
0.00564054
0.00564499
0.00565006
0.00565574
0.00566199
0.00566877
0.00567603
0.00568373
0.00569182
0.00570028
0.00570907
0.00571814
0.00572746
0.00573701
0.00574674
0.00575662
0.00576662
0.0057767
0.00494042
0.004889
0.0048543
0.00482975
0.00481091
0.00479581
0.00478355
0.00477365
0.00476588
0.00476003
0.00475596
0.00475352
0.00475259
0.00475316
0.00475538
0.00475898
0.00476133
0.00476416
0.00476775
0.00477207
0.00477708
0.00478271
0.00478891
0.00479564
0.00480285
0.0048105
0.00481854
0.00482695
0.00483569
0.00484471
0.00485399
0.0048635
0.00487319
0.00488303
0.00418223
0.00411889
0.00407575
0.00404289
0.0040162
0.00399386
0.00397499
0.00395913
0.00394595
0.0039352
0.00392663
0.00392004
0.00391522
0.00391201
0.00391021
0.00390963
0.00390909
0.00390917
0.00391027
0.00391225
0.00391503
0.00391853
0.00392269
0.00392744
0.00393275
0.00393855
0.00394481
0.00395149
0.00395854
0.00396593
0.00397363
0.0039816
0.0039898
0.00399821
0.00349013
0.003419
0.0033694
0.00333051
0.00329823
0.00327084
0.0032475
0.00322766
0.00321089
0.00319685
0.00318522
0.0031757
0.0031681
0.00316223
0.00315724
0.00315329
0.00315026
0.00314819
0.00314706
0.0031468
0.00314747
0.00314894
0.00315112
0.00315391
0.00315726
0.00316112
0.00316546
0.00317022
0.00317537
0.00318086
0.00318667
0.00319276
0.00319909
0.00320563
0.00286868
0.0027925
0.00273873
0.00269607
0.00266054
0.00263046
0.00260489
0.00258317
0.0025648
0.00254938
0.00253654
0.00252536
0.00251591
0.00250802
0.00250143
0.00249603
0.00249173
0.00248844
0.00248611
0.00248464
0.00248397
0.00248401
0.00248481
0.00248622
0.00248816
0.00249059
0.00249347
0.00249674
0.00250039
0.00250436
0.00250862
0.00251314
0.0025179
0.00252284
0.0023178
0.00223889
0.00218305
0.00213878
0.0021022
0.00207161
0.00204596
0.00202389
0.00200513
0.00198922
0.0019757
0.00196413
0.00195431
0.00194601
0.00193905
0.00193328
0.00192858
0.00192484
0.00192199
0.00191993
0.00191859
0.0019179
0.0019178
0.00191829
0.00191929
0.00192072
0.00192255
0.00192474
0.00192725
0.00193005
0.00193311
0.0019364
0.00193989
0.00194354
0.00183524
0.00175548
0.00169927
0.00165512
0.00161909
0.00158929
0.00156441
0.00154345
0.00152575
0.00151077
0.00149804
0.00148721
0.00147801
0.00147022
0.00146365
0.00145817
0.00145364
0.00144997
0.00144707
0.00144485
0.00144325
0.00144221
0.00144167
0.00144159
0.00144196
0.00144271
0.0014438
0.0014452
0.00144686
0.00144878
0.00145091
0.00145324
0.00145573
0.00145835
0.00141408
0.00133541
0.00128085
0.00123895
0.00120546
0.00117829
0.00115593
0.00113736
0.00112181
0.00110873
0.00109766
0.00108827
0.00108029
0.00107353
0.00106782
0.00106302
0.00105902
0.00105573
0.00105307
0.00105097
0.00104938
0.00104824
0.0010475
0.00104714
0.00104711
0.00104741
0.00104798
0.0010488
0.00104985
0.00105109
0.0010525
0.00105408
0.00105578
0.0010576
0.00105027
0.00097487
0.000924033
0.000886527
0.000857372
0.0008343
0.000815637
0.00080035
0.000787672
0.000777065
0.000768129
0.000760565
0.000754147
0.000748698
0.000744077
0.000740172
0.000736891
0.000734158
0.00073191
0.000730091
0.000728657
0.000727569
0.000726792
0.000726297
0.000726057
0.000726048
0.000726261
0.000726664
0.000727236
0.00072796
0.00072882
0.000729799
0.000730882
0.000732051
0.00073922
0.000670021
0.000625117
0.00059412
0.000570807
0.000552963
0.000538797
0.000527394
0.000518046
0.000510289
0.000503784
0.00049829
0.000493624
0.00048965
0.000486259
0.000483368
0.000480906
0.000478819
0.00047706
0.000475591
0.000474382
0.000473405
0.00047264
0.000472068
0.00047167
0.000471433
0.000471343
0.000471387
0.000471556
0.000471833
0.000472204
0.000472657
0.000473186
0.000473782
0.000476801
0.00041823
0.000381765
0.000359301
0.000343066
0.000331849
0.00032345
0.000317334
0.000312787
0.00030931
0.000306525
0.000304199
0.000302189
0.000300408
0.0002988
0.000297328
0.000295963
0.000294685
0.000293479
0.000292335
0.000291248
0.000290215
0.00028924
0.000288326
0.000287471
0.000286668
0.000285919
0.000285233
0.000284612
0.000284045
0.000283499
0.000282938
0.00028241
0.000281919
0.000266161
0.000235858
0.000210565
0.000200553
0.000184053
0.000186891
0.000186964
0.000186803
0.000186282
0.000185626
0.000184908
0.000184155
0.000183376
0.000182581
0.000181779
0.000180968
0.000180136
0.000179264
0.000178346
0.000177388
0.000176389
0.000175362
0.00017434
0.00017337
0.000172457
0.000171561
0.000170686
0.000169923
0.000169318
0.000168883
0.0001684
0.000167289
0.000166309
0.000165168
8.2733e-05
7.77579e-05
4.75879e-05
4.40697e-05
4.06659e-05
3.99366e-05
3.93298e-05
3.88544e-05
3.84328e-05
3.80568e-05
3.77308e-05
3.74297e-05
3.71464e-05
3.68778e-05
3.66282e-05
3.64227e-05
3.62799e-05
3.60968e-05
3.58127e-05
3.56643e-05
3.57361e-05
3.60503e-05
3.63423e-05
3.64121e-05
3.62171e-05
3.5969e-05
3.57365e-05
3.53366e-05
3.50934e-05
3.63056e-05
4.26492e-05
4.05516e-05
4.04828e-05
3.86396e-05
0.0140091
0.0140124
)
;

boundaryField
{
    down
    {
        type            freestream;
        freestreamValue nonuniform List<scalar> 0();
        value           nonuniform List<scalar> 0();
    }
    right
    {
        type            freestream;
        freestreamValue uniform 0.014;
        value           nonuniform List<scalar> 
100
(
0.0124611
0.0123917
0.0124347
0.0125259
0.0126302
0.0127323
0.0128267
0.0129119
0.012988
0.0130561
0.0131171
0.0131719
0.0132216
0.0132667
0.0133079
0.0133457
0.0133805
0.0134125
0.013442
0.0134693
0.0134946
0.0135181
0.0135399
0.0135602
0.013579
0.0135938
0.0135939
0.0135941
0.0135943
0.0135944
0.0135946
0.0135947
0.0135949
0.013595
0.0135951
0.0135953
0.0135954
0.0135955
0.0135956
0.0135957
0.0135958
0.0135959
0.013596
0.0135961
0.0135962
0.0135964
0.0135966
0.0135968
0.013597
0.0135972
0.0135974
0.0135975
0.0135977
0.0135979
0.0135981
0.0135984
0.0135987
0.0135991
0.0135996
0.0136001
0.0136007
0.0136014
0.0136022
0.0136032
0.0136043
0.0136057
0.0136072
0.013609
0.0136111
0.0136135
0.0136162
0.0136194
0.013623
0.0136271
0.0136317
0.013637
0.0136429
0.0136496
0.0136572
0.0136656
0.013675
0.0136855
0.013697
0.0137098
0.0137238
0.0137391
0.0137557
0.0137737
0.0137931
0.0138137
0.0138356
0.0138586
0.0138828
0.013909
0.0139355
0.0139598
0.0139838
0.0140218
0.0140445
0.0140205
)
;
    }
    up
    {
        type            freestream;
        freestreamValue uniform 0.014;
        value           uniform 0.014;
    }
    meanFlow
    {
        type            freestream;
        freestreamValue nonuniform List<scalar> 0();
        value           nonuniform List<scalar> 0();
    }
    surface
    {
        type            fixedValue;
        value           uniform 0;
    }
    surfaceInner
    {
        type            fixedValue;
        value           nonuniform List<scalar> 0();
    }
    coandaInlet
    {
        type            freestream;
        freestreamValue nonuniform List<scalar> 0();
        value           nonuniform List<scalar> 0();
    }
    defaultFaces
    {
        type            empty;
    }
    procBoundary3to1
    {
        type            processor;
        value           nonuniform List<scalar> 
97
(
0.0127571
0.0126027
0.0121686
0.0121686
0.0120031
0.0118282
0.011644
0.0114522
0.0112545
0.0110524
0.0108474
0.0106407
0.0104336
0.0102743
0.0102743
0.0100715
0.00986884
0.00966785
0.00947046
0.00932657
0.00932657
0.00913532
0.00895551
0.00881758
0.00881758
0.00866069
0.00852333
0.00841278
0.00841278
0.00830579
0.00821442
0.00821442
0.00812443
0.00803793
0.00803793
0.00794625
0.00794625
0.00782775
0.00770069
0.00770069
0.00754747
0.00754747
0.00732773
0.00709487
0.00709487
0.00681277
0.00681277
0.00643657
0.00604833
0.00604833
0.00559874
0.00559874
0.00508368
0.00508368
0.00450735
0.00450735
0.00391441
0.00391441
0.00334804
0.0028317
0.0028317
0.00233008
0.00229862
0.00229862
0.00180521
0.00180521
0.00139953
0.00139953
0.00101637
0.000901289
0.00077241
0.000643041
0.000637596
0.000637596
0.000386748
0.000394458
0.000402819
0.00041121
0.000419522
0.000428045
0.000436951
0.000446326
0.000456193
0.000466525
0.000466525
0.000296373
0.000305156
0.000313397
0.000322098
0.000331606
0.000341825
0.000351885
0.000361111
0.000361111
0.000238111
0.00021937
0.00021937
)
;
    }
    procBoundary3to2
    {
        type            processor;
        value           nonuniform List<scalar> 
67
(
0.0139725
0.0140006
0.013943
0.013943
0.0139725
0.0139429
0.0139086
0.013943
0.0139086
0.0138767
0.0139086
0.0138768
0.0138767
0.0138389
0.0138002
0.0138389
0.0138003
0.0138002
0.0137555
0.0137021
0.0137021
0.013638
0.013638
0.0135615
0.0134698
0.0134698
0.0133603
0.0132272
0.0132272
0.0130673
0.0128737
0.0126393
0.0123563
0.0120146
0.0120146
0.0116112
0.0111398
0.0106009
0.0100033
0.00936935
0.00874885
0.0082406
0.00801006
0.00793892
0.00803647
0.00816406
0.00820573
0.00808725
0.00777565
0.00727237
0.00659816
0.00578666
0.00489287
0.00400669
0.00321227
0.00252788
0.00194729
0.00146106
0.00105949
0.000733283
0.00047445
0.000281585
0.000164305
3.61741e-05
0.0140092
0.0140123
0.0140006
)
;
    }
}


// ************************************************************************* //
