/*--------------------------------*- C++ -*----------------------------------*\
  =========                 |
  \\      /  F ield         | OpenFOAM: The Open Source CFD Toolbox
   \\    /   O peration     | Website:  https://openfoam.org
    \\  /    A nd           | Version:  9
     \\/     M anipulation  |
\*---------------------------------------------------------------------------*/
FoamFile
{
    format      ascii;
    class       volScalarField;
    location    "0.008099";
    object      T;
}
// * * * * * * * * * * * * * * * * * * * * * * * * * * * * * * * * * * * * * //

dimensions      [0 0 0 1 0 0 0];

internalField   nonuniform List<scalar> 
5373
(
297.98
297.974
297.974
297.974
297.974
297.968
297.968
297.968
297.968
297.968
297.968
297.96
297.96
297.96
297.96
297.96
297.96
297.96
297.96
297.952
297.952
297.952
297.952
297.952
297.952
297.952
297.952
297.952
297.942
297.942
297.942
297.942
297.942
297.942
297.942
297.942
297.942
297.942
297.942
297.932
297.932
297.932
297.932
297.932
297.932
297.932
297.932
297.932
297.932
297.932
297.92
297.92
297.92
297.92
297.92
297.92
297.92
297.919
297.919
297.919
297.919
297.919
297.906
297.906
297.906
297.906
297.906
297.906
297.906
297.906
297.906
297.906
297.906
297.906
297.905
297.891
297.89
297.89
297.89
297.89
297.89
297.89
297.89
297.89
297.89
297.89
297.89
297.89
297.873
297.873
297.873
297.873
297.873
297.873
297.873
297.873
297.873
297.872
297.872
297.872
297.872
297.872
297.854
297.854
297.854
297.854
297.854
297.854
297.854
297.853
297.853
297.853
297.853
297.853
297.853
297.852
297.834
297.834
297.834
297.833
297.833
297.833
297.833
297.832
297.832
297.832
297.832
297.832
297.831
297.831
297.831
297.812
297.812
297.811
297.811
297.811
297.81
297.81
297.81
297.81
297.809
297.809
297.809
297.808
297.808
297.808
297.788
297.788
297.788
297.787
297.787
297.786
297.786
297.786
297.785
297.785
297.785
297.784
297.784
297.784
297.783
297.764
297.763
297.763
297.762
297.762
297.761
297.761
297.76
297.76
297.76
297.759
297.759
297.758
297.758
297.757
297.738
297.738
297.737
297.737
297.736
297.735
297.735
297.734
297.734
297.733
297.733
297.732
297.731
297.731
297.73
297.713
297.712
297.711
297.711
297.71
297.709
297.709
297.708
297.707
297.707
297.706
297.705
297.705
297.704
297.703
297.703
297.686
297.685
297.685
297.684
297.683
297.682
297.681
297.681
297.68
297.679
297.679
297.678
297.677
297.676
297.676
297.675
297.659
297.658
297.657
297.657
297.656
297.655
297.654
297.653
297.653
297.652
297.651
297.65
297.649
297.649
297.648
297.647
297.632
297.631
297.63
297.629
297.629
297.628
297.627
297.626
297.625
297.625
297.624
297.623
297.622
297.622
297.621
297.62
297.605
297.604
297.604
297.603
297.602
297.601
297.601
297.6
297.599
297.598
297.598
297.597
297.596
297.596
297.595
297.594
297.579
297.578
297.578
297.577
297.577
297.576
297.575
297.575
297.574
297.574
297.573
297.573
297.572
297.572
297.571
297.571
297.556
297.555
297.555
297.554
297.554
297.553
297.553
297.553
297.552
297.552
297.552
297.551
297.551
297.551
297.551
297.55
297.538
297.538
297.538
297.538
297.538
297.538
297.538
297.538
297.538
297.538
297.538
297.539
297.539
297.539
297.539
297.54
297.537
297.537
297.538
297.538
297.539
297.539
297.54
297.54
297.541
297.541
297.542
297.543
297.543
297.544
297.545
297.545
297.555
297.557
297.558
297.559
297.561
297.562
297.564
297.565
297.566
297.568
297.569
297.571
297.572
297.574
297.576
297.577
297.597
297.599
297.602
297.604
297.606
297.609
297.611
297.614
297.617
297.619
297.622
297.624
297.627
297.63
297.633
297.635
297.653
297.656
297.66
297.663
297.666
297.67
297.673
297.677
297.68
297.684
297.687
297.691
297.694
297.698
297.701
297.705
297.702
297.706
297.71
297.715
297.719
297.723
297.727
297.731
297.735
297.739
297.744
297.748
297.752
297.756
297.76
297.765
297.738
297.742
297.747
297.752
297.756
297.761
297.766
297.77
297.775
297.78
297.784
297.789
297.793
297.798
297.802
297.807
297.759
297.764
297.769
297.774
297.779
297.784
297.789
297.794
297.799
297.804
297.808
297.813
297.818
297.823
297.827
297.832
297.768
297.774
297.779
297.785
297.79
297.795
297.8
297.805
297.811
297.816
297.821
297.826
297.83
297.835
297.84
297.845
297.771
297.776
297.782
297.788
297.793
297.799
297.804
297.809
297.815
297.82
297.825
297.83
297.835
297.84
297.845
297.85
297.769
297.775
297.781
297.787
297.792
297.798
297.803
297.809
297.814
297.82
297.825
297.83
297.835
297.841
297.846
297.851
297.765
297.772
297.778
297.783
297.789
297.795
297.801
297.807
297.812
297.818
297.823
297.829
297.834
297.839
297.844
297.849
297.761
297.767
297.774
297.78
297.786
297.792
297.798
297.803
297.809
297.815
297.82
297.826
297.831
297.837
297.842
297.847
297.757
297.763
297.769
297.776
297.782
297.788
297.794
297.8
297.806
297.812
297.817
297.823
297.829
297.834
297.84
297.845
297.753
297.759
297.766
297.772
297.778
297.785
297.791
297.797
297.803
297.809
297.815
297.821
297.826
297.832
297.838
297.843
297.749
297.756
297.763
297.769
297.775
297.782
297.788
297.794
297.8
297.806
297.813
297.819
297.824
297.83
297.836
297.842
297.747
297.754
297.76
297.767
297.773
297.78
297.786
297.792
297.799
297.805
297.811
297.817
297.823
297.829
297.835
297.841
297.746
297.753
297.759
297.766
297.773
297.779
297.785
297.792
297.798
297.804
297.811
297.817
297.823
297.829
297.835
297.841
297.747
297.754
297.76
297.767
297.774
297.78
297.786
297.793
297.799
297.805
297.812
297.818
297.824
297.83
297.837
297.843
297.751
297.757
297.764
297.77
297.777
297.783
297.79
297.796
297.802
297.808
297.815
297.821
297.827
297.833
297.84
297.846
297.759
297.765
297.772
297.778
297.784
297.79
297.796
297.802
297.808
297.814
297.821
297.827
297.833
297.839
297.845
297.852
297.774
297.78
297.786
297.792
297.797
297.803
297.809
297.814
297.82
297.826
297.832
297.837
297.843
297.849
297.855
297.862
297.8
297.806
297.811
297.816
297.822
297.827
297.832
297.837
297.842
297.847
297.852
297.857
297.862
297.867
297.873
297.88
298.009
298.009
298.009
298.009
298.009
298.009
298.009
298.009
298.009
298.009
298.009
298.009
298.009
298.009
298.009
298.01
298.01
298.01
298.01
298.01
298.01
298.01
298.01
298.01
298.01
298.01
298.01
298.01
298.011
298.011
298.011
298.011
298.011
298.011
298.011
298.011
298.011
298.011
298.011
298.011
298.012
298.012
298.012
298.012
298.012
298.012
298.012
298.012
298.012
297.989
297.989
297.989
297.989
297.989
297.989
297.989
297.989
297.989
297.989
297.989
297.989
297.989
297.989
297.989
297.989
297.989
297.989
297.989
297.989
297.99
297.99
297.99
297.99
297.99
297.99
297.99
297.99
297.99
297.99
297.99
297.99
297.99
297.99
297.99
297.99
297.99
297.99
297.99
297.99
297.99
297.99
297.99
297.99
297.99
297.99
297.99
297.99
297.99
297.986
297.986
297.986
297.986
297.986
297.986
297.986
297.986
297.986
297.986
297.986
297.986
297.986
297.986
297.986
297.986
297.986
297.986
297.986
297.986
297.986
297.986
297.986
297.986
297.986
297.986
297.986
297.986
297.986
297.986
297.986
297.986
297.986
297.986
297.985
297.985
297.985
297.985
297.985
297.985
297.985
297.985
297.985
297.985
297.985
297.985
297.985
297.985
297.985
297.985
297.98
297.98
297.98
297.98
297.981
297.981
297.981
297.981
297.981
297.981
297.981
297.981
297.981
297.981
297.981
297.981
297.981
297.981
297.981
297.981
297.981
297.981
297.981
297.981
297.981
297.981
297.981
297.981
297.981
297.981
297.981
297.981
297.981
297.981
297.981
297.981
297.981
297.981
297.981
297.981
297.981
297.981
297.981
297.981
297.981
297.981
297.981
297.981
297.981
297.981
297.974
297.974
297.974
297.974
297.974
297.974
297.974
297.974
297.974
297.974
297.974
297.974
297.974
297.974
297.974
297.974
297.974
297.974
297.974
297.974
297.974
297.974
297.974
297.974
297.974
297.974
297.974
297.974
297.974
297.974
297.974
297.974
297.974
297.974
297.974
297.974
297.974
297.974
297.974
297.974
297.974
297.974
297.974
297.974
297.974
297.974
297.974
297.974
297.974
297.974
297.968
297.968
297.968
297.968
297.968
297.968
297.968
297.968
297.968
297.968
297.968
297.968
297.968
297.968
297.968
297.968
297.968
297.968
297.968
297.968
297.968
297.968
297.968
297.968
297.968
297.968
297.968
297.968
297.968
297.968
297.968
297.968
297.968
297.968
297.968
297.968
297.968
297.968
297.968
297.968
297.968
297.968
297.968
297.969
297.969
297.969
297.969
297.969
297.969
297.969
297.96
297.96
297.96
297.96
297.96
297.96
297.96
297.96
297.96
297.96
297.96
297.96
297.96
297.96
297.96
297.96
297.96
297.96
297.96
297.96
297.96
297.96
297.96
297.96
297.96
297.96
297.96
297.96
297.96
297.96
297.96
297.96
297.96
297.96
297.96
297.96
297.961
297.961
297.961
297.961
297.961
297.961
297.961
297.961
297.961
297.961
297.961
297.961
297.961
297.961
297.952
297.952
297.952
297.952
297.952
297.952
297.952
297.952
297.952
297.952
297.952
297.952
297.952
297.952
297.952
297.952
297.952
297.952
297.952
297.952
297.952
297.952
297.952
297.952
297.952
297.952
297.952
297.952
297.952
297.952
297.952
297.952
297.952
297.952
297.952
297.953
297.953
297.953
297.953
297.953
297.953
297.953
297.953
297.953
297.953
297.953
297.953
297.954
297.954
297.954
297.942
297.942
297.942
297.942
297.942
297.942
297.942
297.942
297.942
297.942
297.942
297.942
297.942
297.942
297.942
297.942
297.942
297.942
297.942
297.942
297.942
297.942
297.942
297.942
297.942
297.942
297.942
297.942
297.942
297.943
297.943
297.943
297.943
297.943
297.943
297.943
297.943
297.943
297.943
297.943
297.944
297.944
297.944
297.944
297.944
297.944
297.944
297.945
297.945
297.945
297.932
297.931
297.931
297.931
297.931
297.931
297.931
297.931
297.931
297.931
297.931
297.931
297.931
297.931
297.931
297.931
297.931
297.931
297.931
297.931
297.931
297.931
297.931
297.931
297.931
297.931
297.931
297.932
297.932
297.932
297.932
297.932
297.932
297.932
297.932
297.933
297.933
297.933
297.933
297.933
297.933
297.934
297.934
297.934
297.934
297.934
297.935
297.935
297.935
297.935
297.919
297.919
297.919
297.919
297.919
297.919
297.919
297.918
297.918
297.918
297.918
297.918
297.918
297.918
297.918
297.918
297.918
297.918
297.918
297.918
297.918
297.918
297.918
297.919
297.919
297.919
297.919
297.919
297.919
297.919
297.919
297.92
297.92
297.92
297.92
297.92
297.921
297.921
297.921
297.921
297.922
297.922
297.922
297.922
297.923
297.923
297.923
297.924
297.924
297.924
297.905
297.905
297.905
297.905
297.905
297.904
297.904
297.904
297.904
297.904
297.904
297.904
297.904
297.904
297.904
297.904
297.904
297.904
297.904
297.904
297.904
297.904
297.904
297.904
297.904
297.904
297.904
297.905
297.905
297.905
297.905
297.906
297.906
297.906
297.906
297.907
297.907
297.907
297.908
297.908
297.908
297.909
297.909
297.909
297.91
297.91
297.911
297.911
297.912
297.912
297.89
297.889
297.889
297.889
297.888
297.888
297.888
297.888
297.887
297.887
297.887
297.887
297.887
297.887
297.887
297.887
297.887
297.887
297.887
297.887
297.887
297.887
297.887
297.887
297.887
297.888
297.888
297.888
297.888
297.889
297.889
297.889
297.89
297.89
297.89
297.891
297.891
297.892
297.892
297.893
297.893
297.894
297.894
297.895
297.895
297.896
297.897
297.897
297.898
297.899
297.872
297.871
297.871
297.87
297.87
297.87
297.869
297.869
297.869
297.868
297.868
297.868
297.868
297.868
297.868
297.868
297.867
297.867
297.868
297.868
297.868
297.868
297.868
297.868
297.868
297.869
297.869
297.869
297.87
297.87
297.87
297.871
297.871
297.872
297.872
297.873
297.874
297.874
297.875
297.876
297.876
297.877
297.878
297.879
297.879
297.88
297.881
297.882
297.883
297.884
297.852
297.851
297.851
297.85
297.849
297.849
297.848
297.848
297.848
297.847
297.847
297.847
297.846
297.846
297.846
297.846
297.846
297.846
297.846
297.846
297.846
297.846
297.846
297.846
297.847
297.847
297.847
297.848
297.848
297.849
297.849
297.85
297.851
297.851
297.852
297.853
297.854
297.855
297.855
297.856
297.857
297.858
297.859
297.86
297.862
297.863
297.864
297.865
297.866
297.868
297.83
297.829
297.829
297.828
297.827
297.826
297.825
297.825
297.824
297.824
297.823
297.823
297.822
297.822
297.822
297.822
297.821
297.821
297.821
297.821
297.821
297.822
297.822
297.822
297.822
297.823
297.823
297.824
297.824
297.825
297.826
297.827
297.828
297.828
297.829
297.83
297.832
297.833
297.834
297.835
297.836
297.838
297.839
297.841
297.842
297.844
297.845
297.847
297.849
297.85
297.807
297.806
297.805
297.803
297.802
297.801
297.8
297.799
297.799
297.798
297.797
297.796
297.796
297.795
297.795
297.795
297.794
297.794
297.794
297.794
297.794
297.794
297.795
297.795
297.795
297.796
297.797
297.797
297.798
297.799
297.8
297.801
297.802
297.803
297.804
297.806
297.807
297.808
297.81
297.812
297.813
297.815
297.817
297.819
297.821
297.823
297.825
297.827
297.829
297.831
297.782
297.78
297.779
297.777
297.776
297.775
297.773
297.772
297.771
297.77
297.769
297.768
297.767
297.767
297.766
297.766
297.765
297.765
297.765
297.765
297.765
297.765
297.765
297.766
297.766
297.767
297.767
297.768
297.769
297.77
297.771
297.772
297.773
297.775
297.776
297.778
297.78
297.782
297.784
297.786
297.788
297.79
297.793
297.795
297.798
297.8
297.803
297.806
297.809
297.812
297.756
297.754
297.752
297.75
297.748
297.746
297.745
297.743
297.742
297.741
297.739
297.738
297.737
297.736
297.736
297.735
297.734
297.734
297.734
297.733
297.733
297.733
297.734
297.734
297.734
297.735
297.735
297.736
297.737
297.738
297.74
297.741
297.743
297.744
297.746
297.748
297.75
297.753
297.755
297.758
297.76
297.763
297.766
297.769
297.773
297.776
297.78
297.783
297.787
297.79
297.729
297.726
297.724
297.721
297.719
297.717
297.715
297.713
297.712
297.71
297.709
297.707
297.706
297.705
297.704
297.703
297.702
297.702
297.701
297.701
297.7
297.7
297.7
297.7
297.701
297.701
297.702
297.703
297.704
297.705
297.706
297.708
297.709
297.711
297.713
297.716
297.718
297.721
297.724
297.727
297.73
297.734
297.738
297.741
297.745
297.75
297.754
297.759
297.763
297.768
297.701
297.698
297.695
297.693
297.69
297.688
297.686
297.683
297.681
297.68
297.678
297.676
297.675
297.673
297.672
297.671
297.67
297.669
297.668
297.667
297.667
297.666
297.666
297.666
297.666
297.666
297.667
297.668
297.668
297.669
297.671
297.672
297.674
297.676
297.678
297.681
297.684
297.687
297.69
297.694
297.698
297.702
297.706
297.711
297.716
297.721
297.727
297.732
297.738
297.744
297.673
297.67
297.667
297.664
297.661
297.659
297.656
297.654
297.652
297.65
297.648
297.646
297.644
297.643
297.641
297.64
297.638
297.637
297.636
297.635
297.634
297.633
297.632
297.632
297.631
297.631
297.631
297.632
297.632
297.633
297.634
297.635
297.637
297.639
297.641
297.643
297.646
297.65
297.653
297.658
297.662
297.667
297.672
297.678
297.684
297.69
297.697
297.704
297.711
297.719
297.645
297.642
297.639
297.636
297.633
297.631
297.628
297.626
297.624
297.622
297.62
297.618
297.616
297.614
297.612
297.61
297.608
297.607
297.605
297.604
297.602
297.601
297.6
297.598
297.597
297.597
297.596
297.596
297.595
297.596
297.596
297.597
297.598
297.6
297.602
297.604
297.607
297.61
297.614
297.619
297.624
297.629
297.635
297.642
297.649
297.657
297.665
297.674
297.683
297.692
297.618
297.615
297.612
297.609
297.607
297.605
297.602
297.6
297.598
297.596
297.594
297.592
297.59
297.588
297.586
297.584
297.582
297.58
297.577
297.575
297.573
297.571
297.569
297.567
297.565
297.564
297.562
297.561
297.56
297.559
297.558
297.558
297.559
297.56
297.561
297.563
297.565
297.569
297.573
297.577
297.583
297.589
297.595
297.603
297.611
297.62
297.63
297.641
297.651
297.663
297.593
297.59
297.588
297.585
297.583
297.581
297.58
297.578
297.576
297.574
297.572
297.57
297.568
297.566
297.564
297.562
297.559
297.556
297.554
297.551
297.548
297.545
297.542
297.539
297.536
297.533
297.531
297.528
297.526
297.524
297.522
297.521
297.52
297.52
297.52
297.521
297.523
297.525
297.529
297.533
297.539
297.545
297.553
297.561
297.571
297.581
297.593
297.605
297.618
297.632
297.569
297.567
297.566
297.565
297.563
297.562
297.561
297.56
297.558
297.557
297.555
297.554
297.552
297.549
297.547
297.544
297.541
297.538
297.535
297.531
297.528
297.524
297.52
297.515
297.511
297.507
297.503
297.499
297.495
297.491
297.488
297.485
297.482
297.481
297.479
297.479
297.48
297.481
297.484
297.488
297.493
297.499
297.507
297.516
297.527
297.539
297.552
297.566
297.582
297.599
297.55
297.549
297.549
297.549
297.549
297.548
297.548
297.548
297.547
297.546
297.545
297.543
297.541
297.539
297.536
297.533
297.53
297.526
297.522
297.518
297.513
297.508
297.503
297.497
297.492
297.486
297.48
297.474
297.468
297.463
297.457
297.452
297.448
297.444
297.441
297.439
297.438
297.438
297.439
297.442
297.446
297.452
297.46
297.469
297.481
297.494
297.509
297.525
297.544
297.564
297.54
297.542
297.543
297.544
297.545
297.546
297.547
297.547
297.547
297.546
297.545
297.544
297.542
297.54
297.537
297.533
297.529
297.524
297.519
297.514
297.508
297.502
297.495
297.488
297.48
297.472
297.464
297.456
297.448
297.44
297.432
297.425
297.418
297.412
297.406
297.402
297.398
297.396
297.396
297.397
297.4
297.405
297.412
297.421
297.433
297.447
297.463
297.482
297.503
297.526
297.547
297.551
297.554
297.558
297.56
297.563
297.565
297.566
297.567
297.567
297.566
297.565
297.563
297.56
297.557
297.553
297.548
297.543
297.536
297.53
297.522
297.514
297.505
297.495
297.485
297.474
297.463
297.452
297.441
297.429
297.418
297.407
297.396
297.386
297.378
297.37
297.363
297.358
297.355
297.354
297.355
297.359
297.364
297.373
297.384
297.399
297.416
297.437
297.461
297.487
297.581
297.589
297.595
297.601
297.607
297.612
297.616
297.619
297.621
297.622
297.623
297.622
297.62
297.618
297.614
297.61
297.604
297.597
297.59
297.581
297.572
297.561
297.55
297.537
297.524
297.509
297.494
297.478
297.463
297.446
297.429
297.411
297.395
297.38
297.365
297.351
297.339
297.33
297.322
297.317
297.315
297.316
297.32
297.327
297.337
297.351
297.369
297.391
297.417
297.447
297.643
297.655
297.666
297.676
297.685
297.693
297.7
297.706
297.71
297.714
297.717
297.718
297.718
297.718
297.716
297.712
297.708
297.702
297.695
297.686
297.676
297.665
297.651
297.636
297.619
297.601
297.581
297.559
297.537
297.514
297.49
297.465
297.439
297.414
297.39
297.366
297.344
297.324
297.308
297.295
297.286
297.281
297.281
297.285
297.293
297.305
297.322
297.344
297.372
297.405
297.715
297.73
297.744
297.757
297.769
297.78
297.79
297.799
297.806
297.813
297.818
297.822
297.826
297.828
297.829
297.829
297.828
297.826
297.822
297.817
297.81
297.802
297.792
297.78
297.766
297.75
297.731
297.71
297.686
297.659
297.629
297.596
297.56
297.522
297.483
297.444
297.406
297.369
297.337
297.308
297.284
297.266
297.256
297.252
297.255
297.264
297.279
297.3
297.327
297.362
297.776
297.794
297.81
297.825
297.839
297.852
297.863
297.874
297.883
297.892
297.899
297.906
297.912
297.916
297.92
297.923
297.925
297.925
297.925
297.923
297.92
297.916
297.91
297.903
297.894
297.883
297.87
297.855
297.837
297.817
297.793
297.766
297.734
297.698
297.657
297.611
297.558
297.501
297.442
297.387
297.335
297.294
297.262
297.241
297.232
297.231
297.241
297.258
297.284
297.32
297.819
297.838
297.855
297.871
297.886
297.9
297.912
297.923
297.934
297.943
297.951
297.959
297.965
297.971
297.976
297.98
297.983
297.985
297.986
297.986
297.985
297.983
297.979
297.974
297.968
297.96
297.951
297.94
297.927
297.912
297.896
297.878
297.857
297.832
297.804
297.77
297.73
297.682
297.625
297.559
297.48
297.401
297.329
297.271
297.232
297.216
297.213
297.222
297.244
297.28
297.845
297.864
297.882
297.898
297.913
297.927
297.939
297.951
297.961
297.97
297.979
297.987
297.993
297.999
298.004
298.008
298.011
298.014
298.015
298.015
298.014
298.012
298.009
298.004
297.999
297.992
297.983
297.973
297.961
297.949
297.935
297.92
297.903
297.886
297.868
297.849
297.827
297.8
297.767
297.722
297.662
297.584
297.49
297.387
297.297
297.23
297.203
297.197
297.209
297.241
297.858
297.877
297.895
297.912
297.927
297.94
297.952
297.964
297.974
297.983
297.991
297.999
298.005
298.011
298.016
298.019
298.022
298.024
298.025
298.025
298.024
298.021
298.018
298.013
298.007
297.999
297.991
297.981
297.969
297.957
297.943
297.929
297.914
297.898
297.882
297.867
297.851
297.835
297.819
297.802
297.777
297.735
297.666
297.565
297.442
297.318
297.226
297.189
297.182
297.205
297.863
297.883
297.901
297.917
297.932
297.945
297.957
297.968
297.978
297.987
297.995
298.002
298.009
298.014
298.018
298.022
298.025
298.026
298.027
298.026
298.025
298.022
298.018
298.013
298.007
297.999
297.99
297.98
297.968
297.956
297.942
297.928
297.913
297.898
297.883
297.868
297.853
297.84
297.828
297.817
297.808
297.799
297.778
297.726
297.623
297.476
297.322
297.208
297.17
297.174
297.864
297.884
297.902
297.918
297.933
297.946
297.958
297.969
297.979
297.987
297.995
298.002
298.008
298.013
298.018
298.021
298.023
298.025
298.025
298.025
298.023
298.02
298.016
298.011
298.004
297.996
297.987
297.977
297.965
297.953
297.94
297.926
297.911
297.896
297.881
297.867
297.853
297.84
297.829
297.819
297.812
297.808
297.807
297.803
297.767
297.659
297.48
297.293
297.173
297.15
297.863
297.883
297.901
297.918
297.932
297.945
297.957
297.968
297.977
297.986
297.994
298
298.006
298.011
298.016
298.019
298.021
298.022
298.023
298.022
298.02
298.017
298.013
298.008
298.001
297.994
297.985
297.974
297.963
297.951
297.938
297.924
297.91
297.896
297.881
297.867
297.854
297.842
297.831
297.822
297.816
297.812
297.811
297.816
297.822
297.794
297.663
297.433
297.229
297.136
297.861
297.882
297.9
297.916
297.931
297.944
297.955
297.966
297.975
297.984
297.992
297.998
298.004
298.009
298.013
298.016
298.019
298.02
298.02
298.02
298.018
298.015
298.011
298.006
297.999
297.992
297.983
297.973
297.962
297.95
297.938
297.924
297.91
297.897
297.883
297.869
297.857
297.845
297.835
297.827
297.821
297.817
297.816
297.819
297.828
297.843
297.807
297.611
297.322
297.148
297.859
297.88
297.898
297.915
297.929
297.942
297.954
297.964
297.974
297.982
297.99
297.996
298.002
298.007
298.011
298.014
298.017
298.018
298.018
298.018
298.016
298.013
298.009
298.004
297.998
297.99
297.982
297.972
297.962
297.95
297.938
297.925
297.912
297.898
297.885
297.872
297.86
297.849
297.839
297.832
297.826
297.823
297.823
297.826
297.832
297.847
297.866
297.788
297.473
297.182
297.858
297.879
297.897
297.913
297.927
297.94
297.952
297.962
297.972
297.98
297.988
297.995
298
298.005
298.009
298.013
298.015
298.016
298.017
298.016
298.014
298.012
298.008
298.003
297.997
297.99
297.982
297.972
297.962
297.951
297.939
297.926
297.913
297.9
297.887
297.875
297.863
297.852
297.843
297.836
297.831
297.828
297.829
297.831
297.838
297.851
297.874
297.885
297.66
297.256
297.856
297.877
297.896
297.912
297.926
297.939
297.951
297.961
297.971
297.979
297.986
297.993
297.999
298.004
298.008
298.011
298.014
298.015
298.015
298.015
298.013
298.011
298.007
298.003
297.997
297.99
297.982
297.973
297.962
297.951
297.94
297.927
297.915
297.902
297.889
297.877
297.866
297.856
297.847
297.84
297.835
297.833
297.833
297.836
297.842
297.854
297.875
297.912
297.825
297.377
297.856
297.877
297.895
297.911
297.925
297.938
297.95
297.96
297.969
297.978
297.985
297.992
297.998
298.003
298.007
298.01
298.013
298.014
298.015
298.014
298.013
298.01
298.007
298.002
297.997
297.99
297.982
297.973
297.963
297.952
297.941
297.929
297.917
297.904
297.892
297.88
297.869
297.859
297.851
297.844
297.839
297.837
297.837
297.84
297.846
297.855
297.873
297.907
297.925
297.541
297.856
297.877
297.895
297.911
297.925
297.938
297.949
297.96
297.969
297.977
297.985
297.991
297.997
298.002
298.006
298.009
298.012
298.013
298.014
298.014
298.012
298.01
298.007
298.002
297.997
297.99
297.982
297.974
297.964
297.954
297.942
297.931
297.919
297.906
297.894
297.883
297.872
297.862
297.854
297.847
297.843
297.841
297.841
297.844
297.848
297.857
297.87
297.898
297.95
297.748
297.858
297.878
297.896
297.912
297.926
297.938
297.949
297.959
297.969
297.977
297.984
297.991
297.997
298.002
298.006
298.009
298.011
298.013
298.014
298.013
298.012
298.01
298.007
298.002
297.997
297.99
297.983
297.974
297.965
297.955
297.944
297.932
297.92
297.909
297.897
297.885
297.875
297.865
297.857
297.851
297.847
297.845
297.844
297.847
297.851
297.858
297.867
297.889
297.93
297.932
297.861
297.881
297.898
297.914
297.927
297.939
297.95
297.96
297.969
297.977
297.984
297.991
297.997
298.001
298.005
298.009
298.011
298.013
298.013
298.013
298.012
298.01
298.007
298.002
297.997
297.991
297.984
297.975
297.966
297.956
297.945
297.934
297.923
297.911
297.899
297.888
297.878
297.869
297.861
297.855
297.85
297.848
297.848
297.85
297.853
297.858
297.864
297.88
297.906
297.987
297.866
297.886
297.902
297.917
297.93
297.942
297.952
297.962
297.97
297.978
297.985
297.991
297.997
298.002
298.005
298.009
298.011
298.013
298.013
298.013
298.012
298.01
298.007
298.003
297.998
297.992
297.984
297.976
297.968
297.958
297.947
297.936
297.925
297.914
297.903
297.892
297.882
297.873
297.865
297.859
297.854
297.852
297.851
297.853
297.855
297.859
297.862
297.871
297.881
297.965
297.875
297.893
297.909
297.923
297.935
297.946
297.956
297.965
297.973
297.98
297.987
297.993
297.998
298.002
298.006
298.009
298.011
298.013
298.013
298.013
298.012
298.01
298.007
298.003
297.998
297.992
297.986
297.978
297.969
297.96
297.95
297.94
297.929
297.918
297.907
297.897
297.887
297.878
297.871
297.864
297.86
297.857
297.856
297.856
297.857
297.86
297.859
297.864
297.856
297.937
297.891
297.907
297.921
297.933
297.945
297.955
297.964
297.972
297.979
297.985
297.991
297.996
298
298.004
298.007
298.01
298.012
298.013
298.013
298.013
298.012
298.01
298.007
298.004
297.999
297.994
297.988
297.981
297.973
297.965
297.956
297.946
297.936
297.926
297.916
297.906
297.897
297.888
297.881
297.874
297.869
297.865
297.863
297.861
297.86
297.86
297.857
297.857
297.839
297.891
298.01
298.005
298.001
297.998
297.995
297.993
297.991
297.989
297.988
297.987
297.987
297.986
297.986
297.986
297.986
297.986
297.986
297.987
297.987
297.988
297.988
297.989
297.989
297.99
297.991
297.991
297.992
297.993
297.993
297.994
297.995
297.995
297.996
297.997
297.997
297.998
297.999
297.999
298
298
298.001
298.001
298.002
298.002
298.003
298.003
298.004
298.004
298.004
298.005
297.991
297.991
297.992
297.992
297.993
297.993
297.993
297.993
297.993
297.993
297.993
297.993
297.992
297.992
297.992
297.992
297.992
297.992
297.992
297.993
297.993
297.993
297.993
297.993
297.994
297.994
297.994
297.995
297.995
297.995
297.996
297.996
297.997
297.997
297.997
297.998
297.998
297.999
297.999
298
298.001
298.001
298.002
298.002
298.003
298.004
298.004
298.005
298.005
298.006
297.985
297.985
297.985
297.985
297.985
297.985
297.986
297.986
297.986
297.986
297.987
297.987
297.987
297.987
297.988
297.988
297.989
297.989
297.989
297.99
297.99
297.991
297.991
297.992
297.992
297.993
297.993
297.994
297.994
297.995
297.995
297.996
297.996
297.997
297.997
297.998
297.998
297.999
297.999
298
298.001
298.001
298.002
298.002
298.003
298.003
298.004
298.004
298.005
298.005
297.982
297.982
297.982
297.982
297.982
297.982
297.982
297.983
297.983
297.983
297.983
297.984
297.984
297.984
297.985
297.985
297.986
297.986
297.987
297.987
297.988
297.988
297.989
297.989
297.99
297.99
297.991
297.992
297.992
297.993
297.994
297.994
297.995
297.995
297.996
297.997
297.998
297.998
297.999
298
298
298.001
298.002
298.002
298.003
298.003
298.004
298.004
298.005
298.006
297.974
297.975
297.975
297.976
297.976
297.976
297.977
297.977
297.978
297.978
297.979
297.979
297.98
297.981
297.981
297.982
297.982
297.983
297.984
297.984
297.985
297.986
297.986
297.987
297.988
297.988
297.989
297.99
297.991
297.991
297.992
297.993
297.994
297.994
297.995
297.996
297.997
297.998
297.999
297.999
298
298.001
298.002
298.002
298.003
298.004
298.004
298.005
298.006
298.007
297.969
297.969
297.97
297.97
297.971
297.971
297.972
297.972
297.973
297.974
297.974
297.975
297.976
297.976
297.977
297.978
297.978
297.979
297.98
297.981
297.982
297.982
297.983
297.984
297.985
297.986
297.987
297.988
297.989
297.99
297.99
297.991
297.992
297.993
297.994
297.995
297.996
297.997
297.998
297.999
298
298.001
298.002
298.002
298.003
298.004
298.005
298.006
298.007
298.008
297.962
297.962
297.963
297.964
297.964
297.965
297.966
297.966
297.967
297.968
297.969
297.97
297.97
297.971
297.972
297.973
297.974
297.975
297.976
297.977
297.978
297.979
297.98
297.981
297.982
297.983
297.984
297.985
297.986
297.988
297.989
297.99
297.991
297.992
297.993
297.994
297.995
297.996
297.997
297.998
297.999
298.001
298.002
298.003
298.004
298.005
298.006
298.007
298.008
298.009
297.954
297.955
297.956
297.956
297.957
297.958
297.959
297.96
297.961
297.962
297.963
297.964
297.965
297.966
297.967
297.968
297.969
297.971
297.972
297.973
297.974
297.975
297.977
297.978
297.979
297.98
297.982
297.983
297.984
297.985
297.987
297.988
297.989
297.991
297.992
297.993
297.994
297.996
297.997
297.998
297.999
298
298.002
298.003
298.004
298.005
298.007
298.008
298.009
298.01
297.945
297.946
297.947
297.948
297.949
297.95
297.952
297.953
297.954
297.955
297.956
297.958
297.959
297.96
297.961
297.963
297.964
297.966
297.967
297.968
297.97
297.971
297.973
297.974
297.976
297.977
297.979
297.98
297.982
297.983
297.985
297.986
297.987
297.989
297.99
297.992
297.993
297.995
297.996
297.998
297.999
298
298.002
298.003
298.005
298.006
298.008
298.009
298.01
298.012
297.936
297.937
297.938
297.94
297.941
297.942
297.943
297.945
297.946
297.948
297.949
297.951
297.952
297.954
297.955
297.957
297.959
297.96
297.962
297.963
297.965
297.967
297.968
297.97
297.972
297.974
297.975
297.977
297.979
297.98
297.982
297.984
297.986
297.987
297.989
297.991
297.992
297.994
297.996
297.997
297.999
298.001
298.002
298.004
298.006
298.007
298.009
298.01
298.012
298.013
297.925
297.927
297.928
297.93
297.931
297.933
297.934
297.936
297.938
297.94
297.941
297.943
297.945
297.947
297.949
297.95
297.952
297.954
297.956
297.958
297.96
297.962
297.964
297.966
297.968
297.97
297.972
297.974
297.976
297.978
297.98
297.982
297.983
297.985
297.987
297.989
297.991
297.993
297.995
297.997
297.999
298.001
298.003
298.005
298.006
298.008
298.01
298.012
298.014
298.015
297.913
297.915
297.917
297.919
297.921
297.923
297.924
297.926
297.929
297.931
297.933
297.935
297.937
297.939
297.941
297.943
297.945
297.948
297.95
297.952
297.954
297.957
297.959
297.961
297.963
297.966
297.968
297.97
297.972
297.975
297.977
297.979
297.981
297.984
297.986
297.988
297.99
297.992
297.995
297.997
297.999
298.001
298.003
298.005
298.008
298.01
298.012
298.014
298.016
298.018
297.9
297.902
297.904
297.907
297.909
297.911
297.914
297.916
297.918
297.921
297.923
297.926
297.928
297.931
297.933
297.936
297.938
297.941
297.943
297.946
297.948
297.951
297.953
297.956
297.959
297.961
297.964
297.966
297.969
297.971
297.974
297.977
297.979
297.982
297.984
297.987
297.989
297.992
297.994
297.997
297.999
298.002
298.004
298.006
298.009
298.011
298.013
298.016
298.018
298.02
297.886
297.888
297.891
297.893
297.896
297.899
297.902
297.904
297.907
297.91
297.913
297.916
297.918
297.921
297.924
297.927
297.93
297.933
297.936
297.939
297.942
297.945
297.948
297.95
297.953
297.956
297.959
297.962
297.965
297.968
297.971
297.974
297.977
297.98
297.982
297.985
297.988
297.991
297.994
297.996
297.999
298.002
298.005
298.007
298.01
298.013
298.015
298.018
298.021
297.87
297.873
297.876
297.879
297.882
297.885
297.889
297.892
297.895
297.898
297.902
297.905
297.908
297.911
297.915
297.918
297.921
297.925
297.928
297.931
297.935
297.938
297.941
297.945
297.948
297.951
297.955
297.958
297.961
297.964
297.968
297.971
297.974
297.977
297.981
297.984
297.987
297.99
297.993
297.996
297.999
298.003
298.006
298.009
298.012
298.015
298.018
298.02
298.023
297.853
297.856
297.86
297.864
297.867
297.871
297.875
297.878
297.882
297.886
297.89
297.893
297.897
297.901
297.905
297.908
297.912
297.916
297.92
297.923
297.927
297.931
297.935
297.938
297.942
297.946
297.949
297.953
297.957
297.96
297.964
297.968
297.971
297.975
297.979
297.982
297.986
297.989
297.993
297.996
298
298.003
298.007
298.01
298.013
298.017
298.02
298.023
298.026
297.835
297.839
297.843
297.847
297.852
297.856
297.86
297.864
297.868
297.873
297.877
297.881
297.885
297.889
297.894
297.898
297.902
297.906
297.911
297.915
297.919
297.923
297.927
297.932
297.936
297.94
297.944
297.948
297.952
297.956
297.96
297.964
297.968
297.972
297.976
297.98
297.984
297.988
297.992
297.996
298
298.004
298.007
298.011
298.015
298.019
298.022
298.026
298.029
297.816
297.82
297.825
297.83
297.835
297.839
297.844
297.849
297.854
297.858
297.863
297.868
297.873
297.877
297.882
297.887
297.891
297.896
297.901
297.906
297.91
297.915
297.92
297.924
297.929
297.933
297.938
297.943
297.947
297.952
297.956
297.961
297.965
297.97
297.974
297.978
297.983
297.987
297.991
297.996
298
298.004
298.008
298.012
298.017
298.021
298.025
298.029
298.033
297.795
297.801
297.806
297.811
297.817
297.822
297.827
297.833
297.838
297.843
297.848
297.854
297.859
297.864
297.87
297.875
297.88
297.885
297.89
297.896
297.901
297.906
297.911
297.916
297.921
297.926
297.932
297.937
297.942
297.947
297.952
297.957
297.961
297.966
297.971
297.976
297.981
297.986
297.99
297.995
298
298.004
298.009
298.014
298.018
298.023
298.027
298.031
298.036
297.774
297.78
297.786
297.791
297.797
297.803
297.809
297.815
297.821
297.827
297.833
297.839
297.844
297.85
297.856
297.862
297.868
297.873
297.879
297.885
297.891
297.896
297.902
297.908
297.913
297.919
297.924
297.93
297.935
297.941
297.946
297.952
297.957
297.963
297.968
297.973
297.979
297.984
297.989
297.994
297.999
298.005
298.01
298.015
298.02
298.024
298.029
298.034
298.039
297.751
297.757
297.764
297.77
297.777
297.784
297.79
297.797
297.803
297.809
297.816
297.822
297.829
297.835
297.842
297.848
297.854
297.861
297.867
297.873
297.879
297.886
297.892
297.898
297.904
297.91
297.916
297.923
297.929
297.935
297.941
297.947
297.953
297.958
297.964
297.97
297.976
297.982
297.987
297.993
297.999
298.004
298.01
298.015
298.021
298.026
298.031
298.037
298.042
297.726
297.734
297.741
297.748
297.755
297.762
297.769
297.777
297.784
297.791
297.798
297.805
297.812
297.819
297.826
297.833
297.84
297.847
297.853
297.86
297.867
297.874
297.881
297.888
297.894
297.901
297.908
297.914
297.921
297.928
297.934
297.941
297.947
297.954
297.96
297.966
297.973
297.979
297.985
297.991
297.997
298.003
298.01
298.015
298.021
298.027
298.033
298.039
297.701
297.708
297.716
297.724
297.732
297.74
297.747
297.755
297.763
297.771
297.778
297.786
297.793
297.801
297.809
297.816
297.824
297.831
297.839
297.846
297.854
297.861
297.868
297.876
297.883
297.89
297.898
297.905
297.912
297.919
297.927
297.934
297.941
297.948
297.955
297.962
297.968
297.975
297.982
297.989
297.995
298.002
298.009
298.015
298.022
298.028
298.034
298.041
297.673
297.682
297.69
297.698
297.707
297.715
297.724
297.732
297.74
297.749
297.757
297.765
297.773
297.782
297.79
297.798
297.806
297.814
297.823
297.831
297.839
297.847
297.855
297.863
297.871
297.879
297.887
297.894
297.902
297.91
297.918
297.925
297.933
297.941
297.948
297.956
297.963
297.971
297.978
297.985
297.993
298
298.007
298.014
298.021
298.028
298.035
298.042
297.644
297.653
297.662
297.671
297.68
297.689
297.698
297.707
297.716
297.725
297.734
297.743
297.752
297.761
297.769
297.778
297.787
297.796
297.805
297.813
297.822
297.831
297.839
297.848
297.857
297.865
297.874
297.882
297.891
297.899
297.908
297.916
297.924
297.933
297.941
297.949
297.957
297.965
297.973
297.981
297.989
297.997
298.004
298.012
298.02
298.027
298.035
298.042
297.613
297.622
297.632
297.642
297.651
297.661
297.671
297.68
297.69
297.699
297.709
297.718
297.728
297.738
297.747
297.756
297.766
297.775
297.785
297.794
297.804
297.813
297.822
297.832
297.841
297.85
297.859
297.869
297.878
297.887
297.896
297.905
297.914
297.923
297.932
297.941
297.949
297.958
297.967
297.975
297.984
297.992
298.001
298.009
298.017
298.025
298.033
297.579
297.59
297.6
297.61
297.62
297.631
297.641
297.651
297.661
297.671
297.682
297.692
297.702
297.712
297.722
297.732
297.743
297.753
297.763
297.773
297.783
297.793
297.803
297.813
297.823
297.833
297.843
297.853
297.862
297.872
297.882
297.892
297.902
297.911
297.921
297.93
297.94
297.949
297.959
297.968
297.977
297.986
297.995
298.004
298.013
298.022
298.031
297.544
297.555
297.566
297.577
297.587
297.598
297.609
297.62
297.631
297.641
297.652
297.663
297.674
297.684
297.695
297.706
297.717
297.727
297.738
297.749
297.76
297.77
297.781
297.792
297.802
297.813
297.824
297.834
297.845
297.856
297.866
297.877
297.887
297.898
297.908
297.918
297.928
297.939
297.949
297.959
297.969
297.979
297.989
297.998
298.008
298.018
298.027
297.507
297.519
297.53
297.541
297.552
297.563
297.575
297.586
297.597
297.609
297.62
297.631
297.642
297.654
297.665
297.676
297.688
297.699
297.711
297.722
297.733
297.745
297.756
297.768
297.779
297.791
297.802
297.813
297.825
297.836
297.847
297.859
297.87
297.881
297.892
297.904
297.915
297.926
297.937
297.948
297.958
297.969
297.98
297.99
298.001
298.011
297.469
297.48
297.492
297.503
297.515
297.527
297.538
297.55
297.561
297.573
297.585
297.597
297.609
297.62
297.632
297.644
297.656
297.668
297.68
297.692
297.704
297.716
297.728
297.74
297.753
297.765
297.777
297.789
297.801
297.814
297.826
297.838
297.85
297.862
297.874
297.886
297.898
297.91
297.922
297.934
297.945
297.957
297.969
297.98
297.991
298.003
297.429
297.441
297.452
297.464
297.476
297.487
297.499
297.511
297.523
297.535
297.547
297.559
297.572
297.584
297.596
297.609
297.621
297.634
297.646
297.659
297.671
297.684
297.697
297.71
297.723
297.736
297.749
297.762
297.775
297.788
297.801
297.814
297.827
297.84
297.853
297.866
297.879
297.891
297.904
297.917
297.93
297.942
297.955
297.967
297.98
297.388
297.4
297.411
297.423
297.435
297.447
297.459
297.471
297.483
297.495
297.507
297.519
297.532
297.544
297.557
297.57
297.583
297.596
297.609
297.622
297.635
297.648
297.662
297.675
297.689
297.702
297.716
297.73
297.744
297.758
297.772
297.785
297.799
297.813
297.827
297.841
297.855
297.869
297.883
297.897
297.911
297.924
297.938
297.952
297.348
297.359
297.37
297.381
297.393
297.404
297.416
297.428
297.44
297.452
297.464
297.477
297.489
297.502
297.515
297.528
297.541
297.554
297.567
297.581
297.595
297.608
297.622
297.636
297.651
297.665
297.679
297.694
297.709
297.723
297.738
297.753
297.768
297.783
297.798
297.813
297.828
297.843
297.858
297.873
297.888
297.903
297.918
297.932
297.307
297.317
297.328
297.339
297.35
297.361
297.372
297.384
297.396
297.407
297.419
297.432
297.444
297.457
297.469
297.482
297.495
297.509
297.522
297.536
297.55
297.564
297.579
297.593
297.608
297.623
297.638
297.653
297.669
297.684
297.7
297.716
297.732
297.748
297.764
297.78
297.796
297.813
297.829
297.845
297.861
297.878
297.894
297.268
297.277
297.287
297.297
297.307
297.318
297.328
297.339
297.35
297.362
297.373
297.385
297.397
297.409
297.421
297.434
297.447
297.46
297.474
297.487
297.501
297.516
297.53
297.545
297.56
297.576
297.592
297.608
297.624
297.64
297.657
297.674
297.691
297.708
297.725
297.742
297.76
297.777
297.795
297.813
297.83
297.848
297.231
297.239
297.248
297.257
297.266
297.275
297.285
297.295
297.305
297.315
297.326
297.337
297.348
297.359
297.371
297.383
297.395
297.408
297.421
297.435
297.449
297.463
297.478
297.493
297.508
297.524
297.54
297.557
297.573
297.59
297.608
297.626
297.644
297.662
297.68
297.699
297.718
297.737
297.756
297.775
297.794
297.813
297.197
297.204
297.211
297.219
297.226
297.234
297.243
297.251
297.26
297.269
297.278
297.288
297.298
297.308
297.319
297.33
297.342
297.354
297.366
297.379
297.392
297.406
297.421
297.435
297.451
297.467
297.483
297.5
297.517
297.535
297.553
297.572
297.591
297.61
297.63
297.65
297.67
297.691
297.711
297.732
297.752
297.167
297.172
297.178
297.184
297.19
297.197
297.203
297.21
297.217
297.224
297.232
297.24
297.248
297.257
297.266
297.276
297.286
297.297
297.308
297.32
297.332
297.345
297.359
297.374
297.389
297.405
297.421
297.438
297.456
297.474
297.493
297.512
297.532
297.553
297.574
297.595
297.617
297.638
297.661
297.683
297.143
297.147
297.151
297.155
297.159
297.163
297.168
297.172
297.177
297.182
297.187
297.193
297.199
297.206
297.213
297.221
297.229
297.238
297.247
297.258
297.269
297.281
297.294
297.308
297.322
297.337
297.354
297.371
297.389
297.407
297.427
297.447
297.468
297.489
297.511
297.534
297.557
297.58
297.604
297.129
297.129
297.131
297.132
297.134
297.136
297.137
297.139
297.141
297.143
297.146
297.149
297.152
297.156
297.161
297.166
297.172
297.178
297.186
297.194
297.203
297.214
297.225
297.237
297.251
297.266
297.281
297.298
297.316
297.335
297.354
297.375
297.397
297.419
297.443
297.467
297.491
297.516
297.122
297.12
297.118
297.117
297.115
297.114
297.113
297.111
297.11
297.109
297.109
297.108
297.108
297.109
297.11
297.112
297.114
297.118
297.123
297.128
297.135
297.143
297.153
297.163
297.176
297.189
297.204
297.22
297.238
297.256
297.277
297.298
297.32
297.344
297.368
297.393
297.42
297.122
297.118
297.114
297.109
297.104
297.099
297.094
297.09
297.085
297.08
297.076
297.072
297.068
297.064
297.061
297.059
297.058
297.058
297.059
297.061
297.065
297.07
297.077
297.086
297.096
297.108
297.122
297.137
297.154
297.173
297.193
297.215
297.238
297.262
297.288
297.315
297.136
297.13
297.118
297.109
297.1
297.091
297.082
297.074
297.065
297.057
297.048
297.04
297.032
297.023
297.016
297.009
297.003
296.998
296.995
296.993
296.993
296.995
296.999
297.005
297.013
297.023
297.036
297.05
297.066
297.085
297.105
297.127
297.151
297.176
297.203
297.179
297.159
297.136
297.119
297.105
297.091
297.078
297.066
297.053
297.04
297.027
297.014
297.001
296.987
296.974
296.961
296.95
296.94
296.931
296.925
296.92
296.918
296.918
296.921
296.926
296.934
296.945
296.958
296.974
296.992
297.012
297.034
297.059
297.085
297.269
297.215
297.173
297.144
297.122
297.103
297.085
297.068
297.05
297.032
297.014
296.995
296.976
296.956
296.936
296.917
296.898
296.882
296.867
296.855
296.845
296.838
296.834
296.834
296.836
296.842
296.851
296.862
296.877
296.895
296.915
296.937
297.443
297.348
297.27
297.211
297.166
297.137
297.112
297.089
297.065
297.041
297.017
296.99
296.963
296.934
296.906
296.878
296.851
296.827
296.805
296.786
296.77
296.758
296.749
296.745
296.744
296.747
296.753
296.764
296.777
296.794
296.814
297.694
297.621
297.528
297.425
297.331
297.259
297.203
297.155
297.12
297.084
297.049
297.012
296.971
296.931
296.889
296.848
296.81
296.776
296.745
296.718
296.695
296.678
296.664
296.655
296.651
296.651
296.656
296.665
296.678
296.694
297.882
297.838
297.801
297.727
297.627
297.521
297.417
297.323
297.25
297.19
297.132
297.082
297.025
296.966
296.908
296.852
296.798
296.749
296.705
296.666
296.635
296.61
296.59
296.576
296.568
296.565
296.567
296.574
296.585
297.945
297.926
297.911
297.896
297.858
297.802
297.719
297.616
297.506
297.411
297.33
297.258
297.179
297.1
297.016
296.934
296.855
296.785
296.723
296.67
296.625
296.589
296.56
296.539
296.526
296.519
296.516
296.519
297.924
297.935
297.934
297.93
297.922
297.901
297.83
297.785
297.763
297.724
297.669
297.605
297.512
297.416
297.32
297.225
297.135
297.053
296.981
296.917
296.863
296.817
296.777
296.744
296.717
296.696
296.682
)
;

boundaryField
{
    down
    {
        type            zeroGradient;
    }
    right
    {
        type            zeroGradient;
    }
    up
    {
        type            zeroGradient;
    }
    meanFlow
    {
        type            inletOutlet;
        inletValue      uniform 298;
        value           uniform 298;
    }
    surface
    {
        type            zeroGradient;
    }
    surfaceInner
    {
        type            zeroGradient;
    }
    coandaInlet
    {
        type            inletOutlet;
        inletValue      nonuniform List<scalar> 0();
        value           nonuniform List<scalar> 0();
    }
    defaultFaces
    {
        type            empty;
    }
    procBoundary2to0
    {
        type            processor;
        value           nonuniform List<scalar> 
73
(
298.005
298.006
298.006
298.006
298.007
298.009
298.01
298.011
298.013
298.015
298.017
298.02
298.023
298.023
298.023
298.026
298.029
298.033
298.036
298.04
298.044
298.047
298.045
298.045
298.047
298.048
298.049
298.041
298.041
298.039
298.036
298.021
298.021
298.014
297.992
297.992
297.965
297.965
297.947
297.91
297.91
297.865
297.865
297.832
297.773
297.773
297.705
297.705
297.628
297.628
297.542
297.542
297.446
297.446
297.342
297.342
297.231
297.231
297.113
296.963
297.113
296.99
296.963
296.838
296.838
296.714
296.714
296.6
296.6
296.528
296.528
296.673
296.673
)
;
    }
    procBoundary2to3
    {
        type            processor;
        value           nonuniform List<scalar> 
67
(
297.986
297.986
297.98
297.98
297.98
297.98
297.974
297.974
297.974
297.968
297.968
297.968
297.96
297.96
297.952
297.952
297.952
297.942
297.932
297.932
297.92
297.92
297.906
297.891
297.891
297.873
297.855
297.855
297.834
297.812
297.789
297.764
297.739
297.739
297.713
297.687
297.66
297.633
297.606
297.58
297.556
297.538
297.537
297.554
297.595
297.649
297.698
297.733
297.754
297.763
297.765
297.763
297.759
297.755
297.75
297.746
297.742
297.74
297.739
297.74
297.744
297.753
297.768
297.795
298.009
297.989
297.989
)
;
    }
}


// ************************************************************************* //
