/*--------------------------------*- C++ -*----------------------------------*\
  =========                 |
  \\      /  F ield         | OpenFOAM: The Open Source CFD Toolbox
   \\    /   O peration     | Website:  https://openfoam.org
    \\  /    A nd           | Version:  10
     \\/     M anipulation  |
\*---------------------------------------------------------------------------*/
FoamFile
{
    format      ascii;
    class       volScalarField;
    location    "0.002";
    object      rho;
}
// * * * * * * * * * * * * * * * * * * * * * * * * * * * * * * * * * * * * * //

dimensions      [1 -3 0 0 0 0 0];

internalField   nonuniform List<scalar> 
8918
(
1.16411
1.16411
1.16412
1.16412
1.16412
1.16412
1.16412
1.16412
1.16412
1.16412
1.16412
1.16412
1.16412
1.16412
1.16412
1.16412
1.16412
1.16412
1.16412
1.16412
1.16412
1.16412
1.16412
1.16412
1.16411
1.16411
1.16411
1.16411
1.16411
1.1641
1.1641
1.1641
1.1641
1.16409
1.16409
1.16408
1.16408
1.16408
1.16407
1.16407
1.16406
1.16406
1.16405
1.16404
1.16404
1.16403
1.16402
1.16401
1.16401
1.164
1.16399
1.16398
1.16397
1.16396
1.16395
1.16394
1.16392
1.16391
1.1639
1.16388
1.16387
1.16385
1.16383
1.16381
1.16379
1.16378
1.16376
1.16374
1.16372
1.1637
1.16368
1.16365
1.16363
1.16361
1.16359
1.16357
1.16355
1.16353
1.16351
1.16349
1.16347
1.16345
1.16343
1.16342
1.1634
1.16338
1.16336
1.16334
1.16332
1.1633
1.16329
1.16327
1.16325
1.16324
1.16322
1.1632
1.16319
1.16317
1.16315
1.16314
1.16312
1.16311
1.16309
1.16308
1.16306
1.16305
1.16303
1.16302
1.163
1.16299
1.16297
1.16296
1.16295
1.16293
1.16292
1.16291
1.16289
1.16288
1.16287
1.16285
1.16284
1.16283
1.16282
1.16281
1.1628
1.16278
1.16277
1.16276
1.16411
1.16412
1.16412
1.16412
1.16412
1.16412
1.16412
1.16412
1.16412
1.16412
1.16412
1.16412
1.16412
1.16412
1.16412
1.16412
1.16412
1.16412
1.16412
1.16412
1.16412
1.16412
1.16412
1.16412
1.16412
1.16411
1.16411
1.16411
1.16411
1.1641
1.1641
1.1641
1.1641
1.16409
1.16409
1.16408
1.16408
1.16408
1.16407
1.16407
1.16406
1.16406
1.16405
1.16404
1.16404
1.16403
1.16402
1.16401
1.16401
1.164
1.16399
1.16398
1.16397
1.16396
1.16395
1.16393
1.16392
1.16391
1.1639
1.16388
1.16387
1.16385
1.16383
1.16381
1.16379
1.16377
1.16375
1.16373
1.16371
1.16369
1.16367
1.16365
1.16363
1.16361
1.16359
1.16357
1.16355
1.16353
1.16351
1.16349
1.16347
1.16345
1.16343
1.16341
1.1634
1.16338
1.16336
1.16334
1.16332
1.1633
1.16329
1.16327
1.16325
1.16323
1.16322
1.1632
1.16318
1.16317
1.16315
1.16314
1.16312
1.1631
1.16309
1.16307
1.16306
1.16304
1.16303
1.16301
1.163
1.16299
1.16297
1.16296
1.16294
1.16293
1.16292
1.1629
1.16289
1.16288
1.16287
1.16285
1.16284
1.16283
1.16282
1.1628
1.16279
1.16278
1.16277
1.16276
1.16412
1.16412
1.16412
1.16412
1.16412
1.16412
1.16412
1.16412
1.16412
1.16412
1.16412
1.16412
1.16413
1.16413
1.16413
1.16412
1.16412
1.16412
1.16412
1.16412
1.16412
1.16412
1.16412
1.16412
1.16412
1.16411
1.16411
1.16411
1.16411
1.1641
1.1641
1.1641
1.1641
1.16409
1.16409
1.16408
1.16408
1.16408
1.16407
1.16407
1.16406
1.16406
1.16405
1.16404
1.16404
1.16403
1.16402
1.16401
1.16401
1.164
1.16399
1.16398
1.16397
1.16396
1.16395
1.16393
1.16392
1.16391
1.16389
1.16388
1.16386
1.16385
1.16383
1.16381
1.16379
1.16377
1.16375
1.16373
1.16371
1.16369
1.16367
1.16365
1.16363
1.16361
1.16359
1.16357
1.16355
1.16353
1.16351
1.16349
1.16347
1.16345
1.16343
1.16341
1.16339
1.16338
1.16336
1.16334
1.16332
1.1633
1.16328
1.16327
1.16325
1.16323
1.16322
1.1632
1.16318
1.16317
1.16315
1.16313
1.16312
1.1631
1.16309
1.16307
1.16306
1.16304
1.16303
1.16301
1.163
1.16299
1.16297
1.16296
1.16294
1.16293
1.16292
1.1629
1.16289
1.16288
1.16286
1.16285
1.16284
1.16283
1.16282
1.1628
1.16279
1.16278
1.16277
1.16276
1.16412
1.16412
1.16412
1.16412
1.16412
1.16412
1.16412
1.16412
1.16413
1.16413
1.16413
1.16413
1.16413
1.16413
1.16413
1.16413
1.16413
1.16412
1.16412
1.16412
1.16412
1.16412
1.16412
1.16412
1.16412
1.16411
1.16411
1.16411
1.16411
1.16411
1.1641
1.1641
1.1641
1.16409
1.16409
1.16408
1.16408
1.16408
1.16407
1.16407
1.16406
1.16406
1.16405
1.16404
1.16404
1.16403
1.16402
1.16401
1.16401
1.164
1.16399
1.16398
1.16397
1.16396
1.16395
1.16393
1.16392
1.16391
1.16389
1.16388
1.16386
1.16385
1.16383
1.16381
1.16379
1.16377
1.16375
1.16373
1.16371
1.16369
1.16367
1.16365
1.16363
1.16361
1.16359
1.16357
1.16355
1.16353
1.16351
1.16349
1.16347
1.16345
1.16343
1.16341
1.16339
1.16337
1.16336
1.16334
1.16332
1.1633
1.16328
1.16327
1.16325
1.16323
1.16322
1.1632
1.16318
1.16317
1.16315
1.16313
1.16312
1.1631
1.16309
1.16307
1.16306
1.16304
1.16303
1.16301
1.163
1.16298
1.16297
1.16296
1.16294
1.16293
1.16292
1.1629
1.16289
1.16288
1.16286
1.16285
1.16284
1.16283
1.16282
1.1628
1.16279
1.16278
1.16277
1.16276
1.16412
1.16412
1.16412
1.16412
1.16412
1.16412
1.16412
1.16413
1.16413
1.16413
1.16413
1.16413
1.16413
1.16413
1.16413
1.16413
1.16413
1.16413
1.16412
1.16412
1.16412
1.16412
1.16412
1.16412
1.16412
1.16412
1.16411
1.16411
1.16411
1.16411
1.1641
1.1641
1.1641
1.16409
1.16409
1.16408
1.16408
1.16408
1.16407
1.16407
1.16406
1.16406
1.16405
1.16404
1.16404
1.16403
1.16402
1.16401
1.16401
1.164
1.16399
1.16398
1.16397
1.16396
1.16395
1.16393
1.16392
1.16391
1.16389
1.16388
1.16386
1.16385
1.16383
1.16381
1.16379
1.16377
1.16375
1.16373
1.16371
1.16369
1.16367
1.16365
1.16363
1.16361
1.16359
1.16357
1.16355
1.16353
1.16351
1.16349
1.16347
1.16345
1.16343
1.16341
1.16339
1.16337
1.16336
1.16334
1.16332
1.1633
1.16328
1.16327
1.16325
1.16323
1.16321
1.1632
1.16318
1.16317
1.16315
1.16313
1.16312
1.1631
1.16309
1.16307
1.16306
1.16304
1.16303
1.16301
1.163
1.16298
1.16297
1.16296
1.16294
1.16293
1.16292
1.1629
1.16289
1.16288
1.16286
1.16285
1.16284
1.16283
1.16282
1.16281
1.16279
1.16278
1.16277
1.16276
1.16412
1.16412
1.16412
1.16412
1.16412
1.16413
1.16413
1.16413
1.16413
1.16413
1.16413
1.16413
1.16413
1.16413
1.16413
1.16413
1.16413
1.16413
1.16413
1.16412
1.16412
1.16412
1.16412
1.16412
1.16412
1.16412
1.16411
1.16411
1.16411
1.16411
1.1641
1.1641
1.1641
1.16409
1.16409
1.16409
1.16408
1.16408
1.16407
1.16407
1.16406
1.16406
1.16405
1.16404
1.16404
1.16403
1.16402
1.16401
1.16401
1.164
1.16399
1.16398
1.16397
1.16396
1.16394
1.16393
1.16392
1.16391
1.16389
1.16388
1.16386
1.16385
1.16383
1.16381
1.16379
1.16377
1.16375
1.16373
1.16371
1.16369
1.16367
1.16365
1.16363
1.16361
1.16359
1.16357
1.16355
1.16353
1.16351
1.16349
1.16347
1.16345
1.16343
1.16341
1.16339
1.16337
1.16335
1.16334
1.16332
1.1633
1.16328
1.16327
1.16325
1.16323
1.16321
1.1632
1.16318
1.16316
1.16315
1.16313
1.16312
1.1631
1.16309
1.16307
1.16306
1.16304
1.16303
1.16301
1.163
1.16299
1.16297
1.16296
1.16294
1.16293
1.16292
1.1629
1.16289
1.16288
1.16287
1.16286
1.16284
1.16283
1.16282
1.16281
1.1628
1.16279
1.16278
1.16277
1.16412
1.16412
1.16412
1.16413
1.16413
1.16413
1.16413
1.16413
1.16413
1.16413
1.16413
1.16413
1.16413
1.16413
1.16413
1.16413
1.16413
1.16413
1.16413
1.16413
1.16412
1.16412
1.16412
1.16412
1.16412
1.16412
1.16411
1.16411
1.16411
1.16411
1.1641
1.1641
1.1641
1.16409
1.16409
1.16409
1.16408
1.16408
1.16407
1.16407
1.16406
1.16406
1.16405
1.16404
1.16404
1.16403
1.16402
1.16401
1.16401
1.164
1.16399
1.16398
1.16397
1.16396
1.16394
1.16393
1.16392
1.16391
1.16389
1.16388
1.16386
1.16385
1.16383
1.16381
1.16379
1.16377
1.16375
1.16373
1.16371
1.16369
1.16367
1.16365
1.16363
1.16361
1.16359
1.16357
1.16355
1.16353
1.16351
1.16349
1.16347
1.16345
1.16343
1.16341
1.16339
1.16337
1.16335
1.16334
1.16332
1.1633
1.16328
1.16326
1.16325
1.16323
1.16321
1.1632
1.16318
1.16316
1.16315
1.16313
1.16312
1.1631
1.16309
1.16307
1.16306
1.16304
1.16303
1.16301
1.163
1.16299
1.16297
1.16296
1.16295
1.16293
1.16292
1.16291
1.16289
1.16288
1.16287
1.16286
1.16285
1.16284
1.16283
1.16282
1.16281
1.1628
1.16279
1.16278
1.16412
1.16412
1.16413
1.16413
1.16413
1.16413
1.16413
1.16413
1.16413
1.16413
1.16413
1.16413
1.16413
1.16413
1.16413
1.16413
1.16413
1.16413
1.16413
1.16413
1.16413
1.16412
1.16412
1.16412
1.16412
1.16412
1.16411
1.16411
1.16411
1.16411
1.1641
1.1641
1.1641
1.16409
1.16409
1.16409
1.16408
1.16408
1.16407
1.16407
1.16406
1.16406
1.16405
1.16404
1.16404
1.16403
1.16402
1.16401
1.16401
1.164
1.16399
1.16398
1.16397
1.16396
1.16394
1.16393
1.16392
1.16391
1.16389
1.16388
1.16386
1.16384
1.16383
1.16381
1.16379
1.16377
1.16375
1.16373
1.16371
1.16369
1.16367
1.16365
1.16363
1.16361
1.16359
1.16357
1.16355
1.16353
1.16351
1.16349
1.16347
1.16345
1.16343
1.16341
1.16339
1.16337
1.16335
1.16334
1.16332
1.1633
1.16328
1.16326
1.16325
1.16323
1.16321
1.1632
1.16318
1.16317
1.16315
1.16313
1.16312
1.1631
1.16309
1.16307
1.16306
1.16304
1.16303
1.16302
1.163
1.16299
1.16298
1.16296
1.16295
1.16294
1.16292
1.16291
1.1629
1.16289
1.16288
1.16287
1.16285
1.16284
1.16283
1.16282
1.16281
1.16281
1.1628
1.16413
1.16413
1.16413
1.16413
1.16413
1.16413
1.16413
1.16413
1.16413
1.16413
1.16413
1.16413
1.16413
1.16413
1.16413
1.16413
1.16413
1.16413
1.16413
1.16413
1.16413
1.16413
1.16412
1.16412
1.16412
1.16412
1.16412
1.16411
1.16411
1.16411
1.16411
1.1641
1.1641
1.16409
1.16409
1.16409
1.16408
1.16408
1.16407
1.16407
1.16406
1.16406
1.16405
1.16404
1.16404
1.16403
1.16402
1.16401
1.16401
1.164
1.16399
1.16398
1.16397
1.16396
1.16394
1.16393
1.16392
1.16391
1.16389
1.16388
1.16386
1.16384
1.16383
1.16381
1.16379
1.16377
1.16375
1.16373
1.16371
1.16369
1.16367
1.16365
1.16363
1.16361
1.16359
1.16357
1.16355
1.16353
1.16351
1.16349
1.16347
1.16345
1.16343
1.16341
1.16339
1.16337
1.16335
1.16334
1.16332
1.1633
1.16328
1.16327
1.16325
1.16323
1.16321
1.1632
1.16318
1.16317
1.16315
1.16314
1.16312
1.16311
1.16309
1.16308
1.16306
1.16305
1.16303
1.16302
1.16301
1.16299
1.16298
1.16297
1.16295
1.16294
1.16293
1.16292
1.16291
1.16289
1.16288
1.16287
1.16286
1.16285
1.16284
1.16284
1.16283
1.16282
1.16281
1.16413
1.16413
1.16413
1.16413
1.16413
1.16413
1.16413
1.16413
1.16413
1.16413
1.16413
1.16413
1.16413
1.16413
1.16413
1.16413
1.16413
1.16413
1.16413
1.16413
1.16413
1.16413
1.16412
1.16412
1.16412
1.16412
1.16412
1.16411
1.16411
1.16411
1.16411
1.1641
1.1641
1.1641
1.16409
1.16409
1.16408
1.16408
1.16407
1.16407
1.16406
1.16406
1.16405
1.16404
1.16404
1.16403
1.16402
1.16401
1.16401
1.164
1.16399
1.16398
1.16397
1.16396
1.16394
1.16393
1.16392
1.16391
1.16389
1.16388
1.16386
1.16384
1.16383
1.16381
1.16379
1.16377
1.16375
1.16373
1.16371
1.16369
1.16367
1.16365
1.16363
1.16361
1.16359
1.16357
1.16355
1.16353
1.16351
1.16349
1.16347
1.16345
1.16343
1.16341
1.16339
1.16337
1.16335
1.16334
1.16332
1.1633
1.16328
1.16327
1.16325
1.16323
1.16322
1.1632
1.16318
1.16317
1.16315
1.16314
1.16312
1.16311
1.16309
1.16308
1.16306
1.16305
1.16304
1.16302
1.16301
1.163
1.16298
1.16297
1.16296
1.16295
1.16294
1.16293
1.16291
1.1629
1.16289
1.16288
1.16288
1.16287
1.16286
1.16285
1.16284
1.16284
1.16283
1.16413
1.16413
1.16413
1.16413
1.16413
1.16413
1.16413
1.16413
1.16413
1.16413
1.16413
1.16413
1.16413
1.16413
1.16413
1.16413
1.16413
1.16413
1.16413
1.16413
1.16413
1.16413
1.16413
1.16412
1.16412
1.16412
1.16412
1.16412
1.16411
1.16411
1.16411
1.1641
1.1641
1.1641
1.16409
1.16409
1.16408
1.16408
1.16407
1.16407
1.16406
1.16406
1.16405
1.16404
1.16404
1.16403
1.16402
1.16401
1.16401
1.164
1.16399
1.16398
1.16397
1.16396
1.16394
1.16393
1.16392
1.16391
1.16389
1.16388
1.16386
1.16384
1.16383
1.16381
1.16379
1.16377
1.16375
1.16373
1.16371
1.16369
1.16367
1.16365
1.16363
1.16361
1.16359
1.16357
1.16355
1.16353
1.16351
1.16349
1.16347
1.16345
1.16343
1.16341
1.16339
1.16337
1.16335
1.16334
1.16332
1.1633
1.16328
1.16327
1.16325
1.16323
1.16322
1.1632
1.16319
1.16317
1.16316
1.16314
1.16313
1.16311
1.1631
1.16308
1.16307
1.16306
1.16304
1.16303
1.16302
1.163
1.16299
1.16298
1.16297
1.16296
1.16295
1.16294
1.16293
1.16292
1.16291
1.1629
1.16289
1.16288
1.16288
1.16287
1.16286
1.16286
1.16286
1.16413
1.16413
1.16413
1.16413
1.16413
1.16413
1.16414
1.16414
1.16414
1.16414
1.16414
1.16414
1.16414
1.16414
1.16414
1.16413
1.16413
1.16413
1.16413
1.16413
1.16413
1.16413
1.16413
1.16413
1.16412
1.16412
1.16412
1.16412
1.16411
1.16411
1.16411
1.1641
1.1641
1.1641
1.16409
1.16409
1.16408
1.16408
1.16407
1.16407
1.16406
1.16406
1.16405
1.16404
1.16404
1.16403
1.16402
1.16401
1.16401
1.164
1.16399
1.16398
1.16397
1.16396
1.16394
1.16393
1.16392
1.16391
1.16389
1.16388
1.16386
1.16384
1.16383
1.16381
1.16379
1.16377
1.16375
1.16373
1.16371
1.16369
1.16367
1.16365
1.16363
1.16361
1.16359
1.16357
1.16355
1.16353
1.16351
1.16349
1.16347
1.16345
1.16343
1.16341
1.16339
1.16337
1.16336
1.16334
1.16332
1.1633
1.16329
1.16327
1.16325
1.16324
1.16322
1.16321
1.16319
1.16318
1.16316
1.16315
1.16313
1.16312
1.1631
1.16309
1.16308
1.16306
1.16305
1.16304
1.16303
1.16301
1.163
1.16299
1.16298
1.16297
1.16296
1.16295
1.16294
1.16293
1.16292
1.16292
1.16291
1.1629
1.1629
1.16289
1.16289
1.16288
1.16288
1.16413
1.16413
1.16413
1.16414
1.16414
1.16414
1.16414
1.16414
1.16414
1.16414
1.16414
1.16414
1.16414
1.16414
1.16414
1.16414
1.16414
1.16414
1.16413
1.16413
1.16413
1.16413
1.16413
1.16413
1.16412
1.16412
1.16412
1.16412
1.16412
1.16411
1.16411
1.16411
1.1641
1.1641
1.16409
1.16409
1.16409
1.16408
1.16408
1.16407
1.16406
1.16406
1.16405
1.16405
1.16404
1.16403
1.16402
1.16402
1.16401
1.164
1.16399
1.16398
1.16397
1.16396
1.16394
1.16393
1.16392
1.16391
1.16389
1.16388
1.16386
1.16384
1.16383
1.16381
1.16379
1.16377
1.16375
1.16373
1.16371
1.16369
1.16367
1.16365
1.16363
1.16361
1.16359
1.16357
1.16355
1.16353
1.16351
1.16349
1.16347
1.16345
1.16343
1.16341
1.16339
1.16338
1.16336
1.16334
1.16332
1.16331
1.16329
1.16327
1.16326
1.16324
1.16323
1.16321
1.1632
1.16318
1.16317
1.16315
1.16314
1.16312
1.16311
1.1631
1.16308
1.16307
1.16306
1.16305
1.16304
1.16303
1.16301
1.163
1.16299
1.16298
1.16298
1.16297
1.16296
1.16295
1.16294
1.16294
1.16293
1.16293
1.16292
1.16292
1.16292
1.16291
1.16291
1.16414
1.16414
1.16414
1.16414
1.16414
1.16414
1.16414
1.16414
1.16414
1.16414
1.16414
1.16414
1.16414
1.16414
1.16414
1.16414
1.16414
1.16414
1.16414
1.16413
1.16413
1.16413
1.16413
1.16413
1.16413
1.16412
1.16412
1.16412
1.16412
1.16411
1.16411
1.16411
1.1641
1.1641
1.1641
1.16409
1.16409
1.16408
1.16408
1.16407
1.16407
1.16406
1.16405
1.16405
1.16404
1.16403
1.16402
1.16402
1.16401
1.164
1.16399
1.16398
1.16397
1.16396
1.16395
1.16393
1.16392
1.16391
1.16389
1.16388
1.16386
1.16384
1.16383
1.16381
1.16379
1.16377
1.16375
1.16373
1.16371
1.16369
1.16367
1.16365
1.16363
1.16361
1.16359
1.16357
1.16355
1.16353
1.16351
1.16349
1.16347
1.16345
1.16343
1.16342
1.1634
1.16338
1.16336
1.16334
1.16333
1.16331
1.16329
1.16328
1.16326
1.16325
1.16323
1.16322
1.1632
1.16319
1.16317
1.16316
1.16315
1.16313
1.16312
1.16311
1.1631
1.16308
1.16307
1.16306
1.16305
1.16304
1.16303
1.16302
1.16301
1.163
1.16299
1.16299
1.16298
1.16297
1.16297
1.16296
1.16296
1.16295
1.16295
1.16295
1.16295
1.16295
1.16414
1.16414
1.16414
1.16414
1.16414
1.16414
1.16414
1.16414
1.16414
1.16414
1.16414
1.16414
1.16414
1.16414
1.16414
1.16414
1.16414
1.16414
1.16414
1.16414
1.16414
1.16413
1.16413
1.16413
1.16413
1.16413
1.16412
1.16412
1.16412
1.16412
1.16411
1.16411
1.16411
1.1641
1.1641
1.16409
1.16409
1.16408
1.16408
1.16407
1.16407
1.16406
1.16406
1.16405
1.16404
1.16403
1.16403
1.16402
1.16401
1.164
1.16399
1.16398
1.16397
1.16396
1.16395
1.16393
1.16392
1.16391
1.16389
1.16388
1.16386
1.16384
1.16383
1.16381
1.16379
1.16377
1.16375
1.16373
1.16371
1.16369
1.16367
1.16365
1.16363
1.16361
1.16359
1.16357
1.16355
1.16353
1.16351
1.16349
1.16347
1.16346
1.16344
1.16342
1.1634
1.16338
1.16337
1.16335
1.16333
1.16332
1.1633
1.16329
1.16327
1.16325
1.16324
1.16322
1.16321
1.1632
1.16318
1.16317
1.16316
1.16314
1.16313
1.16312
1.16311
1.1631
1.16309
1.16308
1.16307
1.16306
1.16305
1.16304
1.16303
1.16302
1.16302
1.16301
1.163
1.163
1.16299
1.16299
1.16298
1.16298
1.16298
1.16298
1.16298
1.16298
1.16414
1.16414
1.16414
1.16414
1.16414
1.16414
1.16414
1.16414
1.16414
1.16415
1.16415
1.16415
1.16415
1.16414
1.16414
1.16414
1.16414
1.16414
1.16414
1.16414
1.16414
1.16414
1.16414
1.16413
1.16413
1.16413
1.16413
1.16413
1.16412
1.16412
1.16412
1.16411
1.16411
1.16411
1.1641
1.1641
1.1641
1.16409
1.16409
1.16408
1.16408
1.16407
1.16406
1.16406
1.16405
1.16404
1.16404
1.16403
1.16402
1.16401
1.164
1.16399
1.16398
1.16397
1.16396
1.16395
1.16393
1.16392
1.16391
1.16389
1.16388
1.16386
1.16385
1.16383
1.16381
1.16379
1.16377
1.16375
1.16373
1.16371
1.16369
1.16367
1.16365
1.16363
1.16361
1.16359
1.16357
1.16355
1.16353
1.16352
1.1635
1.16348
1.16346
1.16344
1.16342
1.16341
1.16339
1.16337
1.16336
1.16334
1.16332
1.16331
1.16329
1.16328
1.16326
1.16325
1.16324
1.16322
1.16321
1.1632
1.16318
1.16317
1.16316
1.16315
1.16314
1.16312
1.16311
1.1631
1.16309
1.16309
1.16308
1.16307
1.16306
1.16305
1.16305
1.16304
1.16303
1.16303
1.16302
1.16302
1.16302
1.16302
1.16301
1.16301
1.16301
1.16301
1.16301
1.16414
1.16414
1.16414
1.16415
1.16415
1.16415
1.16415
1.16415
1.16415
1.16415
1.16415
1.16415
1.16415
1.16415
1.16415
1.16415
1.16415
1.16415
1.16414
1.16414
1.16414
1.16414
1.16414
1.16414
1.16414
1.16413
1.16413
1.16413
1.16413
1.16412
1.16412
1.16412
1.16411
1.16411
1.16411
1.1641
1.1641
1.16409
1.16409
1.16408
1.16408
1.16407
1.16407
1.16406
1.16405
1.16404
1.16404
1.16403
1.16402
1.16401
1.164
1.16399
1.16398
1.16397
1.16396
1.16395
1.16394
1.16392
1.16391
1.16389
1.16388
1.16386
1.16385
1.16383
1.16381
1.16379
1.16377
1.16375
1.16373
1.16371
1.16369
1.16367
1.16366
1.16364
1.16362
1.1636
1.16358
1.16356
1.16354
1.16352
1.1635
1.16348
1.16347
1.16345
1.16343
1.16341
1.1634
1.16338
1.16336
1.16335
1.16333
1.16332
1.1633
1.16329
1.16327
1.16326
1.16325
1.16323
1.16322
1.16321
1.1632
1.16319
1.16317
1.16316
1.16315
1.16314
1.16313
1.16312
1.16312
1.16311
1.1631
1.16309
1.16309
1.16308
1.16307
1.16307
1.16306
1.16306
1.16306
1.16305
1.16305
1.16305
1.16305
1.16305
1.16305
1.16305
1.16305
1.16415
1.16415
1.16415
1.16415
1.16415
1.16415
1.16415
1.16415
1.16415
1.16415
1.16415
1.16415
1.16415
1.16415
1.16415
1.16415
1.16415
1.16415
1.16415
1.16415
1.16415
1.16414
1.16414
1.16414
1.16414
1.16414
1.16413
1.16413
1.16413
1.16413
1.16412
1.16412
1.16412
1.16411
1.16411
1.1641
1.1641
1.1641
1.16409
1.16409
1.16408
1.16407
1.16407
1.16406
1.16405
1.16405
1.16404
1.16403
1.16402
1.16401
1.16401
1.164
1.16399
1.16397
1.16396
1.16395
1.16394
1.16393
1.16391
1.1639
1.16388
1.16387
1.16385
1.16383
1.16381
1.16379
1.16378
1.16376
1.16374
1.16372
1.1637
1.16368
1.16366
1.16364
1.16362
1.1636
1.16358
1.16356
1.16355
1.16353
1.16351
1.16349
1.16347
1.16346
1.16344
1.16342
1.16341
1.16339
1.16337
1.16336
1.16334
1.16333
1.16332
1.1633
1.16329
1.16327
1.16326
1.16325
1.16324
1.16323
1.16321
1.1632
1.16319
1.16318
1.16317
1.16316
1.16316
1.16315
1.16314
1.16313
1.16312
1.16312
1.16311
1.16311
1.1631
1.1631
1.16309
1.16309
1.16309
1.16308
1.16308
1.16308
1.16308
1.16308
1.16308
1.16308
1.16415
1.16415
1.16415
1.16415
1.16415
1.16415
1.16416
1.16416
1.16416
1.16416
1.16416
1.16416
1.16416
1.16416
1.16416
1.16415
1.16415
1.16415
1.16415
1.16415
1.16415
1.16415
1.16415
1.16414
1.16414
1.16414
1.16414
1.16414
1.16413
1.16413
1.16413
1.16412
1.16412
1.16412
1.16411
1.16411
1.1641
1.1641
1.16409
1.16409
1.16408
1.16408
1.16407
1.16406
1.16406
1.16405
1.16404
1.16404
1.16403
1.16402
1.16401
1.164
1.16399
1.16398
1.16397
1.16395
1.16394
1.16393
1.16392
1.1639
1.16389
1.16387
1.16385
1.16384
1.16382
1.1638
1.16378
1.16376
1.16374
1.16372
1.1637
1.16368
1.16366
1.16365
1.16363
1.16361
1.16359
1.16357
1.16355
1.16354
1.16352
1.1635
1.16348
1.16347
1.16345
1.16343
1.16342
1.1634
1.16339
1.16337
1.16336
1.16334
1.16333
1.16332
1.1633
1.16329
1.16328
1.16327
1.16326
1.16325
1.16323
1.16322
1.16321
1.16321
1.1632
1.16319
1.16318
1.16317
1.16317
1.16316
1.16315
1.16315
1.16314
1.16314
1.16313
1.16313
1.16312
1.16312
1.16312
1.16312
1.16312
1.16311
1.16311
1.16311
1.16312
1.16312
1.16416
1.16416
1.16416
1.16416
1.16416
1.16416
1.16416
1.16416
1.16416
1.16416
1.16416
1.16416
1.16416
1.16416
1.16416
1.16416
1.16416
1.16416
1.16416
1.16416
1.16415
1.16415
1.16415
1.16415
1.16415
1.16414
1.16414
1.16414
1.16414
1.16413
1.16413
1.16413
1.16412
1.16412
1.16412
1.16411
1.16411
1.1641
1.1641
1.16409
1.16409
1.16408
1.16408
1.16407
1.16406
1.16405
1.16405
1.16404
1.16403
1.16402
1.16401
1.164
1.16399
1.16398
1.16397
1.16396
1.16395
1.16393
1.16392
1.1639
1.16389
1.16387
1.16386
1.16384
1.16382
1.1638
1.16379
1.16377
1.16375
1.16373
1.16371
1.16369
1.16367
1.16365
1.16363
1.16362
1.1636
1.16358
1.16356
1.16355
1.16353
1.16351
1.16349
1.16348
1.16346
1.16345
1.16343
1.16342
1.1634
1.16339
1.16337
1.16336
1.16335
1.16333
1.16332
1.16331
1.1633
1.16329
1.16328
1.16327
1.16326
1.16325
1.16324
1.16323
1.16322
1.16321
1.16321
1.1632
1.16319
1.16319
1.16318
1.16318
1.16317
1.16317
1.16316
1.16316
1.16316
1.16315
1.16315
1.16315
1.16315
1.16315
1.16315
1.16315
1.16315
1.16315
1.16416
1.16416
1.16416
1.16416
1.16417
1.16417
1.16417
1.16417
1.16417
1.16417
1.16417
1.16417
1.16417
1.16417
1.16417
1.16416
1.16416
1.16416
1.16416
1.16416
1.16416
1.16416
1.16416
1.16415
1.16415
1.16415
1.16415
1.16415
1.16414
1.16414
1.16414
1.16413
1.16413
1.16413
1.16412
1.16412
1.16411
1.16411
1.1641
1.1641
1.16409
1.16409
1.16408
1.16407
1.16407
1.16406
1.16405
1.16404
1.16404
1.16403
1.16402
1.16401
1.164
1.16399
1.16398
1.16396
1.16395
1.16394
1.16392
1.16391
1.1639
1.16388
1.16386
1.16385
1.16383
1.16381
1.16379
1.16377
1.16376
1.16374
1.16372
1.1637
1.16368
1.16366
1.16364
1.16363
1.16361
1.16359
1.16357
1.16356
1.16354
1.16352
1.16351
1.16349
1.16348
1.16346
1.16345
1.16343
1.16342
1.1634
1.16339
1.16338
1.16337
1.16335
1.16334
1.16333
1.16332
1.16331
1.1633
1.16329
1.16328
1.16327
1.16326
1.16326
1.16325
1.16324
1.16324
1.16323
1.16322
1.16322
1.16321
1.16321
1.1632
1.1632
1.16319
1.16319
1.16319
1.16319
1.16318
1.16318
1.16318
1.16318
1.16318
1.16318
1.16319
1.16417
1.16417
1.16417
1.16417
1.16417
1.16417
1.16417
1.16417
1.16417
1.16417
1.16417
1.16417
1.16417
1.16417
1.16417
1.16417
1.16417
1.16417
1.16417
1.16417
1.16417
1.16416
1.16416
1.16416
1.16416
1.16416
1.16415
1.16415
1.16415
1.16415
1.16414
1.16414
1.16414
1.16413
1.16413
1.16412
1.16412
1.16411
1.16411
1.1641
1.1641
1.16409
1.16409
1.16408
1.16407
1.16407
1.16406
1.16405
1.16404
1.16403
1.16402
1.16401
1.164
1.16399
1.16398
1.16397
1.16396
1.16394
1.16393
1.16392
1.1639
1.16389
1.16387
1.16385
1.16384
1.16382
1.1638
1.16378
1.16376
1.16375
1.16373
1.16371
1.16369
1.16367
1.16366
1.16364
1.16362
1.1636
1.16359
1.16357
1.16355
1.16354
1.16352
1.16351
1.16349
1.16348
1.16346
1.16345
1.16344
1.16342
1.16341
1.1634
1.16339
1.16338
1.16337
1.16336
1.16335
1.16334
1.16333
1.16332
1.16331
1.1633
1.16329
1.16329
1.16328
1.16327
1.16327
1.16326
1.16325
1.16325
1.16324
1.16324
1.16323
1.16323
1.16323
1.16322
1.16322
1.16322
1.16322
1.16321
1.16321
1.16321
1.16322
1.16322
1.16322
1.16418
1.16418
1.16418
1.16418
1.16418
1.16418
1.16418
1.16418
1.16418
1.16418
1.16418
1.16418
1.16418
1.16418
1.16418
1.16418
1.16418
1.16418
1.16418
1.16417
1.16417
1.16417
1.16417
1.16417
1.16417
1.16416
1.16416
1.16416
1.16416
1.16415
1.16415
1.16415
1.16414
1.16414
1.16413
1.16413
1.16413
1.16412
1.16412
1.16411
1.1641
1.1641
1.16409
1.16409
1.16408
1.16407
1.16406
1.16406
1.16405
1.16404
1.16403
1.16402
1.16401
1.164
1.16399
1.16398
1.16397
1.16395
1.16394
1.16393
1.16391
1.1639
1.16388
1.16386
1.16385
1.16383
1.16381
1.16379
1.16378
1.16376
1.16374
1.16372
1.1637
1.16369
1.16367
1.16365
1.16364
1.16362
1.1636
1.16359
1.16357
1.16356
1.16354
1.16353
1.16351
1.1635
1.16349
1.16347
1.16346
1.16345
1.16344
1.16342
1.16341
1.1634
1.16339
1.16338
1.16337
1.16336
1.16335
1.16335
1.16334
1.16333
1.16332
1.16331
1.16331
1.1633
1.1633
1.16329
1.16328
1.16328
1.16327
1.16327
1.16326
1.16326
1.16326
1.16325
1.16325
1.16325
1.16325
1.16325
1.16325
1.16325
1.16325
1.16325
1.16419
1.16419
1.16419
1.16419
1.16419
1.16419
1.16419
1.16419
1.16419
1.16419
1.16419
1.16419
1.16419
1.16419
1.16419
1.16419
1.16419
1.16419
1.16418
1.16418
1.16418
1.16418
1.16418
1.16418
1.16417
1.16417
1.16417
1.16417
1.16416
1.16416
1.16416
1.16415
1.16415
1.16415
1.16414
1.16414
1.16413
1.16413
1.16412
1.16412
1.16411
1.16411
1.1641
1.16409
1.16409
1.16408
1.16407
1.16407
1.16406
1.16405
1.16404
1.16403
1.16402
1.16401
1.164
1.16399
1.16397
1.16396
1.16395
1.16394
1.16392
1.16391
1.16389
1.16387
1.16386
1.16384
1.16382
1.16381
1.16379
1.16377
1.16375
1.16374
1.16372
1.1637
1.16369
1.16367
1.16365
1.16364
1.16362
1.16361
1.16359
1.16358
1.16356
1.16355
1.16353
1.16352
1.16351
1.1635
1.16348
1.16347
1.16346
1.16345
1.16344
1.16343
1.16342
1.16341
1.1634
1.16339
1.16338
1.16337
1.16337
1.16336
1.16335
1.16334
1.16334
1.16333
1.16333
1.16332
1.16331
1.16331
1.1633
1.1633
1.16329
1.16329
1.16329
1.16328
1.16328
1.16328
1.16328
1.16328
1.16328
1.16328
1.16328
1.16329
1.1642
1.1642
1.1642
1.1642
1.1642
1.1642
1.1642
1.1642
1.1642
1.1642
1.1642
1.1642
1.1642
1.1642
1.1642
1.1642
1.1642
1.1642
1.16419
1.16419
1.16419
1.16419
1.16419
1.16419
1.16418
1.16418
1.16418
1.16418
1.16417
1.16417
1.16417
1.16416
1.16416
1.16416
1.16415
1.16415
1.16414
1.16414
1.16413
1.16413
1.16412
1.16412
1.16411
1.1641
1.1641
1.16409
1.16408
1.16408
1.16407
1.16406
1.16405
1.16404
1.16403
1.16402
1.16401
1.164
1.16399
1.16397
1.16396
1.16395
1.16393
1.16392
1.1639
1.16389
1.16387
1.16385
1.16384
1.16382
1.1638
1.16379
1.16377
1.16375
1.16374
1.16372
1.1637
1.16369
1.16367
1.16366
1.16364
1.16363
1.16361
1.1636
1.16358
1.16357
1.16356
1.16354
1.16353
1.16352
1.16351
1.1635
1.16349
1.16348
1.16347
1.16346
1.16345
1.16344
1.16343
1.16342
1.16341
1.1634
1.1634
1.16339
1.16338
1.16337
1.16337
1.16336
1.16335
1.16335
1.16334
1.16334
1.16333
1.16333
1.16332
1.16332
1.16332
1.16332
1.16331
1.16331
1.16331
1.16331
1.16331
1.16331
1.16332
1.16332
1.16421
1.16421
1.16421
1.16421
1.16421
1.16421
1.16421
1.16421
1.16421
1.16421
1.16421
1.16421
1.16421
1.16421
1.16421
1.16421
1.16421
1.16421
1.16421
1.16421
1.1642
1.1642
1.1642
1.1642
1.1642
1.16419
1.16419
1.16419
1.16419
1.16418
1.16418
1.16418
1.16418
1.16417
1.16417
1.16416
1.16416
1.16415
1.16415
1.16415
1.16414
1.16413
1.16413
1.16412
1.16412
1.16411
1.1641
1.16409
1.16409
1.16408
1.16407
1.16406
1.16405
1.16404
1.16403
1.16402
1.16401
1.164
1.16399
1.16397
1.16396
1.16395
1.16393
1.16392
1.1639
1.16389
1.16387
1.16385
1.16384
1.16382
1.1638
1.16379
1.16377
1.16376
1.16374
1.16372
1.16371
1.16369
1.16368
1.16366
1.16365
1.16364
1.16362
1.16361
1.1636
1.16358
1.16357
1.16356
1.16355
1.16354
1.16352
1.16351
1.1635
1.16349
1.16348
1.16347
1.16347
1.16346
1.16345
1.16344
1.16343
1.16342
1.16342
1.16341
1.1634
1.1634
1.16339
1.16338
1.16338
1.16337
1.16337
1.16336
1.16336
1.16336
1.16335
1.16335
1.16335
1.16335
1.16334
1.16334
1.16334
1.16335
1.16335
1.16335
1.16422
1.16422
1.16422
1.16422
1.16422
1.16422
1.16422
1.16422
1.16422
1.16422
1.16422
1.16422
1.16422
1.16422
1.16422
1.16422
1.16422
1.16422
1.16422
1.16422
1.16422
1.16422
1.16421
1.16421
1.16421
1.16421
1.16421
1.1642
1.1642
1.1642
1.16419
1.16419
1.16419
1.16418
1.16418
1.16418
1.16417
1.16417
1.16416
1.16416
1.16415
1.16415
1.16414
1.16414
1.16413
1.16412
1.16412
1.16411
1.1641
1.16409
1.16408
1.16408
1.16407
1.16406
1.16405
1.16404
1.16403
1.16401
1.164
1.16399
1.16398
1.16396
1.16395
1.16393
1.16392
1.1639
1.16389
1.16387
1.16386
1.16384
1.16382
1.16381
1.16379
1.16378
1.16376
1.16375
1.16373
1.16372
1.1637
1.16369
1.16367
1.16366
1.16365
1.16363
1.16362
1.16361
1.1636
1.16359
1.16357
1.16356
1.16355
1.16354
1.16353
1.16352
1.16351
1.1635
1.16349
1.16349
1.16348
1.16347
1.16346
1.16345
1.16345
1.16344
1.16343
1.16342
1.16342
1.16341
1.16341
1.1634
1.1634
1.16339
1.16339
1.16339
1.16338
1.16338
1.16338
1.16338
1.16338
1.16338
1.16338
1.16338
1.16338
1.16424
1.16424
1.16424
1.16424
1.16424
1.16424
1.16424
1.16424
1.16424
1.16424
1.16424
1.16424
1.16424
1.16424
1.16424
1.16424
1.16424
1.16424
1.16423
1.16423
1.16423
1.16423
1.16423
1.16423
1.16422
1.16422
1.16422
1.16422
1.16422
1.16421
1.16421
1.16421
1.1642
1.1642
1.1642
1.16419
1.16419
1.16418
1.16418
1.16417
1.16417
1.16416
1.16416
1.16415
1.16414
1.16414
1.16413
1.16412
1.16412
1.16411
1.1641
1.16409
1.16408
1.16407
1.16406
1.16405
1.16404
1.16403
1.16402
1.16401
1.16399
1.16398
1.16397
1.16395
1.16394
1.16392
1.16391
1.16389
1.16388
1.16386
1.16385
1.16383
1.16381
1.1638
1.16378
1.16377
1.16376
1.16374
1.16373
1.16371
1.1637
1.16369
1.16367
1.16366
1.16365
1.16364
1.16362
1.16361
1.1636
1.16359
1.16358
1.16357
1.16356
1.16355
1.16354
1.16353
1.16352
1.16351
1.16351
1.1635
1.16349
1.16348
1.16347
1.16347
1.16346
1.16345
1.16345
1.16344
1.16344
1.16343
1.16343
1.16342
1.16342
1.16342
1.16341
1.16341
1.16341
1.16341
1.16341
1.16341
1.16341
1.16341
1.16342
1.16425
1.16425
1.16425
1.16425
1.16426
1.16426
1.16426
1.16426
1.16426
1.16426
1.16426
1.16426
1.16426
1.16426
1.16425
1.16425
1.16425
1.16425
1.16425
1.16425
1.16425
1.16425
1.16425
1.16424
1.16424
1.16424
1.16424
1.16423
1.16423
1.16423
1.16423
1.16422
1.16422
1.16422
1.16421
1.16421
1.1642
1.1642
1.16419
1.16419
1.16418
1.16418
1.16417
1.16417
1.16416
1.16416
1.16415
1.16414
1.16413
1.16413
1.16412
1.16411
1.1641
1.16409
1.16408
1.16407
1.16406
1.16405
1.16404
1.16403
1.16401
1.164
1.16399
1.16397
1.16396
1.16395
1.16393
1.16391
1.1639
1.16388
1.16387
1.16385
1.16384
1.16382
1.16381
1.16379
1.16378
1.16377
1.16375
1.16374
1.16373
1.16371
1.1637
1.16369
1.16368
1.16366
1.16365
1.16364
1.16363
1.16362
1.16361
1.1636
1.16359
1.16358
1.16357
1.16356
1.16355
1.16354
1.16353
1.16352
1.16352
1.16351
1.1635
1.16349
1.16349
1.16348
1.16348
1.16347
1.16347
1.16346
1.16346
1.16345
1.16345
1.16345
1.16344
1.16344
1.16344
1.16344
1.16344
1.16344
1.16344
1.16345
1.16427
1.16427
1.16427
1.16427
1.16427
1.16427
1.16427
1.16428
1.16428
1.16428
1.16428
1.16428
1.16427
1.16427
1.16427
1.16427
1.16427
1.16427
1.16427
1.16427
1.16427
1.16427
1.16426
1.16426
1.16426
1.16426
1.16426
1.16425
1.16425
1.16425
1.16424
1.16424
1.16424
1.16423
1.16423
1.16423
1.16422
1.16422
1.16421
1.16421
1.1642
1.1642
1.16419
1.16419
1.16418
1.16417
1.16417
1.16416
1.16415
1.16415
1.16414
1.16413
1.16412
1.16411
1.1641
1.16409
1.16408
1.16407
1.16406
1.16405
1.16404
1.16402
1.16401
1.164
1.16398
1.16397
1.16395
1.16394
1.16392
1.16391
1.16389
1.16388
1.16386
1.16385
1.16383
1.16382
1.16381
1.16379
1.16378
1.16377
1.16375
1.16374
1.16373
1.16371
1.1637
1.16369
1.16368
1.16367
1.16366
1.16365
1.16364
1.16362
1.16361
1.1636
1.1636
1.16359
1.16358
1.16357
1.16356
1.16355
1.16354
1.16354
1.16353
1.16352
1.16352
1.16351
1.1635
1.1635
1.16349
1.16349
1.16349
1.16348
1.16348
1.16348
1.16347
1.16347
1.16347
1.16347
1.16348
1.16348
1.16348
1.16349
1.16429
1.16429
1.16429
1.16429
1.16429
1.1643
1.1643
1.1643
1.1643
1.1643
1.1643
1.1643
1.1643
1.16429
1.16429
1.16429
1.16429
1.16429
1.16429
1.16429
1.16429
1.16429
1.16428
1.16428
1.16428
1.16428
1.16428
1.16427
1.16427
1.16427
1.16427
1.16426
1.16426
1.16425
1.16425
1.16425
1.16424
1.16424
1.16423
1.16423
1.16422
1.16422
1.16421
1.16421
1.1642
1.1642
1.16419
1.16418
1.16417
1.16417
1.16416
1.16415
1.16414
1.16413
1.16412
1.16411
1.1641
1.16409
1.16408
1.16407
1.16406
1.16405
1.16403
1.16402
1.16401
1.16399
1.16398
1.16396
1.16395
1.16393
1.16392
1.1639
1.16389
1.16388
1.16386
1.16385
1.16383
1.16382
1.16381
1.16379
1.16378
1.16377
1.16375
1.16374
1.16373
1.16372
1.16371
1.16369
1.16368
1.16367
1.16366
1.16365
1.16364
1.16363
1.16362
1.16361
1.1636
1.1636
1.16359
1.16358
1.16357
1.16356
1.16356
1.16355
1.16354
1.16354
1.16353
1.16353
1.16352
1.16352
1.16352
1.16351
1.16351
1.16351
1.16351
1.16351
1.16351
1.16351
1.16352
1.16352
1.16353
1.16431
1.16431
1.16432
1.16432
1.16432
1.16432
1.16432
1.16432
1.16432
1.16432
1.16432
1.16432
1.16432
1.16432
1.16432
1.16432
1.16432
1.16431
1.16431
1.16431
1.16431
1.16431
1.16431
1.16431
1.1643
1.1643
1.1643
1.1643
1.1643
1.16429
1.16429
1.16429
1.16428
1.16428
1.16428
1.16427
1.16427
1.16427
1.16426
1.16426
1.16425
1.16425
1.16424
1.16424
1.16423
1.16422
1.16422
1.16421
1.1642
1.1642
1.16419
1.16418
1.16417
1.16417
1.16416
1.16415
1.16414
1.16413
1.16412
1.16411
1.1641
1.16408
1.16407
1.16406
1.16404
1.16403
1.16402
1.164
1.16399
1.16397
1.16396
1.16394
1.16393
1.16392
1.1639
1.16389
1.16387
1.16386
1.16385
1.16383
1.16382
1.16381
1.16379
1.16378
1.16377
1.16376
1.16374
1.16373
1.16372
1.16371
1.1637
1.16369
1.16368
1.16367
1.16366
1.16365
1.16364
1.16363
1.16362
1.16361
1.16361
1.1636
1.16359
1.16359
1.16358
1.16357
1.16357
1.16356
1.16356
1.16355
1.16355
1.16355
1.16355
1.16354
1.16354
1.16354
1.16355
1.16355
1.16355
1.16356
1.16357
1.16434
1.16434
1.16434
1.16434
1.16434
1.16434
1.16434
1.16434
1.16434
1.16434
1.16434
1.16434
1.16434
1.16434
1.16434
1.16434
1.16434
1.16434
1.16434
1.16434
1.16434
1.16433
1.16433
1.16433
1.16433
1.16433
1.16432
1.16432
1.16432
1.16432
1.16431
1.16431
1.16431
1.1643
1.1643
1.1643
1.16429
1.16429
1.16428
1.16428
1.16428
1.16427
1.16427
1.16426
1.16425
1.16425
1.16424
1.16424
1.16423
1.16422
1.16421
1.16421
1.1642
1.16419
1.16418
1.16417
1.16416
1.16415
1.16414
1.16413
1.16412
1.16411
1.1641
1.16408
1.16407
1.16406
1.16404
1.16403
1.16401
1.164
1.16398
1.16397
1.16395
1.16394
1.16393
1.16391
1.1639
1.16388
1.16387
1.16386
1.16384
1.16383
1.16382
1.16381
1.16379
1.16378
1.16377
1.16376
1.16375
1.16373
1.16372
1.16371
1.1637
1.16369
1.16368
1.16368
1.16367
1.16366
1.16365
1.16364
1.16363
1.16363
1.16362
1.16361
1.16361
1.1636
1.1636
1.16359
1.16359
1.16359
1.16358
1.16358
1.16358
1.16358
1.16358
1.16358
1.16359
1.16359
1.1636
1.16361
1.16436
1.16436
1.16437
1.16437
1.16437
1.16437
1.16437
1.16437
1.16437
1.16437
1.16437
1.16437
1.16437
1.16437
1.16437
1.16437
1.16436
1.16436
1.16436
1.16436
1.16436
1.16436
1.16436
1.16436
1.16435
1.16435
1.16435
1.16435
1.16434
1.16434
1.16434
1.16434
1.16433
1.16433
1.16433
1.16432
1.16432
1.16431
1.16431
1.1643
1.1643
1.1643
1.16429
1.16428
1.16428
1.16427
1.16427
1.16426
1.16425
1.16425
1.16424
1.16423
1.16422
1.16421
1.16421
1.1642
1.16419
1.16418
1.16417
1.16416
1.16414
1.16413
1.16412
1.16411
1.16409
1.16408
1.16407
1.16405
1.16404
1.16402
1.16401
1.16399
1.16398
1.16397
1.16395
1.16394
1.16392
1.16391
1.1639
1.16388
1.16387
1.16386
1.16384
1.16383
1.16382
1.16381
1.16379
1.16378
1.16377
1.16376
1.16375
1.16374
1.16373
1.16372
1.16371
1.1637
1.16369
1.16369
1.16368
1.16367
1.16366
1.16366
1.16365
1.16364
1.16364
1.16363
1.16363
1.16363
1.16362
1.16362
1.16362
1.16362
1.16362
1.16362
1.16363
1.16363
1.16364
1.16365
1.16366
1.16439
1.16439
1.16439
1.16439
1.16439
1.16439
1.16439
1.16439
1.1644
1.1644
1.16439
1.16439
1.16439
1.16439
1.16439
1.16439
1.16439
1.16439
1.16439
1.16439
1.16439
1.16438
1.16438
1.16438
1.16438
1.16438
1.16437
1.16437
1.16437
1.16437
1.16436
1.16436
1.16436
1.16435
1.16435
1.16435
1.16434
1.16434
1.16433
1.16433
1.16433
1.16432
1.16432
1.16431
1.1643
1.1643
1.16429
1.16429
1.16428
1.16427
1.16426
1.16426
1.16425
1.16424
1.16423
1.16422
1.16421
1.1642
1.16419
1.16418
1.16417
1.16416
1.16415
1.16413
1.16412
1.16411
1.16409
1.16408
1.16406
1.16405
1.16403
1.16402
1.164
1.16399
1.16397
1.16396
1.16395
1.16393
1.16392
1.16391
1.16389
1.16388
1.16387
1.16385
1.16384
1.16383
1.16382
1.16381
1.1638
1.16379
1.16378
1.16377
1.16376
1.16375
1.16374
1.16373
1.16372
1.16371
1.16371
1.1637
1.16369
1.16369
1.16368
1.16368
1.16367
1.16367
1.16366
1.16366
1.16366
1.16366
1.16366
1.16366
1.16367
1.16367
1.16368
1.16368
1.1637
1.16371
1.16372
1.16442
1.16442
1.16442
1.16442
1.16442
1.16442
1.16442
1.16442
1.16442
1.16442
1.16442
1.16442
1.16442
1.16442
1.16442
1.16442
1.16442
1.16442
1.16442
1.16442
1.16441
1.16441
1.16441
1.16441
1.16441
1.16441
1.1644
1.1644
1.1644
1.1644
1.16439
1.16439
1.16439
1.16438
1.16438
1.16438
1.16437
1.16437
1.16437
1.16436
1.16436
1.16435
1.16435
1.16434
1.16434
1.16433
1.16432
1.16432
1.16431
1.1643
1.1643
1.16429
1.16428
1.16427
1.16426
1.16426
1.16425
1.16424
1.16423
1.16422
1.1642
1.16419
1.16418
1.16417
1.16416
1.16414
1.16413
1.16412
1.1641
1.16409
1.16407
1.16406
1.16404
1.16403
1.16401
1.164
1.16398
1.16397
1.16396
1.16394
1.16393
1.16392
1.1639
1.16389
1.16388
1.16387
1.16386
1.16384
1.16383
1.16382
1.16381
1.1638
1.16379
1.16378
1.16377
1.16377
1.16376
1.16375
1.16374
1.16374
1.16373
1.16372
1.16372
1.16371
1.16371
1.16371
1.1637
1.1637
1.1637
1.1637
1.1637
1.16371
1.16371
1.16372
1.16372
1.16373
1.16375
1.16376
1.16378
1.16445
1.16445
1.16445
1.16445
1.16445
1.16445
1.16445
1.16445
1.16445
1.16445
1.16445
1.16445
1.16445
1.16445
1.16445
1.16445
1.16445
1.16445
1.16444
1.16444
1.16444
1.16444
1.16444
1.16444
1.16443
1.16443
1.16443
1.16443
1.16443
1.16442
1.16442
1.16442
1.16441
1.16441
1.16441
1.1644
1.1644
1.1644
1.16439
1.16439
1.16438
1.16438
1.16437
1.16437
1.16436
1.16435
1.16435
1.16434
1.16434
1.16433
1.16432
1.16431
1.16431
1.1643
1.16429
1.16428
1.16427
1.16426
1.16425
1.16424
1.16423
1.16422
1.1642
1.16419
1.16418
1.16417
1.16415
1.16414
1.16412
1.16411
1.16409
1.16408
1.16406
1.16405
1.16404
1.16402
1.16401
1.16399
1.16398
1.16397
1.16395
1.16394
1.16393
1.16392
1.1639
1.16389
1.16388
1.16387
1.16386
1.16385
1.16384
1.16383
1.16382
1.16381
1.1638
1.1638
1.16379
1.16378
1.16378
1.16377
1.16376
1.16376
1.16375
1.16375
1.16375
1.16375
1.16375
1.16375
1.16375
1.16375
1.16375
1.16376
1.16377
1.16378
1.16379
1.1638
1.16382
1.16384
1.16448
1.16448
1.16448
1.16448
1.16448
1.16448
1.16448
1.16448
1.16448
1.16448
1.16448
1.16448
1.16448
1.16448
1.16448
1.16448
1.16447
1.16447
1.16447
1.16447
1.16447
1.16447
1.16447
1.16446
1.16446
1.16446
1.16446
1.16445
1.16445
1.16445
1.16445
1.16444
1.16444
1.16444
1.16443
1.16443
1.16442
1.16442
1.16442
1.16441
1.16441
1.1644
1.1644
1.16439
1.16439
1.16438
1.16437
1.16437
1.16436
1.16435
1.16434
1.16434
1.16433
1.16432
1.16431
1.1643
1.16429
1.16428
1.16427
1.16426
1.16425
1.16424
1.16423
1.16422
1.1642
1.16419
1.16417
1.16416
1.16415
1.16413
1.16412
1.1641
1.16409
1.16407
1.16406
1.16405
1.16403
1.16402
1.164
1.16399
1.16398
1.16397
1.16395
1.16394
1.16393
1.16392
1.16391
1.1639
1.16389
1.16388
1.16387
1.16386
1.16385
1.16384
1.16384
1.16383
1.16382
1.16382
1.16381
1.1638
1.1638
1.1638
1.16379
1.16379
1.16379
1.16379
1.16379
1.1638
1.1638
1.1638
1.16381
1.16382
1.16383
1.16384
1.16386
1.16388
1.16451
1.16451
1.16451
1.16451
1.16451
1.16451
1.16451
1.16451
1.16451
1.16451
1.16451
1.16451
1.16451
1.16451
1.16451
1.1645
1.1645
1.1645
1.1645
1.1645
1.1645
1.1645
1.16449
1.16449
1.16449
1.16449
1.16449
1.16448
1.16448
1.16448
1.16448
1.16447
1.16447
1.16447
1.16446
1.16446
1.16445
1.16445
1.16445
1.16444
1.16444
1.16443
1.16443
1.16442
1.16442
1.16441
1.1644
1.1644
1.16439
1.16438
1.16438
1.16437
1.16436
1.16435
1.16434
1.16434
1.16433
1.16432
1.16431
1.1643
1.16429
1.16427
1.16426
1.16425
1.16424
1.16422
1.16421
1.1642
1.16418
1.16417
1.16415
1.16414
1.16413
1.16411
1.1641
1.16408
1.16407
1.16406
1.16404
1.16403
1.16402
1.164
1.16399
1.16398
1.16397
1.16396
1.16395
1.16394
1.16393
1.16392
1.16391
1.1639
1.16389
1.16388
1.16388
1.16387
1.16386
1.16386
1.16385
1.16385
1.16384
1.16384
1.16384
1.16384
1.16384
1.16384
1.16384
1.16385
1.16385
1.16386
1.16387
1.16388
1.16389
1.16391
1.16392
1.16394
1.16454
1.16454
1.16454
1.16454
1.16454
1.16454
1.16454
1.16454
1.16454
1.16454
1.16454
1.16454
1.16454
1.16453
1.16453
1.16453
1.16453
1.16453
1.16453
1.16453
1.16453
1.16452
1.16452
1.16452
1.16452
1.16451
1.16451
1.16451
1.16451
1.1645
1.1645
1.1645
1.16449
1.16449
1.16449
1.16448
1.16448
1.16448
1.16447
1.16447
1.16446
1.16446
1.16445
1.16445
1.16444
1.16443
1.16443
1.16442
1.16441
1.16441
1.1644
1.16439
1.16438
1.16438
1.16437
1.16436
1.16435
1.16434
1.16433
1.16432
1.16431
1.1643
1.16428
1.16427
1.16426
1.16425
1.16423
1.16422
1.16421
1.16419
1.16418
1.16416
1.16415
1.16413
1.16412
1.16411
1.16409
1.16408
1.16407
1.16406
1.16404
1.16403
1.16402
1.16401
1.164
1.16399
1.16398
1.16397
1.16396
1.16395
1.16394
1.16393
1.16392
1.16392
1.16391
1.16391
1.1639
1.1639
1.16389
1.16389
1.16389
1.16389
1.16389
1.16389
1.16389
1.1639
1.1639
1.16391
1.16392
1.16393
1.16394
1.16395
1.16397
1.16399
1.16401
1.16457
1.16457
1.16457
1.16457
1.16457
1.16457
1.16457
1.16457
1.16457
1.16457
1.16457
1.16457
1.16456
1.16456
1.16456
1.16456
1.16456
1.16456
1.16456
1.16456
1.16455
1.16455
1.16455
1.16455
1.16455
1.16454
1.16454
1.16454
1.16454
1.16453
1.16453
1.16453
1.16452
1.16452
1.16452
1.16451
1.16451
1.1645
1.1645
1.1645
1.16449
1.16449
1.16448
1.16447
1.16447
1.16446
1.16446
1.16445
1.16444
1.16444
1.16443
1.16442
1.16441
1.16441
1.1644
1.16439
1.16438
1.16437
1.16436
1.16435
1.16434
1.16433
1.16432
1.16431
1.16429
1.16428
1.16427
1.16426
1.16424
1.16423
1.16421
1.1642
1.16419
1.16417
1.16416
1.16415
1.16413
1.16412
1.16411
1.16409
1.16408
1.16407
1.16406
1.16405
1.16404
1.16403
1.16402
1.16401
1.164
1.16399
1.16398
1.16398
1.16397
1.16396
1.16396
1.16395
1.16395
1.16394
1.16394
1.16394
1.16394
1.16394
1.16394
1.16394
1.16395
1.16395
1.16396
1.16397
1.16398
1.16399
1.16401
1.16402
1.16404
1.16406
1.16408
1.1646
1.1646
1.1646
1.1646
1.1646
1.1646
1.1646
1.1646
1.1646
1.1646
1.1646
1.16459
1.16459
1.16459
1.16459
1.16459
1.16459
1.16459
1.16459
1.16458
1.16458
1.16458
1.16458
1.16458
1.16457
1.16457
1.16457
1.16457
1.16456
1.16456
1.16456
1.16455
1.16455
1.16455
1.16454
1.16454
1.16453
1.16453
1.16452
1.16452
1.16452
1.16451
1.1645
1.1645
1.16449
1.16449
1.16448
1.16447
1.16447
1.16446
1.16445
1.16445
1.16444
1.16443
1.16442
1.16441
1.1644
1.16439
1.16438
1.16437
1.16436
1.16435
1.16434
1.16433
1.16432
1.16431
1.16429
1.16428
1.16427
1.16425
1.16424
1.16423
1.16421
1.1642
1.16419
1.16417
1.16416
1.16415
1.16414
1.16412
1.16411
1.1641
1.16409
1.16408
1.16407
1.16406
1.16405
1.16404
1.16403
1.16403
1.16402
1.16401
1.16401
1.164
1.164
1.164
1.16399
1.16399
1.16399
1.16399
1.16399
1.164
1.164
1.16401
1.16401
1.16402
1.16403
1.16404
1.16406
1.16407
1.16409
1.16411
1.16414
1.16416
1.16463
1.16463
1.16463
1.16463
1.16463
1.16463
1.16463
1.16463
1.16463
1.16463
1.16463
1.16462
1.16462
1.16462
1.16462
1.16462
1.16462
1.16462
1.16461
1.16461
1.16461
1.16461
1.16461
1.1646
1.1646
1.1646
1.1646
1.16459
1.16459
1.16459
1.16458
1.16458
1.16458
1.16457
1.16457
1.16456
1.16456
1.16455
1.16455
1.16455
1.16454
1.16453
1.16453
1.16452
1.16452
1.16451
1.16451
1.1645
1.16449
1.16448
1.16448
1.16447
1.16446
1.16445
1.16444
1.16444
1.16443
1.16442
1.16441
1.1644
1.16439
1.16438
1.16436
1.16435
1.16434
1.16433
1.16432
1.1643
1.16429
1.16428
1.16426
1.16425
1.16424
1.16423
1.16421
1.1642
1.16419
1.16418
1.16416
1.16415
1.16414
1.16413
1.16412
1.16411
1.1641
1.1641
1.16409
1.16408
1.16407
1.16407
1.16406
1.16406
1.16405
1.16405
1.16405
1.16405
1.16405
1.16405
1.16405
1.16405
1.16406
1.16406
1.16407
1.16408
1.16409
1.1641
1.16412
1.16413
1.16415
1.16417
1.16419
1.16422
1.16466
1.16466
1.16466
1.16466
1.16466
1.16466
1.16466
1.16466
1.16466
1.16466
1.16466
1.16466
1.16466
1.16465
1.16465
1.16465
1.16465
1.16465
1.16465
1.16464
1.16464
1.16464
1.16464
1.16463
1.16463
1.16463
1.16463
1.16462
1.16462
1.16462
1.16461
1.16461
1.16461
1.1646
1.1646
1.16459
1.16459
1.16458
1.16458
1.16458
1.16457
1.16457
1.16456
1.16455
1.16455
1.16454
1.16454
1.16453
1.16452
1.16452
1.16451
1.1645
1.16449
1.16449
1.16448
1.16447
1.16446
1.16445
1.16444
1.16443
1.16442
1.16441
1.1644
1.16439
1.16438
1.16437
1.16435
1.16434
1.16433
1.16432
1.16431
1.16429
1.16428
1.16427
1.16425
1.16424
1.16423
1.16422
1.16421
1.1642
1.16419
1.16418
1.16417
1.16416
1.16415
1.16414
1.16414
1.16413
1.16412
1.16412
1.16411
1.16411
1.16411
1.1641
1.1641
1.1641
1.1641
1.16411
1.16411
1.16411
1.16412
1.16413
1.16414
1.16415
1.16416
1.16417
1.16419
1.16421
1.16423
1.16425
1.16427
1.1643
1.1647
1.1647
1.1647
1.1647
1.1647
1.1647
1.16469
1.16469
1.16469
1.16469
1.16469
1.16469
1.16469
1.16468
1.16468
1.16468
1.16468
1.16468
1.16468
1.16467
1.16467
1.16467
1.16467
1.16466
1.16466
1.16466
1.16465
1.16465
1.16465
1.16464
1.16464
1.16464
1.16463
1.16463
1.16462
1.16462
1.16462
1.16461
1.16461
1.1646
1.1646
1.16459
1.16459
1.16458
1.16457
1.16457
1.16456
1.16456
1.16455
1.16454
1.16453
1.16453
1.16452
1.16451
1.1645
1.16449
1.16449
1.16448
1.16447
1.16446
1.16445
1.16444
1.16443
1.16442
1.1644
1.16439
1.16438
1.16437
1.16436
1.16435
1.16433
1.16432
1.16431
1.1643
1.16429
1.16427
1.16426
1.16425
1.16424
1.16423
1.16422
1.16421
1.16421
1.1642
1.16419
1.16419
1.16418
1.16417
1.16417
1.16417
1.16416
1.16416
1.16416
1.16416
1.16416
1.16416
1.16417
1.16417
1.16418
1.16419
1.1642
1.16421
1.16422
1.16423
1.16425
1.16427
1.16429
1.16431
1.16433
1.16436
1.16474
1.16474
1.16474
1.16473
1.16473
1.16473
1.16473
1.16473
1.16473
1.16473
1.16472
1.16472
1.16472
1.16472
1.16472
1.16472
1.16471
1.16471
1.16471
1.16471
1.1647
1.1647
1.1647
1.1647
1.16469
1.16469
1.16469
1.16468
1.16468
1.16468
1.16467
1.16467
1.16467
1.16466
1.16466
1.16465
1.16465
1.16464
1.16464
1.16463
1.16463
1.16462
1.16462
1.16461
1.16461
1.1646
1.16459
1.16459
1.16458
1.16457
1.16457
1.16456
1.16455
1.16455
1.16454
1.16453
1.16452
1.16451
1.1645
1.16449
1.16448
1.16447
1.16446
1.16445
1.16444
1.16443
1.16442
1.16441
1.1644
1.16439
1.16438
1.16436
1.16435
1.16434
1.16433
1.16432
1.16431
1.1643
1.16429
1.16428
1.16427
1.16426
1.16426
1.16425
1.16424
1.16424
1.16423
1.16423
1.16423
1.16422
1.16422
1.16422
1.16422
1.16422
1.16423
1.16423
1.16423
1.16424
1.16425
1.16426
1.16427
1.16428
1.1643
1.16431
1.16433
1.16435
1.16437
1.1644
1.16442
1.16445
1.16477
1.16477
1.16477
1.16477
1.16477
1.16477
1.16477
1.16476
1.16476
1.16476
1.16476
1.16476
1.16475
1.16475
1.16475
1.16475
1.16475
1.16474
1.16474
1.16474
1.16474
1.16473
1.16473
1.16473
1.16472
1.16472
1.16472
1.16471
1.16471
1.16471
1.1647
1.1647
1.16469
1.16469
1.16469
1.16468
1.16468
1.16467
1.16467
1.16466
1.16466
1.16465
1.16465
1.16464
1.16463
1.16463
1.16462
1.16462
1.16461
1.1646
1.1646
1.16459
1.16458
1.16457
1.16457
1.16456
1.16455
1.16454
1.16453
1.16452
1.16451
1.1645
1.16449
1.16448
1.16447
1.16446
1.16445
1.16444
1.16443
1.16442
1.16441
1.1644
1.16439
1.16438
1.16437
1.16436
1.16435
1.16434
1.16433
1.16432
1.16432
1.16431
1.1643
1.1643
1.16429
1.16429
1.16429
1.16428
1.16428
1.16428
1.16428
1.16428
1.16429
1.16429
1.1643
1.1643
1.16431
1.16432
1.16433
1.16435
1.16436
1.16438
1.16439
1.16441
1.16444
1.16446
1.16449
1.16451
1.16482
1.16481
1.16481
1.16481
1.16481
1.16481
1.1648
1.1648
1.1648
1.1648
1.1648
1.16479
1.16479
1.16479
1.16479
1.16478
1.16478
1.16478
1.16478
1.16477
1.16477
1.16477
1.16477
1.16476
1.16476
1.16476
1.16475
1.16475
1.16475
1.16474
1.16474
1.16473
1.16473
1.16473
1.16472
1.16472
1.16471
1.16471
1.1647
1.1647
1.16469
1.16469
1.16468
1.16468
1.16467
1.16466
1.16466
1.16465
1.16465
1.16464
1.16463
1.16463
1.16462
1.16461
1.1646
1.1646
1.16459
1.16458
1.16457
1.16456
1.16455
1.16454
1.16453
1.16453
1.16452
1.16451
1.1645
1.16449
1.16448
1.16447
1.16446
1.16445
1.16444
1.16443
1.16442
1.16441
1.1644
1.16439
1.16438
1.16438
1.16437
1.16436
1.16436
1.16435
1.16435
1.16435
1.16435
1.16434
1.16434
1.16435
1.16435
1.16435
1.16436
1.16436
1.16437
1.16438
1.16439
1.1644
1.16441
1.16443
1.16444
1.16446
1.16448
1.1645
1.16453
1.16455
1.16458
1.16486
1.16486
1.16485
1.16485
1.16485
1.16485
1.16485
1.16484
1.16484
1.16484
1.16484
1.16483
1.16483
1.16483
1.16483
1.16482
1.16482
1.16482
1.16482
1.16481
1.16481
1.16481
1.1648
1.1648
1.1648
1.16479
1.16479
1.16479
1.16478
1.16478
1.16477
1.16477
1.16477
1.16476
1.16476
1.16475
1.16475
1.16474
1.16474
1.16473
1.16473
1.16472
1.16472
1.16471
1.16471
1.1647
1.1647
1.16469
1.16468
1.16468
1.16467
1.16466
1.16466
1.16465
1.16464
1.16463
1.16463
1.16462
1.16461
1.1646
1.16459
1.16459
1.16458
1.16457
1.16456
1.16455
1.16454
1.16453
1.16452
1.16451
1.1645
1.16449
1.16448
1.16448
1.16447
1.16446
1.16445
1.16444
1.16444
1.16443
1.16442
1.16442
1.16442
1.16441
1.16441
1.16441
1.16441
1.16441
1.16441
1.16441
1.16442
1.16442
1.16443
1.16444
1.16444
1.16445
1.16447
1.16448
1.16449
1.16451
1.16453
1.16455
1.16457
1.16459
1.16462
1.16464
1.16467
1.1649
1.1649
1.1649
1.16489
1.16489
1.16489
1.16489
1.16488
1.16488
1.16488
1.16488
1.16487
1.16487
1.16487
1.16486
1.16486
1.16486
1.16486
1.16485
1.16485
1.16485
1.16484
1.16484
1.16484
1.16483
1.16483
1.16482
1.16482
1.16482
1.16481
1.16481
1.1648
1.1648
1.1648
1.16479
1.16479
1.16478
1.16478
1.16477
1.16477
1.16476
1.16476
1.16475
1.16475
1.16474
1.16473
1.16473
1.16472
1.16472
1.16471
1.1647
1.1647
1.16469
1.16468
1.16468
1.16467
1.16466
1.16465
1.16465
1.16464
1.16463
1.16462
1.16461
1.1646
1.1646
1.16459
1.16458
1.16457
1.16456
1.16455
1.16454
1.16454
1.16453
1.16452
1.16451
1.1645
1.1645
1.16449
1.16449
1.16448
1.16448
1.16448
1.16447
1.16447
1.16447
1.16447
1.16448
1.16448
1.16448
1.16449
1.16449
1.1645
1.16451
1.16452
1.16453
1.16455
1.16456
1.16458
1.1646
1.16462
1.16464
1.16466
1.16468
1.16471
1.16474
1.16495
1.16494
1.16494
1.16494
1.16494
1.16493
1.16493
1.16493
1.16492
1.16492
1.16492
1.16492
1.16491
1.16491
1.16491
1.1649
1.1649
1.1649
1.16489
1.16489
1.16489
1.16488
1.16488
1.16488
1.16487
1.16487
1.16486
1.16486
1.16486
1.16485
1.16485
1.16484
1.16484
1.16484
1.16483
1.16483
1.16482
1.16482
1.16481
1.16481
1.1648
1.1648
1.16479
1.16479
1.16478
1.16478
1.16477
1.16476
1.16476
1.16475
1.16474
1.16474
1.16473
1.16472
1.16472
1.16471
1.1647
1.1647
1.16469
1.16468
1.16467
1.16467
1.16466
1.16465
1.16464
1.16463
1.16463
1.16462
1.16461
1.1646
1.1646
1.16459
1.16458
1.16457
1.16457
1.16456
1.16456
1.16455
1.16455
1.16454
1.16454
1.16454
1.16454
1.16454
1.16454
1.16454
1.16455
1.16455
1.16456
1.16456
1.16457
1.16458
1.16459
1.1646
1.16462
1.16463
1.16465
1.16466
1.16468
1.16471
1.16473
1.16475
1.16478
1.16481
1.16499
1.16499
1.16499
1.16498
1.16498
1.16498
1.16498
1.16497
1.16497
1.16497
1.16496
1.16496
1.16496
1.16495
1.16495
1.16495
1.16494
1.16494
1.16494
1.16493
1.16493
1.16493
1.16492
1.16492
1.16491
1.16491
1.16491
1.1649
1.1649
1.16489
1.16489
1.16489
1.16488
1.16488
1.16487
1.16487
1.16486
1.16486
1.16485
1.16485
1.16484
1.16484
1.16483
1.16483
1.16482
1.16482
1.16481
1.16481
1.1648
1.16479
1.16479
1.16478
1.16477
1.16477
1.16476
1.16476
1.16475
1.16474
1.16473
1.16473
1.16472
1.16471
1.16471
1.1647
1.16469
1.16468
1.16468
1.16467
1.16466
1.16466
1.16465
1.16464
1.16464
1.16463
1.16462
1.16462
1.16461
1.16461
1.16461
1.16461
1.16461
1.16461
1.16461
1.16461
1.16461
1.16461
1.16462
1.16462
1.16463
1.16464
1.16465
1.16466
1.16467
1.16469
1.1647
1.16472
1.16473
1.16475
1.16477
1.1648
1.16482
1.16485
1.16487
1.16504
1.16504
1.16503
1.16503
1.16503
1.16502
1.16502
1.16502
1.16501
1.16501
1.16501
1.165
1.165
1.16499
1.16499
1.16499
1.16498
1.16498
1.16498
1.16497
1.16497
1.16497
1.16496
1.16496
1.16495
1.16495
1.16495
1.16494
1.16494
1.16493
1.16493
1.16492
1.16492
1.16491
1.16491
1.16491
1.1649
1.1649
1.16489
1.16489
1.16488
1.16488
1.16487
1.16487
1.16486
1.16485
1.16485
1.16484
1.16484
1.16483
1.16483
1.16482
1.16481
1.16481
1.1648
1.16479
1.16479
1.16478
1.16478
1.16477
1.16476
1.16476
1.16475
1.16474
1.16474
1.16473
1.16472
1.16472
1.16471
1.1647
1.1647
1.16469
1.16469
1.16468
1.16468
1.16468
1.16467
1.16467
1.16467
1.16467
1.16467
1.16468
1.16468
1.16468
1.16469
1.16469
1.1647
1.16471
1.16472
1.16473
1.16474
1.16475
1.16477
1.16479
1.1648
1.16482
1.16484
1.16486
1.16489
1.16491
1.16494
1.16509
1.16509
1.16508
1.16508
1.16507
1.16507
1.16507
1.16506
1.16506
1.16506
1.16505
1.16505
1.16505
1.16504
1.16504
1.16503
1.16503
1.16503
1.16502
1.16502
1.16501
1.16501
1.16501
1.165
1.165
1.16499
1.16499
1.16499
1.16498
1.16498
1.16497
1.16497
1.16496
1.16496
1.16495
1.16495
1.16495
1.16494
1.16494
1.16493
1.16493
1.16492
1.16492
1.16491
1.1649
1.1649
1.16489
1.16489
1.16488
1.16488
1.16487
1.16487
1.16486
1.16485
1.16485
1.16484
1.16484
1.16483
1.16482
1.16482
1.16481
1.16481
1.1648
1.16479
1.16479
1.16478
1.16478
1.16477
1.16477
1.16476
1.16476
1.16475
1.16475
1.16475
1.16474
1.16474
1.16474
1.16474
1.16474
1.16474
1.16474
1.16475
1.16475
1.16476
1.16476
1.16477
1.16478
1.16479
1.1648
1.16481
1.16482
1.16484
1.16486
1.16487
1.16489
1.16491
1.16493
1.16496
1.16498
1.16501
1.16514
1.16514
1.16513
1.16513
1.16512
1.16512
1.16512
1.16511
1.16511
1.16511
1.1651
1.1651
1.16509
1.16509
1.16509
1.16508
1.16508
1.16507
1.16507
1.16507
1.16506
1.16506
1.16505
1.16505
1.16505
1.16504
1.16504
1.16503
1.16503
1.16502
1.16502
1.16501
1.16501
1.16501
1.165
1.165
1.16499
1.16499
1.16498
1.16498
1.16497
1.16497
1.16496
1.16496
1.16495
1.16495
1.16494
1.16494
1.16493
1.16493
1.16492
1.16492
1.16491
1.1649
1.1649
1.16489
1.16489
1.16488
1.16488
1.16487
1.16487
1.16486
1.16486
1.16485
1.16485
1.16484
1.16484
1.16483
1.16483
1.16482
1.16482
1.16482
1.16481
1.16481
1.16481
1.16481
1.16481
1.16481
1.16481
1.16481
1.16482
1.16482
1.16483
1.16483
1.16484
1.16485
1.16486
1.16487
1.16488
1.16489
1.16491
1.16492
1.16494
1.16496
1.16498
1.165
1.16502
1.16505
1.16507
1.16519
1.16518
1.16518
1.16518
1.16517
1.16517
1.16516
1.16516
1.16516
1.16515
1.16515
1.16514
1.16514
1.16514
1.16513
1.16513
1.16512
1.16512
1.16511
1.16511
1.16511
1.1651
1.1651
1.16509
1.16509
1.16509
1.16508
1.16508
1.16507
1.16507
1.16506
1.16506
1.16505
1.16505
1.16505
1.16504
1.16504
1.16503
1.16503
1.16502
1.16502
1.16501
1.16501
1.165
1.165
1.16499
1.16499
1.16498
1.16498
1.16497
1.16497
1.16496
1.16496
1.16495
1.16495
1.16494
1.16494
1.16493
1.16493
1.16492
1.16492
1.16491
1.16491
1.1649
1.1649
1.1649
1.16489
1.16489
1.16489
1.16488
1.16488
1.16488
1.16488
1.16488
1.16488
1.16488
1.16488
1.16488
1.16489
1.16489
1.1649
1.1649
1.16491
1.16492
1.16493
1.16494
1.16495
1.16496
1.16498
1.16499
1.16501
1.16503
1.16505
1.16507
1.16509
1.16511
1.16513
1.16524
1.16523
1.16523
1.16523
1.16522
1.16522
1.16521
1.16521
1.16521
1.1652
1.1652
1.16519
1.16519
1.16519
1.16518
1.16518
1.16517
1.16517
1.16517
1.16516
1.16516
1.16515
1.16515
1.16514
1.16514
1.16514
1.16513
1.16513
1.16512
1.16512
1.16511
1.16511
1.1651
1.1651
1.1651
1.16509
1.16509
1.16508
1.16508
1.16507
1.16507
1.16506
1.16506
1.16505
1.16505
1.16504
1.16504
1.16504
1.16503
1.16503
1.16502
1.16502
1.16501
1.16501
1.165
1.165
1.16499
1.16499
1.16498
1.16498
1.16498
1.16497
1.16497
1.16496
1.16496
1.16496
1.16496
1.16495
1.16495
1.16495
1.16495
1.16495
1.16495
1.16495
1.16495
1.16495
1.16495
1.16495
1.16496
1.16496
1.16497
1.16498
1.16499
1.165
1.16501
1.16502
1.16503
1.16504
1.16506
1.16508
1.16509
1.16511
1.16513
1.16515
1.16517
1.1652
1.16529
1.16529
1.16528
1.16528
1.16527
1.16527
1.16527
1.16526
1.16526
1.16525
1.16525
1.16525
1.16524
1.16524
1.16523
1.16523
1.16523
1.16522
1.16522
1.16521
1.16521
1.1652
1.1652
1.1652
1.16519
1.16519
1.16518
1.16518
1.16517
1.16517
1.16517
1.16516
1.16516
1.16515
1.16515
1.16514
1.16514
1.16513
1.16513
1.16513
1.16512
1.16512
1.16511
1.16511
1.1651
1.1651
1.16509
1.16509
1.16509
1.16508
1.16508
1.16507
1.16507
1.16506
1.16506
1.16506
1.16505
1.16505
1.16504
1.16504
1.16504
1.16503
1.16503
1.16503
1.16502
1.16502
1.16502
1.16502
1.16502
1.16502
1.16501
1.16501
1.16502
1.16502
1.16502
1.16502
1.16502
1.16503
1.16503
1.16504
1.16505
1.16505
1.16506
1.16507
1.16509
1.1651
1.16511
1.16513
1.16514
1.16516
1.16518
1.1652
1.16521
1.16524
1.16526
1.16534
1.16534
1.16533
1.16533
1.16533
1.16532
1.16532
1.16531
1.16531
1.16531
1.1653
1.1653
1.16529
1.16529
1.16529
1.16528
1.16528
1.16527
1.16527
1.16526
1.16526
1.16526
1.16525
1.16525
1.16524
1.16524
1.16524
1.16523
1.16523
1.16522
1.16522
1.16521
1.16521
1.16521
1.1652
1.1652
1.16519
1.16519
1.16518
1.16518
1.16518
1.16517
1.16517
1.16516
1.16516
1.16515
1.16515
1.16515
1.16514
1.16514
1.16513
1.16513
1.16513
1.16512
1.16512
1.16511
1.16511
1.16511
1.1651
1.1651
1.1651
1.1651
1.16509
1.16509
1.16509
1.16509
1.16509
1.16508
1.16508
1.16508
1.16508
1.16508
1.16509
1.16509
1.16509
1.16509
1.1651
1.1651
1.16511
1.16511
1.16512
1.16513
1.16514
1.16515
1.16516
1.16518
1.16519
1.16521
1.16522
1.16524
1.16526
1.16528
1.1653
1.16539
1.16539
1.16538
1.16538
1.16537
1.16537
1.16537
1.16536
1.16536
1.16535
1.16535
1.16535
1.16534
1.16534
1.16533
1.16533
1.16532
1.16532
1.16532
1.16531
1.16531
1.1653
1.1653
1.1653
1.16529
1.16529
1.16528
1.16528
1.16528
1.16527
1.16527
1.16526
1.16526
1.16526
1.16525
1.16525
1.16524
1.16524
1.16524
1.16523
1.16523
1.16522
1.16522
1.16522
1.16521
1.16521
1.1652
1.1652
1.1652
1.16519
1.16519
1.16519
1.16518
1.16518
1.16518
1.16517
1.16517
1.16517
1.16516
1.16516
1.16516
1.16516
1.16516
1.16515
1.16515
1.16515
1.16515
1.16515
1.16515
1.16515
1.16515
1.16516
1.16516
1.16516
1.16517
1.16517
1.16518
1.16518
1.16519
1.1652
1.16521
1.16522
1.16523
1.16524
1.16526
1.16527
1.16528
1.1653
1.16532
1.16534
1.16535
1.16544
1.16544
1.16543
1.16543
1.16542
1.16542
1.16542
1.16541
1.16541
1.1654
1.1654
1.1654
1.16539
1.16539
1.16538
1.16538
1.16538
1.16537
1.16537
1.16537
1.16536
1.16536
1.16535
1.16535
1.16535
1.16534
1.16534
1.16533
1.16533
1.16533
1.16532
1.16532
1.16531
1.16531
1.16531
1.1653
1.1653
1.16529
1.16529
1.16529
1.16528
1.16528
1.16528
1.16527
1.16527
1.16527
1.16526
1.16526
1.16526
1.16525
1.16525
1.16525
1.16524
1.16524
1.16524
1.16523
1.16523
1.16523
1.16523
1.16523
1.16522
1.16522
1.16522
1.16522
1.16522
1.16522
1.16522
1.16522
1.16522
1.16522
1.16523
1.16523
1.16523
1.16523
1.16524
1.16524
1.16525
1.16526
1.16526
1.16527
1.16528
1.16529
1.1653
1.16532
1.16533
1.16535
1.16536
1.16538
1.16539
1.16541
1.16549
1.16549
1.16548
1.16548
1.16547
1.16547
1.16547
1.16546
1.16546
1.16546
1.16545
1.16545
1.16544
1.16544
1.16544
1.16543
1.16543
1.16542
1.16542
1.16542
1.16541
1.16541
1.16541
1.1654
1.1654
1.16539
1.16539
1.16539
1.16538
1.16538
1.16538
1.16537
1.16537
1.16536
1.16536
1.16536
1.16535
1.16535
1.16535
1.16534
1.16534
1.16534
1.16533
1.16533
1.16533
1.16532
1.16532
1.16532
1.16532
1.16531
1.16531
1.16531
1.1653
1.1653
1.1653
1.1653
1.1653
1.16529
1.16529
1.16529
1.16529
1.16529
1.16529
1.16529
1.16529
1.16529
1.16529
1.16529
1.16529
1.16529
1.1653
1.1653
1.1653
1.16531
1.16531
1.16532
1.16532
1.16533
1.16534
1.16535
1.16536
1.16537
1.16538
1.16539
1.1654
1.16542
1.16543
1.16545
1.16547
1.16554
1.16553
1.16553
1.16553
1.16552
1.16552
1.16552
1.16551
1.16551
1.16551
1.1655
1.1655
1.16549
1.16549
1.16549
1.16548
1.16548
1.16548
1.16547
1.16547
1.16547
1.16546
1.16546
1.16545
1.16545
1.16545
1.16544
1.16544
1.16544
1.16543
1.16543
1.16543
1.16542
1.16542
1.16542
1.16541
1.16541
1.16541
1.1654
1.1654
1.1654
1.16539
1.16539
1.16539
1.16539
1.16538
1.16538
1.16538
1.16538
1.16537
1.16537
1.16537
1.16537
1.16536
1.16536
1.16536
1.16536
1.16536
1.16536
1.16536
1.16536
1.16536
1.16536
1.16536
1.16536
1.16536
1.16536
1.16536
1.16536
1.16536
1.16537
1.16537
1.16537
1.16538
1.16538
1.16539
1.16539
1.1654
1.16541
1.16542
1.16543
1.16544
1.16545
1.16546
1.16547
1.16549
1.1655
1.16558
1.16558
1.16558
1.16557
1.16557
1.16556
1.16556
1.16556
1.16555
1.16555
1.16555
1.16554
1.16554
1.16554
1.16553
1.16553
1.16553
1.16552
1.16552
1.16552
1.16551
1.16551
1.16551
1.1655
1.1655
1.1655
1.16549
1.16549
1.16549
1.16548
1.16548
1.16548
1.16548
1.16547
1.16547
1.16547
1.16546
1.16546
1.16546
1.16545
1.16545
1.16545
1.16545
1.16544
1.16544
1.16544
1.16544
1.16544
1.16543
1.16543
1.16543
1.16543
1.16543
1.16543
1.16542
1.16542
1.16542
1.16542
1.16542
1.16542
1.16542
1.16542
1.16542
1.16542
1.16543
1.16543
1.16543
1.16543
1.16543
1.16544
1.16544
1.16544
1.16545
1.16545
1.16546
1.16547
1.16547
1.16548
1.16549
1.1655
1.16551
1.16552
1.16553
1.16554
1.16556
1.16563
1.16563
1.16562
1.16562
1.16562
1.16561
1.16561
1.16561
1.1656
1.1656
1.1656
1.16559
1.16559
1.16559
1.16558
1.16558
1.16558
1.16557
1.16557
1.16557
1.16557
1.16556
1.16556
1.16556
1.16555
1.16555
1.16555
1.16554
1.16554
1.16554
1.16554
1.16553
1.16553
1.16553
1.16552
1.16552
1.16552
1.16552
1.16551
1.16551
1.16551
1.16551
1.16551
1.1655
1.1655
1.1655
1.1655
1.1655
1.16549
1.16549
1.16549
1.16549
1.16549
1.16549
1.16549
1.16549
1.16549
1.16549
1.16549
1.16549
1.16549
1.16549
1.16549
1.16549
1.16549
1.16549
1.1655
1.1655
1.1655
1.1655
1.16551
1.16551
1.16552
1.16552
1.16553
1.16553
1.16554
1.16555
1.16556
1.16556
1.16557
1.16558
1.16559
1.16561
1.16567
1.16567
1.16567
1.16567
1.16566
1.16566
1.16566
1.16565
1.16565
1.16565
1.16564
1.16564
1.16564
1.16564
1.16563
1.16563
1.16563
1.16562
1.16562
1.16562
1.16562
1.16561
1.16561
1.16561
1.1656
1.1656
1.1656
1.1656
1.16559
1.16559
1.16559
1.16559
1.16558
1.16558
1.16558
1.16558
1.16557
1.16557
1.16557
1.16557
1.16557
1.16556
1.16556
1.16556
1.16556
1.16556
1.16556
1.16555
1.16555
1.16555
1.16555
1.16555
1.16555
1.16555
1.16555
1.16555
1.16555
1.16555
1.16555
1.16555
1.16555
1.16555
1.16555
1.16555
1.16556
1.16556
1.16556
1.16556
1.16557
1.16557
1.16557
1.16558
1.16558
1.16559
1.16559
1.1656
1.1656
1.16561
1.16562
1.16563
1.16564
1.16565
1.16572
1.16572
1.16571
1.16571
1.16571
1.1657
1.1657
1.1657
1.1657
1.16569
1.16569
1.16569
1.16569
1.16568
1.16568
1.16568
1.16568
1.16567
1.16567
1.16567
1.16567
1.16566
1.16566
1.16566
1.16566
1.16565
1.16565
1.16565
1.16565
1.16564
1.16564
1.16564
1.16564
1.16564
1.16563
1.16563
1.16563
1.16563
1.16563
1.16562
1.16562
1.16562
1.16562
1.16562
1.16562
1.16561
1.16561
1.16561
1.16561
1.16561
1.16561
1.16561
1.16561
1.16561
1.16561
1.16561
1.16561
1.16561
1.16561
1.16561
1.16561
1.16561
1.16561
1.16562
1.16562
1.16562
1.16562
1.16563
1.16563
1.16563
1.16564
1.16564
1.16564
1.16565
1.16565
1.16566
1.16567
1.16567
1.16568
1.16569
1.16576
1.16576
1.16575
1.16575
1.16575
1.16575
1.16574
1.16574
1.16574
1.16574
1.16573
1.16573
1.16573
1.16573
1.16573
1.16572
1.16572
1.16572
1.16572
1.16571
1.16571
1.16571
1.16571
1.1657
1.1657
1.1657
1.1657
1.1657
1.16569
1.16569
1.16569
1.16569
1.16569
1.16569
1.16568
1.16568
1.16568
1.16568
1.16568
1.16568
1.16567
1.16567
1.16567
1.16567
1.16567
1.16567
1.16567
1.16567
1.16567
1.16567
1.16567
1.16567
1.16567
1.16567
1.16567
1.16567
1.16567
1.16567
1.16567
1.16567
1.16567
1.16567
1.16568
1.16568
1.16568
1.16568
1.16569
1.16569
1.16569
1.1657
1.1657
1.1657
1.16571
1.16571
1.16572
1.16572
1.16573
1.16574
1.1658
1.1658
1.1658
1.16579
1.16579
1.16579
1.16579
1.16579
1.16578
1.16578
1.16578
1.16578
1.16577
1.16577
1.16577
1.16577
1.16577
1.16576
1.16576
1.16576
1.16576
1.16576
1.16575
1.16575
1.16575
1.16575
1.16575
1.16575
1.16574
1.16574
1.16574
1.16574
1.16574
1.16574
1.16573
1.16573
1.16573
1.16573
1.16573
1.16573
1.16573
1.16573
1.16573
1.16572
1.16572
1.16572
1.16572
1.16572
1.16572
1.16572
1.16572
1.16572
1.16572
1.16572
1.16572
1.16572
1.16572
1.16573
1.16573
1.16573
1.16573
1.16573
1.16573
1.16573
1.16574
1.16574
1.16574
1.16575
1.16575
1.16575
1.16576
1.16576
1.16576
1.16577
1.16577
1.16578
1.16584
1.16584
1.16584
1.16583
1.16583
1.16583
1.16583
1.16583
1.16583
1.16582
1.16582
1.16582
1.16582
1.16582
1.16581
1.16581
1.16581
1.16581
1.16581
1.16581
1.1658
1.1658
1.1658
1.1658
1.1658
1.1658
1.16579
1.16579
1.16579
1.16579
1.16579
1.16579
1.16579
1.16578
1.16578
1.16578
1.16578
1.16578
1.16578
1.16578
1.16578
1.16578
1.16578
1.16578
1.16578
1.16578
1.16577
1.16577
1.16577
1.16577
1.16577
1.16578
1.16578
1.16578
1.16578
1.16578
1.16578
1.16578
1.16578
1.16578
1.16578
1.16578
1.16579
1.16579
1.16579
1.16579
1.1658
1.1658
1.1658
1.16581
1.16581
1.16581
1.16582
1.16582
1.16588
1.16588
1.16587
1.16587
1.16587
1.16587
1.16587
1.16587
1.16586
1.16586
1.16586
1.16586
1.16586
1.16586
1.16585
1.16585
1.16585
1.16585
1.16585
1.16585
1.16585
1.16584
1.16584
1.16584
1.16584
1.16584
1.16584
1.16584
1.16584
1.16583
1.16583
1.16583
1.16583
1.16583
1.16583
1.16583
1.16583
1.16583
1.16583
1.16583
1.16583
1.16582
1.16582
1.16582
1.16582
1.16582
1.16582
1.16582
1.16582
1.16582
1.16583
1.16583
1.16583
1.16583
1.16583
1.16583
1.16583
1.16583
1.16583
1.16583
1.16584
1.16584
1.16584
1.16584
1.16584
1.16585
1.16585
1.16585
1.16585
1.16586
1.16586
1.16591
1.16591
1.16591
1.16591
1.16591
1.16591
1.16591
1.1659
1.1659
1.1659
1.1659
1.1659
1.1659
1.1659
1.16589
1.16589
1.16589
1.16589
1.16589
1.16589
1.16589
1.16589
1.16588
1.16588
1.16588
1.16588
1.16588
1.16588
1.16588
1.16588
1.16588
1.16588
1.16588
1.16587
1.16587
1.16587
1.16587
1.16587
1.16587
1.16587
1.16587
1.16587
1.16587
1.16587
1.16587
1.16587
1.16587
1.16587
1.16587
1.16587
1.16587
1.16587
1.16587
1.16587
1.16587
1.16588
1.16588
1.16588
1.16588
1.16588
1.16588
1.16588
1.16589
1.16589
1.16589
1.16589
1.1659
1.1659
1.16595
1.16595
1.16595
1.16595
1.16594
1.16594
1.16594
1.16594
1.16594
1.16594
1.16594
1.16594
1.16593
1.16593
1.16593
1.16593
1.16593
1.16593
1.16593
1.16593
1.16593
1.16593
1.16592
1.16592
1.16592
1.16592
1.16592
1.16592
1.16592
1.16592
1.16592
1.16592
1.16592
1.16592
1.16592
1.16592
1.16591
1.16591
1.16591
1.16591
1.16591
1.16591
1.16591
1.16591
1.16591
1.16591
1.16591
1.16591
1.16591
1.16592
1.16592
1.16592
1.16592
1.16592
1.16592
1.16592
1.16592
1.16592
1.16592
1.16592
1.16593
1.16593
1.16593
1.16593
1.16593
1.16594
1.16598
1.16598
1.16598
1.16598
1.16598
1.16598
1.16598
1.16597
1.16597
1.16597
1.16597
1.16597
1.16597
1.16597
1.16597
1.16597
1.16597
1.16596
1.16596
1.16596
1.16596
1.16596
1.16596
1.16596
1.16596
1.16596
1.16596
1.16596
1.16596
1.16596
1.16596
1.16596
1.16596
1.16595
1.16595
1.16595
1.16595
1.16595
1.16595
1.16595
1.16595
1.16595
1.16595
1.16595
1.16595
1.16595
1.16596
1.16596
1.16596
1.16596
1.16596
1.16596
1.16596
1.16596
1.16596
1.16596
1.16596
1.16596
1.16597
1.16597
1.16597
1.16597
1.16597
1.16601
1.16601
1.16601
1.16601
1.16601
1.16601
1.16601
1.16601
1.16601
1.16601
1.166
1.166
1.166
1.166
1.166
1.166
1.166
1.166
1.166
1.166
1.166
1.166
1.166
1.166
1.16599
1.16599
1.16599
1.16599
1.16599
1.16599
1.16599
1.16599
1.16599
1.16599
1.16599
1.16599
1.16599
1.16599
1.16599
1.16599
1.16599
1.16599
1.16599
1.16599
1.16599
1.16599
1.16599
1.16599
1.16599
1.16599
1.16599
1.166
1.166
1.166
1.166
1.166
1.166
1.166
1.166
1.166
1.16604
1.16604
1.16604
1.16604
1.16604
1.16604
1.16604
1.16604
1.16604
1.16604
1.16604
1.16603
1.16603
1.16603
1.16603
1.16603
1.16603
1.16603
1.16603
1.16603
1.16603
1.16603
1.16603
1.16603
1.16603
1.16603
1.16603
1.16603
1.16603
1.16603
1.16603
1.16603
1.16603
1.16603
1.16603
1.16603
1.16603
1.16603
1.16603
1.16603
1.16603
1.16603
1.16603
1.16603
1.16603
1.16603
1.16603
1.16603
1.16603
1.16603
1.16603
1.16603
1.16603
1.16603
1.16603
1.16603
1.16604
1.16607
1.16607
1.16607
1.16607
1.16607
1.16607
1.16607
1.16607
1.16607
1.16607
1.16606
1.16606
1.16606
1.16606
1.16606
1.16606
1.16606
1.16606
1.16606
1.16606
1.16606
1.16606
1.16606
1.16606
1.16606
1.16606
1.16606
1.16606
1.16606
1.16606
1.16606
1.16606
1.16606
1.16606
1.16606
1.16606
1.16606
1.16606
1.16606
1.16606
1.16606
1.16606
1.16606
1.16606
1.16606
1.16606
1.16606
1.16606
1.16606
1.16606
1.16606
1.16606
1.16606
1.16607
1.1661
1.1661
1.1661
1.16609
1.16609
1.16609
1.16609
1.16609
1.16609
1.16609
1.16609
1.16609
1.16609
1.16609
1.16609
1.16609
1.16609
1.16609
1.16609
1.16609
1.16609
1.16609
1.16609
1.16609
1.16609
1.16609
1.16609
1.16609
1.16609
1.16609
1.16609
1.16609
1.16609
1.16609
1.16609
1.16609
1.16609
1.16609
1.16609
1.16609
1.16609
1.16609
1.16609
1.16609
1.16609
1.16609
1.16609
1.16609
1.16609
1.16609
1.16609
1.16612
1.16612
1.16612
1.16612
1.16612
1.16612
1.16612
1.16612
1.16612
1.16612
1.16612
1.16612
1.16612
1.16612
1.16612
1.16612
1.16612
1.16612
1.16611
1.16611
1.16611
1.16611
1.16611
1.16611
1.16611
1.16611
1.16611
1.16611
1.16611
1.16611
1.16611
1.16611
1.16611
1.16611
1.16611
1.16611
1.16611
1.16611
1.16611
1.16612
1.16612
1.16612
1.16612
1.16612
1.16612
1.16612
1.16612
1.16612
1.16612
1.16614
1.16614
1.16614
1.16614
1.16614
1.16614
1.16614
1.16614
1.16614
1.16614
1.16614
1.16614
1.16614
1.16614
1.16614
1.16614
1.16614
1.16614
1.16614
1.16614
1.16614
1.16614
1.16614
1.16614
1.16614
1.16614
1.16614
1.16614
1.16614
1.16614
1.16614
1.16614
1.16614
1.16614
1.16614
1.16614
1.16614
1.16614
1.16614
1.16614
1.16614
1.16614
1.16614
1.16614
1.16614
1.16617
1.16616
1.16616
1.16616
1.16616
1.16616
1.16616
1.16616
1.16616
1.16616
1.16616
1.16616
1.16616
1.16616
1.16616
1.16616
1.16616
1.16616
1.16616
1.16616
1.16616
1.16616
1.16616
1.16616
1.16616
1.16616
1.16616
1.16616
1.16616
1.16616
1.16616
1.16616
1.16616
1.16616
1.16616
1.16616
1.16616
1.16616
1.16616
1.16616
1.16616
1.16616
1.16619
1.16619
1.16618
1.16618
1.16618
1.16618
1.16618
1.16618
1.16618
1.16618
1.16618
1.16618
1.16618
1.16618
1.16618
1.16618
1.16618
1.16618
1.16618
1.16618
1.16618
1.16618
1.16618
1.16618
1.16618
1.16618
1.16618
1.16618
1.16618
1.16618
1.16618
1.16618
1.16618
1.16618
1.16618
1.16618
1.16618
1.16618
1.16618
1.16619
1.1662
1.1662
1.1662
1.1662
1.1662
1.1662
1.1662
1.1662
1.1662
1.1662
1.1662
1.1662
1.1662
1.1662
1.1662
1.1662
1.1662
1.1662
1.1662
1.1662
1.1662
1.1662
1.1662
1.1662
1.1662
1.1662
1.1662
1.1662
1.1662
1.1662
1.1662
1.1662
1.1662
1.1662
1.1662
1.1662
1.1662
1.16622
1.16622
1.16622
1.16622
1.16622
1.16622
1.16622
1.16622
1.16622
1.16622
1.16622
1.16622
1.16622
1.16622
1.16622
1.16622
1.16622
1.16622
1.16622
1.16622
1.16622
1.16622
1.16622
1.16622
1.16622
1.16622
1.16622
1.16622
1.16622
1.16622
1.16622
1.16622
1.16622
1.16622
1.16622
1.16624
1.16624
1.16624
1.16624
1.16624
1.16624
1.16624
1.16624
1.16624
1.16624
1.16624
1.16624
1.16624
1.16624
1.16624
1.16624
1.16624
1.16624
1.16624
1.16624
1.16624
1.16624
1.16624
1.16624
1.16624
1.16624
1.16624
1.16624
1.16624
1.16624
1.16624
1.16624
1.16624
1.16625
1.16625
1.16625
1.16625
1.16625
1.16625
1.16625
1.16625
1.16625
1.16625
1.16625
1.16625
1.16625
1.16625
1.16625
1.16625
1.16625
1.16625
1.16625
1.16625
1.16625
1.16625
1.16625
1.16625
1.16625
1.16625
1.16625
1.16625
1.16625
1.16625
1.16627
1.16627
1.16627
1.16627
1.16627
1.16627
1.16627
1.16627
1.16627
1.16627
1.16627
1.16627
1.16627
1.16627
1.16627
1.16627
1.16627
1.16627
1.16627
1.16627
1.16627
1.16627
1.16627
1.16627
1.16627
1.16627
1.16627
1.16627
1.16628
1.16628
1.16628
1.16628
1.16628
1.16628
1.16628
1.16628
1.16628
1.16628
1.16628
1.16628
1.16628
1.16628
1.16628
1.16628
1.16628
1.16628
1.16628
1.16628
1.16628
1.16628
1.16628
1.16628
1.16628
1.16628
1.16628
1.16629
1.16629
1.16629
1.16629
1.16629
1.16629
1.16629
1.16629
1.16629
1.16629
1.16629
1.16629
1.16629
1.16629
1.16629
1.16629
1.16629
1.16629
1.16629
1.16629
1.16629
1.16629
1.16629
1.16629
1.1663
1.1663
1.1663
1.1663
1.1663
1.1663
1.1663
1.1663
1.1663
1.1663
1.1663
1.1663
1.1663
1.1663
1.1663
1.1663
1.1663
1.1663
1.1663
1.1663
1.1663
1.1663
1.16632
1.16632
1.16632
1.16632
1.16632
1.16632
1.16632
1.16632
1.16632
1.16632
1.16632
1.16632
1.16632
1.16632
1.16632
1.16632
1.16632
1.16632
1.16632
1.16632
1.16632
1.16632
1.16632
1.16632
1.16632
1.16632
1.16632
1.16632
1.16632
1.16632
1.16632
1.16632
1.16632
1.16632
1.16632
1.16632
1.16632
1.16632
1.16632
1.16632
1.16632
1.16634
1.16634
1.16634
1.16634
1.16634
1.16634
1.16634
1.16634
1.16634
1.16634
1.16634
1.16634
1.16634
1.16634
1.16634
1.16634
1.16634
1.16634
1.16634
1.16634
1.16634
1.16634
1.16634
1.16634
1.16634
1.16634
1.16634
1.16634
1.16634
1.16634
1.16634
1.16634
1.16634
1.16634
1.16634
1.16636
1.16636
1.16636
1.16636
1.16636
1.16636
1.16637
1.16637
1.16637
1.16637
1.16637
1.16637
1.16637
1.16637
1.16637
1.16635
1.16635
1.16635
1.16635
1.16635
1.16635
1.16635
1.16634
1.16634
1.16634
1.16634
1.16634
1.16634
1.16634
1.16639
1.16639
1.1664
1.1664
1.1664
1.1664
1.1664
1.1664
1.1664
1.1664
1.1664
1.1664
1.1664
1.16635
1.16635
1.16635
1.16635
1.16634
1.16634
1.16634
1.16634
1.16634
1.16633
1.16633
1.16643
1.16643
1.16643
1.16644
1.16644
1.16644
1.16644
1.16645
1.16645
1.16645
1.16646
1.16636
1.16635
1.16635
1.16634
1.16633
1.16632
1.16631
1.16631
1.1663
1.16629
)
;

boundaryField
{
    down
    {
        type            calculated;
        value           nonuniform List<scalar> 0();
    }
    right
    {
        type            calculated;
        value           nonuniform List<scalar> 0();
    }
    up
    {
        type            calculated;
        value           nonuniform List<scalar> 0();
    }
    meanFlow
    {
        type            calculated;
        value           uniform 1.1664;
    }
    coandaUpper
    {
        type            calculated;
        value           nonuniform List<scalar> 0();
    }
    coandaLower
    {
        type            calculated;
        value           nonuniform List<scalar> 0();
    }
    surface
    {
        type            calculated;
        value           nonuniform List<scalar> 
128
(
1.16411
1.16411
1.16412
1.16412
1.16412
1.16412
1.16412
1.16412
1.16412
1.16412
1.16412
1.16412
1.16412
1.16412
1.16412
1.16412
1.16412
1.16412
1.16412
1.16412
1.16412
1.16412
1.16412
1.16412
1.16411
1.16411
1.16411
1.16411
1.16411
1.1641
1.1641
1.1641
1.1641
1.16409
1.16409
1.16408
1.16408
1.16408
1.16407
1.16407
1.16406
1.16406
1.16405
1.16404
1.16404
1.16403
1.16402
1.16401
1.16401
1.164
1.16399
1.16398
1.16397
1.16396
1.16395
1.16394
1.16392
1.16391
1.1639
1.16388
1.16387
1.16385
1.16383
1.16381
1.16379
1.16378
1.16376
1.16374
1.16372
1.1637
1.16368
1.16365
1.16363
1.16361
1.16359
1.16357
1.16355
1.16353
1.16351
1.16349
1.16347
1.16345
1.16343
1.16342
1.1634
1.16338
1.16336
1.16334
1.16332
1.1633
1.16329
1.16327
1.16325
1.16324
1.16322
1.1632
1.16319
1.16317
1.16315
1.16314
1.16312
1.16311
1.16309
1.16308
1.16306
1.16305
1.16303
1.16302
1.163
1.16299
1.16297
1.16296
1.16295
1.16293
1.16292
1.16291
1.16289
1.16288
1.16287
1.16285
1.16284
1.16283
1.16282
1.16281
1.1628
1.16278
1.16277
1.16276
)
;
    }
    defaultFaces
    {
        type            empty;
    }
    procBoundary1to0
    {
        type            processor;
        value           nonuniform List<scalar> 
253
(
1.16275
1.16275
1.16275
1.16275
1.16275
1.16276
1.16277
1.16279
1.16279
1.16281
1.16283
1.16285
1.16288
1.16291
1.16295
1.16295
1.16298
1.16302
1.16305
1.16309
1.16309
1.16312
1.16316
1.16319
1.16319
1.16323
1.16326
1.16326
1.16329
1.16332
1.16335
1.16335
1.16338
1.16338
1.16342
1.16346
1.16346
1.1635
1.16354
1.16354
1.16358
1.16358
1.16363
1.16363
1.16367
1.16367
1.16374
1.1638
1.1638
1.16386
1.1639
1.16386
1.16392
1.1639
1.16396
1.16396
1.16403
1.16403
1.16411
1.16411
1.16419
1.16424
1.16419
1.16427
1.16424
1.16433
1.16439
1.16433
1.16442
1.16439
1.16448
1.16454
1.16448
1.16458
1.16461
1.16454
1.16464
1.16461
1.16471
1.16477
1.16471
1.1648
1.16484
1.16477
1.16487
1.1649
1.16484
1.16493
1.16497
1.1649
1.165
1.16503
1.16497
1.16506
1.1651
1.16503
1.16512
1.16516
1.1651
1.16518
1.16522
1.16516
1.16524
1.16528
1.16522
1.1653
1.16532
1.16534
1.16528
1.16536
1.16537
1.16532
1.16539
1.16543
1.16537
1.16545
1.16548
1.16543
1.1655
1.16552
1.16553
1.16548
1.16555
1.16557
1.16552
1.16558
1.16562
1.16557
1.16563
1.16566
1.16567
1.16562
1.16568
1.1657
1.16571
1.16566
1.16571
1.16574
1.1657
1.16575
1.16579
1.16579
1.16574
1.1658
1.16583
1.16583
1.16579
1.16584
1.16587
1.16587
1.16583
1.16587
1.1659
1.1659
1.16591
1.16587
1.16591
1.16594
1.16594
1.1659
1.16594
1.16597
1.16598
1.16594
1.16598
1.16601
1.16601
1.16601
1.16597
1.16601
1.16604
1.16604
1.16601
1.16604
1.16607
1.16607
1.16607
1.16604
1.16607
1.16609
1.16609
1.16607
1.1661
1.16612
1.16612
1.16609
1.16612
1.16614
1.16614
1.16614
1.16612
1.16614
1.16617
1.16617
1.16614
1.16617
1.16619
1.16619
1.16617
1.16619
1.1662
1.1662
1.16619
1.16621
1.16622
1.16622
1.1662
1.16622
1.16624
1.16622
1.16624
1.16625
1.16625
1.16624
1.16625
1.16627
1.16625
1.16627
1.16628
1.16627
1.16628
1.16629
1.16629
1.16628
1.16629
1.1663
1.16629
1.1663
1.1663
1.16632
1.16632
1.16632
1.16632
1.16634
1.16632
1.16634
1.16634
1.16633
1.16637
1.16633
1.16637
1.16637
1.16634
1.16634
1.16641
1.16633
1.16641
1.16633
1.16633
1.16646
1.16646
1.16628
1.16628
)
;
    }
    procBoundary1to2
    {
        type            processor;
        value           nonuniform List<scalar> 
135
(
1.16411
1.16411
1.16411
1.16412
1.16412
1.16412
1.16412
1.16412
1.16412
1.16413
1.16413
1.16413
1.16413
1.16413
1.16414
1.16414
1.16414
1.16414
1.16415
1.16415
1.16416
1.16416
1.16417
1.16418
1.16418
1.16419
1.16419
1.16421
1.16422
1.16423
1.16425
1.16427
1.16429
1.16429
1.16431
1.16434
1.16436
1.16439
1.16439
1.16442
1.16445
1.16448
1.16448
1.1645
1.16454
1.16454
1.16457
1.1646
1.16463
1.16463
1.16466
1.1647
1.1647
1.16474
1.16478
1.16478
1.16482
1.16482
1.16486
1.1649
1.1649
1.16495
1.16495
1.165
1.16504
1.16504
1.16509
1.16509
1.16514
1.16519
1.16519
1.16524
1.16524
1.16529
1.16529
1.16535
1.16539
1.16539
1.16544
1.16544
1.16549
1.16549
1.16554
1.16559
1.16559
1.16563
1.16563
1.16568
1.16568
1.16572
1.16576
1.16576
1.1658
1.1658
1.16584
1.16588
1.16588
1.16592
1.16592
1.16595
1.16598
1.16598
1.16601
1.16604
1.16604
1.16607
1.1661
1.1661
1.16612
1.16614
1.16617
1.16617
1.16619
1.1662
1.1662
1.16622
1.16624
1.16625
1.16627
1.16627
1.16628
1.16629
1.1663
1.16632
1.16632
1.16632
1.16634
1.16634
1.16636
1.16635
1.16639
1.16635
1.16635
1.16643
1.16637
)
;
    }
}


// ************************************************************************* //
