/*--------------------------------*- C++ -*----------------------------------*\
  =========                 |
  \\      /  F ield         | OpenFOAM: The Open Source CFD Toolbox
   \\    /   O peration     | Website:  https://openfoam.org
    \\  /    A nd           | Version:  10
     \\/     M anipulation  |
\*---------------------------------------------------------------------------*/
FoamFile
{
    format      ascii;
    class       volScalarField;
    location    "0.0004";
    object      p;
}
// * * * * * * * * * * * * * * * * * * * * * * * * * * * * * * * * * * * * * //

dimensions      [1 -1 -2 0 0 0 0];

internalField   nonuniform List<scalar> 
13320
(
101281
101222
101127
101044
100963
100901
100855
100818
100788
100764
100750
100732
100716
100718
100745
100785
100775
100691
100555
100397
100238
100090
99952
99823.9
99702.6
99593.7
99502.1
99426.8
99363.7
99310.1
99265.6
99232.6
99218.5
99231.1
99266.7
99293.7
99270.7
99196
99135.2
99154.3
99241.8
99324.4
99357.8
99358.9
99377.7
99400.3
99424.7
99429
99463.2
99456.4
101262
101228
101166
101084
101006
100941
100888
100844
100809
100779
100763
100743
100723
100721
100746
100788
100785
100706
100572
100413
100252
100101
99961.1
99831.3
99708.5
99598.7
99506.5
99430.7
99367.2
99313.3
99268.4
99234.7
99219.4
99230.5
99265.4
99293.9
99274.6
99201.9
99138
99151
99235.1
99319.4
99356.3
99358.3
99376.2
99398.2
99423.4
99427.1
99459.2
99451.2
101242
101210
101152
101085
101011
100944
100890
100847
100812
100782
100765
100745
100726
100722
100745
100787
100784
100707
100574
100415
100253
100102
99962.2
99832.4
99709.6
99599.6
99507.2
99431.3
99367.7
99313.8
99268.7
99235
99219.4
99229.9
99264.9
99294.1
99276
99203.2
99138.3
99148.8
99233.2
99318.5
99356.4
99358.5
99375.8
99397.7
99423
99426.5
99457.4
99451.9
101223
101204
101166
101110
101045
100979
100921
100873
100834
100799
100778
100757
100734
100725
100748
100791
100795
100723
100592
100432
100268
100114
99971.9
99840.2
99715.9
99604.9
99511.8
99435.3
99371.4
99317.1
99271.7
99237.3
99220.4
99229.6
99263.3
99294
99279.5
99209.7
99142.1
99146.9
99226.1
99312.6
99354
99357.4
99373.6
99395.1
99420.4
99423.6
99450.4
99445.3
101201
101184
101153
101107
101050
100988
100931
100883
100843
100808
100785
100763
100740
100728
100746
100790
100798
100727
100597
100437
100272
100118
99975.3
99843.2
99718.5
99606.9
99513.5
99436.9
99372.8
99318.4
99272.9
99238.1
99220.6
99228.7
99262.2
99294.2
99282.4
99213.4
99143.7
99143.3
99222
99309.5
99353.5
99357.3
99372.3
99393.6
99418.6
99422.6
99446.8
99444.4
101184
101173
101151
101116
101070
101013
100957
100907
100864
100825
100799
100775
100750
100734
100751
100794
100808
100744
100615
100455
100288
100131
99985.5
99851.3
99725.2
99612.6
99518.4
99441.2
99376.7
99321.9
99275.9
99240.4
99221.5
99228
99260
99293.4
99285.6
99220.5
99148.4
99140.9
99213.1
99301.2
99349.7
99355.5
99369
99389.6
99414.5
99418.9
99438.7
99437.8
101166
101156
101139
101111
101071
101023
100970
100921
100879
100838
100810
100785
100760
100739
100751
100795
100813
100751
100625
100464
100294
100137
99991.3
99856.4
99729.4
99615.9
99521.2
99443.7
99379
99324.1
99277.8
99241.9
99222
99227
99258.2
99293.3
99289.5
99227.2
99152.3
99138.3
99205.2
99295.1
99348.1
99355.7
99367
99387
99411.2
99417.2
99434.1
99435.2
101151
101144
101132
101110
101081
101039
100992
100944
100900
100856
100825
100799
100771
100747
100756
100800
100823
100769
100645
100484
100314
100152
100003
99865.5
99736.9
99622.4
99526.9
99448.8
99383.6
99328.2
99281.4
99244.5
99223
99225.7
99255
99291.1
99292.6
99234.7
99157.9
99135.2
99193.6
99282.4
99341
99352.5
99362
99380.6
99404.6
99411.9
99425.7
99428.8
101136
101130
101120
101103
101078
101044
101004
100961
100919
100874
100840
100814
100785
100756
100761
100803
100830
100778
100656
100494
100321
100160
100010
99872.3
99742.8
99627.1
99530.6
99451.8
99386.2
99330.6
99283.6
99246.2
99223.4
99224.2
99252
99289.8
99297.1
99244.5
99165.9
99134
99183.3
99272.4
99337.3
99353.3
99361.1
99378.2
99401.3
99410.3
99421.6
99426
101126
101121
101114
101099
101081
101052
101017
100977
100935
100890
100856
100829
100800
100767
100769
100810
100841
100800
100683
100521
100347
100180
100025
99883.7
99751.4
99634.3
99537.2
99458.2
99392.4
99336.7
99289.2
99250.8
99225.7
99223.1
99248.2
99286.4
99300.1
99254.5
99175.3
99132.7
99168.9
99254.6
99325.8
99348.2
99354.8
99369.7
99392.4
99403.6
99413.8
99419.3
101116
101111
101105
101093
101079
101057
101030
100995
100957
100913
100876
100848
100816
100778
100774
100812
100846
100809
100693
100531
100354
100188
100033
99891.4
99759.4
99641.6
99543.3
99462.9
99395.9
99339
99290.6
99251.1
99224.7
99219
99240.5
99279
99299.9
99263.7
99185.6
99131.8
99152.8
99231.7
99308.6
99340.3
99348.3
99360.9
99382.2
99395.4
99405.7
99412.7
101103
101100
101095
101085
101073
101054
101030
101000
100970
100932
100898
100872
100842
100801
100792
100828
100866
100837
100726
100562
100384
100211
100052
99906
99769.3
99648.2
99548.5
99467.9
99401.2
99345
99297.2
99257.6
99229.6
99220.6
99239.5
99277.6
99305.5
99281.6
99208.9
99144.8
99149.1
99218.3
99301.1
99343.4
99354
99364.1
99383.6
99397.4
99406
99411.6
101110
101107
101103
101094
101084
101067
101045
101015
100984
100945
100908
100881
100850
100808
100797
100832
100875
100854
100748
100585
100405
100228
100065
99916.6
99779.6
99659.2
99559.6
99478.6
99411
99353.5
99304
99262.2
99230.9
99216.9
99228.8
99264
99296.9
99284.5
99218.4
99144.4
99126.6
99176.1
99255.2
99309.3
99328.3
99338
99357.8
99377.4
99390.8
99398.9
101103
101100
101098
101092
101086
101075
101061
101042
101021
100986
100950
100919
100885
100835
100811
100837
100885
100870
100763
100599
100416
100240
100078
99929.5
99791.7
99667.9
99564.5
99480.3
99410.7
99352
99301.7
99259.2
99226.5
99209.3
99216.3
99248.8
99288.2
99293.2
99242.8
99166.9
99129.3
99160.9
99234.3
99297.1
99324.9
99331.8
99343.8
99362.7
99380.5
99394.1
101073
101073
101069
101060
101054
101042
101031
101016
101004
100981
100959
100943
100924
100884
100863
100893
100936
100923
100822
100656
100467
100281
100109
99950.7
99803.3
99675.5
99572.5
99490.5
99423.5
99367.5
99319.9
99279.3
99246.8
99227.1
99228.2
99255.8
99297.8
99319.6
99287.2
99213.8
99155.5
99157.9
99220.1
99299
99346.9
99360.8
99363.7
99369.6
99378.2
99386.8
101140
101142
101140
101129
101121
101101
101078
101048
101022
100981
100946
100922
100897
100854
100831
100861
100922
100922
100827
100665
100477
100289
100116
99960
99819.2
99695.4
99592.3
99508.6
99438.7
99379
99326.8
99280.9
99241.7
99212.4
99201
99213.5
99249.2
99281.6
99272.4
99209.2
99130.3
99088.1
99108.1
99172.9
99245
99292.2
99316.1
99329.3
99339.1
99346.1
101162
101154
101156
101154
101159
101157
101154
101143
101133
101099
101060
101027
100985
100925
100881
100894
100946
100947
100850
100683
100494
100308
100137
99979.2
99833.2
99700.9
99590.1
99499.6
99424.1
99360.3
99305.8
99259.3
99220.2
99190.2
99174.7
99180.9
99212.1
99255.7
99280.9
99259.3
99194.9
99129.7
99100.1
99119.5
99170.7
99231
99280.2
99317
99344.9
99366
101023
101019
101014
101012
101014
101014
101027
101038
101060
101064
101073
101090
101086
101052
101026
101055
101102
101079
100970
100791
100584
100378
100188
100013
99848.8
99709.4
99599.6
99514.3
99447.1
99393.2
99349.1
99312.2
99281.1
99256.1
99240.1
99239.2
99259
99298.1
99341
99359.6
99339.3
99292.4
99246.1
99220.6
99223.4
99247.4
99280.7
99315.3
99345.8
99374
101088
101116
101110
101095
101081
101041
101017
100983
100959
100929
100922
100933
100930
100906
100902
100960
101024
101042
100947
100775
100575
100373
100185
100017
99869.4
99742.7
99641.3
99561.9
99497.1
99441.6
99392.3
99347.4
99306.2
99268.8
99237
99214.7
99207.5
99217.9
99242.9
99267.2
99273.9
99256.5
99226.1
99193.9
99170.4
99160.2
99161.6
99172.2
99187
99206.2
101441
101464
101475
101456
101452
101408
101375
101316
101251
101174
101107
101045
100965
100888
100869
100922
100997
101001
100904
100737
100544
100361
100188
100030
99888.3
99755.7
99641.1
99544.5
99460.2
99385.3
99318.1
99257.5
99202.9
99153.8
99110.7
99075.2
99050.5
99039.8
99043.3
99056.8
99070.8
99076.5
99071.8
99060.2
99046.9
99035.5
99029.9
99028.4
99032.4
99038.6
101550
101513
101539
101526
101558
101565
101587
101592
101587
101567
101537
101488
101413
101350
101341
101370
101378
101302
101139
100925
100699
100479
100276
100085
99903.3
99738.6
99601.2
99490.2
99400.1
99326.2
99265.4
99214.8
99172.6
99137.3
99107.8
99084.1
99066.9
99057.8
99058.7
99067.8
99082.1
99097
99109.3
99117.5
99122.8
99126
99129.5
99132.6
99138.3
99142.5
101175
101094
101117
101111
101159
101206
101273
101344
101420
101493
101560
101609
101640
101674
101718
101737
101695
101559
101345
101091
100829
100578
100341
100125
99924.2
99755.2
99628.6
99538.7
99475.3
99430.7
99399.1
99376.8
99361
99349.9
99342.2
99337.3
99335.2
99336.2
99341.2
99350.2
99362.5
99376.7
99391
99404.1
99415.5
99424.8
99433.3
99440.1
99447.7
99452.3
100639
100567
100579
100577
100612
100655
100716
100790
100877
100974
101076
101177
101275
101370
101449
101480
101440
101323
101144
100932
100711
100495
100293
100110
99950.9
99826.9
99744.9
99695.2
99666.5
99651.1
99643.7
99641.4
99641.9
99644.3
99647.6
99651.5
99655.9
99660.7
99666.3
99673
99680.8
99689.5
99698.5
99707.3
99715.5
99722.8
99729.5
99735
99740.5
99744
100258
100218
100222
100222
100238
100261
100295
100337
100390
100454
100525
100604
100686
100767
100832
100863
100847
100783
100682
100558
100426
100295
100173
100065
99975.1
99910
99872
99853
99844.9
99843.2
99844.7
99847.8
99851.7
99855.8
99859.9
99863.8
99867.5
99870.9
99874.4
99877.9
99881.5
99885.3
99889.2
99893
99896.7
99900.1
99903.2
99905.9
99908.5
99910.1
100080
100064
100065
100065
100071
100079
100092
100108
100130
100157
100189
100227
100268
100309
100343
100361
100358
100334
100293
100241
100184
100127
100074
100027
99990.1
99965.1
99952.2
99947
99946
99947
99948.9
99951.2
99953.5
99955.7
99957.7
99959.5
99961.1
99962.6
99963.9
99965.2
99966.5
99967.7
99969
99970.2
99971.4
99972.5
99973.5
99974.4
99975.2
99975.8
100019
100015
100015
100015
100016
100019
100022
100027
100033
100042
100052
100064
100079
100093
100105
100113
100113
100107
100094
100078
100059
100041
100023
100008
99997
99989.7
99986.4
99985.4
99985.6
99986.2
99987.1
99987.9
99988.7
99989.5
99990.1
99990.7
99991.1
99991.6
99992
99992.3
99992.6
99992.9
99993.2
99993.5
99993.8
99994.1
99994.3
99994.5
99994.7
99994.9
100004
100003
100003
100003
100003
100004
100004
100005
100007
100009
100011
100014
100018
100022
100025
100027
100027
100026
100023
100019
100015
100010
100006
100002
99999.3
99997.6
99997
99996.9
99997
99997.2
99997.4
99997.7
99997.9
99998
99998.2
99998.3
99998.4
99998.5
99998.6
99998.7
99998.7
99998.8
99998.8
99998.9
99998.9
99999
99999
99999.1
99999.1
99999.1
100001
100000
100000
100000
100000
100001
100001
100001
100001
100001
100002
100002
100003
100004
100005
100005
100005
100005
100004
100004
100003
100002
100001
100000
99999.9
99999.6
99999.5
99999.5
99999.5
99999.5
99999.6
99999.6
99999.7
99999.7
99999.7
99999.8
99999.8
99999.8
99999.8
99999.8
99999.8
99999.8
99999.8
99999.8
99999.9
99999.9
99999.9
99999.9
99999.9
99999.9
100000
100000
100000
100000
100000
100000
100000
100000
100000
100000
100000
100000
100000
100001
100001
100001
100001
100001
100001
100001
100000
100000
100000
100000
100000
99999.9
99999.9
99999.9
99999.9
99999.9
99999.9
100000
100000
100000
100000
100000
100000
100000
100000
100000
100000
100000
100000
100000
100000
100000
100000
100000
100000
100000
100000
100000
100000
100000
100000
100000
100000
100000
100000
100000
100000
100000
100000
100000
100000
100000
100000
100000
100000
100000
100000
100000
100000
100000
100000
100000
100000
100000
100000
100000
100000
100000
100000
100000
100000
100000
100000
100000
100000
100000
100000
100000
100000
100000
100000
100000
100000
100000
100000
100000
100000
100000
100000
100000
100000
100000
100000
100000
100000
100000
100000
100000
100000
100000
100000
100000
100000
100000
100000
100000
100000
100000
100000
100000
100000
100000
100000
100000
100000
100000
100000
100000
100000
100000
100000
100000
100000
100000
100000
100000
100000
100000
100000
100000
100000
100000
100000
100000
100000
100000
100000
100000
100000
100000
100000
100000
100000
100000
100000
100000
100000
100000
100000
100000
100000
100000
100000
100000
100000
100000
100000
100000
100000
100000
100000
100000
100000
100000
100000
100000
100000
100000
100000
100000
100000
100000
100000
100000
100000
100000
100000
100000
100000
100000
100000
100000
100000
100000
100000
100000
100000
100000
100000
100000
100000
100000
100000
100000
100000
100000
100000
100000
100000
100000
100000
100000
100000
100000
100000
100000
100000
100000
100000
100000
100000
100000
100000
100000
100000
100000
100000
100000
100000
100000
100000
100000
100000
100000
100000
100000
100000
100000
100000
100000
100000
100000
100000
100000
100000
100000
100000
100000
100000
100000
100000
100000
100000
100000
100000
100000
100000
100000
100000
100000
100000
100000
100000
100000
100000
100000
100000
100000
100000
100000
100000
100000
100000
100000
100000
100000
100000
100000
100000
100000
100000
100000
100000
100000
100000
100000
100000
100000
100000
100000
100000
100000
100000
100000
100000
100000
100000
100000
100000
100000
100000
100000
100000
100000
100000
100000
100000
100000
100000
100000
100000
100000
100000
100000
100000
100000
100000
100000
100000
100000
100000
100000
100000
100000
100000
100000
100000
100000
100000
100000
100000
100000
100000
100000
100000
100000
100000
100000
100000
100000
100000
100000
100000
100000
100000
100000
100000
100000
100000
100000
100000
100000
100000
100000
100000
100000
100000
100000
100000
100000
100000
100000
100000
100000
100000
100000
100000
100000
100000
100000
100000
100000
100000
100000
100000
100000
100000
100000
100000
100000
100000
100000
100000
100000
100000
100000
100000
100000
100000
100000
100000
100000
100000
100000
100000
100000
100000
100000
100000
100000
100000
100000
100000
100000
100000
100000
100000
100000
100000
100000
100000
100000
100000
100000
100000
100000
100000
100000
100000
100000
100000
100000
100000
100000
100000
100000
100000
100000
100000
100000
100000
100000
100000
100000
100000
100000
100000
100000
100000
100000
100000
100000
100000
100000
100000
100000
100000
100000
100000
100000
100000
100000
100000
100000
100000
100000
100000
100000
100000
100000
100000
100000
100000
100000
100000
100000
100000
100000
100000
100000
100000
100000
100000
100000
100000
100000
100000
100000
100000
100000
100000
100000
100000
100000
100000
100000
100000
100000
100000
100000
100000
100000
100000
100000
100000
100000
100000
100000
100000
100000
100000
100000
100000
100000
100000
100000
100000
100000
100000
100000
100000
100000
100000
100000
100000
100000
100000
100000
100000
100000
100000
100000
100000
100000
100000
100000
100000
100000
100000
100000
100000
100000
100000
100000
100000
100000
100000
100000
100000
100000
100000
100000
100000
100000
100000
100000
100000
100000
100000
100000
100000
100000
100000
100000
100000
100000
100000
100000
100000
100000
100000
100000
100000
100000
100000
100000
100000
100000
100000
100000
100000
100000
100000
100000
100000
100000
100000
100000
100000
100000
100000
100000
100000
100000
100000
100000
100000
100000
100000
100000
100000
100000
100000
100000
100000
100000
100000
100000
100000
100000
100000
100000
100000
100000
100000
100000
100000
100000
100000
100000
100000
100000
100000
100000
100000
100000
100000
100000
100000
100000
100000
100000
100000
100000
100000
100000
100000
100000
100000
100000
100000
100000
100000
100000
100000
100000
100000
100000
100000
100000
100000
100000
100000
100000
100000
100000
100000
100000
100000
100000
100000
100000
100000
100000
100000
100000
100000
100000
100000
100000
100000
100000
100000
100000
100000
100000
100000
100000
100000
100000
100000
100000
100000
100000
100000
100000
100000
100000
100000
100000
100000
100000
100000
100000
100000
100000
100000
100000
100000
100000
100000
100000
100000
100000
100000
100000
100000
100000
100000
100000
100000
100000
100000
100000
100000
100000
100000
100000
100000
100000
100000
100000
100000
100000
100000
100000
100000
100000
100000
100000
100000
100000
100000
100000
100000
100000
100000
100000
100000
100000
100000
100000
100000
100000
100000
100000
100000
100000
100000
100000
100000
100000
100000
100000
100000
100000
100000
100000
100000
100000
100000
100000
100000
100000
100000
100000
100000
100000
100000
100000
100000
100000
100000
100000
100000
100000
100000
100000
100000
100000
100000
100000
100000
100000
100000
100000
100000
100000
100000
100000
100000
100000
100000
100000
100000
100000
100000
100000
100000
100000
100000
100000
100000
100000
100000
100000
100000
100000
100000
100000
100000
100000
100000
100000
100000
100000
100000
100000
100000
100000
100000
100000
100000
100000
100000
100000
100000
100000
100000
100000
100000
100000
100000
100000
100000
100000
100000
100000
100000
100000
100000
100000
100000
100000
100000
100000
100000
100000
100000
100000
100000
100000
100000
100000
100000
100000
100000
100000
100000
100000
100000
100000
100000
100000
100000
100000
100000
100000
100000
100000
100000
100000
100000
100000
100000
100000
100000
100000
100000
100000
100000
100000
100000
100000
100000
100000
100000
100000
100000
100000
100000
100000
100000
100000
100000
100000
100000
100000
100000
100000
100000
100000
100000
100000
100000
100000
100000
100000
100000
100000
100000
100000
100000
100000
100000
100000
100000
100000
100000
100000
100000
100000
100000
100000
100000
100000
100000
100000
100000
100000
100000
100000
100000
100000
100000
100000
100000
100000
100000
100000
100000
100000
100000
100000
100000
100000
100000
100000
100000
100000
100000
100000
100000
100000
100000
100000
100000
100000
100000
100000
100000
100000
100000
100000
100000
100000
100000
100000
100000
100000
100000
100000
100000
100000
100000
100000
100000
100000
100000
100000
100000
100000
100000
100000
100000
100000
100000
100000
100000
100000
100000
100000
100000
100000
100000
100000
100000
100000
100000
100000
100000
100000
100000
100000
100000
100000
100000
100000
100000
100000
100000
100000
100000
100000
100000
100000
100000
100000
100000
100000
100000
100000
100000
100000
100000
100000
100000
100000
100000
100000
100000
100000
100000
100000
100000
100000
100000
100000
100000
100000
100000
100000
100000
100000
100000
100000
100000
100000
100000
100000
100000
100000
100000
100000
100000
100000
100000
100000
100000
100000
100000
100000
100000
100000
100000
100000
100000
100000
100000
100000
100000
100000
100000
100000
100000
100000
100000
100000
100000
100000
100000
100000
100000
100000
100000
100000
100000
100000
100000
100000
100000
100000
100000
100000
100000
100000
100000
100000
100000
100000
100000
100000
100000
100000
100000
100000
100000
100000
100000
100000
100000
100000
100000
100000
100000
100000
100000
100000
100000
100000
100000
100000
100000
100000
100000
100000
100000
100000
100000
100000
100000
100000
100000
100000
100000
100000
100000
100000
100000
100000
100000
100000
100000
100000
100000
100000
100000
100000
100000
100000
100000
100000
100000
100000
100000
100000
100000
100000
100000
100000
100000
100000
100000
100000
100000
100000
100000
100000
100000
100000
100000
100000
100000
100000
100000
100000
100000
100000
100000
100000
100000
100000
100000
100000
100000
100000
100000
100000
100000
100000
100000
100000
100000
100000
100000
100000
100000
100000
100000
100000
100000
100000
100000
100000
100000
100000
100000
100000
100000
100000
100000
100000
100000
100000
100000
100000
100000
100000
100000
100000
100000
100000
100000
100000
100000
100000
100000
100000
100000
100000
100000
100000
100000
100000
100000
100000
100000
100000
100000
100000
100000
100000
100000
100000
100000
100000
100000
100000
100000
100000
100000
100000
100000
100000
100000
100000
100000
100000
100000
100000
100000
100000
100000
100000
100000
100000
100000
100000
100000
100000
100000
100000
100000
100000
100000
100000
100000
100000
100000
100000
100000
100000
100000
100000
100000
100000
100000
100000
100000
100000
100000
100000
100000
100000
100000
100000
100000
100000
100000
100000
100000
100000
100000
100000
100000
100000
100000
100000
100000
100000
100000
100000
100000
100000
100000
100000
100000
100000
100000
100000
100000
100000
100000
100000
100000
100000
100000
100000
100000
100000
100000
100000
100000
100000
100000
100000
100000
100000
100000
100000
100000
100000
100000
100000
100000
100000
100000
100000
100000
100000
100000
100000
100000
100000
100000
100000
100000
100000
100000
100000
100000
100000
100000
100000
100000
100000
100000
100000
100000
100000
100000
100000
100000
100000
100000
100000
100000
100000
100000
100000
100000
100000
100000
100000
100000
100000
100000
100000
100000
100000
100000
100000
100000
100000
100000
100000
100000
100000
100000
100000
100000
100000
100000
100000
100000
100000
100000
100000
100000
100000
100000
100000
100000
100000
100000
100000
100000
100000
100000
100000
100000
100000
100000
100000
100000
100000
100000
100000
100000
100000
100000
100000
100000
100000
100000
100000
100000
100000
100000
100000
100000
100000
100000
100000
100000
100000
100000
100000
100000
100000
100000
100000
100000
100000
100000
100000
100000
100000
100000
100000
100000
100000
100000
100000
100000
100000
100000
100000
100000
100000
100000
100000
100000
100000
100000
100000
100000
100000
100000
100000
100000
100000
100000
100000
100000
100000
100000
100000
100000
100000
100000
100000
100000
100000
100000
100000
100000
100000
100000
100000
100000
100000
100000
100000
100000
100000
100000
100000
100000
100000
100000
100000
100000
100000
100000
100000
100000
100000
100000
100000
100000
100000
100000
100000
100000
100000
100000
100000
100000
100000
100000
100000
100000
100000
100000
100000
100000
100000
100000
100000
100000
100000
100000
100000
100000
100000
100000
100000
100000
100000
100000
100000
100000
100000
100000
100000
100000
100000
100000
100000
100000
100000
100000
100000
100000
100000
100000
100000
100000
100000
100000
100000
100000
100000
100000
100000
100000
100000
100000
100000
100000
100000
100000
100000
100000
100000
100000
100000
100000
100000
100000
100000
100000
100000
100000
100000
100000
100000
100000
100000
100000
100000
100000
100000
100000
100000
99566.4
99451.2
99475.3
99453.6
99454.6
99447.3
99443.5
99436.8
99431.5
99420.3
99413.4
99389.3
99383.8
99313.8
99345.3
99519.3
99450.9
99472.2
99453.4
99453.8
99446.9
99443.2
99436.6
99431.5
99420.5
99414.2
99390.1
99384.3
99317.8
99312.2
99517.9
99451.6
99469.6
99452.5
99452.8
99446.6
99443.1
99437.2
99432.7
99423.5
99418.7
99402.6
99401.8
99376.3
99396.6
99485.4
99448.8
99464
99451.4
99451.4
99446.1
99442.9
99437.7
99433.5
99425.4
99420.4
99406.1
99400.7
99376.8
99372.3
99481.5
99447.5
99460
99450.1
99450.1
99446
99443.5
99439.5
99436.7
99431.7
99429.5
99423.8
99425
99422.6
99431.1
99461.2
99444.8
99454.2
99448
99448.3
99445.5
99443.6
99440.7
99438.4
99434.6
99432.2
99427.5
99425.7
99421.6
99421.6
99455.2
99442.8
99450
99446.3
99447
99445.4
99444.7
99443.4
99442.9
99442
99442.5
99443
99445.9
99449.6
99455.8
99442.7
99438.5
99444.5
99443.5
99445
99444.8
99445
99444.8
99444.9
99444.8
99445.3
99445.9
99447.5
99449.6
99453
99437.3
99436.2
99441.3
99442
99444.2
99445.4
99446.9
99448.3
99450.1
99452.1
99454.8
99458
99462
99466.7
99472.1
99428.5
99430.2
99435.1
99437.2
99440
99442.1
99444.2
99446.2
99448.4
99450.7
99453.3
99456.1
99459.4
99463.2
99467.4
99422.6
99427.3
99433.4
99437.5
99441.8
99445.6
99449.3
99452.8
99456.6
99460.3
99464.2
99468.2
99472.5
99477
99481.6
99419
99423.5
99428.8
99432.7
99436.8
99440.7
99444.5
99448.3
99452.2
99456.2
99460.2
99464.3
99468.6
99473.1
99477.6
99406.8
99412.4
99418.2
99422.6
99426.9
99431
99435.1
99439.1
99443.2
99447.3
99451.3
99455.5
99459.7
99464
99468.3
99407.3
99418
99428.2
99436.5
99443.9
99450.5
99456.5
99462.1
99467.3
99472.2
99476.8
99481.2
99485.4
99489.5
99493.4
99395.3
99401.9
99409.4
99416.1
99422.7
99428.9
99434.9
99440.8
99446.5
99452
99457.5
99462.9
99468.2
99473.3
99478.5
99352
99357.1
99362.9
99368.4
99374.1
99379.7
99385.5
99391.3
99397.1
99403
99409
99415
99420.9
99426.9
99432.7
99385.1
99401.1
99416
99428.2
99439.1
99448.8
99457.4
99465.2
99472.3
99478.8
99484.8
99490.3
99495.3
99499.9
99504
99398.4
99416.1
99433.7
99448
99460.4
99471.2
99480.5
99488.8
99496.1
99502.5
99508.3
99513.5
99518.2
99522.4
99526.3
99220.5
99230
99242.1
99253.7
99264.9
99275.8
99286.1
99296
99305.5
99314.5
99323.2
99331.5
99339.6
99347.3
99355.1
99048.4
99059.8
99071.1
99084.4
99097.7
99111.5
99125.5
99139.5
99153.5
99167.3
99181
99194.4
99207.4
99220.3
99232.7
99151.7
99168.9
99183.1
99199
99214.9
99230.8
99246.7
99262.4
99277.9
99293
99307.7
99322
99335.8
99349.3
99361.8
99461.5
99477.9
99490.9
99504.5
99517.6
99530.4
99542.8
99554.8
99566.3
99577.5
99588.1
99598.4
99608.1
99617.6
99626.1
99750.1
99760
99767.9
99775.8
99783.3
99790.4
99797.1
99803.6
99809.6
99815.4
99820.9
99826.1
99830.9
99835.6
99839.8
99912.8
99917
99920.3
99923.6
99926.6
99929.4
99932.1
99934.6
99936.9
99939.1
99941.2
99943.1
99944.9
99946.6
99948.1
99976.6
99977.9
99978.9
99979.9
99980.8
99981.6
99982.4
99983.1
99983.8
99984.5
99985
99985.6
99986.1
99986.6
99987
99995.1
99995.4
99995.6
99995.8
99996
99996.2
99996.4
99996.6
99996.7
99996.9
99997
99997.1
99997.2
99997.3
99997.4
99999.2
99999.2
99999.3
99999.3
99999.3
99999.4
99999.4
99999.4
99999.5
99999.5
99999.5
99999.5
99999.6
99999.6
99999.6
99999.9
99999.9
99999.9
99999.9
99999.9
99999.9
99999.9
99999.9
99999.9
99999.9
99999.9
99999.9
99999.9
99999.9
99999.9
100000
100000
100000
100000
100000
100000
100000
100000
100000
100000
100000
100000
100000
100000
100000
100000
100000
100000
100000
100000
100000
100000
100000
100000
100000
100000
100000
100000
100000
100000
100000
100000
100000
100000
100000
100000
100000
100000
100000
100000
100000
100000
100000
100000
100000
100000
100000
100000
100000
100000
100000
100000
100000
100000
100000
100000
100000
100000
100000
100000
100000
100000
100000
100000
100000
100000
100000
100000
100000
100000
100000
100000
100000
100000
100000
100000
100000
100000
100000
100000
100000
100000
100000
100000
100000
100000
100000
100000
100000
100000
100000
100000
100000
100000
100000
100000
100000
100000
100000
100000
100000
100000
100000
100000
100000
100000
100000
100000
100000
100000
100000
100000
100000
100000
100000
100000
100000
100000
100000
100000
100000
100000
100000
100000
100000
100000
100000
100000
100000
100000
100000
100000
100000
100000
100000
100000
100000
100000
100000
100000
100000
100000
100000
100000
100000
100000
100000
100000
100000
100000
100000
100000
100000
100000
100000
100000
100000
100000
100000
100000
100000
100000
100000
100000
100000
100000
100000
100000
100000
100000
100000
100000
100000
100000
100000
100000
100000
100000
100000
100000
100000
100000
100000
100000
100000
100000
100000
100000
100000
100000
100000
100000
100000
100000
100000
100000
100000
100000
100000
100000
100000
100000
100000
100000
100000
100000
100000
100000
100000
100000
100000
100000
100000
100000
100000
100000
100000
100000
100000
100000
100000
100000
100000
100000
100000
100000
100000
100000
100000
100000
100000
100000
100000
100000
100000
100000
100000
100000
100000
100000
100000
100000
100000
100000
100000
100000
100000
100000
100000
100000
100000
100000
100000
100000
100000
100000
100000
100000
100000
100000
100000
100000
100000
100000
100000
100000
100000
100000
100000
100000
100000
100000
100000
100000
100000
100000
100000
100000
100000
100000
100000
100000
100000
100000
100000
100000
100000
100000
100000
100000
100000
100000
100000
100000
100000
100000
100000
100000
100000
100000
100000
100000
100000
100000
100000
100000
100000
100000
100000
100000
100000
100000
100000
100000
100000
100000
100000
100000
100000
100000
100000
100000
100000
100000
100000
100000
100000
100000
100000
100000
100000
100000
100000
100000
100000
100000
100000
100000
100000
100000
100000
100000
100000
100000
100000
100000
100000
100000
100000
100000
100000
100000
100000
100000
100000
100000
100000
100000
100000
100000
100000
100000
100000
100000
100000
100000
100000
100000
100000
100000
100000
100000
100000
100000
100000
100000
100000
100000
100000
100000
100000
100000
100000
100000
100000
100000
100000
100000
100000
100000
100000
100000
100000
100000
100000
100000
100000
100000
100000
100000
100000
100000
100000
100000
100000
100000
100000
100000
100000
100000
100000
100000
100000
100000
100000
100000
100000
100000
100000
100000
100000
100000
100000
100000
100000
100000
100000
100000
100000
100000
100000
100000
100000
100000
100000
100000
100000
100000
100000
100000
100000
100000
100000
100000
100000
100000
100000
100000
100000
100000
100000
100000
100000
100000
100000
100000
100000
100000
100000
100000
100000
100000
100000
100000
100000
100000
100000
100000
100000
100000
100000
100000
100000
100000
100000
100000
100000
100000
100000
100000
99162.1
99361.8
99406.6
99379.6
99356.6
99341.2
99328.2
99314.1
99303.3
99298.4
99295.8
99294.2
99296
99302
99310.9
99321.4
99333.3
99346.2
99360.1
99374.9
99390.6
99407.1
99424.4
99442.5
99461.1
99480.5
99500.7
99521.9
99544
99565.3
99590.8
99618.9
99639.9
99670.3
99706.4
99731.7
99749.4
99763.1
99772.7
99779.1
99783.2
99785.4
99786
99784.5
99780.9
99775.6
99768.8
99760.8
99751.6
99741.3
99730.2
99718.4
99706.3
99694
99681.8
99669.7
99658
99646.2
99634.3
99621.9
99608.7
99594.7
99579.8
99563.8
99546.7
99528.4
99509.5
99490.6
99471.9
99452.5
99432.4
99412.4
99392.9
99375.5
99361.9
99354.5
99355.6
99365
99381.9
99409.2
99171.1
99167.4
99183.6
99197.3
99210.9
99224.5
99236.2
99248
99259.7
99271.1
99283.7
99295.5
99306.6
99319.5
99332.2
99344.5
99357.3
99370.5
99384.1
99397.9
99411.9
99426.4
99441.1
99455.8
99471.5
99488.1
99505.3
99523.8
99544.2
99566.9
99593.8
99624.4
99658.5
99690.1
99718.6
99744.6
99765.9
99780.6
99789.6
99793.9
99795
99793.9
99790.8
99786
99779.7
99772.4
99764.5
99755.9
99746.5
99736.6
99726.2
99715.5
99704.4
99693.1
99681.6
99670.1
99658.6
99646.7
99634.7
99622.7
99610.6
99598.4
99586.1
99573.6
99560.6
99547.3
99533.6
99519.5
99505
99490.3
99476.2
99462.7
99450.3
99439.3
99429.6
99422.3
99418.7
99418.5
99420.3
99427.7
99396.8
99404.4
99412.4
99418
99422.4
99425.9
99429.5
99431.5
99435.3
99439.8
99444.7
99449.4
99453.7
99457.6
99461.6
99466.8
99473.2
99480.2
99487.6
99495.4
99503.7
99512.4
99521.6
99531.3
99541.4
99551.8
99562.6
99572.9
99583.7
99596.6
99610.5
99625.4
99641.9
99659.7
99678.7
99698
99716.4
99732
99743.6
99751.3
99755.6
99757.6
99757.6
99756.1
99753.6
99750.1
99745.7
99740.5
99734.6
99728
99720.7
99712.9
99704.6
99696
99687.1
99677.9
99668.4
99658.7
99648.7
99638.7
99628.5
99618.2
99608
99597.9
99587.8
99578
99568.3
99558.9
99549.7
99540.8
99532.3
99524.3
99516.8
99510
99504.3
99499.8
99496.3
99493.9
99492.1
99490.4
99356.8
99354.3
99354.4
99355.9
99358.7
99362.9
99368.1
99375.2
99381.9
99389.4
99397.5
99405.7
99414.4
99423.6
99433.4
99443.6
99454.5
99466
99477.7
99489.4
99501.1
99512.8
99524.3
99535.7
99546.8
99557.8
99568.7
99579.3
99590.8
99603.2
99615.7
99628.1
99640.4
99652.5
99663.9
99674.3
99684.1
99692.9
99700.2
99705.9
99710.1
99713
99714.6
99715.2
99714.9
99713.6
99711.4
99708.3
99704.5
99699.9
99694.7
99688.9
99682.6
99675.9
99668.8
99661.4
99653.7
99645.8
99637.8
99629.5
99621.1
99612.6
99604
99595.4
99586.8
99578.2
99569.7
99561.4
99553.3
99545.5
99538.1
99531.2
99524.8
99519.1
99514.1
99509.7
99506.3
99503.8
99501.9
99500.4
99438.4
99443.5
99447.8
99452.4
99457.5
99462.5
99467.6
99473.1
99478.6
99483.7
99488.2
99492.7
99497.6
99503.1
99509
99515
99521.2
99527.7
99534.3
99541.1
99548.1
99555.3
99562.5
99569.9
99577.3
99584.8
99592.3
99599.9
99607.4
99614.9
99622.7
99630.9
99639.5
99648.3
99657.1
99665.2
99672.3
99678.1
99682.8
99686.6
99689.5
99691.7
99693.2
99694
99694.2
99693.7
99692.5
99690.7
99688.2
99685.1
99681.5
99677.4
99672.8
99667.9
99662.6
99657
99651.2
99645.1
99638.8
99632.4
99625.9
99619.3
99612.7
99606
99599.4
99592.8
99586.4
99580
99573.8
99567.8
99562
99556.5
99551.2
99546.2
99541.6
99537.3
99533.4
99529.9
99526.7
99523.3
99422.9
99424.9
99427.1
99429.8
99433
99437
99441
99445.4
99450.3
99455.7
99461.4
99467.6
99474.1
99481.2
99488.7
99496.5
99504.5
99512.6
99520.9
99529.2
99537.5
99545.8
99554.1
99562.2
99570.2
99578.1
99585.8
99593.3
99600.7
99607.8
99614.8
99621.4
99627.9
99634
99639.9
99645.3
99650.5
99655.2
99659.3
99662.8
99665.7
99668.1
99670
99671.2
99671.8
99671.9
99671.3
99670.2
99668.5
99666.3
99663.5
99660.4
99656.8
99652.8
99648.5
99643.9
99639
99633.9
99628.6
99623.1
99617.5
99611.8
99606
99600.1
99594.3
99588.5
99582.7
99577.1
99571.6
99566.2
99561
99556.1
99551.4
99547
99542.8
99539
99535.4
99532.2
99529.3
99526.3
99462
99466.3
99470.2
99474.3
99478.5
99482.9
99487.4
99491.8
99496.4
99501.2
99506.2
99511.2
99516.4
99521.6
99527
99532.5
99538
99543.7
99549.4
99555.2
99561
99566.8
99572.7
99578.5
99584.3
99590
99595.7
99601.3
99606.8
99612.1
99617.4
99622.5
99627.4
99632.2
99636.6
99640.8
99644.7
99648.3
99651.4
99654.1
99656.3
99658.1
99659.5
99660.4
99660.9
99660.9
99660.4
99659.5
99658.2
99656.4
99654.3
99651.8
99649
99645.9
99642.5
99638.8
99634.9
99630.8
99626.5
99622.1
99617.5
99612.8
99608.1
99603.2
99598.4
99593.6
99588.7
99583.9
99579.2
99574.5
99570
99565.5
99561.2
99557
99553
99549.2
99545.5
99542
99538.7
99535.3
99456.8
99459.6
99462.4
99465.5
99469.1
99472.8
99476.8
99481
99485.5
99490.3
99495.4
99500.6
99506.1
99511.7
99517.5
99523.4
99529.4
99535.5
99541.7
99547.8
99554
99560.1
99566.2
99572.2
99578.1
99583.9
99589.5
99595
99600.3
99605.5
99610.4
99615.1
99619.6
99623.8
99627.8
99631.5
99634.8
99637.9
99640.6
99642.9
99644.9
99646.5
99647.6
99648.4
99648.8
99648.8
99648.4
99647.6
99646.4
99644.9
99643
99640.9
99638.4
99635.6
99632.6
99629.3
99625.8
99622.1
99618.3
99614.3
99610.1
99605.9
99601.6
99597.2
99592.8
99588.3
99583.9
99579.5
99575.1
99570.8
99566.6
99562.5
99558.5
99554.7
99550.9
99547.3
99543.9
99540.6
99537.6
99534.5
99477
99480.8
99484.6
99488.5
99492.4
99496.5
99500.7
99505
99509.5
99514
99518.6
99523.3
99528.1
99532.9
99537.8
99542.7
99547.6
99552.6
99557.6
99562.6
99567.6
99572.6
99577.5
99582.4
99587.2
99591.9
99596.5
99601
99605.3
99609.5
99613.6
99617.5
99621.2
99624.6
99627.9
99630.9
99633.6
99636.1
99638.3
99640.1
99641.7
99642.9
99643.8
99644.3
99644.6
99644.5
99644.1
99643.3
99642.3
99640.9
99639.3
99637.4
99635.2
99632.8
99630.2
99627.3
99624.3
99621
99617.6
99614.1
99610.4
99606.7
99602.8
99598.9
99594.9
99590.9
99586.9
99582.9
99578.8
99574.8
99570.9
99567
99563.1
99559.3
99555.6
99552
99548.5
99545.1
99541.8
99538.6
99471.3
99474.7
99478.2
99481.8
99485.7
99489.8
99494
99498.4
99502.9
99507.6
99512.4
99517.4
99522.4
99527.5
99532.7
99537.9
99543.1
99548.3
99553.6
99558.8
99564
99569.1
99574.1
99579.1
99584
99588.8
99593.4
99598
99602.3
99606.5
99610.5
99614.3
99617.9
99621.3
99624.4
99627.2
99629.8
99632
99634
99635.7
99637
99638.1
99638.8
99639.1
99639.2
99638.9
99638.4
99637.5
99636.3
99634.9
99633.2
99631.2
99629
99626.6
99624
99621.1
99618.1
99614.9
99611.6
99608.1
99604.5
99600.8
99596.9
99593
99589.1
99585
99581
99576.9
99572.8
99568.7
99564.7
99560.7
99556.7
99552.9
99549.1
99545.4
99541.8
99538.3
99535
99531.7
99485.8
99489.3
99493
99496.9
99500.8
99504.9
99509
99513.2
99517.5
99521.9
99526.3
99530.8
99535.3
99539.8
99544.3
99548.9
99553.5
99558.2
99562.8
99567.4
99572
99576.6
99581.1
99585.6
99589.9
99594.1
99598.2
99602.1
99605.9
99609.5
99612.8
99616
99619
99621.7
99624.2
99626.5
99628.6
99630.4
99631.9
99633.3
99634.3
99635.1
99635.7
99636
99636
99635.8
99635.3
99634.6
99633.5
99632.2
99630.7
99628.9
99626.8
99624.6
99622.1
99619.4
99616.5
99613.4
99610.2
99606.9
99603.4
99599.9
99596.3
99592.7
99589
99585.3
99581.6
99577.9
99574.1
99570.4
99566.7
99563
99559.3
99555.6
99552.1
99548.5
99545.1
99541.7
99538.5
99535.3
99482
99486
99490.2
99494.5
99498.9
99503.5
99508.3
99513.1
99518.1
99523.2
99528.4
99533.6
99539
99544.4
99549.8
99555.2
99560.6
99566
99571.3
99576.4
99581.4
99586.3
99591
99595.5
99599.8
99603.9
99607.8
99611.6
99615.1
99618.5
99621.8
99624.8
99627.6
99630.3
99632.7
99635
99637
99638.7
99640.2
99641.4
99642.4
99643.1
99643.6
99643.8
99643.7
99643.4
99642.8
99642
99641
99639.7
99638.3
99636.6
99634.7
99632.6
99630.2
99627.6
99624.8
99621.7
99618.4
99614.9
99611.1
99607.2
99603.1
99598.8
99594.5
99590.1
99585.6
99581.1
99576.7
99572.2
99567.7
99563.3
99559
99554.7
99550.5
99546.4
99542.3
99538.5
99534.5
99530.6
99472.7
99477.2
99481.9
99486.9
99491.9
99497.2
99502.5
99507.9
99513.3
99518.8
99524.3
99529.7
99535.1
99540.5
99545.7
99550.8
99555.8
99560.7
99565.5
99570.2
99574.9
99579.5
99584
99588.5
99592.9
99597.2
99601.5
99605.7
99609.7
99613.6
99617.4
99620.9
99624.2
99627.2
99630
99632.4
99634.6
99636.4
99637.9
99639
99639.8
99640.3
99640.4
99640.2
99639.6
99638.6
99637.4
99635.9
99634
99631.9
99629.5
99627
99624.2
99621.3
99618.2
99615
99611.7
99608.3
99604.7
99601.1
99597.3
99593.5
99589.5
99585.3
99581.1
99576.6
99572.1
99567.4
99562.6
99557.7
99552.7
99547.7
99542.8
99537.8
99532.9
99528.1
99523.4
99518.6
99514.3
99510.1
99497.5
99501.5
99505.7
99509.8
99514.2
99518.5
99522.9
99527.3
99531.7
99536.1
99540.5
99545
99549.5
99554
99558.7
99563.5
99568.4
99573.5
99578.6
99583.8
99589
99594.1
99599.2
99604.2
99609
99613.6
99617.9
99622
99625.8
99629.3
99632.5
99635.4
99638
99640.4
99642.5
99644.3
99645.9
99647.2
99648.3
99649.2
99649.9
99650.3
99650.5
99650.4
99650.1
99649.5
99648.7
99647.6
99646.1
99644.4
99642.4
99640
99637.3
99634.3
99631
99627.4
99623.6
99619.6
99615.5
99611.2
99606.9
99602.6
99598.3
99594.1
99590
99585.9
99582
99578.1
99574.2
99570.4
99566.6
99562.7
99558.9
99555
99551.1
99547.3
99543.4
99539.6
99535.9
99532.3
99483.9
99489.9
99496.1
99502.2
99508.6
99515.2
99522
99529.1
99536.3
99543.7
99551.2
99558.8
99566.5
99574.2
99581.8
99589.3
99596.6
99603.6
99610.3
99616.5
99622.4
99627.8
99632.8
99637.4
99641.5
99645.3
99648.7
99651.9
99654.7
99657.4
99659.8
99662
99664.1
99665.9
99667.7
99669.2
99670.6
99671.8
99672.9
99673.7
99674.5
99675
99675.3
99675.5
99675.5
99675.3
99675
99674.4
99673.7
99672.7
99671.5
99670.1
99668.5
99666.5
99664.1
99661.4
99658.3
99654.8
99650.8
99646.3
99641.4
99635.9
99630.1
99623.8
99617.3
99610.5
99603.5
99596.4
99589.2
99582.1
99575.1
99568.1
99561.3
99554.7
99548.2
99541.8
99535.7
99529.8
99523.9
99518
99439.5
99447.9
99456.3
99465.4
99474.3
99483.4
99492.4
99501.3
99510.1
99518.7
99527
99535
99542.5
99549.6
99556.3
99562.4
99568.2
99573.5
99578.6
99583.4
99588
99592.5
99596.8
99601.1
99605.3
99609.4
99613.5
99617.5
99621.4
99625.2
99628.8
99632.2
99635.4
99638.3
99640.9
99643.2
99645.2
99646.8
99648.1
99649
99649.5
99649.7
99649.5
99648.9
99648
99646.7
99645.1
99643.2
99641
99638.5
99635.9
99632.9
99629.9
99626.6
99623.3
99619.9
99616.4
99612.7
99609
99605.1
99601.1
99596.7
99592.1
99587.1
99581.7
99575.9
99569.5
99562.7
99555.3
99547.5
99539.3
99530.8
99522.1
99513.2
99504.2
99495.1
99486.2
99477.2
99468.6
99460.1
99509.6
99515.8
99522
99527.8
99533.3
99538.5
99543.4
99548
99552.3
99556.3
99560.1
99563.9
99567.8
99571.7
99575.9
99580.3
99584.9
99589.9
99595.2
99600.7
99606.5
99612.4
99618.6
99624.8
99631.1
99637.2
99643.3
99649.1
99654.6
99659.9
99664.8
99669.3
99673.4
99677.1
99680.3
99683
99685.3
99687
99688.3
99689
99689.3
99689
99688.1
99686.8
99685
99682.7
99679.9
99676.7
99673
99669
99664.5
99659.7
99654.5
99649.1
99643.5
99637.7
99631.8
99625.9
99620
99614.4
99609
99603.8
99598.9
99594.3
99589.9
99585.9
99582
99578.4
99574.8
99571.3
99567.7
99563.9
99559.9
99555.5
99550.9
99545.9
99540.7
99535.3
99529.3
99523.4
99531.2
99536.3
99541.9
99547.3
99553.5
99560
99567.1
99574.9
99583.3
99592.5
99602.2
99612.6
99623.5
99634.9
99646.7
99658.8
99671.1
99683.2
99695.3
99707.2
99718.9
99730.2
99741
99751.2
99760.7
99769.7
99778
99785.7
99792.7
99799.1
99805
99810.2
99814.9
99819
99822.5
99825.5
99828
99830
99831.4
99832.4
99832.9
99832.8
99832.3
99831.3
99829.7
99827.6
99825
99821.8
99818.1
99813.8
99808.8
99803.3
99797.2
99790.4
99783
99774.9
99766.2
99757
99747.1
99736.7
99725.8
99714.5
99703.2
99691.7
99680.3
99669
99657.8
99647.1
99636.8
99627.1
99617.9
99609.3
99601.4
99594
99587.4
99581.3
99575.4
99570
99565
99560.3
99365
99379.7
99395.4
99412.9
99431.2
99450.7
99471.1
99492.2
99513.8
99535.7
99557.6
99579.3
99600.7
99621.5
99641.6
99660.9
99679.3
99696.7
99713
99728.5
99742.9
99756.2
99768.5
99779.8
99790.2
99799.8
99808.6
99816.6
99823.9
99830.4
99836.3
99841.6
99846.3
99850.5
99854.1
99857.2
99859.7
99861.8
99863.4
99864.6
99865.3
99865.5
99865.2
99864.4
99863.2
99861.4
99859.1
99856.2
99852.8
99848.7
99844
99838.5
99832.4
99825.5
99817.7
99809.1
99799.7
99789.2
99777.8
99765.3
99751.8
99737
99721.2
99704.3
99686.5
99667.6
99647.9
99627.5
99606.4
99584.9
99563.1
99541.4
99519.8
99498.7
99478.2
99458.5
99440
99422.3
99406
99390.8
99251.8
99279.3
99306.9
99335.4
99363.7
99391.7
99418.9
99445.3
99470.5
99494.5
99517.1
99538.4
99558.1
99576.5
99593.4
99608.9
99623.1
99636.2
99648.2
99659.2
99669.2
99678.4
99686.7
99694.4
99701.4
99707.8
99713.7
99719
99723.9
99728.3
99732.2
99735.8
99738.9
99741.7
99744
99746
99747.7
99749
99749.9
99750.5
99750.7
99750.6
99750.2
99749.3
99748.1
99746.6
99744.6
99742.2
99739.5
99736.3
99732.6
99728.5
99723.9
99718.8
99713.1
99706.9
99700
99692.4
99684
99674.9
99664.8
99653.8
99641.7
99628.4
99613.9
99598.1
99580.9
99562.3
99542.1
99520.5
99497.4
99472.9
99447.1
99420.1
99392.2
99363.6
99334.6
99305.4
99276.9
99248.5
99384.3
99414.7
99444
99470.7
99495.5
99518.2
99538.8
99557.3
99573.8
99588.5
99601.4
99612.8
99622.8
99631.5
99639.1
99645.8
99651.7
99656.9
99661.4
99665.3
99668.8
99671.8
99674.5
99677
99679.1
99681
99682.6
99684.1
99685.4
99686.6
99687.5
99688.4
99689.1
99689.7
99690.2
99690.5
99690.7
99690.8
99690.8
99690.6
99690.3
99689.8
99689.2
99688.5
99687.7
99686.7
99685.6
99684.4
99683
99681.5
99679.9
99678.1
99676.1
99674
99671.7
99669.1
99666.3
99663.3
99659.9
99656.1
99652
99647.4
99642.3
99636.5
99629.9
99622.5
99614.2
99604.8
99594.1
99582.1
99568.5
99553.2
99536.1
99517
99495.8
99472.5
99447
99419.7
99390
99359
99643.5
99665.6
99685.2
99701.9
99716.3
99728.3
99738.3
99746.6
99753.4
99758.8
99763.1
99766.6
99769.2
99771.2
99772.6
99773.7
99774.3
99774.7
99774.8
99774.8
99774.6
99774.3
99773.9
99773.4
99772.9
99772.3
99771.7
99771.1
99770.4
99769.8
99769.2
99768.6
99768
99767.4
99766.8
99766.2
99765.7
99765.2
99764.7
99764.2
99763.7
99763.3
99762.9
99762.6
99762.2
99761.9
99761.6
99761.4
99761.1
99760.9
99760.7
99760.5
99760.3
99760.2
99760
99759.8
99759.6
99759.3
99759
99758.6
99758.2
99757.6
99756.8
99755.8
99754.6
99753
99751
99748.5
99745.4
99741.5
99736.7
99730.9
99723.7
99715.1
99704.7
99692.4
99677.8
99660.8
99641
99618.6
99849.3
99860.6
99870
99877.4
99883.2
99887.7
99891.1
99893.5
99895.3
99896.5
99897.2
99897.6
99897.7
99897.5
99897.1
99896.7
99896.1
99895.4
99894.6
99893.8
99893
99892.2
99891.3
99890.5
99889.6
99888.8
99888
99887.2
99886.4
99885.7
99885
99884.3
99883.6
99883
99882.5
99881.9
99881.5
99881
99880.6
99880.3
99880
99879.8
99879.6
99879.5
99879.4
99879.4
99879.4
99879.5
99879.6
99879.8
99880
99880.2
99880.5
99880.8
99881.1
99881.5
99881.9
99882.4
99882.8
99883.2
99883.7
99884.1
99884.5
99884.9
99885.1
99885.3
99885.4
99885.3
99885
99884.4
99883.5
99882.1
99880.2
99877.5
99874
99869.4
99863.5
99856
99846.5
99835.3
99952
99956.2
99959.6
99961.9
99963.7
99964.9
99965.7
99966.3
99966.5
99966.7
99966.6
99966.5
99966.2
99966
99965.6
99965.2
99964.9
99964.4
99964
99963.6
99963.1
99962.7
99962.3
99961.8
99961.4
99961
99960.6
99960.2
99959.8
99959.5
99959.1
99958.8
99958.5
99958.2
99958
99957.7
99957.5
99957.3
99957.2
99957
99956.9
99956.8
99956.8
99956.8
99956.7
99956.8
99956.8
99956.9
99957
99957.1
99957.2
99957.4
99957.5
99957.7
99958
99958.2
99958.4
99958.7
99959
99959.2
99959.5
99959.8
99960.1
99960.4
99960.7
99960.9
99961.2
99961.4
99961.5
99961.6
99961.5
99961.3
99961
99960.4
99959.6
99958.3
99956.5
99954.1
99950.7
99946.5
99988.2
99989.4
99990.3
99990.9
99991.3
99991.5
99991.7
99991.8
99991.8
99991.8
99991.7
99991.6
99991.5
99991.4
99991.3
99991.2
99991.1
99990.9
99990.8
99990.6
99990.5
99990.4
99990.2
99990.1
99990
99989.9
99989.7
99989.6
99989.5
99989.4
99989.3
99989.2
99989.1
99989
99989
99988.9
99988.8
99988.8
99988.7
99988.7
99988.7
99988.6
99988.6
99988.6
99988.6
99988.6
99988.6
99988.7
99988.7
99988.7
99988.8
99988.8
99988.9
99988.9
99989
99989.1
99989.2
99989.2
99989.3
99989.4
99989.5
99989.6
99989.7
99989.8
99989.9
99990
99990.1
99990.1
99990.2
99990.3
99990.3
99990.3
99990.3
99990.2
99990
99989.7
99989.3
99988.7
99987.8
99986.6
99997.7
99998
99998.2
99998.3
99998.3
99998.4
99998.4
99998.4
99998.4
99998.4
99998.4
99998.4
99998.3
99998.3
99998.3
99998.3
99998.2
99998.2
99998.2
99998.1
99998.1
99998.1
99998.1
99998
99998
99998
99998
99997.9
99997.9
99997.9
99997.9
99997.8
99997.8
99997.8
99997.8
99997.8
99997.8
99997.8
99997.7
99997.7
99997.7
99997.7
99997.7
99997.7
99997.7
99997.7
99997.7
99997.7
99997.7
99997.7
99997.8
99997.8
99997.8
99997.8
99997.8
99997.8
99997.8
99997.9
99997.9
99997.9
99997.9
99997.9
99997.9
99998
99998
99998
99998
99998
99998.1
99998.1
99998.1
99998.1
99998.1
99998.1
99998.1
99998
99997.9
99997.8
99997.6
99997.4
99999.6
99999.7
99999.7
99999.7
99999.7
99999.8
99999.8
99999.8
99999.8
99999.8
99999.8
99999.7
99999.7
99999.7
99999.7
99999.7
99999.7
99999.7
99999.7
99999.7
99999.7
99999.7
99999.7
99999.7
99999.7
99999.7
99999.7
99999.7
99999.7
99999.7
99999.7
99999.7
99999.7
99999.7
99999.7
99999.6
99999.6
99999.6
99999.6
99999.6
99999.6
99999.6
99999.6
99999.6
99999.6
99999.6
99999.6
99999.6
99999.6
99999.6
99999.6
99999.6
99999.6
99999.7
99999.7
99999.7
99999.7
99999.7
99999.7
99999.7
99999.7
99999.7
99999.7
99999.7
99999.7
99999.7
99999.7
99999.7
99999.7
99999.7
99999.7
99999.7
99999.7
99999.7
99999.7
99999.7
99999.7
99999.7
99999.6
99999.6
100000
100000
100000
100000
100000
100000
100000
100000
100000
100000
100000
100000
100000
100000
100000
100000
100000
100000
100000
100000
100000
100000
100000
100000
100000
100000
100000
100000
100000
100000
100000
100000
100000
100000
100000
100000
100000
100000
100000
100000
100000
100000
100000
100000
100000
100000
100000
100000
100000
100000
100000
100000
100000
100000
100000
100000
100000
100000
100000
100000
100000
100000
100000
100000
100000
100000
100000
100000
100000
100000
100000
100000
100000
100000
100000
100000
100000
100000
100000
99999.9
100000
100000
100000
100000
100000
100000
100000
100000
100000
100000
100000
100000
100000
100000
100000
100000
100000
100000
100000
100000
100000
100000
100000
100000
100000
100000
100000
100000
100000
100000
100000
100000
100000
100000
100000
100000
100000
100000
100000
100000
100000
100000
100000
100000
100000
100000
100000
100000
100000
100000
100000
100000
100000
100000
100000
100000
100000
100000
100000
100000
100000
100000
100000
100000
100000
100000
100000
100000
100000
100000
100000
100000
100000
100000
100000
100000
100000
100000
100000
100000
100000
100000
100000
100000
100000
100000
100000
100000
100000
100000
100000
100000
100000
100000
100000
100000
100000
100000
100000
100000
100000
100000
100000
100000
100000
100000
100000
100000
100000
100000
100000
100000
100000
100000
100000
100000
100000
100000
100000
100000
100000
100000
100000
100000
100000
100000
100000
100000
100000
100000
100000
100000
100000
100000
100000
100000
100000
100000
100000
100000
100000
100000
100000
100000
100000
100000
100000
100000
100000
100000
100000
100000
100000
100000
100000
100000
100000
100000
100000
100000
100000
100000
100000
100000
100000
100000
100000
100000
100000
100000
100000
100000
100000
100000
100000
100000
100000
100000
100000
100000
100000
100000
100000
100000
100000
100000
100000
100000
100000
100000
100000
100000
100000
100000
100000
100000
100000
100000
100000
100000
100000
100000
100000
100000
100000
100000
100000
100000
100000
100000
100000
100000
100000
100000
100000
100000
100000
100000
100000
100000
100000
100000
100000
100000
100000
100000
100000
100000
100000
100000
100000
100000
100000
100000
100000
100000
100000
100000
100000
100000
100000
100000
100000
100000
100000
100000
100000
100000
100000
100000
100000
100000
100000
100000
100000
100000
100000
100000
100000
100000
100000
100000
100000
100000
100000
100000
100000
100000
100000
100000
100000
100000
100000
100000
100000
100000
100000
100000
100000
100000
100000
100000
100000
100000
100000
100000
100000
100000
100000
100000
100000
100000
100000
100000
100000
100000
100000
100000
100000
100000
100000
100000
100000
100000
100000
100000
100000
100000
100000
100000
100000
100000
100000
100000
100000
100000
100000
100000
100000
100000
100000
100000
100000
100000
100000
100000
100000
100000
100000
100000
100000
100000
100000
100000
100000
100000
100000
100000
100000
100000
100000
100000
100000
100000
100000
100000
100000
100000
100000
100000
100000
100000
100000
100000
100000
100000
100000
100000
100000
100000
100000
100000
100000
100000
100000
100000
100000
100000
100000
100000
100000
100000
100000
100000
100000
100000
100000
100000
100000
100000
100000
100000
100000
100000
100000
100000
100000
100000
100000
100000
100000
100000
100000
100000
100000
100000
100000
100000
100000
100000
100000
100000
100000
100000
100000
100000
100000
100000
100000
100000
100000
100000
100000
100000
100000
100000
100000
100000
100000
100000
100000
100000
100000
100000
100000
100000
100000
100000
100000
100000
100000
100000
100000
100000
100000
100000
100000
100000
100000
100000
100000
100000
100000
100000
100000
100000
100000
100000
100000
100000
100000
100000
100000
100000
100000
100000
100000
100000
100000
100000
100000
100000
100000
100000
100000
100000
100000
100000
100000
100000
100000
100000
100000
100000
100000
100000
100000
100000
100000
100000
100000
100000
100000
100000
100000
100000
100000
100000
100000
100000
100000
100000
100000
100000
100000
100000
100000
100000
100000
100000
100000
100000
100000
100000
100000
100000
100000
100000
100000
100000
100000
100000
100000
100000
100000
100000
100000
100000
100000
100000
100000
100000
100000
100000
100000
100000
100000
100000
100000
100000
100000
100000
100000
100000
100000
100000
100000
100000
100000
100000
100000
100000
100000
100000
100000
100000
100000
100000
100000
100000
100000
100000
100000
100000
100000
100000
100000
100000
100000
100000
100000
100000
100000
100000
100000
100000
100000
100000
100000
100000
100000
100000
100000
100000
100000
100000
100000
100000
100000
100000
100000
100000
100000
100000
100000
100000
100000
100000
100000
100000
100000
100000
100000
100000
100000
100000
100000
100000
100000
100000
100000
100000
100000
100000
100000
100000
100000
100000
100000
100000
100000
100000
100000
100000
100000
100000
100000
100000
100000
100000
100000
100000
100000
100000
100000
100000
100000
100000
100000
100000
100000
100000
100000
100000
100000
100000
100000
100000
100000
100000
100000
100000
100000
100000
100000
100000
100000
100000
100000
100000
100000
100000
100000
100000
100000
100000
100000
100000
100000
100000
100000
100000
100000
100000
100000
100000
100000
100000
100000
100000
100000
100000
100000
100000
100000
100000
100000
100000
100000
100000
100000
100000
100000
100000
100000
100000
100000
100000
100000
100000
100000
100000
100000
100000
100000
100000
100000
100000
100000
100000
100000
100000
100000
100000
100000
100000
100000
100000
100000
100000
100000
100000
100000
100000
100000
100000
100000
100000
100000
100000
100000
100000
100000
100000
100000
100000
100000
100000
100000
100000
100000
100000
100000
100000
100000
100000
100000
100000
100000
100000
100000
100000
100000
100000
100000
100000
100000
100000
100000
100000
100000
100000
100000
100000
100000
100000
100000
100000
100000
100000
100000
100000
100000
100000
100000
100000
100000
100000
100000
100000
100000
100000
100000
100000
100000
100000
100000
100000
100000
100000
100000
100000
100000
100000
100000
100000
100000
100000
100000
100000
100000
100000
100000
100000
100000
100000
100000
100000
100000
100000
100000
100000
100000
100000
100000
100000
100000
100000
100000
100000
100000
100000
100000
100000
100000
100000
100000
100000
100000
100000
100000
100000
100000
100000
100000
100000
100000
100000
100000
100000
100000
100000
100000
100000
100000
100000
100000
100000
100000
100000
100000
100000
100000
100000
100000
100000
100000
100000
100000
100000
100000
100000
100000
100000
100000
100000
100000
100000
100000
100000
100000
100000
100000
100000
100000
100000
100000
100000
100000
100000
100000
100000
100000
100000
100000
100000
100000
100000
100000
100000
100000
100000
100000
100000
100000
100000
100000
100000
100000
100000
100000
100000
100000
100000
100000
100000
100000
100000
100000
100000
100000
100000
100000
100000
100000
100000
100000
100000
100000
100000
100000
100000
100000
100000
100000
100000
100000
100000
100000
100000
100000
100000
100000
100000
100000
100000
100000
100000
100000
100000
100000
100000
100000
100000
100000
100000
100000
100000
100000
100000
100000
100000
100000
100000
100000
100000
100000
100000
100000
100000
100000
100000
100000
100000
100000
100000
100000
100000
100000
100000
100000
100000
100000
100000
100000
100000
100000
100000
100000
100000
100000
100000
100000
100000
100000
100000
100000
100000
100000
100000
100000
100000
100000
100000
100000
100000
100000
100000
100000
100000
100000
100000
100000
100000
100000
100000
100000
100000
100000
100000
100000
100000
100000
100000
100000
100000
100000
100000
100000
100000
100000
100000
100000
100000
100000
100000
100000
100000
100000
100000
100000
100000
100000
100000
100000
100000
100000
100000
100000
100000
100000
100000
100000
100000
100000
100000
100000
100000
100000
100000
100000
100000
100000
100000
100000
100000
100000
100000
100000
100000
100000
100000
100000
100000
100000
100000
100000
100000
100000
100000
100000
100000
100000
100000
100000
100000
100000
100000
100000
100000
100000
100000
100000
100000
100000
100000
100000
100000
100000
100000
100000
100000
100000
100000
100000
100000
100000
100000
100000
100000
100000
100000
100000
100000
100000
100000
100000
100000
100000
100000
100000
100000
100000
100000
100000
100000
100000
100000
100000
100000
100000
100000
100000
100000
100000
100000
100000
100000
100000
100000
100000
100000
100000
100000
100000
100000
100000
100000
100000
100000
100000
100000
100000
100000
100000
100000
100000
100000
100000
100000
100000
100000
100000
100000
100000
100000
100000
100000
100000
100000
100000
100000
100000
100000
100000
100000
100000
100000
100000
100000
100000
100000
100000
100000
100000
100000
100000
100000
100000
100000
100000
100000
100000
100000
100000
100000
100000
100000
100000
100000
100000
100000
100000
100000
100000
100000
100000
100000
100000
100000
100000
100000
100000
100000
100000
100000
100000
100000
100000
100000
100000
100000
100000
100000
100000
100000
100000
100000
100000
100000
100000
100000
100000
100000
100000
100000
100000
100000
100000
100000
100000
100000
100000
100000
100000
100000
100000
100000
100000
100000
100000
100000
100000
100000
100000
100000
100000
100000
100000
100000
100000
100000
100000
100000
100000
100000
100000
100000
100000
100000
100000
100000
100000
100000
100000
100000
100000
100000
100000
100000
100000
100000
100000
100000
100000
100000
100000
100000
100000
100000
100000
100000
100000
100000
100000
100000
100000
100000
100000
100000
100000
100000
100000
100000
100000
100000
100000
100000
100000
100000
100000
100000
100000
100000
100000
100000
100000
100000
100000
100000
100000
100000
100000
100000
100000
100000
100000
100000
100000
100000
100000
100000
100000
100000
100000
100000
100000
100000
100000
100000
100000
100000
100000
100000
100000
100000
100000
100000
100000
100000
100000
100000
100000
100000
100000
100000
100000
100000
100000
100000
100000
100000
100000
100000
100000
100000
100000
100000
100000
100000
100000
100000
100000
100000
100000
100000
100000
100000
100000
100000
100000
100000
100000
100000
100000
100000
100000
100000
100000
100000
100000
100000
100000
100000
100000
100000
100000
100000
100000
100000
100000
100000
100000
100000
100000
100000
100000
100000
100000
100000
100000
100000
100000
100000
100000
100000
100000
100000
100000
100000
100000
100000
100000
100000
100000
100000
100000
100000
100000
100000
100000
100000
100000
100000
100000
100000
100000
100000
100000
100000
100000
100000
100000
100000
100000
100000
100000
100000
100000
100000
100000
100000
100000
100000
100000
100000
100000
100000
100000
100000
100000
100000
100000
100000
100000
100000
100000
100000
100000
100000
100000
100000
100000
100000
100000
100000
100000
100000
100000
100000
100000
100000
100000
100000
100000
100000
100000
100000
100000
100000
100000
100000
100000
100000
100000
100000
100000
100000
100000
100000
100000
100000
100000
100000
100000
100000
100000
100000
100000
100000
100000
100000
100000
100000
100000
100000
100000
100000
100000
100000
100000
100000
100000
100000
100000
100000
100000
100000
100000
100000
100000
100000
100000
100000
100000
100000
100000
100000
100000
100000
100000
100000
100000
100000
100000
100000
100000
100000
100000
100000
100000
100000
100000
100000
100000
100000
100000
100000
100000
100000
100000
100000
100000
100000
100000
100000
100000
100000
100000
100000
100000
100000
100000
100000
100000
100000
100000
100000
100000
100000
100000
100000
100000
100000
100000
100000
100000
100000
100000
100000
100000
100000
100000
100000
100000
100000
100000
100000
100000
100000
100000
100000
100000
100000
100000
100000
100000
100000
100000
100000
100000
100000
100000
100000
100000
100000
100000
100000
100000
100000
100000
100000
100000
100000
100000
100000
100000
100000
100000
100000
100000
100000
100000
100000
100000
100000
100000
100000
100000
100000
100000
100000
100000
100000
100000
100000
100000
100000
100000
100000
100000
100000
100000
100000
100000
100000
100000
100000
100000
100000
100000
100000
100000
100000
100000
100000
100000
100000
100000
100000
100000
100000
100000
100000
100000
100000
100000
100000
100000
100000
100000
100000
100000
100000
100000
100000
100000
100000
100000
100000
100000
100000
100000
100000
100000
100000
100000
100000
100000
100000
100000
100000
100000
100000
100000
100000
100000
100000
100000
100000
100000
100000
100000
100000
100000
100000
100000
100000
100000
100000
100000
100000
100000
100000
100000
100000
100000
100000
100000
100000
100000
100000
100000
100000
100000
100000
100000
100000
100000
100000
100000
100000
100000
100000
100000
100000
100000
100000
100000
100000
100000
100000
100000
100000
100000
100000
100000
100000
100000
100000
100000
100000
100000
100000
100000
100000
100000
100000
100000
100000
100000
100000
100000
100000
100000
100000
100000
100000
100000
100000
100000
100000
100000
100000
100000
100000
100000
100000
100000
100000
100000
100000
100000
100000
100000
100000
100000
100000
100000
100000
100000
100000
100000
100000
100000
100000
100000
100000
100000
100000
100000
100000
100000
100000
100000
100000
100000
100000
100000
100000
100000
100000
100000
100000
100000
100000
100000
100000
100000
100000
100000
100000
100000
100000
100000
100000
100000
100000
100000
100000
100000
100000
100000
100000
100000
100000
100000
100000
100000
100000
100000
100000
100000
100000
100000
100000
100000
100000
100000
100000
100000
100000
100000
100000
100000
100000
100000
100000
100000
100000
100000
100000
100000
100000
100000
100000
100000
100000
100000
100000
100000
100000
100000
100000
100000
100000
100000
100000
100000
100000
100000
100000
100000
100000
100000
100000
100000
100000
100000
100000
100000
100000
100000
100000
100000
100000
100000
100000
100000
100000
100000
100000
100000
100000
100000
100000
100000
100000
100000
100000
100000
100000
100000
100000
100000
100000
100000
100000
100000
100000
100000
100000
100000
100000
100000
100000
100000
100000
100000
100000
100000
100000
100000
100000
100000
100000
100000
100000
100000
100000
100000
100000
100000
100000
100000
100000
100000
100000
100000
100000
100000
100000
100000
100000
100000
100000
100000
100000
100000
100000
100000
100000
100000
100000
100000
100000
100000
100000
100000
100000
100000
100000
100000
100000
100000
100000
100000
100000
100000
100000
100000
100000
100000
100000
100000
100000
100000
100000
100000
100000
100000
100000
100000
100000
100000
100000
100000
100000
100000
100000
100000
100000
100000
100000
100000
100000
100000
100000
100000
100000
100000
100000
100000
100000
100000
100000
100000
100000
100000
100000
100000
100000
100000
100000
100000
100000
100000
100000
100000
100000
100000
100000
100000
100000
100000
100000
100000
100000
100000
100000
100000
100000
100000
100000
100000
100000
100000
100000
100000
100000
100000
100000
100000
100000
100000
100000
100000
100000
100000
100000
100000
100000
100000
100000
100000
100000
100000
100000
100000
100000
100000
100000
100000
100000
100000
100000
100000
100000
100000
100000
100000
100000
100000
100000
100000
100000
100000
100000
100000
100000
100000
100000
100000
100000
100000
100000
100000
100000
100000
100000
100000
100000
100000
100000
100000
100000
100000
100000
100000
100000
100000
100000
100000
100000
100000
100000
100000
100000
100000
100000
100000
100000
100000
100000
100000
100000
100000
100000
100000
100000
100000
100000
100000
100000
100000
100000
100000
100000
100000
100000
100000
100000
100000
100000
100000
100000
100000
100000
100000
100000
100000
100000
100000
100000
100000
100000
100000
100000
100000
100000
100000
100000
100000
100000
100000
100000
100000
100000
100000
100000
100000
100000
100000
100000
100000
100000
100000
100000
100000
100000
100000
100000
100000
100000
100000
100000
100000
100000
100000
100000
100000
100000
100000
100000
100000
100000
100000
100000
100000
100000
100000
100000
100000
100000
100000
100000
100000
100000
100000
100000
100000
100000
100000
100000
100000
100000
100000
100000
100000
100000
100000
100000
100000
100000
100000
100000
100000
100000
100000
100000
100000
100000
100000
100000
100000
100000
100000
100000
100000
100000
100000
100000
100000
100000
100000
100000
100000
100000
100000
100000
100000
100000
100000
100000
100000
100000
100000
100000
100000
100000
100000
100000
100000
100000
100000
100000
100000
100000
100000
100000
100000
100000
100000
100000
100000
100000
100000
100000
100000
100000
100000
100000
100000
100000
100000
100000
100000
100000
100000
100000
100000
100000
100000
100000
100000
100000
100000
100000
100000
100000
100000
100000
100000
100000
100000
100000
100000
100000
100000
100000
100000
100000
100000
100000
100000
100000
100000
100000
100000
100000
100000
100000
100000
100000
100000
100000
100000
100000
100000
100000
100000
100000
100000
100000
100000
100000
100000
100000
100000
100000
100000
100000
100000
100000
100000
100000
100000
100000
100000
100000
100000
100000
100000
100000
100000
100000
100000
100000
100000
100000
100000
100000
100000
100000
100000
100000
100000
100000
100000
100000
100000
100000
100000
100000
100000
100000
100000
100000
100000
100000
100000
100000
100000
100000
100000
100000
100000
100000
100000
100000
100000
100000
100000
100000
100000
100000
100000
100000
100000
100000
100000
100000
100000
100000
100000
100000
100000
100000
100000
100000
100000
100000
100000
100000
100000
100000
100000
100000
100000
100000
100000
100000
100000
100000
100000
100000
100000
100000
100000
100000
100000
100000
100000
100000
100000
100000
100000
100000
100000
100000
100000
100000
100000
100000
100000
100000
100000
100000
100000
100000
100000
100000
100000
100000
100000
100000
100000
100000
100000
100000
100000
100000
100000
100000
100000
100000
100000
100000
100000
100000
100000
100000
100000
100000
100000
100000
100000
100000
100000
100000
100000
100000
100000
100000
100000
100000
100000
100000
100000
100000
100000
100000
100000
100000
100000
100000
100000
100000
100000
100000
100000
100000
100000
100000
100000
100000
100000
100000
100000
100000
100000
100000
100000
100000
100000
100000
100000
100000
100000
100000
100000
100000
100000
100000
100000
100000
100000
100000
100000
100000
100000
100000
100000
100000
100000
100000
100000
100000
100000
100000
100000
100000
100000
100000
100000
100000
100000
100000
100000
100000
100000
100000
100000
100000
100000
100000
100000
100000
100000
100000
100000
100000
100000
100000
100000
100000
100000
100000
100000
100000
99456.3
99470.9
99492
99497.6
99504.5
99506.2
99508.2
99508.2
99508.8
99507.8
99510.3
99505.2
99523
99495.5
99606.2
99471.8
99474.8
99495.2
99498.3
99504.7
99505.9
99507.7
99507.7
99508.1
99507.3
99509.4
99504.9
99519.8
99495
99559.4
99492.3
99492.8
99500.4
99502.1
99506
99506.7
99507.8
99507.5
99507.6
99506.6
99508.1
99503.7
99517.2
99495.6
99557.9
99500.9
99499.8
99504.6
99504.8
99507.2
99507.1
99507.6
99507
99506.7
99505.5
99506.3
99502.2
99511.1
99492.4
99525.4
99518.1
99513.5
99512
99510.1
99509.8
99508.6
99508
99506.8
99505.8
99504.3
99504.2
99500.4
99506.7
99490.7
99521.1
99521.9
99517.7
99515.3
99512.7
99511.3
99509.4
99508
99506.2
99504.6
99502.5
99501.4
99497.4
99500.1
99487.2
99500.3
99530.3
99524.8
99520.3
99516.4
99513.4
99510.4
99508
99505.4
99503.1
99500.5
99498.5
99494.5
99494.9
99484.5
99493.5
99530.3
99525.4
99521.1
99517.2
99513.7
99510.3
99507.2
99504.1
99501.1
99497.9
99494.8
99490.2
99488.1
99479
99480.2
99534.2
99529.1
99524.2
99519.6
99515.3
99511.1
99507.2
99503.4
99499.6
99495.6
99491.7
99486.7
99483.2
99475.2
99473.6
99527.8
99523.1
99518.7
99514.3
99510
99505.8
99501.7
99497.6
99493.5
99489.1
99484.6
99479.4
99474.7
99467.2
99463.1
99531.6
99527.3
99522.9
99518.4
99513.9
99509.2
99504.4
99499.5
99494.5
99489.2
99483.7
99477.4
99471.1
99462.8
99455.9
99526.4
99521.7
99517
99512.1
99507.2
99502.1
99497
99491.9
99486.6
99481.2
99475.6
99469.5
99463.5
99456.1
99449.7
99506.1
99501.8
99497.6
99493.2
99488.8
99484.3
99479.6
99474.9
99470
99465
99459.7
99454.1
99448.2
99441
99434.2
99528.6
99525.1
99521.2
99517.1
99512.7
99508.1
99503
99497.4
99491.3
99484.5
99477.1
99468.7
99459.4
99447.9
99436
99512.7
99507.6
99502.3
99496.9
99491.2
99485.3
99479.2
99472.8
99466.1
99459
99451.5
99443.5
99435.1
99425.9
99417.3
99453.3
99447.3
99441.1
99434.9
99428.5
99422.1
99415.6
99409.2
99402.7
99396.3
99389.9
99383.4
99377.2
99370.7
99365
99518.2
99514.4
99510
99505.4
99500.3
99494.7
99488.6
99481.9
99474.6
99466.5
99457.4
99447.1
99435.5
99421.2
99405.9
99555.7
99551.9
99547.9
99543.3
99538.3
99532.6
99526.2
99518.9
99510.6
99501
99489.8
99476.7
99461.8
99443
99423.9
99380.4
99372.2
99363.9
99355.2
99346.1
99336.6
99326.5
99315.8
99304.5
99292.4
99279.5
99266
99251.7
99236.2
99223.2
99228.8
99215.8
99202.3
99188.4
99174.1
99159.4
99144.4
99129.1
99113.5
99097.8
99082
99066.4
99050.7
99036.6
99022.6
99336.1
99323.3
99309.4
99295.3
99280.5
99265.3
99249.7
99233.7
99217.4
99200.8
99184.2
99167.7
99151.1
99136.2
99118.3
99601.1
99592.6
99583.1
99573.3
99563.1
99552.4
99541.3
99529.8
99517.9
99505.6
99493
99480.2
99466.9
99454.4
99438.6
99825.7
99821.6
99816.9
99812.1
99807.1
99801.7
99796.1
99790.2
99784
99777.5
99770.7
99763.7
99756.2
99748.9
99739.5
99942.6
99941.2
99939.5
99937.7
99935.9
99933.9
99931.8
99929.6
99927.2
99924.7
99922
99919.2
99916.2
99913.1
99909.2
99985.4
99985
99984.5
99984.1
99983.5
99983
99982.4
99981.7
99981.1
99980.3
99979.5
99978.7
99977.8
99976.9
99975.7
99997.1
99997
99996.9
99996.8
99996.7
99996.5
99996.4
99996.3
99996.1
99996
99995.8
99995.6
99995.4
99995.2
99994.9
99999.5
99999.5
99999.5
99999.5
99999.5
99999.4
99999.4
99999.4
99999.4
99999.3
99999.3
99999.3
99999.2
99999.2
99999.1
99999.9
99999.9
99999.9
99999.9
99999.9
99999.9
99999.9
99999.9
99999.9
99999.9
99999.9
99999.9
99999.9
99999.9
99999.9
100000
100000
100000
100000
100000
100000
100000
100000
100000
100000
100000
100000
100000
100000
100000
100000
100000
100000
100000
100000
100000
100000
100000
100000
100000
100000
100000
100000
100000
100000
100000
100000
100000
100000
100000
100000
100000
100000
100000
100000
100000
100000
100000
100000
100000
100000
100000
100000
100000
100000
100000
100000
100000
100000
100000
100000
100000
100000
100000
100000
100000
100000
100000
100000
100000
100000
100000
100000
100000
100000
100000
100000
100000
100000
100000
100000
100000
100000
100000
100000
100000
100000
100000
100000
100000
100000
100000
100000
100000
100000
100000
100000
100000
100000
100000
100000
100000
100000
100000
100000
100000
100000
100000
100000
100000
100000
100000
100000
100000
100000
100000
100000
100000
100000
100000
100000
100000
100000
100000
100000
100000
100000
100000
100000
100000
100000
100000
100000
100000
100000
100000
100000
100000
100000
100000
100000
100000
100000
100000
100000
100000
100000
100000
100000
100000
100000
100000
100000
100000
100000
100000
100000
100000
100000
100000
100000
100000
100000
100000
100000
100000
100000
100000
100000
100000
100000
100000
100000
100000
100000
100000
100000
100000
100000
100000
100000
100000
100000
100000
100000
100000
100000
100000
100000
100000
100000
100000
100000
100000
100000
100000
100000
100000
100000
100000
100000
100000
100000
100000
100000
100000
100000
100000
100000
100000
100000
100000
100000
100000
100000
100000
100000
100000
100000
100000
100000
100000
100000
100000
100000
100000
100000
100000
100000
100000
100000
100000
100000
100000
100000
100000
100000
100000
100000
100000
100000
100000
100000
100000
100000
100000
100000
100000
100000
100000
100000
100000
100000
100000
100000
100000
100000
100000
100000
100000
100000
100000
100000
100000
100000
100000
100000
100000
100000
100000
100000
100000
100000
100000
100000
100000
100000
100000
100000
100000
100000
100000
100000
100000
100000
100000
100000
100000
100000
100000
100000
100000
100000
100000
100000
100000
100000
100000
100000
100000
100000
100000
100000
100000
100000
100000
100000
100000
100000
100000
100000
100000
100000
100000
100000
100000
100000
100000
100000
100000
100000
100000
100000
100000
100000
100000
100000
100000
100000
100000
100000
100000
100000
100000
100000
100000
100000
100000
100000
100000
100000
100000
100000
100000
100000
100000
100000
100000
100000
100000
100000
100000
100000
100000
100000
100000
100000
100000
100000
100000
100000
100000
100000
100000
100000
100000
100000
100000
100000
100000
100000
100000
100000
100000
100000
100000
100000
100000
100000
100000
100000
100000
100000
100000
100000
100000
100000
100000
100000
100000
100000
100000
100000
100000
100000
100000
100000
100000
100000
100000
100000
100000
100000
100000
100000
100000
100000
100000
100000
100000
100000
100000
100000
100000
100000
100000
100000
100000
100000
100000
100000
100000
100000
100000
100000
100000
100000
100000
100000
100000
100000
100000
100000
100000
100000
100000
100000
100000
100000
100000
100000
100000
100000
100000
100000
100000
100000
100000
100000
100000
100000
100000
100000
100000
100000
100000
100000
100000
100000
100000
100000
100000
100000
100000
100000
100000
100000
100000
100000
100000
100000
100000
100000
100000
100000
100000
100000
100000
100000
100000
100000
100000
100000
100000
100000
99494.7
99499.1
99462.1
99454.4
99428.6
99403.5
99377.4
99373.5
99347.2
99263.4
99153.3
99105.5
99153.7
99235.6
99273.5
99258
99228.1
99217.7
99232.4
99265.5
99310.1
99363.7
99426.8
99502.1
99593.7
99702.6
99823.9
99952
100090
100238
100397
100555
100691
100775
100785
100745
100718
100716
100732
100750
100764
100788
100818
100855
100901
100963
101044
101127
101222
101281
99489.2
99494.7
99459.7
99452.7
99426.2
99401.3
99376.2
99372.2
99342.5
99255.8
99147.6
99106.7
99159.5
99240.5
99274.6
99257.1
99227.8
99218.7
99234.6
99268.3
99313.3
99367.2
99430.7
99506.5
99598.7
99708.5
99831.3
99961.1
100101
100252
100413
100572
100706
100785
100788
100746
100721
100723
100743
100763
100779
100809
100844
100888
100941
101006
101084
101166
101228
101262
99489.8
99492.8
99458.9
99452.3
99425.7
99400.8
99376.3
99372.4
99341.7
99253.6
99145.3
99106.5
99160.7
99241.9
99275.2
99256.9
99227.2
99218.7
99234.8
99268.7
99313.8
99367.7
99431.3
99507.2
99599.6
99709.6
99832.4
99962.2
100102
100253
100415
100574
100707
100784
100787
100745
100722
100726
100745
100765
100782
100812
100847
100890
100944
101011
101085
101152
101210
101242
99482.8
99485.4
99455.5
99449.2
99422.6
99398
99374.7
99370.3
99335.7
99244.8
99140.8
99108.6
99167.3
99246.7
99275.9
99255.7
99227.2
99219.7
99237.1
99271.7
99317.1
99371.4
99435.3
99511.8
99604.9
99715.9
99840.2
99971.9
100114
100268
100432
100592
100723
100795
100791
100748
100725
100734
100757
100778
100799
100834
100873
100921
100979
101045
101110
101166
101204
101223
99481.4
99481.4
99454.1
99447.2
99420.9
99396.3
99374.4
99370.1
99333.1
99240.2
99135.7
99109.3
99170.8
99250
99276.6
99254.9
99226.4
99220
99238
99272.8
99318.4
99372.8
99436.9
99513.5
99606.9
99718.5
99843.2
99975.3
100118
100272
100437
100597
100727
100798
100790
100746
100728
100740
100763
100785
100808
100843
100883
100931
100988
101050
101107
101153
101184
101201
99474.3
99472.7
99449.8
99442.5
99416.4
99392.1
99372
99366.5
99324.8
99229.1
99130.9
99112.4
99178
99254.4
99276.8
99253.3
99225.9
99220.9
99240.2
99275.8
99321.9
99376.7
99441.2
99518.4
99612.6
99725.2
99851.3
99985.5
100131
100288
100455
100615
100744
100808
100794
100751
100734
100750
100775
100799
100825
100864
100907
100957
101013
101070
101116
101151
101173
101184
99471.1
99467.4
99447.5
99438.9
99413.4
99389.5
99371.9
99365.4
99318.9
99220.1
99125.3
99114.9
99184.7
99259.1
99277.4
99252
99225
99221.6
99241.8
99277.8
99324.1
99379
99443.7
99521.2
99615.9
99729.4
99856.4
99991.3
100137
100294
100464
100625
100751
100813
100795
100751
100739
100760
100785
100810
100838
100879
100921
100970
101023
101071
101111
101139
101156
101166
99463.8
99458.1
99441.3
99431.7
99406.3
99383.3
99368.1
99359.1
99306.1
99205.5
99118.6
99118.7
99193
99263.6
99276.7
99249.4
99224
99222.5
99244.4
99281.4
99328.2
99383.6
99448.8
99526.9
99622.4
99736.9
99865.5
100003
100152
100314
100484
100645
100769
100823
100800
100756
100747
100771
100799
100825
100856
100900
100944
100992
101039
101081
101110
101132
101144
101151
99459.8
99452.9
99438.7
99427.7
99403.3
99381.4
99368.7
99356.4
99295.8
99192.2
99113.6
99124.7
99203.4
99269.8
99276.5
99247
99222.7
99223.1
99246.1
99283.6
99330.6
99386.2
99451.8
99530.6
99627.1
99742.8
99872.3
100010
100160
100321
100494
100656
100778
100830
100803
100761
100756
100785
100814
100840
100874
100919
100961
101004
101044
101078
101103
101120
101130
101136
99451.7
99443.9
99431.1
99418.3
99393.9
99373.8
99363.2
99345.5
99276.3
99173.3
99107.6
99132.5
99214.7
99274.7
99274.6
99243.8
99221.8
99225.5
99250.7
99289.2
99336.7
99392.4
99458.2
99537.2
99634.3
99751.4
99883.7
100025
100180
100347
100521
100683
100800
100841
100810
100769
100767
100800
100829
100856
100890
100935
100977
101017
101052
101081
101099
101114
101121
101126
99444.1
99434.6
99421.5
99406.5
99382.7
99365.2
99355.3
99329.5
99251.5
99152.1
99101.9
99141.4
99225.5
99276.7
99268.7
99236.9
99218
99224.4
99251
99290.6
99339
99395.9
99462.9
99543.3
99641.6
99759.4
99891.4
100033
100188
100354
100531
100693
100809
100846
100812
100774
100778
100816
100848
100876
100913
100957
100995
101030
101057
101079
101093
101105
101111
101116
99440.2
99432.3
99421.7
99406.6
99384.5
99369.7
99358.8
99321.4
99233.6
99140.2
99109.2
99164.1
99246
99285.1
99269
99236.5
99219.9
99229.4
99257.6
99297.2
99345
99401.2
99467.9
99548.5
99648.2
99769.3
99906
100052
100211
100384
100562
100726
100837
100866
100828
100792
100801
100842
100872
100898
100932
100970
101000
101030
101054
101073
101085
101095
101100
101103
99424.8
99415.4
99401
99380.5
99357
99342.8
99325.5
99275.5
99185.7
99109.1
99104.2
99173.8
99251.9
99279.7
99257.1
99226.6
99216.4
99230.7
99262.2
99304
99353.5
99411
99478.6
99559.6
99659.2
99779.6
99916.6
100065
100228
100405
100585
100748
100854
100875
100832
100797
100808
100850
100881
100908
100945
100984
101015
101045
101067
101084
101094
101103
101107
101110
99420.9
99405.1
99385.1
99363.3
99345.9
99336.4
99313.2
99250.8
99160.9
99101.8
99121.9
99200.1
99265.3
99274.6
99243.6
99214.8
99208.9
99226.4
99259.2
99301.7
99352
99410.7
99480.3
99564.5
99667.9
99791.7
99929.5
100078
100240
100416
100599
100763
100870
100885
100837
100811
100835
100885
100919
100950
100986
101021
101042
101061
101075
101086
101092
101098
101100
101103
99406.5
99395.4
99384.6
99375.7
99370.9
99359.5
99316.2
99230.1
99144.6
99117.3
99166.8
99248.6
99296.7
99287.6
99252
99227.2
99226.8
99246.8
99279.3
99319.9
99367.5
99423.5
99490.5
99572.5
99675.5
99803.3
99950.7
100109
100281
100467
100656
100822
100923
100936
100893
100863
100884
100924
100943
100959
100981
101004
101016
101031
101042
101054
101060
101069
101073
101073
99358.7
99351.9
99342.6
99331.3
99310.2
99265.6
99188.3
99105.1
99059
99084
99163.3
99240.7
99265
99242.4
99211.3
99200.4
99212.3
99241.6
99280.9
99326.8
99379
99438.7
99508.6
99592.3
99695.4
99819.2
99960
100116
100289
100477
100665
100827
100922
100922
100861
100831
100854
100897
100922
100946
100981
101022
101048
101078
101101
101121
101129
101140
101142
101140
99387.6
99367.4
99340.1
99302.7
99251
99183.1
99115.5
99073.6
99084.4
99146.3
99220.7
99257.7
99245
99208.1
99179.7
99174.4
99190.2
99220.2
99259.3
99305.8
99360.3
99424.1
99499.6
99590.1
99700.9
99833.2
99979.2
100137
100308
100494
100683
100850
100947
100946
100894
100881
100925
100985
101027
101060
101099
101133
101143
101154
101157
101159
101154
101156
101154
101162
99396.8
99365.1
99330
99287.5
99242.2
99203.2
99184.5
99199
99243.4
99298.1
99332.8
99327.2
99292.4
99257.1
99238.7
99240
99256.1
99281.1
99312.2
99349.1
99393.2
99447.1
99514.3
99599.6
99709.4
99848.8
100013
100188
100378
100584
100791
100970
101079
101102
101055
101026
101052
101086
101090
101073
101064
101060
101038
101027
101014
101014
101012
101014
101019
101023
99203.6
99178.6
99156.1
99136.5
99126.9
99129.6
99148.2
99182.3
99219.5
99246.9
99252.6
99236.2
99215.4
99206.7
99214.5
99236.9
99268.7
99306.2
99347.4
99392.3
99441.6
99497.1
99561.9
99641.3
99742.7
99869.4
100017
100185
100373
100575
100775
100947
101042
101024
100960
100902
100906
100930
100933
100922
100929
100959
100983
101017
101041
101081
101095
101110
101116
101088
99009.5
98999.7
98992.4
98991.1
98995.3
99007.8
99024.8
99043.1
99055.2
99058
99050.4
99040.6
99038.8
99050.2
99075.1
99110.7
99153.8
99202.9
99257.5
99318.1
99385.3
99460.2
99544.5
99641.1
99755.7
99888.3
100030
100188
100361
100544
100737
100904
101001
100997
100922
100869
100888
100965
101045
101107
101174
101251
101316
101375
101408
101452
101456
101475
101464
101441
99108.8
99104.8
99099.9
99098.5
99097.4
99098.1
99097.7
99094.9
99087.8
99077
99065.4
99057.7
99057.5
99066.8
99084
99107.8
99137.3
99172.6
99214.8
99265.4
99326.2
99400.1
99490.2
99601.2
99738.6
99903.3
100085
100276
100479
100699
100925
101139
101302
101378
101370
101341
101350
101413
101488
101537
101567
101587
101592
101587
101565
101558
101526
101539
101513
101550
99430.5
99427.4
99421.6
99417
99411.2
99404.6
99396.1
99385.7
99373.6
99360.9
99349.5
99340.9
99336.1
99335.2
99337.3
99342.2
99349.9
99361
99376.8
99399.1
99430.7
99475.3
99538.7
99628.6
99755.2
99924.2
100125
100341
100578
100829
101091
101345
101559
101695
101737
101718
101674
101640
101609
101560
101493
101420
101344
101273
101206
101159
101111
101117
101094
101175
99734.3
99731.9
99727.5
99723.3
99718
99711.9
99704.8
99697
99688.6
99680.4
99672.8
99666.2
99660.7
99655.9
99651.5
99647.6
99644.3
99641.9
99641.4
99643.7
99651.1
99666.5
99695.2
99744.9
99826.9
99950.9
100110
100293
100495
100711
100932
101144
101323
101440
101480
101449
101370
101275
101177
101076
100974
100877
100790
100716
100655
100612
100577
100579
100567
100639
99907
99905.8
99903.7
99901.5
99898.8
99895.8
99892.5
99888.8
99885.1
99881.4
99877.8
99874.4
99870.9
99867.5
99863.8
99859.9
99855.8
99851.7
99847.8
99844.7
99843.2
99844.9
99853
99872
99910
99975.1
100065
100173
100295
100426
100558
100682
100783
100847
100863
100832
100767
100686
100604
100525
100454
100390
100337
100295
100261
100238
100222
100222
100218
100258
99975
99974.6
99973.8
99973.1
99972.2
99971.2
99970.1
99968.9
99967.7
99966.5
99965.2
99963.9
99962.6
99961.1
99959.5
99957.7
99955.7
99953.5
99951.2
99948.9
99947
99946
99947
99952.2
99965.1
99990.1
100027
100074
100127
100184
100241
100293
100334
100358
100361
100343
100309
100268
100227
100189
100157
100130
100108
100092
100079
100071
100065
100065
100064
100080
99994.7
99994.6
99994.4
99994.3
99994
99993.8
99993.5
99993.2
99992.9
99992.6
99992.3
99992
99991.6
99991.1
99990.7
99990.1
99989.5
99988.7
99987.9
99987.1
99986.2
99985.6
99985.4
99986.4
99989.7
99997
100008
100023
100041
100059
100078
100094
100107
100113
100113
100105
100093
100079
100064
100052
100042
100033
100027
100022
100019
100016
100015
100015
100015
100019
99999.1
99999.1
99999.1
99999
99999
99998.9
99998.9
99998.8
99998.8
99998.7
99998.7
99998.6
99998.5
99998.4
99998.3
99998.2
99998
99997.9
99997.7
99997.4
99997.2
99997
99996.9
99997
99997.6
99999.3
100002
100006
100010
100015
100019
100023
100026
100027
100027
100025
100022
100018
100014
100011
100009
100007
100005
100004
100004
100003
100003
100003
100003
100004
99999.9
99999.9
99999.9
99999.9
99999.9
99999.9
99999.8
99999.8
99999.8
99999.8
99999.8
99999.8
99999.8
99999.8
99999.8
99999.7
99999.7
99999.7
99999.6
99999.6
99999.5
99999.5
99999.5
99999.5
99999.6
99999.9
100000
100001
100002
100003
100004
100004
100005
100005
100005
100005
100004
100003
100002
100002
100001
100001
100001
100001
100001
100000
100000
100000
100000
100001
100000
100000
100000
100000
100000
100000
100000
100000
100000
100000
100000
100000
100000
100000
100000
100000
100000
100000
100000
99999.9
99999.9
99999.9
99999.9
99999.9
99999.9
100000
100000
100000
100000
100000
100001
100001
100001
100001
100001
100001
100001
100000
100000
100000
100000
100000
100000
100000
100000
100000
100000
100000
100000
100000
100000
100000
100000
100000
100000
100000
100000
100000
100000
100000
100000
100000
100000
100000
100000
100000
100000
100000
100000
100000
100000
100000
100000
100000
100000
100000
100000
100000
100000
100000
100000
100000
100000
100000
100000
100000
100000
100000
100000
100000
100000
100000
100000
100000
100000
100000
100000
100000
100000
100000
100000
100000
100000
100000
100000
100000
100000
100000
100000
100000
100000
100000
100000
100000
100000
100000
100000
100000
100000
100000
100000
100000
100000
100000
100000
100000
100000
100000
100000
100000
100000
100000
100000
100000
100000
100000
100000
100000
100000
100000
100000
100000
100000
100000
100000
100000
100000
100000
100000
100000
100000
100000
100000
100000
100000
100000
100000
100000
100000
100000
100000
100000
100000
100000
100000
100000
100000
100000
100000
100000
100000
100000
100000
100000
100000
100000
100000
100000
100000
100000
100000
100000
100000
100000
100000
100000
100000
100000
100000
100000
100000
100000
100000
100000
100000
100000
100000
100000
100000
100000
100000
100000
100000
100000
100000
100000
100000
100000
100000
100000
100000
100000
100000
100000
100000
100000
100000
100000
100000
100000
100000
100000
100000
100000
100000
100000
100000
100000
100000
100000
100000
100000
100000
100000
100000
100000
100000
100000
100000
100000
100000
100000
100000
100000
100000
100000
100000
100000
100000
100000
100000
100000
100000
100000
100000
100000
100000
100000
100000
100000
100000
100000
100000
100000
100000
100000
100000
100000
100000
100000
100000
100000
100000
100000
100000
100000
100000
100000
100000
100000
100000
100000
100000
100000
100000
100000
100000
100000
100000
100000
100000
100000
100000
100000
100000
100000
100000
100000
100000
100000
100000
100000
100000
100000
100000
100000
100000
100000
100000
100000
100000
100000
100000
100000
100000
100000
100000
100000
100000
100000
100000
100000
100000
100000
100000
100000
100000
100000
100000
100000
100000
100000
100000
100000
100000
100000
100000
100000
100000
100000
100000
100000
100000
100000
100000
100000
100000
100000
100000
100000
100000
100000
100000
100000
100000
100000
100000
100000
100000
100000
100000
100000
100000
100000
100000
100000
100000
100000
100000
100000
100000
100000
100000
100000
100000
100000
100000
100000
100000
100000
100000
100000
100000
100000
100000
100000
100000
100000
100000
100000
100000
100000
100000
100000
100000
100000
100000
100000
100000
100000
100000
100000
100000
100000
100000
100000
100000
100000
100000
100000
100000
100000
100000
100000
100000
100000
100000
100000
100000
100000
100000
100000
100000
100000
100000
100000
100000
100000
100000
100000
100000
100000
100000
100000
100000
100000
100000
100000
100000
100000
100000
100000
100000
100000
100000
100000
100000
100000
100000
100000
100000
100000
100000
100000
100000
100000
100000
100000
100000
100000
100000
100000
100000
100000
100000
100000
100000
100000
100000
100000
100000
100000
100000
100000
100000
100000
100000
100000
100000
100000
100000
100000
100000
100000
100000
100000
100000
100000
100000
100000
100000
100000
100000
100000
100000
100000
100000
100000
100000
100000
100000
100000
100000
100000
100000
100000
100000
100000
100000
100000
100000
100000
100000
100000
100000
100000
100000
100000
100000
100000
100000
100000
100000
100000
100000
100000
100000
100000
100000
100000
100000
100000
100000
100000
100000
100000
100000
100000
100000
100000
100000
100000
100000
100000
100000
100000
100000
100000
100000
100000
100000
100000
100000
100000
100000
100000
100000
100000
100000
100000
100000
100000
100000
100000
100000
100000
100000
100000
100000
100000
100000
100000
100000
100000
100000
100000
100000
100000
100000
100000
100000
100000
100000
100000
100000
100000
100000
100000
100000
100000
100000
100000
100000
100000
100000
100000
100000
100000
100000
100000
100000
100000
100000
100000
100000
100000
100000
100000
100000
100000
100000
100000
100000
100000
100000
100000
100000
100000
100000
100000
100000
100000
100000
100000
100000
100000
100000
100000
100000
100000
100000
100000
100000
100000
100000
100000
100000
100000
100000
100000
100000
100000
100000
100000
100000
100000
100000
100000
100000
100000
100000
100000
100000
100000
100000
100000
100000
100000
100000
100000
100000
100000
100000
100000
100000
100000
100000
100000
100000
100000
100000
100000
100000
100000
100000
100000
100000
100000
100000
100000
100000
100000
100000
100000
100000
100000
100000
100000
100000
100000
100000
100000
100000
100000
100000
100000
100000
100000
100000
100000
100000
100000
100000
100000
100000
100000
100000
100000
100000
100000
100000
100000
100000
100000
100000
100000
100000
100000
100000
100000
100000
100000
100000
100000
100000
100000
100000
100000
100000
100000
100000
100000
100000
100000
100000
100000
100000
100000
100000
100000
100000
100000
100000
100000
100000
100000
100000
100000
100000
100000
100000
100000
100000
100000
100000
100000
100000
100000
100000
100000
100000
100000
100000
100000
100000
100000
100000
100000
100000
100000
100000
100000
100000
100000
100000
100000
100000
100000
100000
100000
100000
100000
100000
100000
100000
100000
100000
100000
100000
100000
100000
100000
100000
100000
100000
100000
100000
100000
100000
100000
100000
100000
100000
100000
100000
100000
100000
100000
100000
100000
100000
100000
100000
100000
100000
100000
100000
100000
100000
100000
100000
100000
100000
100000
100000
100000
100000
100000
100000
100000
100000
100000
100000
100000
100000
100000
100000
100000
100000
100000
100000
100000
100000
100000
100000
100000
100000
100000
100000
100000
100000
100000
100000
100000
100000
100000
100000
100000
100000
100000
100000
100000
100000
100000
100000
100000
100000
100000
100000
100000
100000
100000
100000
100000
100000
100000
100000
100000
100000
100000
100000
100000
100000
100000
100000
100000
100000
100000
100000
100000
100000
100000
100000
100000
100000
100000
100000
100000
100000
100000
100000
100000
100000
100000
100000
100000
100000
100000
100000
100000
100000
100000
100000
100000
100000
100000
100000
100000
100000
100000
100000
100000
100000
100000
100000
100000
100000
100000
100000
100000
100000
100000
100000
100000
100000
100000
100000
100000
100000
100000
100000
100000
100000
100000
100000
100000
100000
100000
100000
100000
100000
100000
100000
100000
100000
100000
100000
100000
100000
100000
100000
100000
100000
100000
100000
100000
100000
100000
100000
100000
100000
100000
100000
100000
100000
100000
100000
100000
100000
100000
100000
100000
100000
100000
100000
100000
100000
100000
100000
100000
100000
100000
100000
100000
100000
100000
100000
100000
100000
100000
100000
100000
100000
100000
100000
100000
100000
100000
100000
100000
100000
100000
100000
100000
100000
100000
100000
100000
100000
100000
100000
100000
100000
100000
100000
100000
100000
100000
100000
100000
100000
100000
100000
100000
100000
100000
100000
100000
100000
100000
100000
100000
100000
100000
100000
100000
100000
100000
100000
100000
100000
100000
100000
100000
100000
100000
100000
100000
100000
100000
100000
100000
100000
100000
100000
100000
100000
100000
100000
100000
100000
100000
100000
100000
100000
100000
100000
100000
100000
100000
100000
100000
100000
100000
100000
100000
100000
100000
100000
100000
100000
100000
100000
100000
100000
100000
100000
100000
100000
100000
100000
100000
100000
100000
100000
100000
100000
100000
100000
100000
100000
100000
100000
100000
100000
100000
100000
100000
100000
100000
100000
100000
100000
100000
100000
100000
100000
100000
100000
100000
100000
100000
100000
100000
100000
100000
100000
100000
100000
100000
100000
100000
100000
100000
100000
100000
100000
100000
100000
100000
100000
100000
100000
100000
100000
100000
100000
100000
100000
100000
100000
100000
100000
100000
100000
100000
100000
100000
100000
100000
100000
100000
100000
100000
100000
100000
100000
100000
100000
100000
100000
100000
100000
100000
100000
100000
100000
100000
100000
100000
100000
100000
100000
100000
100000
100000
100000
100000
100000
100000
100000
100000
100000
100000
100000
100000
100000
100000
100000
100000
100000
100000
100000
100000
100000
100000
100000
100000
100000
100000
100000
100000
100000
100000
100000
100000
100000
100000
100000
100000
100000
100000
100000
100000
100000
100000
100000
100000
100000
100000
100000
100000
100000
100000
100000
100000
100000
100000
100000
100000
100000
100000
100000
100000
100000
100000
100000
100000
100000
100000
100000
100000
100000
100000
100000
100000
100000
100000
100000
100000
100000
100000
100000
100000
100000
100000
100000
100000
100000
100000
100000
100000
100000
100000
100000
100000
100000
100000
100000
100000
100000
100000
100000
100000
100000
100000
100000
100000
100000
100000
100000
100000
100000
100000
100000
100000
100000
100000
100000
100000
100000
100000
100000
100000
100000
100000
100000
100000
100000
100000
100000
100000
100000
100000
100000
100000
100000
100000
100000
100000
100000
100000
100000
100000
100000
100000
100000
100000
100000
100000
100000
100000
100000
100000
100000
100000
100000
100000
100000
100000
100000
100000
100000
100000
100000
100000
100000
100000
100000
100000
100000
100000
100000
100000
100000
100000
100000
100000
100000
100000
100000
100000
100000
100000
100000
100000
100000
100000
100000
100000
100000
100000
100000
100000
100000
100000
100000
100000
100000
100000
100000
100000
100000
100000
100000
100000
100000
100000
100000
100000
100000
100000
100000
100000
100000
100000
100000
100000
100000
100000
100000
100000
100000
100000
100000
100000
100000
100000
100000
100000
100000
100000
100000
100000
100000
100000
100000
100000
100000
100000
100000
100000
100000
100000
100000
100000
100000
100000
100000
100000
100000
100000
100000
100000
100000
100000
100000
100000
100000
100000
100000
100000
100000
100000
100000
100000
100000
100000
100000
100000
100000
100000
100000
100000
100000
100000
100000
100000
100000
100000
100000
100000
100000
100000
100000
100000
100000
100000
100000
100000
100000
100000
100000
100000
100000
100000
100000
100000
100000
100000
100000
100000
100000
100000
100000
100000
100000
100000
100000
100000
100000
100000
100000
100000
100000
100000
100000
100000
100000
100000
100000
100000
100000
100000
100000
100000
100000
100000
100000
100000
100000
100000
100000
100000
100000
100000
100000
100000
100000
100000
100000
100000
100000
100000
100000
100000
100000
100000
100000
100000
100000
100000
100000
100000
100000
100000
100000
100000
100000
100000
100000
100000
100000
100000
100000
100000
100000
100000
100000
100000
100000
100000
100000
100000
100000
100000
100000
100000
100000
100000
100000
100000
100000
100000
100000
100000
100000
100000
100000
100000
100000
100000
100000
100000
100000
100000
100000
100000
100000
100000
100000
100000
100000
100000
100000
100000
100000
100000
100000
100000
96253.8
99431.7
99051.3
98993.4
99058.5
99065.7
99063.6
99063
99060.6
99057.9
99057.1
99059.4
99065.4
99076
99091.1
99108.4
99125.4
99140
99154.7
99176.5
99200.4
99230.3
99259.6
99285.3
99314
99340.1
99362.7
99389.6
99424.5
99462.6
99499
99533
99564.8
99594.7
99622.1
99645.7
99665.5
99682.3
99696.7
99708.9
99718.8
99726.5
99731.7
99734.1
99733.9
99731.2
99726.8
99720.6
99712.9
99704
99694.2
99683.7
99672.5
99661
99649.3
99637.5
99625.6
99613.6
99601.6
99589.4
99577.1
99564.5
99551.3
99537.5
99522.9
99507.4
99490.3
99470.2
99446.1
99417.2
99382.5
99342.2
99296.9
99249.8
99205.4
99171.7
99153.9
99161.5
99188.8
99204.7
96784.6
99107.1
99062.7
99056.8
99115.6
99117.2
99110.9
99106.9
99101.8
99097.1
99094.5
99095.2
99099.7
99108.6
99121.6
99136.8
99152.2
99166.6
99181.4
99201.6
99224.4
99251.2
99279.1
99305.4
99332.2
99357.4
99380.8
99409.2
99442.7
99478.2
99512
99543.8
99573.5
99601.5
99627.2
99649.4
99668.1
99684.3
99698.2
99710.2
99719.9
99727.6
99732.9
99735.3
99735.1
99732.4
99727.9
99721.7
99714
99705.1
99695.4
99684.9
99673.8
99662.3
99650.6
99638.8
99626.8
99614.7
99602.5
99590.1
99577.6
99564.7
99551.3
99537.4
99522.7
99507.1
99490
99469.8
99445.4
99416.3
99381.6
99341.4
99296.6
99250
99206.2
99173
99155.6
99162.6
99188.9
99203.2
97231.5
98824.2
99017.9
99093.7
99159.2
99163.8
99157.6
99151.8
99145
99138.7
99134.6
99133.7
99136.7
99144.1
99155.1
99168.3
99182.2
99196.1
99210.9
99229.9
99251.3
99275.6
99301.1
99325.6
99351.6
99377.9
99402.6
99431.8
99466.4
99500.7
99532
99561.1
99587.6
99612.5
99635.5
99655.4
99672.5
99687.7
99701.1
99712.8
99722.1
99729.8
99735.1
99737.5
99737.2
99734.4
99729.8
99723.5
99715.7
99706.9
99697.1
99686.7
99675.6
99664.2
99652.5
99640.5
99628.4
99616.1
99603.6
99591
99578.2
99565.1
99551.5
99537.4
99522.6
99507.2
99490.3
99470.1
99445.7
99416.5
99381.9
99342.1
99298
99252.4
99209.7
99177.4
99161.6
99169.6
99196.4
99210.3
97288.6
98789.2
98967.7
99075.3
99167.1
99192.7
99196.4
99194.1
99188.5
99182.5
99177.7
99175.7
99177.7
99183.8
99193.1
99204.4
99216.7
99229.7
99244.1
99261.8
99281.6
99303.6
99326.6
99349.5
99373.9
99400.1
99428.6
99460.3
99498.1
99535.4
99566.5
99592.7
99613.1
99631.2
99648
99662.9
99677.1
99691
99703.8
99714.7
99723.7
99731.8
99737.4
99739.9
99739.5
99736.2
99731.7
99725.4
99717.7
99708.9
99699.2
99688.8
99677.8
99666.3
99654.5
99642.4
99629.9
99617.2
99604.2
99591.1
99577.9
99564.4
99550.6
99536.4
99521.8
99506.9
99491.6
99472.8
99449
99420.6
99386.7
99348.1
99305.3
99261
99219
99185.4
99165.9
99168.5
99190.8
99196.8
98195.5
98377.2
98416.7
98488
98601.5
98677.6
98716.8
98744.4
98766.1
98782.9
98799.1
98817.9
98840.9
98871.2
98906.1
98945.3
98980.2
99002.4
99018.7
99041.5
99083.5
99131.7
99175.7
99216.6
99257.1
99289
99312.2
99342.1
99385.1
99432.1
99476
99515.8
99552.2
99585.7
99615.9
99641.9
99663.6
99681.5
99696.3
99708.6
99718.4
99725.7
99730.5
99732.6
99732.2
99729.5
99724.8
99718.5
99710.7
99701.6
99691.4
99680.5
99669
99657.1
99644.9
99632.8
99620.8
99608.9
99597.2
99585.7
99574.2
99562.4
99550.2
99537.5
99524.1
99509.8
99494
99475.6
99453.7
99426.9
99394.2
99355
99309.6
99261
99214
99178.6
99163.2
99175
99193.5
99201.6
98190.4
98576.5
98561.1
98617.6
98728.1
98794.2
98826.4
98847.4
98861.9
98871.5
98880.8
98892
98906
98926.5
98952.6
98981.5
99005.7
99018.4
99031.6
99053
99092.7
99138.7
99181.3
99221.1
99260.3
99292.1
99314.9
99344.1
99386.9
99434.2
99478.1
99517.4
99553.4
99586.5
99616.4
99642.3
99663.8
99681.5
99696.3
99708.5
99718.3
99725.6
99730.5
99732.6
99732.2
99729.5
99725
99718.7
99711
99701.9
99691.9
99681.1
99669.6
99657.7
99645.7
99633.6
99621.6
99609.8
99598.1
99586.5
99574.9
99563
99550.8
99538
99524.5
99510.2
99494.2
99475.8
99453.7
99426.8
99394
99354.6
99309.2
99260.7
99214.1
99179
99162.6
99173.4
99193.8
99202.7
98340.5
98819.7
98693.5
98721.7
98815.9
98863
98883.6
98897.4
98906.5
98912.6
98919.3
98928.1
98940
98957.2
98982.2
99009.8
99035.2
99050.1
99063.6
99086.3
99118
99156.3
99194.3
99230.9
99266.8
99295.9
99318.6
99348.8
99391.1
99437
99479.7
99518.2
99553.5
99586.3
99616.2
99642
99663.5
99681.3
99696.1
99708.4
99718.1
99725.6
99730.5
99732.7
99732.4
99729.8
99725.3
99719.2
99711.5
99702.6
99692.6
99681.9
99670.3
99658.4
99646.5
99634.4
99622.3
99610.4
99598.6
99586.8
99575
99563.1
99550.7
99537.8
99524.1
99509.5
99493.2
99474.3
99451.7
99424.2
99390.8
99351.1
99305.7
99257.5
99211.5
99175.9
99157.7
99168.2
99191.9
99204.6
98653.3
99112.2
98822.2
98824.7
98907.1
98938.8
98951.7
98961.1
98966.6
98969.9
98974.1
98980.6
98990.4
99005.4
99026.4
99049.7
99070.7
99084.7
99095.3
99118.2
99145.5
99179.8
99213.1
99248.4
99282.7
99308.6
99330.5
99359.6
99399.5
99443.1
99483.8
99520.8
99555.2
99587.3
99616.7
99642
99663.2
99680.9
99695.7
99708.1
99718.1
99725.6
99730.6
99732.9
99732.7
99730.1
99725.6
99719.4
99711.8
99702.8
99692.8
99682.1
99670.8
99659
99647.2
99635.2
99623.3
99611.4
99599.6
99587.8
99575.9
99563.7
99551
99537.7
99523.7
99508.6
99492
99472.5
99449.3
99421.2
99387.2
99347.1
99301.6
99253.8
99208.4
99173.8
99155.3
99165.2
99189.9
99205.1
98674.2
99458.3
98951.9
98918.3
98991.2
99008.4
99012.7
99016.6
99017.6
99017.5
99018.8
99022.9
99030.6
99043.2
99060.7
99080.5
99099.2
99113.7
99127.7
99151.4
99176.1
99207.9
99236.4
99264.9
99298.1
99324.4
99345.8
99373.4
99410.8
99451.6
99490.2
99525.8
99559
99590.2
99618.7
99643.3
99663.9
99681.2
99695.9
99708.2
99718.2
99725.8
99731
99733.4
99733.1
99730.5
99726.1
99719.9
99712.2
99703.3
99693.4
99682.8
99671.5
99659.9
99648.2
99636.3
99624.5
99612.6
99600.7
99588.7
99576.6
99564.2
99551.2
99537.6
99523.2
99507.9
99490.9
99471.1
99447.3
99418.7
99384.3
99344
99298.6
99251.1
99206.2
99172.1
99154
99162.3
99189.1
99204.6
)
;

boundaryField
{
    inOut
    {
        type            fixedValue;
        value           uniform 100000;
    }
    coandaUpper
    {
        type            zeroGradient;
    }
    coandaLower
    {
        type            zeroGradient;
    }
    surface
    {
        type            zeroGradient;
    }
    defaultFaces
    {
        type            empty;
    }
}


// ************************************************************************* //
