0.000000000000000000e+00 0.000000000000000000e+00
0.000000000000000000e+00 2.639432784690143308e+02
-1.465058937810681527e+01 2.155673251991174766e+02
2.914342928761470830e+00 2.533749289455045073e+02
3.328049001538602170e+01 2.785918362633310608e+02
1.843602487383577682e+02 1.003482474629890930e+03
0.000000000000000000e+00 0.000000000000000000e+00
0.000000000000000000e+00 0.000000000000000000e+00
0.000000000000000000e+00 1.841515144178629271e+02
4.133731977162824478e+00 2.112242370344574738e+02
-1.443388254074307042e+01 2.691711476359159860e+02
-3.121958081919729011e+01 4.150054342630937754e+02
-1.984351865758071654e+01 1.272584404262033786e+03
0.000000000000000000e+00 0.000000000000000000e+00
