/*--------------------------------*- C++ -*----------------------------------*\
  =========                 |
  \\      /  F ield         | OpenFOAM: The Open Source CFD Toolbox
   \\    /   O peration     | Website:  https://openfoam.org
    \\  /    A nd           | Version:  9
     \\/     M anipulation  |
\*---------------------------------------------------------------------------*/
FoamFile
{
    format      ascii;
    class       volScalarField;
    location    "0.045";
    object      nut;
}
// * * * * * * * * * * * * * * * * * * * * * * * * * * * * * * * * * * * * * //

dimensions      [0 2 -1 0 0 0 0];

internalField   nonuniform List<scalar> 
7864
(
0.000854871
0.000117271
1.89752e-05
4.39626e-06
1.5905e-06
7.65622e-07
5.3285e-07
5.09899e-07
4.5793e-07
3.81836e-07
5.60761e-07
8.15988e-07
4.18368e-07
4.32171e-07
3.54483e-07
0.00241758
0.00066338
0.000330109
0.000211325
0.000150888
0.000113367
9.77583e-05
9.76046e-05
9.15559e-05
8.0654e-05
6.90923e-05
5.91596e-05
5.06828e-05
4.32808e-05
3.82742e-05
0.00379562
0.0012331
0.000635605
0.00041178
0.000299964
0.000231144
0.000183286
0.000159865
0.000138534
0.00011767
9.89355e-05
8.33903e-05
7.23444e-05
6.30918e-05
5.86924e-05
0.00500008
0.0018343
0.000948547
0.000607193
0.000435425
0.000330196
0.000255071
0.000203057
0.000164837
0.000135107
0.000111683
9.45953e-05
8.74587e-05
8.22372e-05
7.82166e-05
0.0060241
0.00240615
0.0012499
0.000790851
0.000556469
0.0004114
0.000315974
0.000250934
0.000204967
0.000171177
0.000145394
0.000125405
0.000114378
0.000104682
9.55769e-05
0.00685284
0.00290649
0.00152206
0.000952626
0.000657163
0.000483297
0.000372871
0.000299047
0.000247621
0.000209875
0.000180463
0.00015556
0.000135567
0.000119399
0.000106349
0.00745964
0.00329807
0.00174702
0.00108033
0.000740179
0.000544452
0.000421856
0.000340259
0.000283382
0.000240838
0.000206445
0.000178203
0.000155188
0.000136409
0.000120911
0.00779284
0.00352238
0.00186604
0.00114322
0.00078129
0.000575889
0.000447372
0.000361069
0.000300414
0.000254423
0.000218037
0.000188813
0.000164953
0.000144717
0.000127478
0.0076808
0.00345072
0.00183098
0.00111922
0.000763292
0.000563099
0.000437378
0.00035241
0.000292317
0.0002475
0.000211663
0.000182824
0.000159246
0.000139608
0.00012266
0.0073449
0.00324747
0.00172643
0.0010542
0.000716358
0.000526784
0.000409864
0.000329774
0.000272307
0.000229297
0.000195749
0.000168661
0.000146352
0.000128006
0.000111323
0.00674644
0.00290373
0.0015571
0.000954692
0.000644899
0.00047056
0.000363572
0.000292505
0.00024147
0.000201155
0.00016939
0.000143748
0.000123029
0.000105794
9.15206e-05
0.00588795
0.00239928
0.00129246
0.000809534
0.000547091
0.000394413
0.000299003
0.000235891
0.000191841
0.000158858
0.000133253
0.000110259
9.07768e-05
7.70783e-05
6.94804e-05
0.00474187
0.00174668
0.000939972
0.00060084
0.000420754
0.000306582
0.000227216
0.000171585
0.000132185
0.000102642
8.07127e-05
6.39701e-05
5.1319e-05
4.55298e-05
3.63909e-05
0.00324149
0.0010231
0.000532936
0.000345657
0.000247994
0.000184899
0.000138825
0.00010724
9.10679e-05
7.10739e-05
5.34551e-05
3.89918e-05
2.67069e-05
1.76455e-05
1.91075e-05
0.00126003
0.000232194
7.39278e-05
2.39652e-05
8.64312e-06
3.55548e-06
1.62487e-06
8.53816e-07
5.66033e-07
3.74258e-07
3.20874e-07
3.25524e-07
2.95814e-07
2.51316e-07
2.65775e-07
4.44481e-07
8.04949e-07
1.19157e-06
1.41457e-06
1.47371e-06
1.28859e-06
9.77587e-07
6.6886e-07
4.38844e-07
2.87766e-07
1.97696e-07
1.36373e-07
9.13233e-08
6.22131e-08
5.53357e-08
3.88151e-05
4.29452e-05
4.69221e-05
4.94656e-05
5.02975e-05
4.92644e-05
4.60373e-05
3.56454e-05
2.62141e-05
1.87699e-05
1.29622e-05
8.58124e-06
5.53707e-06
3.49707e-06
2.14631e-06
6.12261e-05
6.49622e-05
6.79813e-05
7.04579e-05
7.17891e-05
7.15892e-05
6.96221e-05
6.46993e-05
5.62166e-05
4.75427e-05
3.87169e-05
3.01634e-05
2.21462e-05
1.51499e-05
9.53277e-06
7.86054e-05
7.89599e-05
8.059e-05
8.14377e-05
8.16854e-05
8.10842e-05
7.9509e-05
7.62149e-05
7.03889e-05
6.38481e-05
5.64565e-05
4.82886e-05
3.92606e-05
2.99892e-05
2.13201e-05
9.13479e-05
9.04608e-05
8.8935e-05
8.79345e-05
8.66659e-05
8.49204e-05
8.24846e-05
7.92033e-05
7.50048e-05
7.03976e-05
6.49799e-05
5.84999e-05
5.0828e-05
4.20756e-05
3.28297e-05
0.000101386
9.74989e-05
9.39887e-05
9.08338e-05
8.72785e-05
8.38354e-05
8.03059e-05
7.66521e-05
7.32236e-05
6.97122e-05
6.59529e-05
6.15701e-05
5.6104e-05
4.90931e-05
4.09041e-05
0.000111512
0.000103254
9.63033e-05
8.97321e-05
8.39524e-05
7.87134e-05
7.40494e-05
7.00504e-05
6.67609e-05
6.39633e-05
6.14166e-05
5.88544e-05
5.55028e-05
5.09195e-05
4.48478e-05
0.000114447
0.000103142
9.34592e-05
8.49472e-05
7.75492e-05
7.10606e-05
6.55511e-05
6.10365e-05
5.74046e-05
5.46593e-05
5.27043e-05
5.13052e-05
4.98533e-05
4.78142e-05
4.44621e-05
0.000108538
9.61016e-05
8.5296e-05
7.58586e-05
6.7635e-05
6.05615e-05
5.46491e-05
4.9859e-05
4.61497e-05
4.3547e-05
4.19657e-05
4.11024e-05
4.06984e-05
4.04085e-05
3.96099e-05
9.63557e-05
8.32001e-05
7.18344e-05
6.22554e-05
5.43202e-05
4.78143e-05
4.25097e-05
3.81647e-05
3.47574e-05
3.23562e-05
3.07531e-05
2.99984e-05
3.00462e-05
3.07466e-05
3.1488e-05
7.74055e-05
6.53104e-05
5.55111e-05
4.77486e-05
4.16269e-05
3.66925e-05
3.25374e-05
2.8472e-05
2.49219e-05
2.22882e-05
2.05843e-05
1.97944e-05
1.99015e-05
2.08533e-05
2.2082e-05
5.64472e-05
4.72462e-05
4.11338e-05
3.67908e-05
3.32877e-05
2.99893e-05
2.63778e-05
2.17361e-05
1.78846e-05
1.5175e-05
1.34144e-05
1.24149e-05
1.21594e-05
1.24919e-05
1.31535e-05
2.90102e-05
2.76532e-05
2.71174e-05
2.64801e-05
2.55863e-05
2.41155e-05
2.22594e-05
1.96645e-05
1.66734e-05
1.38212e-05
1.12138e-05
8.8226e-06
7.18501e-06
6.35878e-06
6.09856e-06
1.92329e-05
1.96125e-05
2.00308e-05
1.97823e-05
1.95181e-05
1.78944e-05
1.63893e-05
1.42511e-05
1.18138e-05
9.40068e-06
7.17041e-06
5.14243e-06
2.99646e-06
2.04437e-06
1.55633e-06
2.78677e-07
2.73214e-07
2.55967e-07
2.31322e-07
4.34473e-07
1.65386e-07
1.49335e-07
1.40812e-07
1.29214e-07
1.12078e-07
9.37698e-08
7.76523e-08
5.85614e-08
1.32338e-07
5.41368e-08
5.81511e-08
6.04553e-08
6.27893e-08
6.37944e-08
6.56801e-08
6.87588e-08
7.19293e-08
7.54611e-08
7.57593e-08
7.63382e-08
8.59866e-08
1.03945e-07
1.41784e-07
2.24103e-07
4.02942e-07
1.88985e-06
1.55162e-06
1.23913e-06
9.98504e-07
9.03584e-07
8.41401e-07
7.80291e-07
7.14074e-07
6.33059e-07
5.44718e-07
4.9301e-07
4.77579e-07
5.26614e-07
7.37238e-07
1.28095e-06
7.99639e-06
6.64952e-06
5.59789e-06
4.75063e-06
3.91351e-06
3.16457e-06
2.51209e-06
1.95553e-06
1.48876e-06
1.10118e-06
8.05303e-07
5.7491e-07
4.43594e-07
5.61241e-07
8.76456e-07
1.86997e-05
1.60567e-05
1.36603e-05
1.15688e-05
9.79847e-06
8.2307e-06
6.73245e-06
5.35079e-06
4.12166e-06
3.05349e-06
2.18802e-06
1.47138e-06
1.00212e-06
6.91753e-07
9.87739e-07
2.97804e-05
2.65364e-05
2.32879e-05
2.01691e-05
1.73118e-05
1.48052e-05
1.25452e-05
1.03303e-05
8.23099e-06
6.29368e-06
4.61543e-06
3.16859e-06
2.13171e-06
1.29181e-06
1.55354e-06
3.77233e-05
3.4537e-05
3.117e-05
2.77225e-05
2.43213e-05
2.11166e-05
1.81982e-05
1.54169e-05
1.26395e-05
9.94271e-06
7.46792e-06
5.25825e-06
3.56305e-06
2.15582e-06
1.97891e-06
4.17573e-05
3.87163e-05
3.56424e-05
3.23835e-05
2.89951e-05
2.55933e-05
2.23048e-05
1.919e-05
1.60229e-05
1.28344e-05
9.785e-06
7.00784e-06
4.76663e-06
2.94483e-06
2.03527e-06
4.18037e-05
3.90984e-05
3.63239e-05
3.34187e-05
3.03239e-05
2.7087e-05
2.37916e-05
2.05295e-05
1.72562e-05
1.38997e-05
1.06308e-05
7.65512e-06
5.18497e-06
3.26193e-06
1.90363e-06
3.73892e-05
3.51541e-05
3.28258e-05
3.03401e-05
2.76733e-05
2.48155e-05
2.17903e-05
1.86609e-05
1.54945e-05
1.23585e-05
9.3606e-06
6.69264e-06
4.47818e-06
2.83133e-06
1.47871e-06
2.95623e-05
2.7664e-05
2.571e-05
2.36544e-05
2.14734e-05
1.91545e-05
1.6705e-05
1.41594e-05
1.15904e-05
9.09459e-06
6.76808e-06
4.76277e-06
3.13702e-06
1.97244e-06
9.91593e-07
2.05042e-05
1.8926e-05
1.73376e-05
1.57058e-05
1.40201e-05
1.22854e-05
1.05155e-05
8.73559e-06
6.99574e-06
5.36563e-06
3.90658e-06
2.69923e-06
1.7648e-06
1.12524e-06
6.16361e-07
1.19088e-05
1.07077e-05
9.53427e-06
8.37229e-06
7.22831e-06
6.12009e-06
5.06341e-06
4.07443e-06
3.17061e-06
2.3753e-06
1.70588e-06
1.17808e-06
8.05396e-07
5.90886e-07
4.11447e-07
5.22206e-06
4.43853e-06
3.73193e-06
3.09352e-06
2.52552e-06
2.0317e-06
1.61603e-06
1.27136e-06
9.87802e-07
7.57485e-07
5.77522e-07
4.41293e-07
3.95455e-07
4.95053e-07
3.77604e-07
1.20764e-06
9.23785e-07
7.06322e-07
5.40917e-07
4.17276e-07
3.65859e-07
3.49346e-07
3.43249e-07
3.3948e-07
3.34396e-07
3.41277e-07
3.66208e-07
4.66102e-07
6.59519e-07
6.21643e-07
5.30218e-08
4.74896e-08
4.69716e-08
4.76732e-08
4.84679e-08
4.99525e-08
5.23001e-08
5.51845e-08
5.65803e-08
5.50415e-08
6.46495e-08
8.7108e-08
1.41926e-07
2.15148e-07
4.54211e-07
0.0140468
0.0140469
0.014047
0.014047
0.0140471
0.0140472
0.0140472
0.0140473
0.0140474
0.0140475
0.0140475
0.0140476
0.0140477
0.0140478
0.0140478
0.0140479
0.014048
0.0140481
0.0140481
0.0140482
0.0140483
0.0140483
0.0140484
0.0140485
0.0140486
0.0140486
0.0140487
0.0140488
0.0140489
0.0140489
0.014049
0.0140491
0.0140491
0.0140492
0.0140493
0.0140493
0.0140494
0.0140494
0.0140495
0.0140495
0.0140496
0.0140496
0.0140496
0.0140496
0.0140496
0.0140496
0.0140496
0.0140496
0.0140496
0.0140496
0.0140496
0.0140497
0.0140497
0.0140497
0.0140497
0.0140497
0.0140497
0.0140497
0.0140497
0.0140497
0.0140497
0.0140497
0.0140497
0.0140497
0.0140497
0.0140497
0.0140497
0.0140498
0.0140498
0.0140498
0.0140498
0.0140498
0.0140498
0.0140498
0.0140499
0.0140499
0.0140499
0.0140499
0.0140499
0.0140499
0.01405
0.01405
0.01405
0.01405
0.0140501
0.0140501
0.0140501
0.0140501
0.0140502
0.0140685
0.0140691
0.0140697
0.0140704
0.014071
0.0140716
0.0140722
0.0140728
0.0140734
0.0140739
0.0140745
0.0140751
0.0140756
0.0140762
0.0140767
0.0140773
0.0140778
0.0140783
0.0140788
0.0140793
0.0140798
0.0140803
0.0140808
0.0140813
0.0140818
0.0140823
0.0140827
0.0140832
0.0140837
0.0140841
0.0140846
0.014085
0.0140854
0.0140859
0.0140863
0.0140867
0.0140871
0.0140876
0.014088
0.0140884
0.0140888
0.0140892
0.0140896
0.0140899
0.0140903
0.0140906
0.0140909
0.0140912
0.0140915
0.0140918
0.014092
0.0140923
0.0140925
0.0140927
0.0140929
0.0140931
0.0140933
0.0140935
0.0140937
0.0140939
0.0140941
0.0140942
0.0140944
0.0140945
0.0140947
0.0140948
0.0140949
0.0140951
0.0140952
0.0140953
0.0140954
0.0140955
0.0140957
0.0140958
0.0140959
0.014096
0.0140961
0.0140962
0.0140962
0.0140963
0.0140964
0.0140965
0.0140966
0.0140967
0.0140967
0.0140968
0.0140969
0.0140969
0.0140969
0.0140306
0.0140309
0.0140312
0.0140315
0.0140318
0.0140321
0.0140324
0.0140327
0.014033
0.0140334
0.0140337
0.014034
0.0140343
0.0140346
0.0140349
0.0140352
0.0140356
0.0140359
0.0140362
0.0140365
0.0140368
0.0140371
0.0140374
0.0140378
0.0140381
0.0140384
0.0140387
0.014039
0.0140393
0.0140397
0.01404
0.0140403
0.0140406
0.0140409
0.0140412
0.0140415
0.0140419
0.0140422
0.0140425
0.0140428
0.0140431
0.0140434
0.0140437
0.014044
0.0140443
0.0140446
0.014045
0.0140453
0.0140456
0.0140459
0.0140462
0.0140465
0.0140468
0.0140471
0.0140474
0.0140477
0.0140481
0.0140484
0.0140487
0.014049
0.0140493
0.0140496
0.0140499
0.0140502
0.0140505
0.0140509
0.0140512
0.0140515
0.0140518
0.0140521
0.0140524
0.0140527
0.014053
0.0140533
0.0140536
0.014054
0.0140543
0.0140546
0.0140549
0.0140552
0.0140555
0.0140558
0.0140561
0.0140564
0.0140567
0.014057
0.0140573
0.0140576
0.0140577
0.0140371
0.0140374
0.0140378
0.0140381
0.0140385
0.0140388
0.0140392
0.0140395
0.0140398
0.0140402
0.0140405
0.0140408
0.0140411
0.0140414
0.0140417
0.0140419
0.0140422
0.0140424
0.0140426
0.0140428
0.014043
0.0140432
0.0140433
0.0140435
0.0140436
0.0140437
0.0140438
0.0140438
0.0140439
0.0140439
0.0140439
0.0140439
0.0140438
0.0140437
0.0140435
0.0140433
0.0140433
0.0140433
0.0140433
0.0140434
0.0140435
0.0140436
0.0140437
0.0140439
0.0140441
0.0140443
0.0140445
0.0140447
0.0140449
0.0140451
0.0140453
0.0140456
0.0140458
0.014046
0.0140463
0.0140465
0.0140468
0.014047
0.0140473
0.0140475
0.0140478
0.0140481
0.0140483
0.0140486
0.0140489
0.0140492
0.0140494
0.0140497
0.01405
0.0140503
0.0140506
0.0140509
0.0140512
0.0140515
0.0140517
0.014052
0.0140523
0.0140526
0.0140529
0.0140533
0.0140536
0.0140539
0.0140542
0.0140545
0.0140548
0.0140551
0.0140554
0.0140557
0.0140559
0.0140276
0.0140277
0.0140278
0.0140279
0.014028
0.0140281
0.0140282
0.0140282
0.0140283
0.0140284
0.0140285
0.0140286
0.0140287
0.0140288
0.0140288
0.0140289
0.014029
0.0140291
0.0140292
0.0140292
0.0140293
0.0140294
0.0140295
0.0140295
0.0140296
0.0140297
0.0140297
0.0140298
0.0140299
0.0140299
0.01403
0.0140301
0.0140301
0.0140302
0.0140302
0.0140303
0.0140304
0.0140304
0.0140305
0.0140305
0.0140306
0.0140306
0.0140306
0.0140306
0.0140306
0.0140306
0.0140306
0.0140306
0.0140306
0.0140305
0.0140305
0.0140304
0.0140304
0.0140303
0.0140302
0.0140302
0.0140301
0.01403
0.0140299
0.0140298
0.0140297
0.0140295
0.0140294
0.0140293
0.0140291
0.0140289
0.0140288
0.0140286
0.0140284
0.0140281
0.0140279
0.0140275
0.0140272
0.0140268
0.0140265
0.0140261
0.0140257
0.0140254
0.014025
0.0140247
0.0140244
0.0140242
0.014024
0.0140238
0.0140237
0.0140235
0.0140234
0.0140232
0.0140229
0.0139974
0.0139975
0.0139977
0.0139978
0.0139979
0.013998
0.0139982
0.0139983
0.0139984
0.0139984
0.0139985
0.0139986
0.0139986
0.0139986
0.0139987
0.0139987
0.0139986
0.0139986
0.0139986
0.0139985
0.0139984
0.0139982
0.013998
0.0139976
0.0139972
0.0139969
0.0139965
0.0139961
0.0139958
0.0139954
0.013995
0.0139946
0.0139943
0.0139939
0.0139936
0.0139932
0.0139928
0.0139925
0.0139921
0.0139918
0.0139914
0.0139911
0.0139908
0.0139904
0.0139901
0.0139897
0.0139894
0.0139891
0.0139887
0.0139884
0.0139881
0.0139878
0.0139874
0.0139871
0.0139868
0.0139865
0.0139862
0.0139859
0.0139856
0.0139853
0.013985
0.0139847
0.0139844
0.0139841
0.0139838
0.0139835
0.0139832
0.0139829
0.0139827
0.0139827
0.0139826
0.0139826
0.0139827
0.0139827
0.0139828
0.0139829
0.013983
0.0139831
0.0139832
0.0139834
0.0139835
0.0139837
0.0139838
0.013984
0.0139842
0.0139844
0.0139846
0.0139848
0.013985
0.0139526
0.0139526
0.0139526
0.0139526
0.0139527
0.0139528
0.0139529
0.013953
0.0139531
0.0139533
0.0139534
0.0139535
0.0139537
0.0139539
0.013954
0.0139542
0.0139544
0.0139546
0.0139548
0.013955
0.0139552
0.0139554
0.0139556
0.0139558
0.013956
0.0139563
0.0139565
0.0139567
0.0139569
0.0139571
0.0139574
0.0139576
0.0139578
0.013958
0.0139583
0.0139585
0.0139587
0.0139589
0.0139591
0.0139594
0.0139596
0.0139598
0.01396
0.0139602
0.0139605
0.0139607
0.0139609
0.0139611
0.0139613
0.0139616
0.0139618
0.013962
0.0139622
0.0139625
0.0139627
0.0139629
0.0139631
0.0139633
0.0139636
0.0139638
0.013964
0.0139642
0.0139645
0.0139647
0.0139649
0.0139651
0.0139653
0.0139656
0.0139658
0.013966
0.0139662
0.0139664
0.0139667
0.0139669
0.0139671
0.0139673
0.0139675
0.0139678
0.013968
0.0139682
0.0139684
0.0139686
0.0139688
0.013969
0.0139693
0.0139695
0.0139697
0.0139699
0.0139702
0.0139488
0.0139483
0.0139479
0.0139474
0.0139469
0.0139465
0.013946
0.0139455
0.0139451
0.0139446
0.0139442
0.0139437
0.0139433
0.0139428
0.0139423
0.0139419
0.0139414
0.013941
0.0139406
0.0139401
0.0139397
0.0139392
0.0139388
0.0139384
0.0139379
0.0139375
0.0139371
0.0139367
0.0139363
0.0139359
0.0139355
0.0139351
0.0139347
0.0139343
0.0139339
0.0139335
0.0139331
0.0139327
0.0139323
0.013932
0.0139316
0.0139312
0.0139309
0.0139307
0.0139306
0.0139306
0.0139306
0.0139307
0.0139307
0.0139308
0.0139309
0.013931
0.0139312
0.0139313
0.0139314
0.0139316
0.0139318
0.013932
0.0139322
0.0139324
0.0139326
0.0139328
0.013933
0.0139332
0.0139335
0.0139337
0.013934
0.0139342
0.0139345
0.0139347
0.013935
0.0139353
0.0139355
0.0139358
0.0139361
0.0139364
0.0139366
0.0139369
0.0139372
0.0139375
0.0139378
0.0139381
0.0139383
0.0139386
0.0139389
0.0139392
0.0139395
0.0139398
0.0139401
0.013917
0.0139166
0.0139162
0.0139158
0.0139154
0.013915
0.0139146
0.0139141
0.0139137
0.0139133
0.0139129
0.0139125
0.0139121
0.0139117
0.0139115
0.0139114
0.0139114
0.0139114
0.0139114
0.0139115
0.0139115
0.0139116
0.0139117
0.0139118
0.013912
0.0139121
0.0139122
0.0139124
0.0139125
0.0139127
0.0139128
0.013913
0.0139132
0.0139134
0.0139136
0.0139138
0.013914
0.0139142
0.0139144
0.0139146
0.0139148
0.013915
0.0139152
0.0139155
0.0139157
0.0139159
0.0139161
0.0139164
0.0139166
0.0139168
0.0139171
0.0139173
0.0139176
0.0139178
0.013918
0.0139183
0.0139185
0.0139188
0.013919
0.0139193
0.0139195
0.0139198
0.01392
0.0139203
0.0139205
0.0139208
0.013921
0.0139213
0.0139215
0.0139218
0.013922
0.0139223
0.0139225
0.0139227
0.013923
0.0139232
0.0139235
0.0139237
0.0139239
0.0139241
0.0139243
0.0139245
0.0139246
0.0139248
0.0139249
0.013925
0.0139251
0.0139252
0.0139253
0.0139038
0.0139032
0.0139026
0.0139021
0.0139015
0.013901
0.0139004
0.0138998
0.0138993
0.0138987
0.0138981
0.0138976
0.013897
0.0138964
0.0138959
0.0138953
0.0138947
0.0138942
0.0138936
0.013893
0.0138925
0.0138919
0.0138914
0.0138908
0.0138903
0.0138897
0.0138892
0.0138886
0.0138881
0.0138876
0.0138872
0.013887
0.0138869
0.0138869
0.0138869
0.0138869
0.0138869
0.013887
0.0138871
0.0138872
0.0138873
0.0138875
0.0138876
0.0138878
0.0138879
0.0138881
0.0138883
0.0138885
0.0138887
0.0138889
0.0138891
0.0138893
0.0138895
0.0138897
0.0138899
0.0138901
0.0138903
0.0138906
0.0138908
0.013891
0.0138912
0.0138914
0.0138916
0.0138918
0.013892
0.0138922
0.0138923
0.0138925
0.0138927
0.0138929
0.013893
0.0138932
0.0138933
0.0138935
0.0138936
0.0138938
0.0138939
0.013894
0.0138941
0.0138942
0.0138943
0.0138943
0.0138944
0.0138944
0.0138943
0.0138943
0.0138942
0.0138942
0.0138942
0.0138775
0.0138768
0.0138762
0.0138755
0.0138749
0.0138742
0.0138735
0.0138729
0.0138722
0.0138715
0.0138709
0.0138702
0.0138695
0.0138689
0.0138682
0.0138675
0.0138669
0.0138663
0.0138658
0.0138656
0.0138654
0.0138654
0.0138653
0.0138652
0.0138652
0.0138652
0.0138653
0.0138653
0.0138654
0.0138654
0.0138655
0.0138656
0.0138657
0.0138658
0.013866
0.0138661
0.0138662
0.0138664
0.0138665
0.0138667
0.0138668
0.0138669
0.013867
0.013867
0.013867
0.013867
0.013867
0.0138669
0.0138668
0.0138666
0.0138664
0.0138662
0.013866
0.0138657
0.0138653
0.0138648
0.0138641
0.0138633
0.0138626
0.0138618
0.013861
0.0138602
0.0138594
0.0138586
0.0138578
0.0138571
0.0138563
0.0138555
0.0138547
0.0138539
0.0138531
0.0138523
0.0138516
0.0138508
0.01385
0.0138492
0.0138484
0.0138476
0.0138468
0.013846
0.0138452
0.0138444
0.0138436
0.0138428
0.013842
0.0138412
0.0138405
0.0138397
0.0138391
0.0138479
0.0138471
0.0138464
0.0138457
0.013845
0.0138442
0.0138435
0.0138428
0.013842
0.0138413
0.0138405
0.0138398
0.013839
0.0138383
0.0138376
0.0138368
0.013836
0.0138353
0.0138345
0.0138338
0.013833
0.0138323
0.0138315
0.0138308
0.0138301
0.0138295
0.0138293
0.0138291
0.013829
0.0138289
0.0138289
0.0138288
0.0138288
0.0138288
0.0138289
0.0138289
0.0138289
0.013829
0.013829
0.0138291
0.0138292
0.0138292
0.0138292
0.0138291
0.013829
0.0138289
0.0138288
0.0138286
0.0138283
0.0138281
0.0138278
0.0138274
0.013827
0.0138265
0.0138259
0.0138252
0.0138243
0.0138233
0.0138223
0.0138213
0.0138203
0.0138193
0.0138183
0.0138173
0.0138164
0.0138154
0.0138144
0.0138134
0.0138124
0.0138115
0.0138105
0.0138095
0.0138085
0.0138075
0.0138065
0.0138055
0.0138045
0.0138035
0.0138025
0.0138015
0.0138005
0.0137995
0.0137985
0.0137975
0.0137965
0.0137955
0.0137945
0.0137936
0.0137928
0.0138208
0.0138199
0.013819
0.0138181
0.0138172
0.0138163
0.0138155
0.0138146
0.0138137
0.0138128
0.0138119
0.013811
0.0138101
0.0138092
0.0138083
0.0138074
0.0138065
0.0138056
0.0138047
0.0138039
0.0138035
0.0138033
0.013803
0.0138025
0.0138015
0.0138005
0.0137996
0.0137986
0.0137977
0.0137967
0.0137958
0.0137948
0.0137938
0.0137929
0.0137919
0.013791
0.01379
0.0137891
0.0137881
0.0137871
0.0137862
0.0137852
0.0137842
0.0137833
0.0137823
0.0137813
0.0137804
0.0137794
0.0137784
0.0137775
0.0137765
0.0137755
0.0137745
0.0137736
0.0137726
0.0137716
0.0137706
0.0137696
0.0137686
0.0137676
0.0137666
0.0137656
0.0137646
0.0137636
0.0137626
0.0137615
0.0137605
0.0137595
0.0137585
0.0137574
0.0137564
0.0137554
0.0137543
0.0137533
0.0137522
0.0137512
0.0137501
0.0137491
0.013748
0.013747
0.0137459
0.0137448
0.0137438
0.0137427
0.0137416
0.0137405
0.0137395
0.0137385
0.0137376
0.0137902
0.0137892
0.0137882
0.0137872
0.0137861
0.0137851
0.0137841
0.013783
0.013782
0.0137809
0.0137799
0.0137788
0.0137778
0.0137767
0.0137757
0.0137746
0.0137735
0.0137725
0.0137714
0.0137703
0.0137692
0.0137681
0.0137671
0.0137661
0.013765
0.0137639
0.0137628
0.0137617
0.0137606
0.0137595
0.0137584
0.0137573
0.0137561
0.013755
0.0137539
0.0137528
0.0137517
0.0137505
0.0137494
0.0137482
0.0137471
0.013746
0.0137448
0.0137437
0.0137425
0.0137413
0.0137402
0.013739
0.0137379
0.0137367
0.0137355
0.0137343
0.0137331
0.013732
0.0137308
0.0137296
0.0137284
0.0137272
0.013726
0.0137247
0.0137235
0.0137223
0.0137211
0.0137199
0.0137186
0.0137174
0.0137162
0.0137149
0.0137137
0.0137124
0.0137112
0.0137099
0.0137087
0.0137074
0.0137061
0.0137049
0.0137036
0.0137023
0.013701
0.0136997
0.0136984
0.0136971
0.0136958
0.0136945
0.0136932
0.0136919
0.0136906
0.0136894
0.0136884
0.0137579
0.0137567
0.0137555
0.0137543
0.013753
0.0137518
0.0137505
0.0137493
0.013748
0.0137468
0.0137455
0.0137443
0.013743
0.0137417
0.0137405
0.0137392
0.0137379
0.0137366
0.0137353
0.013734
0.0137327
0.0137314
0.0137301
0.0137288
0.0137275
0.0137262
0.0137249
0.0137235
0.0137222
0.0137209
0.0137195
0.0137182
0.0137168
0.0137155
0.0137141
0.0137128
0.0137114
0.01371
0.0137087
0.0137073
0.0137059
0.0137045
0.0137031
0.0137017
0.0137003
0.0136989
0.0136975
0.0136961
0.0136947
0.0136933
0.0136918
0.0136904
0.013689
0.0136875
0.0136861
0.0136846
0.0136832
0.0136817
0.0136802
0.0136788
0.0136773
0.0136758
0.0136743
0.0136728
0.0136713
0.0136698
0.0136683
0.0136668
0.0136653
0.0136638
0.0136622
0.0136607
0.0136592
0.0136576
0.0136561
0.0136545
0.013653
0.0136514
0.0136499
0.0136483
0.0136467
0.0136451
0.0136435
0.0136419
0.0136403
0.0136387
0.0136372
0.0136357
0.0136344
0.0137221
0.0137207
0.0137192
0.0137178
0.0137163
0.0137148
0.0137134
0.0137119
0.0137104
0.0137089
0.0137074
0.0137059
0.0137044
0.0137029
0.0137014
0.0136999
0.0136984
0.0136968
0.0136953
0.0136938
0.0136922
0.0136907
0.0136891
0.0136875
0.013686
0.0136844
0.0136828
0.0136812
0.0136796
0.0136781
0.0136765
0.0136748
0.0136732
0.0136716
0.01367
0.0136684
0.0136667
0.0136651
0.0136634
0.0136618
0.0136601
0.0136585
0.0136568
0.0136551
0.0136534
0.0136517
0.01365
0.0136483
0.0136466
0.0136449
0.0136432
0.0136415
0.0136397
0.013638
0.0136363
0.0136345
0.0136327
0.013631
0.0136292
0.0136274
0.0136256
0.0136239
0.0136221
0.0136203
0.0136184
0.0136166
0.0136148
0.013613
0.0136111
0.0136093
0.0136074
0.0136056
0.0136037
0.0136018
0.0136
0.0135981
0.0135962
0.0135943
0.0135924
0.0135905
0.0135885
0.0135866
0.0135847
0.0135827
0.0135808
0.0135789
0.0135769
0.0135751
0.0135736
0.0136826
0.0136809
0.0136792
0.0136775
0.0136757
0.013674
0.0136722
0.0136705
0.0136687
0.013667
0.0136652
0.0136634
0.0136616
0.0136598
0.013658
0.0136562
0.0136544
0.0136526
0.0136508
0.0136489
0.0136471
0.0136453
0.0136434
0.0136415
0.0136397
0.0136378
0.0136359
0.013634
0.0136321
0.0136302
0.0136283
0.0136264
0.0136245
0.0136225
0.0136206
0.0136186
0.0136167
0.0136147
0.0136127
0.0136107
0.0136088
0.0136068
0.0136048
0.0136027
0.0136007
0.0135987
0.0135966
0.0135946
0.0135925
0.0135905
0.0135884
0.0135863
0.0135842
0.0135821
0.01358
0.0135779
0.0135758
0.0135737
0.0135715
0.0135694
0.0135672
0.0135651
0.0135629
0.0135607
0.0135585
0.0135563
0.0135541
0.0135519
0.0135497
0.0135474
0.0135452
0.0135429
0.0135407
0.0135384
0.0135361
0.0135338
0.0135315
0.0135292
0.0135269
0.0135246
0.0135222
0.0135199
0.0135175
0.0135151
0.0135128
0.0135104
0.0135081
0.0135058
0.013504
0.0136397
0.0136376
0.0136356
0.0136336
0.0136315
0.0136295
0.0136274
0.0136253
0.0136232
0.0136212
0.0136191
0.013617
0.0136148
0.0136127
0.0136106
0.0136084
0.0136063
0.0136041
0.013602
0.0135998
0.0135976
0.0135954
0.0135932
0.013591
0.0135887
0.0135865
0.0135843
0.013582
0.0135797
0.0135775
0.0135752
0.0135729
0.0135706
0.0135683
0.013566
0.0135636
0.0135613
0.0135589
0.0135565
0.0135542
0.0135518
0.0135494
0.013547
0.0135446
0.0135421
0.0135397
0.0135372
0.0135348
0.0135323
0.0135298
0.0135273
0.0135248
0.0135223
0.0135197
0.0135172
0.0135146
0.0135121
0.0135095
0.0135069
0.0135043
0.0135017
0.0134991
0.0134964
0.0134938
0.0134911
0.0134884
0.0134858
0.0134831
0.0134803
0.0134776
0.0134749
0.0134721
0.0134694
0.0134666
0.0134638
0.013461
0.0134582
0.0134554
0.0134526
0.0134497
0.0134468
0.013444
0.0134411
0.0134382
0.0134353
0.0134324
0.0134295
0.0134268
0.0134245
0.0135927
0.0135903
0.0135879
0.0135855
0.0135831
0.0135806
0.0135782
0.0135757
0.0135733
0.0135708
0.0135683
0.0135658
0.0135633
0.0135608
0.0135583
0.0135557
0.0135532
0.0135506
0.013548
0.0135454
0.0135428
0.0135402
0.0135376
0.0135349
0.0135323
0.0135296
0.0135269
0.0135242
0.0135215
0.0135188
0.0135161
0.0135133
0.0135105
0.0135078
0.013505
0.0135022
0.0134994
0.0134965
0.0134937
0.0134908
0.0134879
0.0134851
0.0134822
0.0134792
0.0134763
0.0134734
0.0134704
0.0134674
0.0134644
0.0134614
0.0134584
0.0134554
0.0134523
0.0134492
0.0134461
0.013443
0.0134399
0.0134368
0.0134336
0.0134305
0.0134273
0.0134241
0.0134209
0.0134176
0.0134144
0.0134111
0.0134078
0.0134046
0.0134012
0.0133979
0.0133946
0.0133912
0.0133878
0.0133844
0.013381
0.0133775
0.0133741
0.0133706
0.0133671
0.0133636
0.0133601
0.0133566
0.013353
0.0133494
0.0133458
0.0133422
0.0133387
0.0133353
0.0133326
0.0135413
0.0135384
0.0135356
0.0135328
0.0135299
0.013527
0.0135241
0.0135212
0.0135183
0.0135154
0.0135124
0.0135095
0.0135065
0.0135035
0.0135005
0.0134974
0.0134944
0.0134913
0.0134883
0.0134852
0.0134821
0.013479
0.0134758
0.0134727
0.0134695
0.0134663
0.0134631
0.0134599
0.0134566
0.0134533
0.0134501
0.0134468
0.0134434
0.0134401
0.0134367
0.0134334
0.01343
0.0134266
0.0134231
0.0134197
0.0134162
0.0134127
0.0134092
0.0134057
0.0134021
0.0133985
0.0133949
0.0133913
0.0133877
0.013384
0.0133804
0.0133767
0.0133729
0.0133692
0.0133654
0.0133616
0.0133578
0.013354
0.0133501
0.0133463
0.0133424
0.0133385
0.0133345
0.0133305
0.0133266
0.0133225
0.0133185
0.0133144
0.0133104
0.0133063
0.0133021
0.013298
0.0132938
0.0132896
0.0132854
0.0132811
0.0132768
0.0132725
0.0132682
0.0132638
0.0132595
0.0132551
0.0132506
0.0132462
0.0132417
0.0132372
0.0132328
0.0132286
0.0132253
0.0134845
0.0134811
0.0134778
0.0134744
0.013471
0.0134676
0.0134642
0.0134608
0.0134573
0.0134538
0.0134503
0.0134468
0.0134432
0.0134397
0.0134361
0.0134325
0.0134289
0.0134252
0.0134216
0.0134179
0.0134141
0.0134104
0.0134066
0.0134029
0.0133991
0.0133952
0.0133914
0.0133875
0.0133836
0.0133797
0.0133757
0.0133717
0.0133677
0.0133637
0.0133597
0.0133556
0.0133515
0.0133473
0.0133432
0.013339
0.0133348
0.0133305
0.0133263
0.013322
0.0133176
0.0133133
0.0133089
0.0133045
0.0133001
0.0132956
0.0132911
0.0132866
0.013282
0.0132774
0.0132728
0.0132681
0.0132635
0.0132587
0.013254
0.0132492
0.0132444
0.0132396
0.0132347
0.0132298
0.0132249
0.0132199
0.0132149
0.0132099
0.0132048
0.0131997
0.0131946
0.0131894
0.0131842
0.013179
0.0131737
0.0131684
0.0131631
0.0131577
0.0131523
0.0131468
0.0131414
0.0131358
0.0131303
0.0131247
0.0131191
0.0131135
0.0131079
0.0131027
0.0130985
0.0134215
0.0134176
0.0134136
0.0134096
0.0134056
0.0134016
0.0133975
0.0133934
0.0133893
0.0133852
0.013381
0.0133768
0.0133726
0.0133684
0.0133641
0.0133598
0.0133555
0.0133511
0.0133467
0.0133423
0.0133379
0.0133334
0.0133289
0.0133243
0.0133197
0.0133151
0.0133105
0.0133058
0.0133011
0.0132964
0.0132916
0.0132868
0.013282
0.0132771
0.0132722
0.0132672
0.0132622
0.0132572
0.0132522
0.0132471
0.0132419
0.0132368
0.0132315
0.0132263
0.013221
0.0132157
0.0132103
0.0132049
0.0131994
0.0131939
0.0131884
0.0131828
0.0131772
0.0131716
0.0131658
0.0131601
0.0131543
0.0131485
0.0131426
0.0131367
0.0131307
0.0131247
0.0131187
0.0131125
0.0131064
0.0131002
0.013094
0.0130877
0.0130813
0.013075
0.0130685
0.0130621
0.0130555
0.013049
0.0130423
0.0130357
0.013029
0.0130222
0.0130154
0.0130085
0.0130016
0.0129946
0.0129876
0.0129805
0.0129734
0.0129663
0.0129592
0.0129526
0.0129473
0.0133513
0.0133467
0.013342
0.0133373
0.0133325
0.0133278
0.0133229
0.0133181
0.0133132
0.0133083
0.0133033
0.0132983
0.0132933
0.0132883
0.0132832
0.013278
0.0132728
0.0132676
0.0132624
0.0132571
0.0132517
0.0132464
0.0132409
0.0132355
0.01323
0.0132244
0.0132188
0.0132132
0.0132075
0.0132018
0.013196
0.0131901
0.0131843
0.0131783
0.0131724
0.0131663
0.0131603
0.0131541
0.013148
0.0131417
0.0131355
0.0131291
0.0131227
0.0131163
0.0131098
0.0131032
0.0130966
0.0130899
0.0130832
0.0130764
0.0130696
0.0130627
0.0130557
0.0130487
0.0130416
0.0130344
0.0130272
0.01302
0.0130126
0.0130053
0.0129978
0.0129903
0.0129827
0.012975
0.0129673
0.0129595
0.0129517
0.0129438
0.0129358
0.0129278
0.0129197
0.0129115
0.0129032
0.0128949
0.0128865
0.012878
0.0128695
0.0128609
0.0128522
0.0128435
0.0128347
0.0128258
0.0128168
0.0128078
0.0127987
0.0127896
0.0127806
0.0127721
0.0127654
0.013273
0.0132675
0.013262
0.0132564
0.0132508
0.0132451
0.0132394
0.0132336
0.0132278
0.013222
0.0132161
0.0132101
0.0132041
0.0131981
0.013192
0.0131859
0.0131797
0.0131734
0.0131671
0.0131608
0.0131544
0.0131479
0.0131414
0.0131348
0.0131281
0.0131214
0.0131147
0.0131078
0.013101
0.013094
0.013087
0.0130799
0.0130727
0.0130655
0.0130582
0.0130509
0.0130435
0.013036
0.0130284
0.0130207
0.013013
0.0130052
0.0129973
0.0129894
0.0129814
0.0129733
0.0129651
0.0129568
0.0129484
0.01294
0.0129315
0.0129229
0.0129142
0.0129054
0.0128966
0.0128877
0.0128786
0.0128695
0.0128603
0.012851
0.0128416
0.0128321
0.0128226
0.0128129
0.0128032
0.0127933
0.0127834
0.0127733
0.0127632
0.012753
0.0127427
0.0127323
0.0127217
0.0127111
0.0127004
0.0126896
0.0126787
0.0126677
0.0126566
0.0126453
0.012634
0.0126226
0.0126111
0.0125995
0.0125878
0.012576
0.0125644
0.0125534
0.0125449
0.0131854
0.0131789
0.0131724
0.0131658
0.0131591
0.0131524
0.0131456
0.0131388
0.0131319
0.0131249
0.0131179
0.0131108
0.0131037
0.0130965
0.0130892
0.0130818
0.0130744
0.0130669
0.0130594
0.0130518
0.013044
0.0130363
0.0130284
0.0130205
0.0130124
0.0130043
0.0129961
0.0129879
0.0129795
0.012971
0.0129625
0.0129539
0.0129451
0.0129363
0.0129274
0.0129184
0.0129093
0.0129001
0.0128908
0.0128813
0.0128718
0.0128622
0.0128524
0.0128426
0.0128326
0.0128226
0.0128124
0.0128021
0.0127917
0.0127811
0.0127705
0.0127597
0.0127488
0.0127378
0.0127267
0.0127154
0.0127041
0.0126926
0.0126809
0.0126692
0.0126573
0.0126452
0.0126331
0.0126208
0.0126084
0.0125959
0.0125832
0.0125704
0.0125574
0.0125443
0.0125311
0.0125178
0.0125043
0.0124907
0.0124769
0.012463
0.0124489
0.0124348
0.0124204
0.012406
0.0123914
0.0123766
0.0123617
0.0123467
0.0123316
0.0123164
0.0123013
0.0122871
0.012276
0.0130874
0.0130797
0.013072
0.0130642
0.0130563
0.0130483
0.0130403
0.0130322
0.013024
0.0130157
0.0130074
0.0129989
0.0129904
0.0129818
0.0129731
0.0129643
0.0129555
0.0129465
0.0129374
0.0129282
0.012919
0.0129096
0.0129001
0.0128905
0.0128808
0.012871
0.0128611
0.0128511
0.0128409
0.0128306
0.0128202
0.0128097
0.012799
0.0127882
0.0127773
0.0127662
0.012755
0.0127437
0.0127322
0.0127205
0.0127088
0.0126968
0.0126847
0.0126725
0.0126601
0.0126476
0.0126348
0.012622
0.0126089
0.0125957
0.0125823
0.0125688
0.0125551
0.0125412
0.0125271
0.0125129
0.0124984
0.0124838
0.012469
0.0124541
0.0124389
0.0124236
0.0124081
0.0123924
0.0123765
0.0123604
0.0123442
0.0123277
0.0123111
0.0122943
0.0122773
0.0122601
0.0122427
0.0122251
0.0122074
0.0121894
0.0121713
0.012153
0.0121345
0.0121158
0.0120969
0.0120778
0.0120586
0.0120391
0.0120195
0.0119998
0.0119803
0.0119618
0.0119475
0.0129776
0.0129685
0.0129594
0.0129501
0.0129408
0.0129314
0.0129219
0.0129123
0.0129026
0.0128928
0.0128828
0.0128728
0.0128627
0.0128524
0.012842
0.0128315
0.0128209
0.0128102
0.0127993
0.0127883
0.0127771
0.0127659
0.0127544
0.0127429
0.0127311
0.0127193
0.0127072
0.012695
0.0126827
0.0126702
0.0126575
0.0126446
0.0126316
0.0126183
0.0126049
0.0125913
0.0125775
0.0125636
0.0125494
0.012535
0.0125204
0.0125055
0.0124905
0.0124753
0.0124598
0.0124441
0.0124282
0.012412
0.0123956
0.012379
0.0123622
0.0123451
0.0123277
0.0123101
0.0122923
0.0122742
0.0122558
0.0122372
0.0122184
0.0121993
0.0121799
0.0121603
0.0121404
0.0121203
0.0120999
0.0120793
0.0120584
0.0120372
0.0120158
0.0119942
0.0119723
0.0119501
0.0119277
0.011905
0.0118821
0.011859
0.0118356
0.011812
0.0117881
0.011764
0.0117396
0.0117151
0.0116902
0.0116652
0.01164
0.0116146
0.0115895
0.0115656
0.011547
0.0128545
0.0128438
0.0128331
0.0128222
0.0128112
0.0128001
0.0127888
0.0127775
0.012766
0.0127543
0.0127426
0.0127307
0.0127186
0.0127064
0.012694
0.0126815
0.0126688
0.012656
0.012643
0.0126298
0.0126164
0.0126028
0.0125891
0.0125751
0.012561
0.0125466
0.0125321
0.0125173
0.0125023
0.0124871
0.0124716
0.0124559
0.01244
0.0124238
0.0124073
0.0123906
0.0123736
0.0123564
0.0123388
0.012321
0.0123029
0.0122845
0.0122658
0.0122468
0.0122275
0.0122079
0.0121879
0.0121676
0.012147
0.0121261
0.0121048
0.0120832
0.0120612
0.0120389
0.0120163
0.0119933
0.0119699
0.0119462
0.0119222
0.0118978
0.011873
0.0118479
0.0118224
0.0117966
0.0117705
0.011744
0.0117171
0.01169
0.0116625
0.0116346
0.0116065
0.011578
0.0115492
0.0115201
0.0114907
0.011461
0.011431
0.0114007
0.0113701
0.0113393
0.0113082
0.0112768
0.0112451
0.0112132
0.0111811
0.0111489
0.0111169
0.0110866
0.0110627
0.0127165
0.012704
0.0126914
0.0126786
0.0126657
0.0126526
0.0126393
0.0126259
0.0126124
0.0125986
0.0125847
0.0125706
0.0125563
0.0125418
0.0125271
0.0125123
0.0124972
0.0124818
0.0124663
0.0124505
0.0124345
0.0124183
0.0124018
0.012385
0.012368
0.0123507
0.0123331
0.0123152
0.012297
0.0122786
0.0122598
0.0122407
0.0122212
0.0122014
0.0121813
0.0121608
0.0121399
0.0121187
0.0120971
0.0120751
0.0120527
0.0120299
0.0120066
0.011983
0.0119589
0.0119344
0.0119094
0.011884
0.0118581
0.0118318
0.011805
0.0117777
0.01175
0.0117217
0.011693
0.0116639
0.0116342
0.011604
0.0115734
0.0115423
0.0115108
0.0114787
0.0114462
0.0114132
0.0113798
0.011346
0.0113117
0.011277
0.0112418
0.0112063
0.0111704
0.0111341
0.0110974
0.0110603
0.0110229
0.0109852
0.0109471
0.0109088
0.0108701
0.0108312
0.010792
0.0107526
0.0107129
0.010673
0.0106329
0.0105927
0.0105529
0.0105151
0.0104852
0.0125621
0.0125475
0.0125327
0.0125177
0.0125025
0.0124871
0.0124716
0.0124558
0.0124399
0.0124237
0.0124073
0.0123906
0.0123738
0.0123567
0.0123393
0.0123216
0.0123037
0.0122856
0.0122671
0.0122483
0.0122292
0.0122098
0.0121901
0.0121701
0.0121497
0.0121289
0.0121077
0.0120862
0.0120643
0.012042
0.0120193
0.0119961
0.0119725
0.0119484
0.0119239
0.0118989
0.0118734
0.0118474
0.0118208
0.0117938
0.0117662
0.011738
0.0117093
0.01168
0.0116501
0.0116196
0.0115885
0.0115568
0.0115245
0.0114915
0.0114579
0.0114237
0.0113888
0.0113532
0.011317
0.0112802
0.0112427
0.0112046
0.0111658
0.0111264
0.0110864
0.0110458
0.0110046
0.0109628
0.0109205
0.0108775
0.0108341
0.0107902
0.0107457
0.0107008
0.0106555
0.0106097
0.0105635
0.010517
0.0104702
0.010423
0.0103755
0.0103278
0.0102799
0.0102318
0.0101835
0.010135
0.0100865
0.0100379
0.00998927
0.00994076
0.00989281
0.00984718
0.00981093
0.0123893
0.0123723
0.012355
0.0123375
0.0123198
0.0123019
0.0122837
0.0122653
0.0122466
0.0122276
0.0122084
0.0121888
0.012169
0.0121489
0.0121284
0.0121077
0.0120865
0.0120651
0.0120432
0.012021
0.0119984
0.0119754
0.011952
0.0119281
0.0119038
0.0118791
0.0118538
0.0118281
0.0118018
0.0117751
0.0117477
0.0117198
0.0116914
0.0116623
0.0116326
0.0116023
0.0115714
0.0115397
0.0115074
0.0114744
0.0114406
0.0114061
0.0113709
0.0113348
0.011298
0.0112604
0.0112219
0.0111827
0.0111426
0.0111016
0.0110598
0.0110171
0.0109736
0.0109292
0.0108839
0.0108378
0.0107909
0.0107431
0.0106945
0.010645
0.0105948
0.0105438
0.0104921
0.0104397
0.0103866
0.0103328
0.0102784
0.0102235
0.010168
0.0101121
0.0100557
0.009999
0.00994193
0.0098846
0.00982705
0.00976935
0.00971155
0.00965371
0.00959589
0.00953816
0.00948058
0.0094232
0.00936609
0.00930931
0.00925296
0.00919718
0.00914243
0.00909049
0.00904903
0.0121965
0.0121767
0.0121566
0.0121364
0.0121158
0.0120949
0.0120738
0.0120523
0.0120306
0.0120085
0.0119861
0.0119633
0.0119402
0.0119166
0.0118927
0.0118684
0.0118437
0.0118185
0.0117929
0.0117668
0.0117403
0.0117132
0.0116856
0.0116574
0.0116287
0.0115994
0.0115695
0.011539
0.0115078
0.011476
0.0114435
0.0114102
0.0113762
0.0113414
0.0113058
0.0112695
0.0112322
0.0111941
0.0111551
0.0111152
0.0110743
0.0110325
0.0109896
0.0109458
0.0109009
0.0108549
0.0108079
0.0107598
0.0107105
0.0106602
0.0106087
0.0105561
0.0105024
0.0104475
0.0103915
0.0103344
0.0102763
0.010217
0.0101567
0.0100954
0.0100331
0.00996986
0.00990575
0.00984081
0.00977511
0.00970871
0.00964169
0.00957412
0.00950609
0.0094377
0.00936904
0.00930022
0.00923134
0.00916251
0.00909386
0.0090255
0.00895754
0.00889013
0.00882337
0.00875739
0.00869231
0.00862824
0.00856531
0.00850371
0.00844356
0.00838501
0.00832845
0.00827544
0.00823321
0.0119817
0.0119589
0.0119358
0.0119124
0.0118886
0.0118645
0.0118401
0.0118153
0.0117902
0.0117647
0.0117387
0.0117124
0.0116856
0.0116583
0.0116306
0.0116024
0.0115737
0.0115444
0.0115146
0.0114843
0.0114533
0.0114218
0.0113896
0.0113567
0.0113231
0.0112888
0.0112538
0.011218
0.0111814
0.0111439
0.0111056
0.0110664
0.0110262
0.0109851
0.010943
0.0108998
0.0108556
0.0108102
0.0107637
0.0107161
0.0106672
0.0106171
0.0105657
0.0105129
0.0104589
0.0104035
0.0103466
0.0102884
0.0102287
0.0101676
0.0101051
0.010041
0.00997552
0.00990858
0.00984019
0.00977039
0.00969921
0.00962669
0.00955286
0.0094778
0.00940158
0.00932427
0.00924596
0.00916677
0.0090868
0.00900621
0.00892512
0.00884371
0.00876216
0.00868064
0.00859935
0.00851853
0.00843837
0.00835912
0.00828099
0.00820422
0.00812906
0.00805581
0.00798466
0.00791579
0.00784937
0.00778559
0.00772484
0.00766794
0.00761473
0.0075649
0.00751852
0.00747655
0.007444
0.0117433
0.0117172
0.0116908
0.0116639
0.0116367
0.0116092
0.0115812
0.0115528
0.011524
0.0114947
0.0114649
0.0114347
0.011404
0.0113727
0.0113409
0.0113085
0.0112755
0.0112418
0.0112076
0.0111726
0.011137
0.0111006
0.0110634
0.0110255
0.0109867
0.0109471
0.0109065
0.010865
0.0108226
0.0107791
0.0107345
0.0106889
0.0106421
0.0105941
0.0105449
0.0104944
0.0104426
0.0103894
0.0103347
0.0102786
0.010221
0.0101618
0.010101
0.0100385
0.00997435
0.00990845
0.00984078
0.00977131
0.00970001
0.00962687
0.00955186
0.00947499
0.00939627
0.0093157
0.00923332
0.00914917
0.00906329
0.00897577
0.00888668
0.00879613
0.00870426
0.00861122
0.00851719
0.00842238
0.00832703
0.00823142
0.00813586
0.00804069
0.00794627
0.00785298
0.00776123
0.00767148
0.00758421
0.00749978
0.00741856
0.00734095
0.00726769
0.00719968
0.00713664
0.00707838
0.00702499
0.00697668
0.00693368
0.00689623
0.00686442
0.00683846
0.00681865
0.00680534
0.00679883
0.01148
0.0114503
0.0114203
0.0113898
0.011359
0.0113276
0.0112959
0.0112636
0.0112309
0.0111977
0.0111639
0.0111296
0.0110947
0.0110592
0.0110231
0.0109863
0.0109488
0.0109106
0.0108716
0.0108319
0.0107913
0.0107499
0.0107076
0.0106644
0.0106201
0.0105749
0.0105286
0.0104812
0.0104327
0.0103829
0.0103318
0.0102795
0.0102258
0.0101706
0.010114
0.0100558
0.00999596
0.00993448
0.00987125
0.00980622
0.00973933
0.0096705
0.00959968
0.0095268
0.00945181
0.00937466
0.00929529
0.00921367
0.00912975
0.00904351
0.00895494
0.00886402
0.00877078
0.00867522
0.00857741
0.00847741
0.00837532
0.00827126
0.00816539
0.00805792
0.00794912
0.00783929
0.00772882
0.00761816
0.00750783
0.0073984
0.00729054
0.00718499
0.00708249
0.00698371
0.00688944
0.00680097
0.00671921
0.00664402
0.00657562
0.00651449
0.0064611
0.00641595
0.00637938
0.00635164
0.00633321
0.00632467
0.00632621
0.00633777
0.00635852
0.00638941
0.00643186
0.00648649
0.00654308
0.0111907
0.0111573
0.0111235
0.0110892
0.0110545
0.0110193
0.0109836
0.0109474
0.0109107
0.0108734
0.0108355
0.010797
0.0107578
0.010718
0.0106774
0.0106361
0.0105941
0.0105512
0.0105075
0.0104629
0.0104174
0.0103709
0.0103234
0.0102749
0.0102252
0.0101743
0.0101222
0.0100689
0.0100142
0.00995804
0.00990046
0.00984134
0.00978061
0.0097182
0.00965403
0.00958802
0.0095201
0.00945019
0.00937819
0.00930403
0.00922763
0.00914888
0.00906772
0.00898406
0.00889782
0.00880893
0.00871731
0.00862291
0.00852567
0.00842555
0.00832254
0.00821662
0.00810781
0.00799616
0.00788175
0.0077647
0.00764519
0.00752346
0.00739986
0.00727481
0.00714887
0.00702274
0.00689725
0.00677343
0.00665238
0.00653525
0.00642342
0.00631897
0.00622268
0.00613511
0.00605724
0.00599018
0.0059349
0.00589217
0.0058628
0.00584781
0.00584765
0.00586267
0.00589247
0.00593655
0.0059979
0.00607896
0.00617725
0.00629288
0.0064234
0.00656936
0.00673042
0.00690077
0.00705604
0.010875
0.0108377
0.0108001
0.010762
0.0107233
0.0106842
0.0106446
0.0106044
0.0105636
0.0105222
0.0104802
0.0104375
0.0103941
0.01035
0.0103051
0.0102594
0.0102129
0.0101655
0.0101171
0.0100678
0.0100174
0.00996594
0.00991336
0.00985958
0.00980456
0.00974823
0.00969051
0.00963135
0.00957066
0.00950838
0.00944442
0.0093787
0.00931114
0.00924164
0.00917011
0.00909646
0.00902058
0.00894236
0.00886172
0.00877852
0.00869267
0.00860406
0.00851256
0.00841807
0.00832049
0.00821971
0.00811563
0.00800817
0.00789724
0.00778281
0.00766482
0.00754329
0.00741823
0.00728975
0.00715798
0.00702317
0.00688569
0.00674607
0.00660504
0.0064636
0.00632303
0.00618486
0.00605086
0.00592359
0.0058052
0.00569702
0.00560102
0.0055194
0.00545416
0.005407
0.00537983
0.00537435
0.00539111
0.00542982
0.0054916
0.00558051
0.0056946
0.00583314
0.00599478
0.00617827
0.00638333
0.00660991
0.00685636
0.0071212
0.00740293
0.00770066
0.00801168
0.0083234
0.00859175
0.010533
0.010492
0.0104505
0.0104086
0.0103661
0.0103232
0.0102796
0.0102356
0.0101909
0.0101455
0.0100995
0.0100528
0.0100054
0.00995718
0.00990815
0.00985825
0.00980745
0.00975569
0.00970293
0.0096491
0.00959417
0.00953806
0.00948071
0.00942206
0.00936204
0.00930057
0.00923757
0.00917298
0.00910669
0.00903863
0.00896869
0.00889678
0.00882279
0.00874662
0.00866816
0.00858727
0.00850385
0.00841776
0.00832887
0.00823705
0.00814215
0.00804402
0.00794254
0.00783754
0.00772889
0.00761644
0.00750007
0.00737965
0.00725508
0.00712629
0.00699323
0.00685591
0.0067144
0.00656889
0.00641969
0.00626732
0.00611263
0.00595682
0.00580164
0.00564927
0.00550289
0.00536555
0.00523984
0.00512933
0.00503779
0.00496903
0.0049269
0.00491486
0.00493457
0.00498641
0.00507461
0.00520218
0.00536438
0.00556033
0.00578961
0.0060512
0.00633988
0.00665421
0.00699218
0.00735279
0.007735
0.00813708
0.00855629
0.00898657
0.00942482
0.00986676
0.0103042
0.0107168
0.0110466
0.0101657
0.0101211
0.010076
0.0100304
0.0099843
0.0099377
0.00989055
0.00984281
0.00979445
0.00974545
0.00969576
0.00964535
0.00959417
0.00954218
0.00948935
0.00943561
0.00938092
0.00932522
0.00926847
0.00921059
0.00915152
0.0090912
0.00902956
0.00896652
0.008902
0.00883591
0.00876818
0.0086987
0.00862738
0.00855411
0.00847879
0.00840129
0.00832151
0.00823931
0.00815455
0.0080671
0.00797681
0.00788353
0.00778709
0.00768732
0.00758406
0.00747712
0.00736632
0.00725147
0.00713239
0.00700889
0.00688079
0.00674795
0.00661022
0.00646751
0.00631978
0.00616709
0.00600961
0.00584776
0.00568223
0.00551427
0.00534584
0.00517975
0.00502029
0.00487107
0.00473667
0.00462334
0.00453785
0.00448707
0.00447587
0.00450926
0.00459275
0.00473065
0.00491911
0.00515681
0.00544302
0.00577404
0.00614072
0.00654241
0.00697729
0.00744161
0.00793088
0.00843688
0.00895513
0.0094818
0.0100134
0.0105465
0.0110778
0.011604
0.0121208
0.0126226
0.0130981
0.0135229
0.0138386
0.00977502
0.00972698
0.00967851
0.00962958
0.00958018
0.00953027
0.00947981
0.00942878
0.00937715
0.00932486
0.00927189
0.00921818
0.00916371
0.00910841
0.00905225
0.00899516
0.00893708
0.00887797
0.00881776
0.00875638
0.00869375
0.00862981
0.00856448
0.00849767
0.00842929
0.00835925
0.00828745
0.00821378
0.00813814
0.00806041
0.00798045
0.00789815
0.00781337
0.00772595
0.00763574
0.00754259
0.00744631
0.00734674
0.00724367
0.0071369
0.00702624
0.00691145
0.00679232
0.00666861
0.00654008
0.00640652
0.00626768
0.00612339
0.00597347
0.00581785
0.00565652
0.00548967
0.00531775
0.00514165
0.00496305
0.00478486
0.0046118
0.00444866
0.0043023
0.00418199
0.00409707
0.00406004
0.00408077
0.00416958
0.00432801
0.00455713
0.00485597
0.00522068
0.00564161
0.00611427
0.00663378
0.0071923
0.00777889
0.00838565
0.00900581
0.00963331
0.0102627
0.0108888
0.0115075
0.0121151
0.0127086
0.0132852
0.0138425
0.0143775
0.0148867
0.0153637
0.0157969
0.0161625
0.0164115
0.00936337
0.00931233
0.0092609
0.00920905
0.00915674
0.00910396
0.00905066
0.00899681
0.00894237
0.0088873
0.00883156
0.0087751
0.00871787
0.00865982
0.00860089
0.00854104
0.00848019
0.00841828
0.00835524
0.00829101
0.00822549
0.00815862
0.0080903
0.00802044
0.00794894
0.00787571
0.00780062
0.00772357
0.00764443
0.00756307
0.00747936
0.00739314
0.00730427
0.00721258
0.0071179
0.00702004
0.00691881
0.00681401
0.00670541
0.00659278
0.00647588
0.00635445
0.00622823
0.00609693
0.00596027
0.00581799
0.00566982
0.00551553
0.00535498
0.00518814
0.00501516
0.00483652
0.00465325
0.00446737
0.00428271
0.00410543
0.00394301
0.0038064
0.00371187
0.00367765
0.00371821
0.00384503
0.00406535
0.00438094
0.0047876
0.00527564
0.00583654
0.00645607
0.0071214
0.00781961
0.00853938
0.00927079
0.010005
0.0107345
0.0114528
0.0121549
0.0128367
0.0134949
0.0141271
0.0147315
0.0153067
0.0158516
0.0163648
0.0168445
0.0172874
0.0176878
0.0180351
0.0183094
0.018475
0.008934
0.00888044
0.00882653
0.00877225
0.00871757
0.00866244
0.00860684
0.00855072
0.00849405
0.00843677
0.00837884
0.00832022
0.00826085
0.00820067
0.00813963
0.00807766
0.0080147
0.00795068
0.00788552
0.00781914
0.00775147
0.00768241
0.00761186
0.00753973
0.00746592
0.0073903
0.00731276
0.00723318
0.00715143
0.00706735
0.00698081
0.00689163
0.00679967
0.00670472
0.00660662
0.00650514
0.00640009
0.00629123
0.00617831
0.00606108
0.00593926
0.00581257
0.00568069
0.00554332
0.00540013
0.00525083
0.00509513
0.00493285
0.00476391
0.00458844
0.00440695
0.00422053
0.00403142
0.00384386
0.00366518
0.00350729
0.00338785
0.00333147
0.00335878
0.00349156
0.00374378
0.00411982
0.00461383
0.00521197
0.00589586
0.00664581
0.00744235
0.00826822
0.00910834
0.00994985
0.0107821
0.0115967
0.0123871
0.0131483
0.0138771
0.0145711
0.0152291
0.0158503
0.0164344
0.0169813
0.0174908
0.0179627
0.0183961
0.0187896
0.0191399
0.0194421
0.0196893
0.0198668
0.0199538
0.00849062
0.00843508
0.00837926
0.00832312
0.00826663
0.00820975
0.00815244
0.00809466
0.00803636
0.00797749
0.00791802
0.00785788
0.00779702
0.00773538
0.0076729
0.00760951
0.00754514
0.00747971
0.00741315
0.00734537
0.00727629
0.0072058
0.00713382
0.00706022
0.0069849
0.00690774
0.00682861
0.00674737
0.0066639
0.00657802
0.00648959
0.00639844
0.00630438
0.00620722
0.00610676
0.00600279
0.00589507
0.00578336
0.00566739
0.00554689
0.00542156
0.00529109
0.00515514
0.00501339
0.00486552
0.00471123
0.0045503
0.00438264
0.00420838
0.00402806
0.00384282
0.00365492
0.00346887
0.0032933
0.00314264
0.00304236
0.00302031
0.00311011
0.0033401
0.0037253
0.0042633
0.00493638
0.00571796
0.006579
0.00749215
0.00843346
0.00938289
0.0103242
0.0112448
0.0121353
0.0129889
0.0138016
0.0145708
0.0152955
0.0159755
0.0166112
0.0172033
0.0177527
0.01826
0.0187257
0.0191501
0.0195329
0.0198731
0.0201702
0.0204189
0.020613
0.0207456
0.0208128
0.0208118
0.00803725
0.00798034
0.00792321
0.00786581
0.00780813
0.0077501
0.00769171
0.00763289
0.0075736
0.00751379
0.00745342
0.00739242
0.00733073
0.0072683
0.00720506
0.00714093
0.00707585
0.00700973
0.00694249
0.00687404
0.00680429
0.00673313
0.00666047
0.00658619
0.00651016
0.00643227
0.00635238
0.00627035
0.00618603
0.00609925
0.00600986
0.00591767
0.0058225
0.00572414
0.00562238
0.005517
0.00540776
0.0052944
0.00517664
0.00505421
0.0049268
0.00479408
0.00465575
0.00451149
0.00436102
0.00420413
0.00404078
0.00387112
0.00369573
0.0035158
0.00333365
0.00315346
0.00298392
0.00284218
0.00275299
0.00275547
0.00289588
0.00321227
0.00372026
0.00440809
0.00524359
0.00618626
0.00719705
0.00824235
0.0092948
0.010333
0.011341
0.0123075
0.0132255
0.0140911
0.0149025
0.01566
0.0163646
0.017018
0.017622
0.0181785
0.0186889
0.0191545
0.0195761
0.019954
0.0202882
0.0205782
0.0208192
0.0210062
0.0211392
0.0212168
0.0212369
0.0211982
0.0211013
0.0075781
0.00752042
0.00746257
0.00740454
0.00734627
0.00728773
0.00722886
0.00716963
0.00710998
0.00704986
0.00698922
0.006928
0.00686613
0.00680356
0.00674021
0.00667601
0.00661089
0.00654475
0.00647752
0.00640909
0.00633938
0.00626827
0.00619567
0.00612144
0.00604547
0.00596762
0.00588775
0.00580572
0.00572138
0.00563455
0.00554506
0.00545273
0.00535736
0.00525876
0.00515669
0.00505093
0.00494125
0.00482738
0.00470905
0.00458599
0.00445791
0.00432452
0.00418556
0.00404079
0.00389009
0.00373345
0.00357113
0.00340382
0.00323277
0.00306024
0.00289042
0.00273007
0.00259515
0.00251002
0.00252046
0.00268624
0.00306028
0.00366307
0.0044729
0.00544286
0.00651898
0.00765206
0.00880252
0.0099399
0.0110419
0.0120935
0.0130856
0.0140137
0.0148766
0.0156755
0.0164127
0.0170912
0.0177141
0.0182843
0.0188046
0.019277
0.0197031
0.0200837
0.0204192
0.0207096
0.0209508
0.0211394
0.0212763
0.0213601
0.0213894
0.0213629
0.0212794
0.0211386
0.0209417
0.00711729
0.00705944
0.00700149
0.00694341
0.00688515
0.00682668
0.00676794
0.00670889
0.00664948
0.00658965
0.00652934
0.0064685
0.00640706
0.00634496
0.00628212
0.00621846
0.00615391
0.00608839
0.00602179
0.00595403
0.00588501
0.00581461
0.00574273
0.00566923
0.005594
0.0055169
0.00543778
0.00535649
0.00527287
0.00518675
0.00509795
0.00500629
0.00491157
0.00481358
0.00471211
0.00460693
0.0044978
0.00438448
0.00426672
0.00414428
0.00401693
0.00388445
0.00374672
0.00360367
0.00345545
0.00330245
0.00314547
0.002986
0.00282619
0.00266975
0.0025236
0.00239497
0.00230824
0.00230975
0.00246764
0.00285501
0.00350736
0.00439994
0.00546931
0.00665026
0.00788313
0.00911984
0.0103258
0.0114776
0.0125611
0.0135693
0.0145005
0.0153561
0.0161395
0.0168549
0.0175069
0.0181001
0.0186383
0.0191248
0.0195624
0.0199527
0.0202969
0.0205952
0.0208462
0.0210467
0.0211969
0.0212954
0.0213404
0.0213304
0.0212644
0.0211415
0.0209615
0.0207253
0.0204388
0.0066588
0.00660133
0.00654384
0.00648627
0.00642859
0.00637074
0.00631269
0.00625437
0.00619574
0.00613675
0.00607733
0.00601741
0.00595695
0.00589586
0.00583408
0.00577152
0.00570811
0.00564376
0.00557837
0.00551185
0.00544409
0.00537499
0.00530442
0.00523226
0.00515839
0.00508265
0.00500491
0.004925
0.00484277
0.00475804
0.00467064
0.00458037
0.00448703
0.00439043
0.00429036
0.00418659
0.00407892
0.00396713
0.00385102
0.00373042
0.0036052
0.00347531
0.00334084
0.00320207
0.00305959
0.00291435
0.00276795
0.00262313
0.0024826
0.00235054
0.00223144
0.00214314
0.00212552
0.00224813
0.00259729
0.00323897
0.0041608
0.00529107
0.00654567
0.00786004
0.0091713
0.0104383
0.0116351
0.012748
0.0137717
0.0147066
0.0155565
0.0163268
0.0170234
0.0176523
0.0182191
0.0187288
0.0191854
0.019592
0.0199508
0.0202631
0.0205289
0.0207472
0.0209177
0.021039
0.0211093
0.0211267
0.0210883
0.0209914
0.0208358
0.0206218
0.0203513
0.0200285
0.0196606
0.00620628
0.00614972
0.0060932
0.00603665
0.00598004
0.00592332
0.00586644
0.00580935
0.005752
0.00569432
0.00563627
0.00557777
0.00551876
0.00545918
0.00539894
0.00533796
0.00527617
0.00521348
0.00514979
0.005085
0.00501901
0.00495171
0.00488297
0.00481267
0.00474067
0.00466683
0.00459101
0.00451305
0.00443278
0.00435003
0.00426461
0.00417635
0.00408505
0.00399051
0.00389254
0.00379095
0.00368556
0.00357622
0.00346281
0.00334529
0.00322372
0.00309831
0.00296951
0.0028381
0.00270535
0.00257285
0.00244324
0.00232033
0.00220293
0.00209571
0.00200995
0.00197324
0.00204576
0.00232072
0.00288306
0.00376521
0.00490242
0.00619999
0.00757535
0.00895223
0.0102787
0.011523
0.0126697
0.0137143
0.0146591
0.0155095
0.0162727
0.0169564
0.0175678
0.0181135
0.0185995
0.0190307
0.0194107
0.0197423
0.0200269
0.0202649
0.0204573
0.020604
0.0207038
0.0207544
0.0207524
0.0206951
0.0205794
0.0204028
0.0201645
0.0198655
0.0195096
0.0191037
0.0186576
0.005763
0.00570782
0.00565271
0.00559763
0.00554254
0.00548738
0.00543211
0.00537667
0.00532101
0.00526508
0.00520881
0.00515213
0.00509499
0.00503731
0.00497902
0.00492004
0.00486028
0.00479966
0.00473808
0.00467544
0.00461164
0.00454655
0.00448006
0.00441205
0.00434237
0.00427089
0.00419745
0.00412189
0.00404406
0.00396377
0.00388086
0.00379513
0.00370641
0.00361452
0.0035193
0.00342059
0.00331828
0.00321233
0.00310275
0.00298972
0.00287358
0.00275496
0.00263482
0.00251459
0.00239658
0.00228209
0.00217471
0.00207232
0.00197846
0.00190011
0.00185328
0.00187842
0.00206097
0.00250694
0.00326545
0.0043365
0.00562361
0.00702769
0.00846454
0.00985415
0.0111537
0.0123438
0.0134196
0.0143841
0.0152447
0.0160099
0.0166887
0.0172898
0.0178211
0.0182893
0.0187002
0.0190586
0.0193674
0.0196285
0.0198428
0.0200137
0.020141
0.0202234
0.0202591
0.0202449
0.0201771
0.0200517
0.0198649
0.0196138
0.0192973
0.0189171
0.0184788
0.017993
0.0174741
0.00533182
0.0052784
0.0052251
0.00517187
0.00511866
0.00506543
0.00501212
0.00495869
0.00490508
0.00485123
0.00479709
0.00474258
0.00468764
0.00463221
0.0045762
0.00451954
0.00446215
0.00440393
0.00434479
0.00428463
0.00422334
0.00416082
0.00409693
0.00403155
0.00396455
0.00389578
0.00382509
0.00375232
0.00367732
0.0035999
0.00351991
0.00343718
0.00335153
0.00326283
0.00317096
0.00307585
0.00297748
0.00287598
0.0027716
0.00266483
0.00255645
0.00244765
0.00233998
0.0022355
0.00213741
0.00204338
0.00195451
0.00187352
0.00180497
0.00175765
0.00175331
0.00184895
0.0021561
0.00276923
0.00367037
0.00486919
0.00624991
0.00772162
0.0091731
0.0105381
0.0117851
0.0129059
0.0139038
0.0147867
0.015565
0.0162493
0.0168489
0.0173735
0.0178315
0.0182281
0.0185697
0.018861
0.0191038
0.0192981
0.019449
0.0195591
0.0196272
0.0196512
0.0196283
0.0195546
0.0194257
0.0192367
0.0189831
0.0186612
0.0182695
0.0178099
0.0172916
0.0167343
0.0161568
0.0049151
0.00486378
0.0048126
0.00476153
0.00471051
0.00465951
0.00460846
0.00455732
0.00450604
0.00445455
0.0044028
0.00435072
0.00429825
0.00424532
0.00419186
0.00413778
0.00408301
0.00402745
0.00397101
0.00391359
0.00385509
0.00379538
0.00373436
0.00367189
0.00360784
0.00354206
0.00347442
0.00340475
0.00333289
0.0032587
0.00318201
0.00310267
0.00302057
0.00293561
0.00284776
0.00275707
0.00266372
0.00256806
0.00247074
0.00237264
0.00227519
0.00218022
0.00208877
0.00200404
0.0019227
0.00184623
0.00177704
0.00171854
0.00167601
0.00166027
0.00170009
0.00187223
0.00231041
0.00306177
0.00401952
0.00529871
0.00674035
0.00824525
0.00968434
0.0110038
0.0121863
0.0132332
0.014154
0.0149585
0.0156598
0.0162695
0.0167963
0.0172508
0.0176427
0.0179735
0.0182508
0.018479
0.0186596
0.0187945
0.0188896
0.0189447
0.0189582
0.0189274
0.0188489
0.0187182
0.0185305
0.0182803
0.0179623
0.0175721
0.0171078
0.0165719
0.0159829
0.0154485
0.0149778
0.00451478
0.00446581
0.004417
0.00436833
0.00431975
0.0042712
0.00422263
0.004174
0.00412526
0.00407634
0.00402719
0.00397775
0.00392795
0.00387772
0.00382699
0.00377568
0.00372371
0.003671
0.00361745
0.00356296
0.00350743
0.00345074
0.00339278
0.00333342
0.00327253
0.00320997
0.00314561
0.00307928
0.00301086
0.0029402
0.00286717
0.00279167
0.00271363
0.00263308
0.00255011
0.00246498
0.00237816
0.00229032
0.00220274
0.00211666
0.0020335
0.00195655
0.00188268
0.00181221
0.0017465
0.00168759
0.00163815
0.00160184
0.00158454
0.00159941
0.00168354
0.0019346
0.00249941
0.00333668
0.00426506
0.00559871
0.00709133
0.00859826
0.0100035
0.0112672
0.012382
0.0133562
0.0142046
0.0149358
0.0155665
0.0161093
0.0165691
0.0169591
0.0172877
0.0175596
0.0177799
0.0179518
0.0180762
0.0181598
0.0182039
0.0182075
0.0181688
0.0180846
0.0179509
0.0177633
0.0175166
0.0172052
0.0168235
0.0163674
0.0158387
0.0152564
0.0147495
0.0143207
0.0139777
0.00413234
0.00408591
0.00403967
0.00399358
0.00394759
0.00390167
0.00385575
0.00380979
0.00376373
0.00371753
0.00367112
0.00362445
0.00357745
0.00353005
0.00348219
0.00343378
0.00338475
0.00333501
0.00328447
0.00323304
0.00318061
0.00312708
0.00307232
0.00301622
0.00295866
0.0028995
0.00283862
0.00277588
0.00271116
0.00264437
0.00257542
0.00250429
0.00243104
0.00235584
0.00227902
0.00220113
0.00212316
0.00204592
0.00197122
0.0019005
0.00183477
0.00177127
0.00171075
0.00165458
0.00160457
0.00156296
0.00153254
0.00151709
0.00152315
0.00156659
0.00169341
0.00202147
0.00270185
0.00354947
0.00439991
0.00576943
0.00729299
0.00878633
0.010147
0.011352
0.0124007
0.0133056
0.0140891
0.014752
0.015316
0.0157943
0.0161956
0.0165296
0.0168041
0.0170241
0.0171938
0.017316
0.017392
0.0174284
0.0174247
0.0173791
0.0172891
0.0171511
0.0169607
0.0167132
0.0164043
0.0160293
0.0155845
0.0150723
0.0145301
0.0140488
0.0136505
0.013354
0.013153
0.00376885
0.0037251
0.00368155
0.00363816
0.0035949
0.0035517
0.00350853
0.00346533
0.00342207
0.00337867
0.00333509
0.00329128
0.00324716
0.00320267
0.00315775
0.00311232
0.0030663
0.00301961
0.00297217
0.00292388
0.00287464
0.00282435
0.00277291
0.0027202
0.0026661
0.00261052
0.00255333
0.00249444
0.00243379
0.00237132
0.00230705
0.00224112
0.00217374
0.00210537
0.0020367
0.00196845
0.00190207
0.00183809
0.0017801
0.00172383
0.00166946
0.00161779
0.00157003
0.00152772
0.00149278
0.00146744
0.00145446
0.00145774
0.00148463
0.00155407
0.0017206
0.00211738
0.00289399
0.00368707
0.00446209
0.00582458
0.00735334
0.00882388
0.0101354
0.0112837
0.0122705
0.0131094
0.0138246
0.014428
0.0149355
0.0153597
0.0157102
0.0159958
0.0162234
0.016398
0.0165234
0.0166014
0.0166359
0.0166295
0.0165809
0.016488
0.0163472
0.016154
0.0159033
0.0155906
0.0152133
0.0147728
0.0142767
0.0137782
0.0133262
0.0129479
0.0126729
0.0125271
0.0123613
0.00342502
0.00338402
0.00334324
0.00330263
0.00326214
0.00322173
0.00318137
0.00314099
0.00310056
0.00306001
0.00301931
0.00297838
0.00293718
0.00289564
0.00285369
0.00281127
0.00276831
0.00272471
0.00268041
0.00263532
0.00258934
0.00254238
0.00249436
0.00244517
0.00239472
0.00234293
0.00228975
0.00223511
0.00217906
0.00212164
0.00206303
0.00200364
0.00194388
0.00188437
0.00182619
0.00177007
0.00171898
0.00167008
0.00162245
0.00157639
0.00153267
0.00149233
0.00145673
0.00142747
0.0014064
0.00139568
0.00139797
0.00141737
0.00146239
0.00155507
0.00175712
0.0022076
0.00304692
0.00374886
0.00444917
0.00577975
0.00728944
0.0087304
0.00999086
0.0110771
0.0120028
0.0127854
0.0134452
0.0139971
0.0144559
0.0148337
0.0151404
0.0153841
0.0155714
0.0157071
0.0157945
0.0158355
0.0158335
0.0157885
0.0156989
0.0155612
0.0153707
0.0151214
0.0148068
0.0144224
0.0139718
0.0134784
0.0130079
0.0125869
0.0122221
0.0119461
0.0117838
0.0117616
0.0115832
0.00310121
0.00306301
0.00302502
0.0029872
0.00294952
0.00291192
0.00287437
0.00283683
0.00279923
0.00276155
0.00272372
0.00268569
0.00264741
0.00260882
0.00256986
0.00253047
0.00249057
0.0024501
0.00240898
0.00236714
0.00232451
0.002281
0.00223655
0.00219108
0.00214456
0.00209697
0.0020483
0.00199859
0.0019481
0.00189697
0.00184557
0.00179437
0.00174424
0.00169591
0.00165148
0.00161007
0.00156946
0.00152967
0.00149114
0.00145456
0.00142083
0.00139109
0.00136669
0.00134919
0.00134034
0.00134213
0.00135718
0.00139002
0.00145058
0.0015639
0.00179681
0.00228419
0.00315353
0.0037465
0.00435571
0.00564306
0.00711294
0.00850631
0.00972114
0.0107572
0.0116321
0.0123658
0.012978
0.013485
0.0139013
0.0142391
0.014508
0.0147161
0.0148694
0.0149724
0.0150284
0.0150392
0.0150062
0.0149282
0.0148024
0.0146244
0.0143879
0.0140847
0.0137063
0.0132487
0.0127322
0.0122493
0.0118414
0.01149
0.0112061
0.0110218
0.0109614
0.011006
0.0108106
0.00279751
0.00276211
0.00272691
0.00269188
0.00265698
0.00262218
0.00258743
0.00255269
0.00251792
0.00248308
0.0024481
0.00241296
0.0023776
0.00234196
0.00230599
0.00226964
0.00223284
0.00219555
0.0021577
0.00211923
0.00208009
0.00204025
0.00199967
0.00195833
0.00191627
0.00187359
0.00183036
0.00178672
0.00174302
0.00169957
0.00165719
0.00161637
0.0015788
0.00154452
0.00151075
0.00147741
0.00144465
0.00141287
0.00138266
0.00135477
0.00133016
0.00130994
0.00129543
0.00128808
0.00128948
0.00130144
0.00132662
0.00137032
0.00144424
0.00157572
0.00183558
0.00237298
0.00321519
0.00368739
0.004194
0.00541519
0.00683513
0.00818747
0.00936124
0.0103535
0.0111838
0.0118739
0.0124439
0.0129112
0.0132904
0.0135937
0.0138306
0.0140088
0.0141342
0.014211
0.014242
0.0142293
0.0141719
0.0140676
0.0139127
0.0137017
0.0134269
0.0130782
0.012645
0.0121257
0.0115722
0.0111288
0.0107722
0.0104797
0.0102656
0.0101533
0.0101777
0.0102497
0.0100395
0.00251381
0.00248116
0.00244871
0.00241644
0.0023843
0.00235225
0.00232027
0.00228831
0.00225633
0.0022243
0.00219217
0.0021599
0.00212746
0.00209479
0.00206185
0.00202861
0.00199501
0.00196103
0.00192664
0.00189179
0.00185649
0.00182079
0.00178468
0.00174821
0.00171144
0.00167457
0.00163784
0.00160151
0.0015664
0.00153266
0.00150221
0.00147451
0.00144713
0.00142002
0.0013931
0.00136657
0.00134077
0.00131619
0.00129344
0.00127329
0.00125667
0.00124465
0.00123846
0.00123944
0.00124895
0.00126865
0.0013014
0.00135371
0.00143923
0.00158615
0.00186469
0.00242628
0.00321906
0.00358542
0.00401568
0.00511966
0.00648359
0.0077983
0.00893459
0.00988705
0.0106769
0.0113273
0.0118594
0.0122913
0.0126381
0.0129118
0.0131219
0.013276
0.0133793
0.0134359
0.0134484
0.0134188
0.0133444
0.0132216
0.0130465
0.0128127
0.0125119
0.012133
0.0116652
0.0111099
0.0105398
0.0101192
0.00979845
0.00955001
0.00938717
0.00932272
0.00938978
0.00948353
0.00926736
0.00224979
0.00221985
0.00219011
0.00216054
0.00213111
0.00210179
0.00207254
0.00204334
0.00201415
0.00198494
0.00195567
0.00192632
0.00189686
0.00186726
0.0018375
0.00180754
0.0017774
0.00174709
0.00171659
0.00168589
0.00165502
0.00162405
0.00159308
0.0015623
0.00153184
0.00150213
0.00147369
0.00144655
0.00142314
0.00140135
0.00137978
0.00135837
0.00133697
0.00131565
0.00129457
0.00127402
0.00125436
0.00123608
0.0012198
0.00120625
0.00119631
0.00119103
0.00119151
0.00119893
0.0012144
0.00123942
0.00127737
0.00133647
0.00143224
0.00159153
0.00187904
0.00245067
0.00316876
0.00345309
0.00382227
0.00477447
0.00607781
0.0073569
0.00845841
0.00937395
0.0101262
0.0107399
0.0112375
0.0116377
0.011956
0.0122046
0.0123929
0.0125279
0.0126147
0.0126571
0.0126572
0.0126166
0.0125332
0.0124006
0.012215
0.0119703
0.0116581
0.0112686
0.0107926
0.0102342
0.00965517
0.00922919
0.00892367
0.00870043
0.00856576
0.00852393
0.00858866
0.00870044
0.00849247
0.00197779
0.00195072
0.00192384
0.00189711
0.0018705
0.001844
0.00181758
0.00179124
0.00176493
0.00173863
0.00171235
0.00168612
0.00165989
0.00163365
0.00160738
0.00158112
0.0015549
0.00152873
0.00150273
0.00147702
0.00145168
0.00142699
0.00140343
0.00138092
0.00136066
0.00134339
0.00132662
0.00131011
0.0012937
0.00127723
0.00126072
0.00124421
0.00122785
0.00121182
0.00119641
0.00118198
0.00116902
0.00115809
0.00114991
0.00114531
0.00114526
0.00115078
0.00116278
0.00118213
0.0012102
0.00125125
0.00131574
0.00142071
0.00158858
0.00187287
0.00243482
0.00308296
0.00329751
0.00358982
0.00439509
0.00563316
0.00687745
0.00794605
0.00882666
0.00954335
0.0101227
0.0105883
0.01096
0.0112534
0.0114809
0.0116516
0.0117723
0.0118479
0.0118814
0.0118749
0.0118293
0.0117439
0.01161
0.0114237
0.0111796
0.0108706
0.0104888
0.010029
0.00949821
0.00894015
0.00847828
0.00815983
0.00793772
0.0078056
0.00776307
0.00779999
0.00789543
0.00771345
0.00175468
0.0017303
0.00170613
0.00168215
0.00165833
0.00163469
0.00161125
0.00158796
0.00156482
0.00154181
0.00151892
0.00149618
0.00147362
0.00145123
0.00142907
0.00140724
0.00138581
0.00136481
0.00134459
0.00132542
0.00130717
0.00129069
0.0012771
0.00126441
0.00125185
0.0012396
0.00122739
0.00121513
0.0012028
0.0011904
0.00117796
0.00116558
0.0011534
0.0011416
0.00113046
0.00112032
0.00111162
0.00110491
0.00110087
0.00110029
0.00110406
0.00111305
0.00112791
0.00114916
0.00117823
0.00122062
0.00128953
0.00140272
0.00157448
0.00184511
0.00238003
0.00297263
0.00312832
0.00333842
0.00399715
0.00516286
0.00637138
0.00740816
0.00825522
0.00893773
0.00948437
0.00992023
0.0102659
0.0105375
0.0107473
0.0109043
0.011015
0.0110838
0.0111135
0.0111056
0.0110606
0.0109782
0.0108508
0.0106727
0.0104395
0.0101458
0.00978623
0.00935951
0.00887529
0.00836733
0.00790024
0.00753077
0.00727847
0.00712263
0.00705466
0.00704969
0.0070723
0.00692925
0.00155054
0.00152899
0.00150771
0.00148669
0.00146591
0.00144537
0.00142509
0.00140508
0.00138534
0.00136587
0.00134673
0.00132798
0.00130969
0.00129185
0.00127463
0.00125836
0.00124301
0.00122854
0.00121609
0.00120594
0.00119649
0.00118718
0.00117824
0.00116948
0.00116071
0.00115193
0.00114308
0.00113415
0.00112514
0.00111608
0.00110702
0.00109804
0.00108926
0.00108087
0.00107311
0.00106629
0.00106082
0.00105724
0.00105619
0.00105842
0.00106473
0.00107577
0.0010919
0.00111329
0.00114156
0.00118391
0.00125657
0.00137701
0.00154889
0.00179492
0.00229388
0.00284543
0.00295373
0.00308604
0.00359683
0.00468295
0.00584786
0.00685345
0.00766777
0.00831695
0.00883211
0.00923984
0.00956164
0.00981397
0.010009
0.0101556
0.0102598
0.0103257
0.0103556
0.0103508
0.0103113
0.0102359
0.0101211
0.00995867
0.00974479
0.00947561
0.00914849
0.00876479
0.00833533
0.00788679
0.00745888
0.00707489
0.00675126
0.00654208
0.00642274
0.00635665
0.00629827
0.00613989
0.00136596
0.00134737
0.00132914
0.00131126
0.00129373
0.00127655
0.00125979
0.00124351
0.00122772
0.00121242
0.00119777
0.00118403
0.00117117
0.00115907
0.00114831
0.00113983
0.00113263
0.0011257
0.00111899
0.00111271
0.00110665
0.00110063
0.00109464
0.00108865
0.00108262
0.00107653
0.00107035
0.0010641
0.00105778
0.00105142
0.00104505
0.00103874
0.00103261
0.00102682
0.00102157
0.00101716
0.00101399
0.00101256
0.00101348
0.00101747
0.00102517
0.00103703
0.00105303
0.00107301
0.00109898
0.00114027
0.00121619
0.00134264
0.00151124
0.00171851
0.00218045
0.0027046
0.00277877
0.00284527
0.00321837
0.00420108
0.00531458
0.00628909
0.007071
0.00768725
0.00817165
0.00855247
0.00885206
0.00908715
0.00926986
0.00940867
0.00950929
0.00957539
0.00960902
0.00961092
0.00958075
0.00951705
0.00941702
0.00927615
0.00908793
0.00885008
0.008562
0.00822668
0.00785461
0.00746614
0.00708671
0.00672927
0.00639659
0.00609595
0.00590213
0.00574882
0.00560123
0.00535747
0.00120131
0.00118599
0.00117117
0.00115689
0.00114312
0.0011299
0.00111744
0.00110588
0.00109512
0.00108509
0.00107637
0.00106965
0.00106417
0.00105904
0.00105406
0.00104951
0.00104536
0.00104137
0.00103744
0.0010336
0.00102983
0.00102605
0.00102225
0.0010184
0.0010145
0.00101051
0.00100644
0.00100228
0.000998049
0.000993752
0.000989422
0.000985115
0.000980919
0.000976968
0.000973458
0.000970665
0.000968965
0.000968848
0.000970897
0.000975733
0.000983871
0.00099547
0.00101013
0.00102743
0.00104996
0.00108948
0.00116818
0.00129889
0.00146169
0.00160756
0.00204372
0.00254855
0.00260523
0.00262298
0.00290008
0.00371868
0.00477824
0.005721
0.00647045
0.00705375
0.00750774
0.00786243
0.00814103
0.00836048
0.0085327
0.0086658
0.0087651
0.00883383
0.00887364
0.00888496
0.00886716
0.00881861
0.00873675
0.00861852
0.00846063
0.00825859
0.00801352
0.00772908
0.0074144
0.00708429
0.00675444
0.00643165
0.00611586
0.00580905
0.00553044
0.0052615
0.00500495
0.00467345
0.0010581
0.0010467
0.00103617
0.00102647
0.00101745
0.00100929
0.00100273
0.00099784
0.000993786
0.000989962
0.00098632
0.000983127
0.000980365
0.000977822
0.000975367
0.000973031
0.00097083
0.000968711
0.000966624
0.000964552
0.00096248
0.000960381
0.000958232
0.000956016
0.000953718
0.000951326
0.000948832
0.000946234
0.000943532
0.000940733
0.000937851
0.000934927
0.000932029
0.000929275
0.000926842
0.000924992
0.000924092
0.000924608
0.000927077
0.000932023
0.000939779
0.000950214
0.000962552
0.000976177
0.000994456
0.00103174
0.00111264
0.00124589
0.00140185
0.00149489
0.00188749
0.00237478
0.00243229
0.00241601
0.00262399
0.00324465
0.00424422
0.00515413
0.00587072
0.0064207
0.00684426
0.00717327
0.00743173
0.00763667
0.00779974
0.00792862
0.00802817
0.00810117
0.00814892
0.00817152
0.00816813
0.00813707
0.00807604
0.00798254
0.00785435
0.00769076
0.00749064
0.00725757
0.00699891
0.00672467
0.00644352
0.00615763
0.00586469
0.00556403
0.00526062
0.00493024
0.00454344
0.00411093
0.000940011
0.000933899
0.000929464
0.000926085
0.00092309
0.000920225
0.00091767
0.000915607
0.000913924
0.000912424
0.000911017
0.000909752
0.000908657
0.000907688
0.000906786
0.000905935
0.000905132
0.000904358
0.000903587
0.000902798
0.000901976
0.000901101
0.000900153
0.000899115
0.000897972
0.000896709
0.00089532
0.000893798
0.000892136
0.000890332
0.000888387
0.000886323
0.000884195
0.000882104
0.000880215
0.000878778
0.000878147
0.00087876
0.00088109
0.000885538
0.000892243
0.000900781
0.00091003
0.000919266
0.000932799
0.000967571
0.00104988
0.00118419
0.00133193
0.00138111
0.00171565
0.00219018
0.00225824
0.00221914
0.00235276
0.00279087
0.00371723
0.00459255
0.00527564
0.00579164
0.00618445
0.00648793
0.00672674
0.00691792
0.00707271
0.0071983
0.00729904
0.00737728
0.00743395
0.00746888
0.00748106
0.00746882
0.0074301
0.00736291
0.00726577
0.00713847
0.00698199
0.00679934
0.00659434
0.0063731
0.00613901
0.00589058
0.00562301
0.00533263
0.0050166
0.00465413
0.00422161
0.00369618
0.000852975
0.000850939
0.000849377
0.000848258
0.000847392
0.000846636
0.000845989
0.00084552
0.000845232
0.00084507
0.000844983
0.000844963
0.000845016
0.000845129
0.000845279
0.000845447
0.000845621
0.000845786
0.000845926
0.000846023
0.000846058
0.000846015
0.000845873
0.000845616
0.000845226
0.000844691
0.000843998
0.000843141
0.000842108
0.000840883
0.000839458
0.000837837
0.000836062
0.00083422
0.000832468
0.000831042
0.00083028
0.000830581
0.00083233
0.000835794
0.000840909
0.000846981
0.000852589
0.000856996
0.000865575
0.000897673
0.000980264
0.00111344
0.00125132
0.00126629
0.00154858
0.00200435
0.00208077
0.00203221
0.00210713
0.00241613
0.0032015
0.00403963
0.00468839
0.00516955
0.00553111
0.00580898
0.0060284
0.0062062
0.00635313
0.00647581
0.00657808
0.00666187
0.00672774
0.00677531
0.00680342
0.00681042
0.00679448
0.00675399
0.00668801
0.00659666
0.00648116
0.006344
0.00618873
0.0060173
0.00582817
0.00561696
0.00537619
0.00509907
0.0047773
0.00439207
0.00392213
0.0033247
0.000781479
0.000781268
0.000781224
0.000781377
0.000781688
0.000782094
0.000782568
0.00078312
0.000783757
0.000784464
0.000785218
0.000786004
0.000786815
0.000787644
0.000788478
0.000789301
0.0007901
0.000790863
0.000791574
0.000792216
0.000792772
0.000793224
0.000793553
0.00079374
0.000793769
0.000793625
0.000793297
0.000792775
0.000792044
0.000791077
0.000789851
0.000788357
0.000786624
0.000784731
0.000782821
0.000781118
0.000779934
0.000779614
0.000780443
0.000782537
0.000785647
0.000788836
0.000790447
0.000789834
0.000793503
0.000822829
0.000904226
0.00103337
0.00115887
0.00115045
0.00138753
0.00181259
0.0018969
0.00185322
0.00188875
0.00211071
0.00270204
0.00349804
0.00411168
0.00455704
0.00488676
0.00513887
0.00533896
0.00550349
0.00564258
0.00576224
0.00586579
0.00595477
0.00602946
0.00608926
0.00613291
0.00615879
0.00616522
0.00615085
0.00611509
0.00605826
0.0059815
0.00588665
0.00577545
0.00564761
0.00550026
0.00532553
0.00511242
0.00485128
0.00452935
0.00412825
0.00362756
0.00297881
0.000718625
0.000719422
0.000720291
0.00072125
0.000722293
0.000723396
0.000724539
0.000725716
0.000726927
0.000728165
0.000729418
0.000730675
0.000731927
0.000733166
0.000734381
0.000735561
0.000736693
0.000737765
0.000738761
0.000739667
0.000740464
0.000741136
0.000741663
0.000742026
0.000742208
0.000742195
0.000741975
0.000741541
0.000740869
0.000739924
0.000738666
0.000737075
0.000735168
0.000733018
0.000730753
0.000728576
0.000726764
0.000725599
0.000725248
0.000725675
0.00072647
0.000726495
0.000723928
0.00071832
0.000717337
0.00074384
0.000822247
0.000943778
0.00105281
0.00103364
0.00123148
0.00161241
0.00170433
0.00167861
0.00169095
0.0018315
0.00222677
0.00297004
0.00354778
0.00395648
0.00425396
0.00448026
0.00466106
0.00481223
0.00494312
0.00505912
0.00516309
0.00525624
0.00533864
0.00540955
0.00546764
0.00551129
0.00553892
0.00554933
0.00554206
0.00551746
0.00547648
0.00542021
0.00534895
0.00526061
0.00514997
0.00500755
0.00482219
0.00457963
0.00426274
0.00385282
0.0033306
0.0026522
0.000661105
0.000662459
0.000663844
0.000665264
0.000666718
0.000668196
0.000669687
0.000671183
0.00067268
0.000674173
0.000675654
0.000677115
0.000678548
0.000679944
0.000681294
0.000682589
0.000683817
0.000684965
0.000686019
0.000686965
0.000687786
0.000688463
0.00068898
0.000689315
0.000689453
0.00068938
0.000689087
0.000688564
0.000687785
0.000686701
0.000685257
0.000683423
0.000681205
0.000678669
0.000675927
0.000673148
0.000670571
0.0006684
0.000666673
0.000665211
0.000663474
0.000660168
0.000653382
0.000642978
0.000637788
0.000661476
0.000734876
0.000844492
0.000930519
0.000916444
0.00107987
0.00140158
0.00150283
0.00150458
0.00151031
0.0015844
0.00183226
0.00245801
0.00299874
0.00337035
0.00363568
0.00383648
0.00399817
0.00413576
0.00425779
0.004369
0.00447189
0.00456744
0.00465564
0.00473572
0.00480635
0.00486591
0.00491285
0.00494599
0.00496486
0.00496967
0.00496104
0.00493937
0.00490381
0.00485093
0.00477387
0.0046618
0.00450134
0.00427656
0.00396987
0.00355919
0.00302836
0.00234737
0.000606552
0.000608152
0.000609755
0.000611361
0.000612966
0.000614568
0.000616159
0.000617733
0.000619285
0.00062081
0.000622303
0.000623757
0.000625165
0.00062652
0.000627812
0.000629034
0.000630175
0.000631222
0.000632162
0.000632982
0.000633666
0.000634195
0.000634552
0.000634718
0.000634676
0.000634415
0.000633927
0.000633203
0.000632212
0.000630889
0.000629167
0.000627004
0.0006244
0.000621411
0.000618125
0.000614668
0.000611235
0.000607947
0.000604701
0.000601186
0.000596773
0.000590049
0.000579096
0.000564216
0.000555442
0.000576472
0.000641861
0.000736133
0.000799646
0.000800028
0.000932981
0.00118086
0.00129645
0.00132728
0.00134308
0.00137304
0.0015145
0.00196663
0.00246687
0.00280181
0.003036
0.00321229
0.00335535
0.00347915
0.00359134
0.00369615
0.00379576
0.00389114
0.00398231
0.00406863
0.00414889
0.00422154
0.00428503
0.00433815
0.00438025
0.00441121
0.00443126
0.00444015
0.00443617
0.00441489
0.00436839
0.00428474
0.00414892
0.00394324
0.0036481
0.00324316
0.00272024
0.00206869
0.000553031
0.000554642
0.000556237
0.000557812
0.000559365
0.000560894
0.000562393
0.00056386
0.000565289
0.000566676
0.000568016
0.000569304
0.000570534
0.000571699
0.000572792
0.000573804
0.000574726
0.000575547
0.000576254
0.000576834
0.000577271
0.000577549
0.00057765
0.000577556
0.000577251
0.000576724
0.000575971
0.000574983
0.000573721
0.000572106
0.000570058
0.000567526
0.000564507
0.000561042
0.000557183
0.000553007
0.00054866
0.000544176
0.000539302
0.000533609
0.000526421
0.000516224
0.000501185
0.000482214
0.000470677
0.000488413
0.000543699
0.000620526
0.000670326
0.000685696
0.000791784
0.000969922
0.00108351
0.00114332
0.00118392
0.00119331
0.00127256
0.00153401
0.00195709
0.00225628
0.00246159
0.00261519
0.00274043
0.00285017
0.00295129
0.00304756
0.00314105
0.00323278
0.00332302
0.00341144
0.00349713
0.00357876
0.00365485
0.00372417
0.00378579
0.00383918
0.00388405
0.00391952
0.00394321
0.00395003
0.00393133
0.00387446
0.0037632
0.00357866
0.0033007
0.00291229
0.00241491
0.00182759
0.000498905
0.000500352
0.000501769
0.000503152
0.000504499
0.000505809
0.000507078
0.000508303
0.000509481
0.000510607
0.000511678
0.000512689
0.000513635
0.00051451
0.000515306
0.000516019
0.000516637
0.000517151
0.000517548
0.000517817
0.000517943
0.000517909
0.0005177
0.000517296
0.000516684
0.000515853
0.000514802
0.00051352
0.000511961
0.000510033
0.000507643
0.000504736
0.000501302
0.000497363
0.000492921
0.000488
0.000482699
0.000476955
0.000470356
0.000462368
0.0004523
0.000438535
0.000419443
0.000396828
0.000383487
0.000397541
0.000441869
0.000502201
0.000548411
0.000574504
0.000657434
0.000781235
0.000865128
0.000949952
0.00102644
0.00103453
0.00106061
0.0011865
0.00149051
0.00174768
0.00192632
0.0020589
0.00216671
0.00226154
0.00234969
0.00243464
0.0025184
0.00260212
0.00268643
0.00277144
0.00285675
0.00294147
0.00302442
0.00310447
0.00318051
0.0032516
0.00331687
0.00337482
0.00342248
0.00345426
0.00346111
0.00342986
0.0033436
0.00318284
0.00292834
0.00256863
0.00211842
0.0016226
0.000442755
0.000443914
0.000445037
0.000446117
0.000447154
0.000448146
0.000449091
0.000449987
0.00045083
0.000451617
0.000452345
0.00045301
0.000453607
0.00045413
0.000454572
0.000454935
0.0004552
0.000455362
0.00045541
0.000455332
0.000455114
0.000454742
0.000454198
0.000453465
0.00045253
0.000451384
0.000450023
0.000448438
0.000446574
0.000444327
0.000441597
0.000438325
0.000434491
0.000430085
0.00042505
0.000419353
0.000413047
0.000405967
0.000397513
0.00038706
0.000373931
0.000356392
0.000333245
0.000308034
0.000294006
0.000304908
0.000339767
0.000390006
0.000435523
0.00046725
0.000530688
0.00061401
0.000664759
0.000747365
0.000864538
0.000889528
0.000883982
0.00093138
0.00110815
0.00131113
0.00145878
0.00156828
0.00165675
0.00173426
0.00180635
0.00187618
0.00194568
0.00201611
0.00208837
0.00216305
0.00224037
0.0023201
0.00240166
0.00248431
0.00256709
0.00264889
0.00272844
0.00280375
0.0028713
0.0029251
0.0029557
0.00294966
0.00288972
0.00275642
0.00253253
0.00221407
0.00182984
0.00144057
0.000383293
0.000384082
0.000384839
0.000385551
0.000386216
0.000386833
0.000387402
0.000387919
0.000388382
0.000388789
0.000389136
0.00038942
0.000389637
0.000389782
0.000389836
0.000389828
0.000389722
0.000389516
0.000389201
0.000388765
0.000388195
0.000387478
0.000386596
0.000385533
0.000384275
0.000382811
0.00038114
0.000379246
0.000377072
0.000374503
0.000371432
0.0003678
0.000363567
0.000358678
0.000353001
0.000346451
0.000339039
0.000330475
0.00031993
0.000306709
0.000290233
0.000268679
0.000242285
0.000216643
0.000204058
0.000213669
0.000243272
0.00028802
0.000330798
0.00036432
0.000411758
0.000465367
0.000492817
0.000548884
0.000694194
0.000750306
0.000736315
0.000743221
0.000808075
0.000949663
0.0010656
0.00115227
0.00122176
0.00128224
0.00133817
0.00139207
0.0014455
0.00149954
0.00155507
0.00161291
0.0016738
0.00173838
0.00180718
0.00188047
0.00195799
0.00203906
0.00212255
0.00220653
0.00228741
0.0023589
0.0024112
0.00243058
0.00239965
0.00229915
0.00211424
0.00184879
0.00154337
0.00126348
0.00031918
0.000319551
0.00031991
0.000320226
0.000320494
0.000320716
0.000320889
0.000321013
0.000321083
0.000321099
0.000321058
0.000320955
0.000320788
0.00032055
0.000320184
0.000319812
0.000319337
0.000318765
0.000318089
0.000317299
0.000316382
0.000315324
0.000314108
0.000312717
0.000311135
0.000309348
0.000307353
0.00030513
0.000302621
0.000299703
0.000296259
0.000292229
0.000287537
0.000282062
0.000275583
0.000267981
0.000259234
0.000248888
0.000235805
0.000219332
0.000199425
0.000174581
0.000150242
0.000129485
0.00011972
0.000128275
0.00015355
0.000193298
0.000232229
0.000265115
0.000299958
0.000332312
0.000344404
0.000379667
0.000512102
0.000607641
0.000605324
0.000589768
0.000596713
0.000660457
0.000740669
0.000804529
0.000855775
0.000900473
0.000941791
0.000981506
0.00102067
0.00106009
0.00110044
0.00114237
0.00118649
0.00123327
0.00128312
0.00133639
0.00139351
0.00145526
0.00152298
0.00159742
0.00167658
0.00175456
0.00182152
0.00186415
0.00186582
0.0018066
0.00167141
0.00146955
0.00124906
0.00107428
0.000248683
0.00024861
0.000248572
0.000248495
0.000248374
0.000248209
0.000247998
0.000247739
0.000247431
0.00024707
0.000246654
0.00024618
0.000245643
0.000245037
0.000244173
0.000243452
0.000242625
0.000241701
0.000240678
0.000239543
0.000238285
0.000236888
0.000235335
0.000233608
0.000231686
0.000229547
0.000227187
0.000224575
0.000221662
0.000218299
0.000214351
0.000209754
0.000204367
0.000197973
0.000190243
0.000181085
0.000170554
0.000158051
0.000141761
0.000121483
0.000102541
8.38486e-05
6.62572e-05
5.27693e-05
4.70193e-05
5.26875e-05
7.02624e-05
0.00010233
0.000136223
0.000167108
0.000192775
0.000210341
0.000212805
0.00023349
0.000322922
0.000451009
0.000478762
0.000462158
0.000449418
0.000450626
0.000488013
0.000524975
0.000555787
0.000584512
0.000612204
0.000639381
0.000666061
0.000692786
0.000720005
0.000748209
0.000777926
0.000809434
0.000842985
0.000878864
0.000917439
0.000959206
0.00100483
0.0010544
0.0011062
0.00115662
0.00120146
0.00123865
0.00126473
0.001259
0.00119142
0.00106494
0.000932357
0.000860851
0.000168853
0.000168381
0.000167971
0.000167534
0.00016706
0.000166544
0.000165986
0.000165383
0.000164732
0.000164032
0.000163278
0.000162468
0.000161596
0.000160657
0.000159239
0.000158182
0.000157038
0.000155796
0.000154452
0.000152996
0.000151414
0.00014969
0.000147806
0.000145738
0.000143463
0.00014095
0.000138191
0.000135137
0.000131715
0.0001277
0.000122907
0.000117236
0.000110396
0.000101946
9.12247e-05
7.8104e-05
6.42643e-05
5.49608e-05
4.51287e-05
3.45914e-05
2.61236e-05
1.89338e-05
1.32046e-05
9.6184e-06
8.32484e-06
9.78353e-06
1.49488e-05
2.79622e-05
4.74906e-05
7.00567e-05
8.68735e-05
9.39211e-05
9.03616e-05
0.000100258
0.000158991
0.000265435
0.000340678
0.000342857
0.000329154
0.000322232
0.000328046
0.00032864
0.000328959
0.000340157
0.00035505
0.000369751
0.000384094
0.000398425
0.000413067
0.000428495
0.000445316
0.000463314
0.000482512
0.000503206
0.000526223
0.000551348
0.000578587
0.000607825
0.000637772
0.000666308
0.000691052
0.000709894
0.000718279
0.000704237
0.000657911
0.000593866
0.000555604
0.000611377
7.29597e-05
7.23236e-05
7.15625e-05
7.07503e-05
6.98957e-05
6.89966e-05
6.80495e-05
6.70505e-05
6.59954e-05
6.48796e-05
6.36976e-05
6.24432e-05
6.11089e-05
5.96899e-05
5.89973e-05
5.73819e-05
5.56164e-05
5.37153e-05
5.16558e-05
4.94105e-05
4.69498e-05
4.42412e-05
4.12498e-05
3.79442e-05
3.43119e-05
3.03896e-05
2.63061e-05
2.25335e-05
2.00037e-05
1.83981e-05
1.69402e-05
1.54335e-05
1.37443e-05
1.18428e-05
9.69459e-06
7.42099e-06
5.3925e-06
4.19428e-06
3.11959e-06
2.14694e-06
1.46203e-06
9.89952e-07
6.70391e-07
4.96368e-07
4.4065e-07
5.27806e-07
8.20113e-07
1.70955e-06
3.98927e-06
7.99928e-06
1.13647e-05
1.17961e-05
9.90656e-06
1.1151e-05
2.57132e-05
7.22365e-05
0.000147053
0.000204858
0.000207356
0.00020465
0.000206961
0.000203854
0.000199914
0.000201761
0.000201864
0.000200152
0.000195619
0.000187928
0.000178487
0.000173912
0.000179835
0.000188832
0.000199027
0.000210319
0.000222635
0.00023582
0.000249831
0.000264787
0.000279748
0.000293648
0.00030512
0.00031271
0.000315587
0.000316719
0.000336952
0.00036945
0.000372264
0.000388934
7.70105e-07
7.49958e-07
7.29826e-07
7.09496e-07
6.88792e-07
6.67662e-07
6.46082e-07
6.24032e-07
6.01494e-07
5.78449e-07
5.54879e-07
5.30767e-07
5.06103e-07
4.80753e-07
9.7504e-07
1.06789e-06
1.00699e-06
9.30237e-07
8.51618e-07
7.72345e-07
6.92854e-07
6.13654e-07
5.35391e-07
4.59406e-07
3.87937e-07
3.19726e-07
2.3091e-07
1.33642e-07
6.18125e-08
3.82952e-08
3.30356e-08
2.85478e-08
2.47648e-08
2.11078e-08
1.71585e-08
1.28903e-08
9.49592e-09
7.41927e-09
5.59959e-09
4.62892e-09
5.64764e-09
4.65344e-09
4.01856e-09
4.71933e-09
4.76218e-09
5.70216e-09
6.66137e-09
9.96206e-09
1.04756e-08
2.04814e-08
3.33299e-08
5.99732e-08
1.59543e-07
1.83066e-07
1.22062e-07
2.05119e-07
8.16589e-07
2.10766e-06
2.47815e-06
3.6691e-06
3.85277e-06
3.61865e-06
5.7446e-06
4.26937e-06
4.53681e-06
4.8737e-06
5.20513e-06
5.38014e-06
5.29243e-06
5.15054e-06
5.17548e-06
5.22117e-06
5.19208e-06
5.11835e-06
4.98748e-06
4.81168e-06
4.85792e-06
5.44284e-06
6.35649e-06
7.32865e-06
8.24208e-06
9.11186e-06
1.03682e-05
1.32195e-05
2.41028e-05
6.97479e-05
0.000113725
0.000173901
0.0110635
0.0104864
0.00981279
0.00905164
0.00823673
0.00744863
0.00680354
0.00655022
0.00706629
0.00861073
0.0110724
0.0138623
0.0164245
0.0184743
0.0199319
0.0207746
0.0210236
0.0208112
0.0202668
0.0194434
0.0183936
0.0171732
0.0158764
0.014755
0.013822
0.0129722
0.0121492
0.0113361
0.0105293
0.00972754
0.00893123
0.00814111
0.00735695
0.00657933
0.00580952
0.00505258
0.00432738
0.0036416
0.00305429
0.00255768
0.00216273
0.00183114
0.0015732
0.00139448
0.00127853
0.00119697
0.00112368
0.00103979
0.000935663
0.000805605
0.000643862
0.000445697
0.000238507
6.99087e-06
5.79864e-07
3.88787e-05
5.10883e-05
6.58253e-05
8.2535e-05
9.99021e-05
0.000116513
0.00013209
0.000148013
0.000162057
0.000173314
1.0454e-06
1.4903e-06
1.76228e-06
2.23124e-06
2.85129e-06
3.49665e-06
4.25006e-06
5.35406e-06
7.14439e-06
1.01567e-05
1.52377e-05
2.32713e-05
3.49457e-05
4.82992e-05
5.83808e-05
0.000188653
0.000178352
0.0001627
0.000159706
0.000173585
6.42843e-05
0.000107906
9.66109e-05
8.11279e-05
7.50185e-05
)
;

boundaryField
{
    down
    {
        type            freestream;
        freestreamValue uniform 0.014;
        value           nonuniform List<scalar> 
89
(
0.0140468
0.0140469
0.014047
0.014047
0.0140471
0.0140472
0.0140472
0.0140473
0.0140474
0.0140475
0.0140475
0.0140476
0.0140477
0.0140478
0.0140478
0.0140479
0.014048
0.0140481
0.0140481
0.0140482
0.0140483
0.0140483
0.0140484
0.0140485
0.0140486
0.0140486
0.0140487
0.0140488
0.0140489
0.0140489
0.014049
0.0140491
0.0140491
0.0140492
0.0140493
0.0140493
0.0140494
0.0140494
0.0140495
0.0140495
0.0140496
0.0140496
0.0140496
0.0140496
0.0140496
0.0140496
0.0140496
0.0140496
0.0140496
0.0140496
0.0140496
0.0140497
0.0140497
0.0140497
0.0140497
0.0140497
0.0140497
0.0140497
0.0140497
0.0140497
0.0140497
0.0140497
0.0140497
0.0140497
0.0140497
0.0140497
0.0140497
0.0140498
0.0140498
0.0140498
0.0140498
0.0140498
0.0140498
0.0140498
0.0140499
0.0140499
0.0140499
0.0140499
0.0140499
0.0140499
0.01405
0.01405
0.01405
0.01405
0.0140501
0.0140501
0.0140501
0.0140501
0.0140502
)
;
    }
    right
    {
        type            freestream;
        freestreamValue nonuniform List<scalar> 0();
        value           nonuniform List<scalar> 0();
    }
    up
    {
        type            freestream;
        freestreamValue nonuniform List<scalar> 0();
        value           nonuniform List<scalar> 0();
    }
    meanFlow
    {
        type            freestream;
        freestreamValue nonuniform List<scalar> 0();
        value           nonuniform List<scalar> 0();
    }
    surface
    {
        type            nutUSpaldingWallFunction;
        Cmu             0.09;
        kappa           0.41;
        E               9.8;
        value           nonuniform List<scalar> 
95
(
4.10135e-06
5.78732e-07
2.10737e-06
7.88409e-06
1.27399e-05
1.55494e-06
1.3472e-05
5.87881e-07
5.72603e-07
5.56376e-07
5.39802e-07
5.22822e-07
5.05458e-07
4.87698e-07
4.69528e-07
4.50931e-07
4.3189e-07
4.12389e-07
3.92415e-07
3.7196e-07
3.5103e-07
3.28362e-07
3.06205e-07
2.83751e-07
2.60905e-07
2.37664e-07
2.14075e-07
1.9022e-07
1.66218e-07
1.42247e-07
1.18557e-07
9.55102e-08
7.36587e-08
5.38865e-08
3.73765e-08
2.50299e-08
1.59152e-08
8.93285e-09
3.81904e-09
5.84253e-10
8.6674e-10
3.54468e-09
6.70299e-09
9.39581e-09
1.09952e-08
1.17815e-08
1.19019e-08
1.14119e-08
1.03248e-08
8.78485e-09
7.17164e-09
6.80764e-09
9.62097e-09
1.75015e-08
2.74218e-08
2.46132e-08
2.64187e-09
2.78069e-08
8.42377e-08
1.01872e-07
9.52501e-08
1.2511e-07
1.97873e-07
1.67735e-07
2.02354e-08
6.18864e-07
1.71598e-06
2.71347e-06
3.44971e-06
4.00513e-06
4.45854e-06
4.8335e-06
5.15323e-06
5.43847e-06
5.71094e-06
5.99535e-06
6.31207e-06
6.65845e-06
7.01641e-06
7.38393e-06
7.76203e-06
8.15182e-06
8.5542e-06
8.9694e-06
9.39584e-06
9.82843e-06
1.02618e-05
1.06911e-05
1.11142e-05
1.15303e-05
1.19414e-05
1.23715e-05
1.28262e-05
1.33118e-05
1.54357e-05
)
;
    }
    surfaceInner
    {
        type            nutUSpaldingWallFunction;
        Cmu             0.09;
        kappa           0.41;
        E               9.8;
        value           nonuniform List<scalar> 
90
(
1.4321e-06
1.36516e-06
1.26945e-06
1.17255e-06
1.08034e-06
9.92018e-07
9.13931e-07
8.54039e-07
8.03221e-07
7.53135e-07
7.00045e-07
6.42231e-07
5.7279e-07
4.75941e-07
2.96334e-07
1.46818e-06
1.43208e-06
1.37681e-06
1.31653e-06
1.25573e-06
1.19429e-06
1.13126e-06
1.0673e-06
1.00629e-06
9.4405e-07
8.79699e-07
8.13707e-07
7.46372e-07
6.78573e-07
6.22465e-07
1.21686e-06
1.26382e-06
1.28919e-06
1.30405e-06
1.31469e-06
1.3182e-06
1.31161e-06
1.2928e-06
1.26179e-06
1.21269e-06
1.14531e-06
1.03604e-06
9.62016e-07
7.02913e-07
8.14077e-07
5.24367e-07
4.43274e-07
3.78862e-07
3.29505e-07
2.92928e-07
2.69818e-07
2.59141e-07
2.59414e-07
2.71533e-07
2.99607e-07
3.51771e-07
4.30125e-07
5.71914e-07
7.08072e-07
1.1128e-06
2.69115e-07
3.82489e-07
5.45469e-07
7.23114e-07
8.81175e-07
1.02366e-06
1.17325e-06
1.29865e-06
1.36952e-06
1.3705e-06
1.30797e-06
1.19814e-06
1.04928e-06
8.73363e-07
6.64671e-07
5.5917e-07
6.53741e-07
7.26678e-07
7.76634e-07
8.10727e-07
8.35118e-07
8.53602e-07
8.6606e-07
8.75513e-07
8.75521e-07
8.77571e-07
8.50212e-07
8.60076e-07
7.26531e-07
7.03368e-07
)
;
    }
    coandaInlet
    {
        type            freestream;
        freestreamValue uniform 0.014;
        value           uniform 0.014;
    }
    defaultFaces
    {
        type            empty;
    }
    procBoundary1to0
    {
        type            processor;
        value           nonuniform List<scalar> 
81
(
0.0140468
0.0140679
0.0140303
0.0140367
0.0140275
0.0139972
0.0139527
0.0139492
0.0139174
0.0139043
0.0138782
0.0138486
0.0138216
0.0137913
0.0137592
0.0137236
0.0136843
0.0136417
0.0135951
0.0135441
0.0134878
0.0134254
0.013356
0.0132785
0.0131919
0.013095
0.0129865
0.012865
0.0127289
0.0125765
0.0124062
0.012216
0.0120042
0.0117691
0.0115093
0.0112237
0.0109118
0.0105736
0.01021
0.00982266
0.00941405
0.00898725
0.0085459
0.00809398
0.00763566
0.0071751
0.00671627
0.0062629
0.0058183
0.00538539
0.00496662
0.00456398
0.00417901
0.00381286
0.00346626
0.00313966
0.00283317
0.0025467
0.00227996
0.00200506
0.00200506
0.0017793
0.00157239
0.00138489
0.00121709
0.00107021
0.000947457
0.000855257
0.000781782
0.00071789
0.000659789
0.000604965
0.000551409
0.000497429
0.000441553
0.000382437
0.000318673
0.000248395
0.000168552
7.43773e-05
2.14172e-06
)
;
    }
    procBoundary1to2
    {
        type            processor;
        value           nonuniform List<scalar> 
106
(
0.0140502
0.0140969
0.0140577
0.0140559
0.0140228
0.0139851
0.0139703
0.0139403
0.0139254
0.0138943
0.013839
0.0137927
0.0137375
0.0136882
0.0136342
0.0135734
0.0135038
0.0134243
0.0133324
0.013225
0.0130983
0.0129471
0.0127653
0.0125449
0.0122761
0.0119477
0.0115475
0.0110638
0.0104869
0.0098135
0.00905268
0.00823817
0.00745065
0.00680584
0.00655251
0.00706895
0.00861525
0.0110777
0.0138666
0.0164266
0.018474
0.0199271
0.0207652
0.021013
0.0207998
0.020252
0.0194247
0.018371
0.0171473
0.0158525
0.014736
0.0138081
0.0129561
0.0121305
0.0113143
0.0105045
0.00969996
0.00890152
0.0081099
0.00732503
0.00654761
0.005779
0.00502375
0.00429608
0.0036026
0.00300354
0.00249866
0.00210159
0.00177136
0.00151991
0.00135108
0.00124746
0.00117794
0.0011151
0.00104174
0.000950439
0.000833434
0.000685601
0.000504983
0.000322509
0.0115475
0.000198949
1.09864e-05
3.77987e-06
4.44338e-07
0.000135532
0.00014855
0.000161749
0.000175496
0.00018827
0.000199644
0.000209387
0.000218541
0.00022411
0.00022625
8.00083e-06
1.08964e-05
1.53069e-05
2.12323e-05
2.90505e-05
2.90505e-05
0.000225478
0.000220665
0.000221349
0.000233382
0.000255031
)
;
    }
    procBoundary1to4
    {
        type            processor;
        value           nonuniform List<scalar> 2(0.000204137 0.000102748);
    }
}


// ************************************************************************* //
