/*--------------------------------*- C++ -*----------------------------------*\
  =========                 |
  \\      /  F ield         | OpenFOAM: The Open Source CFD Toolbox
   \\    /   O peration     | Website:  https://openfoam.org
    \\  /    A nd           | Version:  10
     \\/     M anipulation  |
\*---------------------------------------------------------------------------*/
FoamFile
{
    format      ascii;
    class       volScalarField;
    location    "0.003";
    object      p;
}
// * * * * * * * * * * * * * * * * * * * * * * * * * * * * * * * * * * * * * //

dimensions      [1 -1 -2 0 0 0 0];

internalField   nonuniform List<scalar> 
8915
(
100140
100136
100132
100128
100124
100120
100116
100113
100110
100107
100104
100101
100098
100095
100093
100090
100088
100086
100084
100082
100080
100078
100076
100075
100073
100072
100070
100069
100068
100067
100066
100065
100064
100063
100062
100062
100061
100061
100061
100060
100060
100060
100060
100060
100060
100060
100061
100061
100062
100062
100063
100063
100064
100065
100066
100067
100069
100070
100071
100073
100074
100076
100078
100080
100082
100084
100086
100088
100091
100093
100095
100098
100100
100102
100105
100107
100110
100112
100115
100118
100120
100123
100125
100128
100131
100133
100136
100139
100141
100144
100146
100148
100150
100152
100154
100156
100158
100159
100161
100162
100163
100164
100164
100165
100166
100166
100166
100167
100167
100167
100167
100168
100168
100169
100170
100170
100170
100170
100169
100168
100167
100166
100165
100164
100163
100161
100156
100149
100140
100136
100132
100128
100124
100120
100117
100113
100110
100107
100104
100101
100098
100095
100093
100090
100088
100086
100084
100082
100080
100078
100076
100075
100073
100072
100070
100069
100068
100067
100066
100065
100064
100063
100062
100062
100061
100061
100061
100060
100060
100060
100060
100060
100060
100060
100061
100061
100062
100062
100063
100063
100064
100065
100066
100067
100069
100070
100071
100073
100074
100076
100078
100080
100082
100084
100086
100088
100091
100093
100095
100098
100100
100102
100105
100107
100110
100112
100115
100117
100120
100123
100125
100128
100131
100133
100136
100138
100141
100143
100146
100148
100150
100152
100154
100156
100158
100159
100161
100162
100163
100164
100164
100165
100166
100166
100166
100167
100167
100167
100167
100168
100168
100169
100170
100170
100170
100170
100169
100168
100167
100166
100165
100164
100163
100161
100156
100149
100141
100136
100132
100128
100124
100121
100117
100114
100110
100107
100104
100101
100098
100096
100093
100091
100088
100086
100084
100082
100080
100078
100076
100075
100073
100072
100070
100069
100068
100067
100066
100065
100064
100063
100063
100062
100061
100061
100061
100060
100060
100060
100060
100060
100060
100060
100061
100061
100062
100062
100063
100063
100064
100065
100066
100067
100069
100070
100071
100073
100074
100076
100078
100080
100082
100084
100086
100088
100091
100093
100095
100097
100100
100102
100105
100107
100110
100112
100115
100117
100120
100123
100125
100128
100131
100133
100136
100138
100141
100143
100146
100148
100150
100152
100154
100156
100158
100159
100161
100162
100163
100164
100164
100165
100166
100166
100166
100167
100167
100167
100167
100168
100168
100169
100170
100170
100170
100170
100169
100168
100167
100166
100165
100165
100163
100161
100157
100150
100141
100137
100133
100129
100125
100121
100117
100114
100111
100107
100104
100101
100099
100096
100093
100091
100089
100086
100084
100082
100080
100078
100077
100075
100073
100072
100070
100069
100068
100067
100066
100065
100064
100063
100063
100062
100061
100061
100061
100060
100060
100060
100060
100060
100060
100060
100061
100061
100062
100062
100063
100063
100064
100065
100066
100067
100069
100070
100071
100073
100074
100076
100078
100080
100082
100084
100086
100088
100091
100093
100095
100097
100100
100102
100105
100107
100110
100112
100115
100117
100120
100123
100125
100128
100131
100133
100136
100138
100141
100143
100146
100148
100150
100152
100154
100156
100158
100159
100161
100162
100163
100164
100164
100165
100166
100166
100166
100167
100167
100167
100167
100168
100168
100169
100169
100170
100170
100170
100169
100168
100167
100166
100165
100165
100163
100161
100157
100151
100142
100137
100133
100129
100125
100121
100118
100114
100111
100108
100105
100102
100099
100096
100094
100091
100089
100086
100084
100082
100080
100078
100077
100075
100073
100072
100071
100069
100068
100067
100066
100065
100064
100063
100063
100062
100062
100061
100061
100060
100060
100060
100060
100060
100060
100061
100061
100061
100062
100062
100063
100063
100064
100065
100066
100067
100068
100070
100071
100073
100074
100076
100078
100080
100082
100084
100086
100088
100090
100093
100095
100097
100100
100102
100105
100107
100110
100112
100115
100117
100120
100123
100125
100128
100130
100133
100136
100138
100141
100143
100146
100148
100150
100152
100154
100156
100158
100159
100161
100162
100163
100164
100164
100165
100166
100166
100166
100167
100167
100167
100167
100168
100168
100169
100169
100170
100170
100170
100169
100168
100167
100166
100165
100165
100164
100161
100158
100152
100142
100138
100134
100130
100126
100122
100118
100115
100111
100108
100105
100102
100099
100096
100094
100091
100089
100087
100085
100082
100081
100079
100077
100075
100074
100072
100071
100069
100068
100067
100066
100065
100064
100063
100063
100062
100062
100061
100061
100060
100060
100060
100060
100060
100060
100061
100061
100061
100062
100062
100063
100063
100064
100065
100066
100067
100068
100070
100071
100073
100074
100076
100078
100080
100082
100084
100086
100088
100090
100093
100095
100097
100100
100102
100105
100107
100109
100112
100115
100117
100120
100122
100125
100128
100130
100133
100136
100138
100141
100143
100146
100148
100150
100152
100154
100156
100158
100159
100160
100162
100163
100164
100164
100165
100166
100166
100166
100167
100167
100167
100167
100168
100168
100169
100169
100170
100170
100170
100169
100168
100167
100166
100165
100165
100164
100162
100159
100152
100143
100139
100134
100130
100126
100122
100119
100115
100112
100108
100105
100102
100100
100097
100094
100092
100089
100087
100085
100083
100081
100079
100077
100075
100074
100072
100071
100070
100068
100067
100066
100065
100064
100064
100063
100062
100062
100061
100061
100061
100060
100060
100060
100060
100060
100061
100061
100061
100062
100062
100063
100063
100064
100065
100066
100067
100068
100070
100071
100073
100074
100076
100078
100080
100082
100084
100086
100088
100090
100093
100095
100097
100100
100102
100104
100107
100109
100112
100115
100117
100120
100122
100125
100128
100130
100133
100136
100138
100141
100143
100145
100148
100150
100152
100154
100156
100158
100159
100160
100162
100163
100164
100164
100165
100166
100166
100166
100167
100167
100167
100167
100168
100168
100169
100169
100170
100170
100170
100169
100168
100167
100166
100166
100165
100164
100162
100159
100153
100139
100135
100131
100127
100123
100119
100116
100112
100109
100106
100103
100100
100097
100094
100092
100090
100087
100085
100083
100081
100079
100077
100076
100074
100072
100071
100070
100068
100067
100066
100065
100064
100064
100063
100062
100062
100061
100061
100061
100060
100060
100060
100060
100060
100061
100061
100061
100062
100062
100063
100063
100064
100065
100066
100067
100068
100070
100071
100073
100074
100076
100078
100080
100082
100084
100086
100088
100090
100093
100095
100097
100099
100102
100104
100107
100109
100112
100114
100117
100120
100122
100125
100128
100130
100133
100135
100138
100141
100143
100145
100148
100150
100152
100154
100156
100158
100159
100160
100162
100163
100164
100164
100165
100166
100166
100166
100167
100167
100167
100167
100168
100168
100169
100169
100170
100170
100170
100169
100168
100167
100166
100166
100165
100164
100163
100160
100154
100140
100135
100131
100127
100123
100120
100116
100113
100109
100106
100103
100100
100097
100095
100092
100090
100088
100085
100083
100081
100079
100078
100076
100074
100073
100071
100070
100069
100067
100066
100065
100065
100064
100063
100062
100062
100061
100061
100061
100060
100060
100060
100060
100060
100061
100061
100061
100062
100062
100063
100063
100064
100065
100066
100067
100068
100070
100071
100073
100074
100076
100078
100080
100082
100084
100086
100088
100090
100092
100095
100097
100099
100102
100104
100107
100109
100112
100114
100117
100120
100122
100125
100127
100130
100133
100135
100138
100140
100143
100145
100148
100150
100152
100154
100156
100157
100159
100160
100162
100163
100164
100164
100165
100166
100166
100166
100167
100167
100167
100167
100168
100168
100168
100169
100170
100170
100170
100169
100168
100167
100166
100166
100165
100165
100163
100160
100154
100141
100136
100132
100128
100124
100120
100117
100113
100110
100107
100104
100101
100098
100095
100093
100090
100088
100086
100084
100082
100080
100078
100076
100074
100073
100071
100070
100069
100068
100067
100066
100065
100064
100063
100062
100062
100061
100061
100061
100061
100060
100060
100060
100060
100061
100061
100061
100062
100062
100063
100063
100064
100065
100066
100067
100068
100070
100071
100073
100074
100076
100078
100080
100082
100084
100086
100088
100090
100092
100095
100097
100099
100102
100104
100107
100109
100112
100114
100117
100119
100122
100125
100127
100130
100133
100135
100138
100140
100143
100145
100148
100150
100152
100154
100156
100157
100159
100160
100162
100163
100164
100164
100165
100166
100166
100166
100167
100167
100167
100167
100168
100168
100168
100169
100170
100170
100169
100169
100168
100167
100166
100166
100165
100165
100164
100161
100154
100141
100137
100133
100129
100125
100121
100117
100114
100110
100107
100104
100101
100098
100096
100093
100091
100088
100086
100084
100082
100080
100078
100076
100075
100073
100072
100070
100069
100068
100067
100066
100065
100064
100063
100063
100062
100062
100061
100061
100061
100060
100060
100060
100061
100061
100061
100061
100062
100062
100063
100063
100064
100065
100066
100067
100068
100070
100071
100072
100074
100076
100078
100079
100081
100084
100086
100088
100090
100092
100095
100097
100099
100102
100104
100107
100109
100112
100114
100117
100119
100122
100125
100127
100130
100132
100135
100138
100140
100143
100145
100147
100150
100152
100154
100156
100157
100159
100160
100162
100163
100163
100164
100165
100165
100166
100166
100167
100167
100167
100167
100168
100168
100168
100169
100169
100170
100169
100169
100168
100167
100166
100166
100166
100165
100164
100161
100154
100142
100138
100133
100129
100125
100122
100118
100114
100111
100108
100105
100102
100099
100096
100094
100091
100089
100086
100084
100082
100080
100078
100077
100075
100073
100072
100071
100069
100068
100067
100066
100065
100064
100063
100063
100062
100062
100061
100061
100061
100061
100060
100060
100061
100061
100061
100061
100062
100062
100063
100063
100064
100065
100066
100067
100068
100070
100071
100072
100074
100076
100078
100079
100081
100083
100086
100088
100090
100092
100094
100097
100099
100102
100104
100106
100109
100111
100114
100117
100119
100122
100124
100127
100130
100132
100135
100137
100140
100143
100145
100147
100150
100152
100154
100156
100157
100159
100160
100161
100163
100163
100164
100165
100165
100166
100166
100167
100167
100167
100167
100167
100168
100168
100169
100169
100170
100169
100169
100168
100167
100166
100166
100166
100166
100164
100161
100153
100139
100134
100130
100126
100122
100119
100115
100112
100108
100105
100102
100099
100097
100094
100092
100089
100087
100085
100083
100081
100079
100077
100075
100074
100072
100071
100070
100068
100067
100066
100065
100064
100064
100063
100062
100062
100061
100061
100061
100061
100061
100061
100061
100061
100061
100061
100062
100062
100063
100063
100064
100065
100066
100067
100068
100070
100071
100072
100074
100076
100077
100079
100081
100083
100086
100088
100090
100092
100094
100097
100099
100101
100104
100106
100109
100111
100114
100116
100119
100122
100124
100127
100130
100132
100135
100137
100140
100142
100145
100147
100149
100152
100154
100155
100157
100159
100160
100161
100162
100163
100164
100165
100165
100166
100166
100167
100167
100167
100167
100167
100168
100168
100169
100169
100169
100169
100169
100168
100167
100166
100166
100166
100166
100165
100161
100153
100140
100135
100131
100127
100123
100119
100116
100112
100109
100106
100103
100100
100097
100095
100092
100090
100087
100085
100083
100081
100079
100077
100076
100074
100073
100071
100070
100069
100067
100066
100065
100065
100064
100063
100062
100062
100062
100061
100061
100061
100061
100061
100061
100061
100061
100061
100062
100062
100063
100063
100064
100065
100066
100067
100068
100070
100071
100072
100074
100076
100077
100079
100081
100083
100085
100088
100090
100092
100094
100097
100099
100101
100104
100106
100109
100111
100114
100116
100119
100121
100124
100127
100129
100132
100135
100137
100140
100142
100145
100147
100149
100151
100153
100155
100157
100159
100160
100161
100162
100163
100164
100165
100165
100166
100166
100167
100167
100167
100167
100167
100168
100168
100169
100169
100169
100169
100169
100168
100167
100166
100166
100166
100166
100165
100160
100152
100141
100137
100132
100128
100124
100120
100117
100113
100110
100107
100104
100101
100098
100095
100093
100090
100088
100086
100084
100081
100080
100078
100076
100074
100073
100071
100070
100069
100068
100067
100066
100065
100064
100063
100063
100062
100062
100061
100061
100061
100061
100061
100061
100061
100061
100061
100062
100062
100063
100063
100064
100065
100066
100067
100068
100069
100071
100072
100074
100076
100077
100079
100081
100083
100085
100087
100090
100092
100094
100096
100099
100101
100104
100106
100108
100111
100113
100116
100119
100121
100124
100127
100129
100132
100134
100137
100139
100142
100144
100147
100149
100151
100153
100155
100157
100158
100160
100161
100162
100163
100164
100165
100165
100166
100166
100167
100167
100167
100167
100167
100168
100168
100169
100169
100169
100169
100169
100168
100167
100167
100167
100167
100166
100165
100159
100150
100142
100138
100133
100129
100125
100121
100118
100114
100111
100107
100104
100101
100099
100096
100093
100091
100088
100086
100084
100082
100080
100078
100076
100075
100073
100072
100070
100069
100068
100067
100066
100065
100064
100064
100063
100062
100062
100061
100061
100061
100061
100061
100061
100061
100061
100062
100062
100062
100063
100064
100064
100065
100066
100067
100068
100069
100071
100072
100074
100075
100077
100079
100081
100083
100085
100087
100089
100092
100094
100096
100099
100101
100103
100106
100108
100111
100113
100116
100118
100121
100124
100126
100129
100132
100134
100137
100139
100142
100144
100147
100149
100151
100153
100155
100157
100158
100160
100161
100162
100163
100164
100165
100165
100166
100166
100167
100167
100167
100167
100167
100168
100168
100169
100169
100169
100169
100169
100168
100167
100167
100167
100167
100167
100164
100158
100148
100135
100143
100139
100135
100130
100126
100122
100119
100115
100112
100108
100105
100102
100099
100097
100094
100091
100089
100087
100085
100083
100081
100079
100077
100075
100074
100072
100071
100070
100068
100067
100066
100065
100065
100064
100063
100063
100062
100062
100061
100061
100061
100061
100061
100061
100061
100062
100062
100062
100063
100064
100064
100065
100066
100067
100068
100069
100071
100072
100074
100075
100077
100079
100081
100083
100085
100087
100089
100092
100094
100096
100098
100101
100103
100106
100108
100111
100113
100116
100118
100121
100123
100126
100129
100131
100134
100137
100139
100142
100144
100146
100149
100151
100153
100155
100157
100158
100160
100161
100162
100163
100164
100165
100165
100166
100166
100167
100167
100167
100167
100167
100168
100168
100168
100169
100169
100169
100169
100168
100167
100167
100167
100167
100167
100164
100157
100146
100132
100140
100136
100132
100128
100124
100120
100116
100113
100109
100106
100103
100100
100097
100095
100092
100090
100087
100085
100083
100081
100079
100077
100076
100074
100073
100071
100070
100069
100068
100067
100066
100065
100064
100063
100063
100062
100062
100062
100061
100061
100061
100061
100061
100061
100062
100062
100062
100063
100064
100064
100065
100066
100067
100068
100069
100071
100072
100074
100075
100077
100079
100081
100083
100085
100087
100089
100091
100094
100096
100098
100101
100103
100105
100108
100110
100113
100115
100118
100121
100123
100126
100128
100131
100134
100136
100139
100141
100144
100146
100148
100151
100153
100155
100156
100158
100160
100161
100162
100163
100164
100165
100165
100166
100166
100167
100167
100167
100167
100167
100168
100168
100168
100169
100169
100169
100169
100168
100167
100167
100167
100168
100167
100163
100155
100144
100130
100142
100137
100133
100129
100125
100121
100117
100114
100111
100107
100104
100101
100098
100096
100093
100090
100088
100086
100084
100082
100080
100078
100076
100075
100073
100072
100070
100069
100068
100067
100066
100065
100064
100064
100063
100063
100062
100062
100062
100061
100061
100061
100061
100062
100062
100062
100063
100063
100064
100064
100065
100066
100067
100068
100069
100071
100072
100074
100075
100077
100079
100081
100083
100085
100087
100089
100091
100093
100096
100098
100100
100103
100105
100108
100110
100113
100115
100118
100120
100123
100126
100128
100131
100133
100136
100139
100141
100143
100146
100148
100150
100152
100154
100156
100158
100159
100161
100162
100163
100164
100165
100165
100166
100166
100167
100167
100167
100167
100167
100168
100168
100168
100169
100169
100169
100169
100168
100168
100167
100168
100168
100167
100162
100154
100141
100127
100143
100139
100134
100130
100126
100122
100119
100115
100112
100108
100105
100102
100099
100097
100094
100091
100089
100087
100084
100082
100080
100079
100077
100075
100074
100072
100071
100070
100068
100067
100066
100065
100065
100064
100063
100063
100062
100062
100062
100062
100061
100061
100062
100062
100062
100062
100063
100063
100064
100064
100065
100066
100067
100068
100069
100071
100072
100074
100075
100077
100079
100081
100083
100085
100087
100089
100091
100093
100096
100098
100100
100103
100105
100107
100110
100112
100115
100117
100120
100123
100125
100128
100130
100133
100136
100138
100141
100143
100146
100148
100150
100152
100154
100156
100158
100159
100161
100162
100163
100164
100165
100165
100166
100166
100167
100167
100167
100167
100167
100168
100168
100168
100169
100169
100169
100169
100168
100168
100168
100168
100168
100166
100161
100151
100139
100124
100140
100136
100132
100128
100124
100120
100116
100113
100109
100106
100103
100100
100098
100095
100092
100090
100088
100085
100083
100081
100079
100077
100076
100074
100073
100071
100070
100069
100068
100067
100066
100065
100064
100064
100063
100063
100062
100062
100062
100062
100062
100062
100062
100062
100062
100063
100063
100064
100064
100065
100066
100067
100068
100069
100071
100072
100073
100075
100077
100079
100081
100083
100085
100087
100089
100091
100093
100095
100098
100100
100102
100105
100107
100110
100112
100115
100117
100120
100122
100125
100128
100130
100133
100135
100138
100140
100143
100145
100147
100150
100152
100154
100156
100157
100159
100160
100162
100163
100164
100164
100165
100166
100166
100167
100167
100167
100167
100168
100168
100168
100168
100169
100169
100170
100169
100169
100168
100168
100168
100168
100166
100160
100149
100136
100121
100142
100137
100133
100129
100125
100121
100118
100114
100111
100107
100104
100101
100099
100096
100093
100091
100088
100086
100084
100082
100080
100078
100076
100075
100073
100072
100071
100069
100068
100067
100066
100065
100065
100064
100063
100063
100063
100062
100062
100062
100062
100062
100062
100062
100062
100063
100063
100064
100064
100065
100066
100067
100068
100069
100071
100072
100073
100075
100077
100078
100080
100082
100084
100086
100089
100091
100093
100095
100097
100100
100102
100104
100107
100109
100112
100114
100117
100119
100122
100125
100127
100130
100132
100135
100137
100140
100142
100145
100147
100149
100151
100153
100155
100157
100159
100160
100161
100162
100163
100164
100165
100166
100166
100167
100167
100167
100167
100168
100168
100168
100169
100169
100169
100170
100170
100169
100169
100169
100169
100168
100165
100158
100147
100133
100118
100139
100135
100131
100127
100123
100119
100115
100112
100109
100106
100103
100100
100097
100094
100092
100089
100087
100085
100083
100081
100079
100077
100076
100074
100073
100071
100070
100069
100068
100067
100066
100065
100064
100064
100063
100063
100063
100062
100062
100062
100062
100062
100062
100063
100063
100063
100064
100065
100065
100066
100067
100068
100069
100070
100072
100073
100075
100077
100078
100080
100082
100084
100086
100088
100091
100093
100095
100097
100099
100102
100104
100107
100109
100112
100114
100117
100119
100122
100124
100127
100129
100132
100134
100137
100139
100142
100144
100147
100149
100151
100153
100155
100157
100158
100160
100161
100162
100163
100164
100165
100166
100166
100167
100167
100167
100167
100168
100168
100168
100169
100169
100170
100170
100170
100170
100169
100169
100169
100168
100165
100157
100144
100130
100115
100141
100137
100132
100128
100124
100121
100117
100113
100110
100107
100104
100101
100098
100095
100093
100090
100088
100086
100084
100082
100080
100078
100076
100075
100073
100072
100071
100069
100068
100067
100066
100065
100065
100064
100064
100063
100063
100063
100062
100062
100062
100062
100063
100063
100063
100064
100064
100065
100065
100066
100067
100068
100069
100070
100072
100073
100075
100076
100078
100080
100082
100084
100086
100088
100090
100092
100095
100097
100099
100102
100104
100106
100109
100111
100114
100116
100119
100121
100124
100126
100129
100131
100134
100136
100139
100141
100144
100146
100148
100150
100152
100154
100156
100158
100159
100161
100162
100163
100164
100165
100165
100166
100166
100167
100167
100167
100168
100168
100168
100169
100169
100170
100170
100171
100170
100170
100170
100170
100168
100164
100155
100142
100127
100112
100139
100134
100130
100126
100122
100119
100115
100112
100108
100105
100102
100099
100097
100094
100092
100089
100087
100085
100083
100081
100079
100077
100076
100074
100073
100071
100070
100069
100068
100067
100066
100065
100065
100064
100064
100063
100063
100063
100063
100063
100063
100063
100063
100063
100064
100064
100065
100065
100066
100067
100068
100069
100070
100072
100073
100075
100076
100078
100080
100082
100084
100086
100088
100090
100092
100094
100097
100099
100101
100104
100106
100108
100111
100113
100116
100118
100121
100123
100126
100128
100131
100133
100136
100138
100141
100143
100146
100148
100150
100152
100154
100156
100157
100159
100160
100162
100163
100164
100164
100165
100166
100166
100167
100167
100167
100168
100168
100168
100169
100170
100170
100171
100171
100171
100171
100171
100170
100169
100164
100154
100140
100125
100110
100141
100136
100132
100128
100124
100120
100117
100113
100110
100107
100104
100101
100098
100095
100093
100090
100088
100086
100084
100082
100080
100078
100076
100075
100073
100072
100071
100070
100068
100067
100067
100066
100065
100064
100064
100064
100063
100063
100063
100063
100063
100063
100063
100063
100064
100064
100065
100065
100066
100067
100068
100069
100070
100072
100073
100075
100076
100078
100080
100082
100084
100086
100088
100090
100092
100094
100096
100099
100101
100103
100106
100108
100110
100113
100115
100118
100120
100123
100125
100128
100130
100133
100135
100138
100140
100143
100145
100147
100149
100151
100153
100155
100157
100158
100160
100161
100162
100163
100164
100165
100166
100166
100167
100167
100167
100168
100168
100169
100169
100170
100171
100171
100172
100172
100172
100172
100171
100169
100163
100152
100138
100122
100107
100093
100139
100134
100130
100126
100122
100119
100115
100112
100108
100105
100102
100099
100097
100094
100092
100089
100087
100085
100083
100081
100079
100077
100076
100074
100073
100071
100070
100069
100068
100067
100066
100066
100065
100064
100064
100064
100063
100063
100063
100063
100063
100063
100064
100064
100064
100065
100066
100066
100067
100068
100069
100070
100072
100073
100075
100076
100078
100080
100082
100083
100085
100087
100090
100092
100094
100096
100098
100100
100103
100105
100107
100110
100112
100115
100117
100120
100122
100125
100127
100130
100132
100135
100137
100140
100142
100144
100146
100149
100151
100153
100154
100156
100158
100159
100161
100162
100163
100164
100165
100165
100166
100167
100167
100167
100168
100168
100169
100169
100170
100171
100172
100173
100173
100173
100173
100172
100170
100163
100152
100137
100121
100106
100091
100141
100137
100132
100128
100124
100121
100117
100114
100110
100107
100104
100101
100098
100095
100093
100090
100088
100086
100084
100082
100080
100078
100077
100075
100074
100072
100071
100070
100069
100068
100067
100066
100066
100065
100065
100064
100064
100064
100063
100063
100064
100064
100064
100064
100065
100065
100066
100066
100067
100068
100069
100070
100072
100073
100074
100076
100078
100079
100081
100083
100085
100087
100089
100091
100093
100096
100098
100100
100102
100105
100107
100109
100112
100114
100117
100119
100122
100124
100127
100129
100131
100134
100136
100139
100141
100143
100146
100148
100150
100152
100154
100155
100157
100158
100160
100161
100162
100163
100164
100165
100166
100166
100167
100167
100168
100168
100169
100170
100170
100171
100172
100173
100174
100174
100174
100173
100170
100163
100151
100136
100119
100104
100089
100139
100135
100131
100127
100123
100119
100116
100112
100109
100106
100103
100100
100097
100094
100092
100090
100087
100085
100083
100081
100079
100078
100076
100075
100073
100072
100071
100070
100069
100068
100067
100066
100066
100065
100065
100064
100064
100064
100064
100064
100064
100064
100064
100065
100065
100066
100067
100067
100068
100069
100070
100072
100073
100074
100076
100078
100079
100081
100083
100085
100087
100089
100091
100093
100095
100097
100100
100102
100104
100106
100109
100111
100114
100116
100118
100121
100123
100126
100128
100131
100133
100136
100138
100140
100142
100145
100147
100149
100151
100153
100154
100156
100158
100159
100160
100162
100163
100164
100164
100165
100166
100167
100167
100168
100168
100169
100170
100171
100172
100173
100174
100175
100176
100176
100174
100171
100164
100152
100136
100119
100103
100088
100142
100137
100133
100129
100125
100121
100118
100114
100111
100108
100105
100102
100099
100096
100093
100091
100089
100086
100084
100082
100081
100079
100077
100076
100074
100073
100072
100070
100069
100068
100068
100067
100066
100066
100065
100065
100064
100064
100064
100064
100064
100064
100065
100065
100066
100066
100067
100067
100068
100069
100070
100071
100073
100074
100076
100077
100079
100081
100083
100085
100087
100089
100091
100093
100095
100097
100099
100101
100104
100106
100108
100111
100113
100115
100118
100120
100123
100125
100127
100130
100132
100135
100137
100139
100142
100144
100146
100148
100150
100152
100153
100155
100157
100158
100159
100161
100162
100163
100164
100165
100165
100166
100167
100167
100168
100169
100170
100171
100172
100173
100174
100176
100176
100177
100176
100172
100165
100153
100136
100119
100103
100088
100140
100136
100132
100128
100124
100120
100116
100113
100110
100107
100103
100101
100098
100095
100093
100090
100088
100086
100084
100082
100080
100078
100077
100075
100074
100072
100071
100070
100069
100068
100068
100067
100066
100066
100065
100065
100065
100065
100065
100065
100065
100065
100065
100066
100066
100067
100067
100068
100069
100070
100071
100073
100074
100076
100077
100079
100081
100082
100084
100086
100088
100090
100092
100094
100097
100099
100101
100103
100105
100108
100110
100112
100115
100117
100119
100122
100124
100126
100129
100131
100134
100136
100138
100140
100143
100145
100147
100149
100151
100152
100154
100156
100157
100158
100160
100161
100162
100163
100164
100165
100165
100166
100167
100168
100169
100169
100170
100172
100173
100174
100176
100177
100177
100176
100173
100167
100155
100138
100121
100104
100088
100073
100138
100134
100130
100126
100122
100119
100115
100112
100109
100106
100103
100100
100097
100094
100092
100090
100087
100085
100083
100081
100080
100078
100076
100075
100073
100072
100071
100070
100069
100068
100068
100067
100066
100066
100066
100065
100065
100065
100065
100065
100065
100066
100066
100066
100067
100068
100068
100069
100070
100071
100073
100074
100075
100077
100079
100080
100082
100084
100086
100088
100090
100092
100094
100096
100098
100100
100102
100105
100107
100109
100111
100114
100116
100118
100121
100123
100126
100128
100130
100132
100135
100137
100139
100141
100143
100145
100147
100149
100151
100153
100154
100156
100157
100159
100160
100161
100162
100163
100164
100165
100165
100166
100167
100168
100169
100170
100171
100173
100174
100175
100177
100177
100176
100173
100167
100157
100141
100123
100106
100090
100075
100137
100133
100129
100125
100121
100118
100114
100111
100108
100105
100102
100099
100096
100094
100091
100089
100087
100085
100083
100081
100079
100078
100076
100075
100073
100072
100071
100070
100069
100068
100068
100067
100067
100066
100066
100066
100065
100065
100066
100066
100066
100066
100067
100067
100068
100069
100069
100070
100071
100073
100074
100075
100077
100078
100080
100082
100084
100086
100087
100089
100091
100093
100095
100098
100100
100102
100104
100106
100108
100111
100113
100115
100118
100120
100122
100124
100127
100129
100131
100134
100136
100138
100140
100142
100144
100146
100148
100150
100151
100153
100154
100156
100157
100158
100160
100161
100162
100163
100164
100164
100165
100166
100167
100168
100169
100170
100172
100173
100174
100175
100176
100175
100173
100168
100158
100144
100126
100109
100093
100077
100136
100132
100128
100124
100120
100117
100113
100110
100107
100104
100101
100098
100096
100093
100091
100089
100086
100084
100082
100081
100079
100077
100076
100074
100073
100072
100071
100070
100069
100068
100068
100067
100067
100066
100066
100066
100066
100066
100066
100066
100067
100067
100067
100068
100069
100069
100070
100071
100073
100074
100075
100077
100078
100080
100082
100083
100085
100087
100089
100091
100093
100095
100097
100099
100101
100103
100105
100108
100110
100112
100114
100117
100119
100121
100123
100126
100128
100130
100132
100134
100136
100139
100141
100143
100144
100146
100148
100150
100151
100153
100154
100156
100157
100158
100159
100160
100161
100162
100163
100164
100165
100166
100167
100168
100169
100170
100171
100173
100174
100174
100174
100172
100167
100159
100147
100130
100113
100096
100081
100135
100131
100127
100123
100119
100116
100113
100109
100106
100103
100101
100098
100095
100093
100090
100088
100086
100084
100082
100080
100079
100077
100076
100074
100073
100072
100071
100070
100069
100069
100068
100068
100067
100067
100067
100066
100066
100067
100067
100067
100067
100068
100068
100069
100070
100070
100071
100072
100074
100075
100076
100078
100080
100081
100083
100085
100087
100089
100090
100092
100094
100096
100098
100100
100103
100105
100107
100109
100111
100113
100115
100118
100120
100122
100124
100126
100129
100131
100133
100135
100137
100139
100141
100143
100145
100146
100148
100149
100151
100152
100154
100155
100156
100157
100158
100159
100160
100161
100162
100163
100164
100165
100166
100167
100168
100169
100170
100171
100171
100171
100169
100165
100159
100149
100135
100117
100101
100085
100070
100138
100134
100130
100126
100122
100119
100115
100112
100109
100106
100103
100100
100097
100095
100092
100090
100088
100086
100084
100082
100080
100079
100077
100076
100074
100073
100072
100071
100070
100070
100069
100068
100068
100067
100067
100067
100067
100067
100067
100067
100068
100068
100068
100069
100070
100071
100071
100072
100074
100075
100076
100078
100079
100081
100083
100084
100086
100088
100090
100092
100094
100096
100098
100100
100102
100104
100106
100108
100110
100112
100114
100116
100119
100121
100123
100125
100127
100129
100131
100133
100135
100137
100139
100141
100143
100144
100146
100147
100149
100150
100152
100153
100154
100155
100156
100157
100158
100159
100160
100161
100162
100163
100164
100165
100166
100166
100167
100167
100167
100167
100166
100162
100157
100148
100137
100122
100106
100090
100076
100133
100129
100125
100122
100118
100115
100112
100108
100105
100103
100100
100097
100095
100092
100090
100088
100086
100084
100082
100080
100079
100077
100076
100075
100073
100072
100071
100071
100070
100069
100069
100068
100068
100068
100068
100068
100068
100068
100068
100068
100069
100069
100070
100071
100071
100072
100074
100075
100076
100078
100079
100081
100082
100084
100086
100087
100089
100091
100093
100095
100097
100099
100101
100103
100105
100107
100109
100111
100113
100115
100117
100119
100121
100123
100125
100127
100129
100131
100133
100135
100137
100139
100141
100142
100144
100145
100147
100148
100149
100151
100152
100153
100154
100155
100156
100157
100158
100159
100159
100160
100161
100162
100162
100163
100163
100163
100163
100162
100161
100158
100154
100147
100137
100126
100111
100096
100081
100132
100128
100125
100121
100118
100114
100111
100108
100105
100102
100100
100097
100095
100092
100090
100088
100086
100084
100082
100080
100079
100077
100076
100075
100074
100073
100072
100071
100070
100070
100069
100069
100068
100068
100068
100068
100068
100068
100069
100069
100070
100070
100071
100072
100072
100074
100075
100076
100077
100079
100080
100082
100084
100085
100087
100089
100090
100092
100094
100096
100098
100100
100102
100104
100106
100108
100110
100112
100114
100116
100118
100120
100122
100124
100126
100128
100129
100131
100133
100135
100137
100138
100140
100141
100143
100144
100146
100147
100148
100149
100150
100151
100152
100153
100154
100155
100156
100156
100157
100158
100158
100159
100159
100159
100159
100158
100157
100156
100153
100149
100144
100136
100126
100115
100102
100088
100131
100127
100124
100121
100117
100114
100111
100108
100105
100102
100099
100097
100094
100092
100090
100088
100086
100084
100082
100081
100079
100078
100076
100075
100074
100073
100072
100071
100071
100070
100070
100069
100069
100069
100069
100069
100069
100069
100069
100070
100070
100071
100072
100073
100073
100075
100076
100077
100079
100080
100082
100083
100085
100086
100088
100090
100092
100093
100095
100097
100099
100101
100103
100105
100106
100108
100110
100112
100114
100116
100118
100120
100122
100124
100126
100127
100129
100131
100133
100134
100136
100137
100139
100140
100142
100143
100144
100145
100146
100147
100148
100149
100150
100151
100152
100152
100153
100153
100154
100154
100154
100154
100154
100154
100153
100152
100150
100147
100144
100139
100133
100125
100116
100106
100094
100081
100130
100127
100123
100120
100117
100114
100111
100108
100105
100102
100099
100097
100094
100092
100090
100088
100086
100084
100082
100081
100079
100078
100077
100075
100074
100073
100072
100072
100071
100070
100070
100070
100069
100069
100069
100069
100070
100070
100070
100071
100071
100072
100073
100073
100074
100076
100077
100078
100080
100081
100083
100084
100086
100087
100089
100091
100092
100094
100096
100098
100100
100101
100103
100105
100107
100109
100111
100113
100115
100116
100118
100120
100122
100124
100125
100127
100129
100130
100132
100133
100135
100136
100138
100139
100140
100141
100142
100143
100144
100145
100146
100147
100147
100148
100149
100149
100149
100150
100150
100150
100150
100149
100149
100148
100146
100144
100142
100138
100134
100129
100123
100115
100107
100097
100086
100130
100126
100123
100120
100116
100113
100110
100108
100105
100102
100099
100097
100095
100092
100090
100088
100086
100084
100083
100081
100080
100078
100077
100076
100075
100074
100073
100072
100072
100071
100071
100070
100070
100070
100070
100070
100070
100071
100071
100071
100072
100073
100074
100074
100076
100077
100078
100079
100081
100082
100084
100085
100087
100088
100090
100092
100093
100095
100097
100098
100100
100102
100104
100106
100107
100109
100111
100113
100115
100116
100118
100120
100121
100123
100125
100126
100128
100129
100131
100132
100133
100135
100136
100137
100138
100139
100140
100141
100142
100142
100143
100144
100144
100145
100145
100145
100145
100145
100145
100145
100144
100143
100142
100140
100138
100136
100133
100129
100124
100119
100113
100106
100098
100090
100080
100129
100126
100122
100119
100116
100113
100110
100107
100105
100102
100100
100097
100095
100093
100090
100088
100086
100085
100083
100081
100080
100079
100077
100076
100075
100074
100073
100073
100072
100072
100071
100071
100071
100071
100071
100071
100071
100071
100072
100072
100073
100074
100074
100075
100077
100078
100079
100080
100082
100083
100085
100086
100088
100089
100091
100092
100094
100096
100097
100099
100101
100102
100104
100106
100107
100109
100111
100113
100114
100116
100118
100119
100121
100122
100124
100125
100127
100128
100129
100130
100132
100133
100134
100135
100136
100137
100137
100138
100139
100139
100140
100140
100140
100141
100141
100140
100140
100140
100139
100139
100138
100136
100135
100133
100130
100127
100124
100120
100115
100110
100104
100098
100091
100083
100125
100122
100119
100116
100113
100110
100107
100105
100102
100100
100097
100095
100093
100091
100089
100087
100085
100083
100082
100080
100079
100078
100077
100076
100075
100074
100073
100073
100072
100072
100072
100071
100071
100071
100072
100072
100072
100072
100073
100074
100074
100075
100076
100077
100079
100080
100081
100082
100084
100085
100087
100088
100090
100091
100093
100094
100096
100098
100099
100101
100103
100104
100106
100107
100109
100111
100112
100114
100115
100117
100118
100120
100121
100122
100124
100125
100126
100127
100128
100130
100130
100131
100132
100133
100134
100134
100135
100135
100136
100136
100136
100136
100136
100136
100135
100135
100134
100133
100132
100131
100129
100127
100125
100122
100119
100115
100111
100107
100102
100096
100090
100084
100124
100121
100118
100116
100113
100110
100107
100105
100102
100100
100097
100095
100093
100091
100089
100087
100085
100084
100082
100081
100080
100078
100077
100076
100075
100075
100074
100073
100073
100072
100072
100072
100072
100072
100072
100072
100073
100073
100074
100074
100075
100076
100077
100078
100079
100081
100082
100083
100085
100086
100087
100089
100090
100092
100093
100095
100096
100098
100099
100101
100102
100104
100105
100107
100108
100110
100111
100113
100114
100116
100117
100118
100120
100121
100122
100123
100124
100125
100126
100127
100128
100129
100129
100130
100130
100131
100131
100131
100131
100131
100131
100131
100131
100131
100130
100129
100128
100127
100126
100124
100122
100120
100117
100114
100111
100108
100104
100099
100095
100090
100084
100079
100121
100118
100115
100113
100110
100107
100105
100102
100100
100098
100095
100093
100091
100089
100088
100086
100084
100083
100081
100080
100079
100078
100077
100076
100075
100074
100074
100073
100073
100073
100073
100073
100073
100073
100073
100074
100074
100075
100075
100076
100077
100078
100079
100080
100081
100083
100084
100085
100086
100088
100089
100091
100092
100093
100095
100096
100098
100099
100101
100102
100103
100105
100106
100108
100109
100110
100112
100113
100114
100115
100117
100118
100119
100120
100121
100122
100123
100123
100124
100125
100125
100126
100126
100127
100127
100127
100127
100127
100127
100127
100126
100126
100125
100124
100123
100122
100121
100119
100117
100115
100113
100110
100107
100104
100101
100097
100093
100089
100084
100079
100120
100117
100115
100112
100110
100107
100105
100102
100100
100098
100096
100094
100092
100090
100088
100086
100085
100083
100082
100081
100079
100078
100077
100076
100076
100075
100075
100074
100074
100074
100073
100073
100073
100074
100074
100074
100075
100075
100076
100077
100078
100079
100080
100081
100082
100083
100084
100086
100087
100088
100089
100091
100092
100093
100095
100096
100097
100099
100100
100101
100103
100104
100105
100107
100108
100109
100110
100111
100113
100114
100115
100116
100117
100117
100118
100119
100120
100120
100121
100121
100122
100122
100122
100123
100123
100123
100122
100122
100122
100121
100121
100120
100119
100118
100117
100116
100114
100113
100111
100109
100106
100104
100101
100098
100095
100091
100087
100084
100080
100076
100116
100114
100112
100109
100107
100105
100102
100100
100098
100096
100094
100092
100090
100088
100087
100085
100084
100082
100081
100080
100079
100078
100077
100076
100076
100075
100075
100074
100074
100074
100074
100074
100074
100075
100075
100075
100076
100077
100078
100078
100079
100080
100081
100082
100083
100085
100086
100087
100088
100089
100091
100092
100093
100094
100096
100097
100098
100099
100101
100102
100103
100104
100105
100107
100108
100109
100110
100111
100112
100112
100113
100114
100115
100115
100116
100117
100117
100117
100118
100118
100118
100118
100118
100118
100118
100118
100117
100117
100116
100116
100115
100114
100113
100111
100110
100108
100106
100105
100102
100100
100098
100095
100092
100089
100086
100083
100080
100076
100113
100111
100109
100107
100104
100102
100100
100098
100096
100094
100092
100091
100089
100087
100086
100084
100083
100082
100081
100079
100079
100078
100077
100076
100076
100075
100075
100075
100075
100075
100075
100075
100075
100076
100076
100077
100077
100078
100079
100080
100081
100082
100083
100084
100085
100086
100087
100088
100089
100090
100092
100093
100094
100095
100096
100097
100098
100100
100101
100102
100103
100104
100105
100106
100107
100108
100108
100109
100110
100111
100111
100112
100112
100113
100113
100114
100114
100114
100114
100114
100114
100114
100114
100113
100113
100112
100112
100111
100110
100109
100108
100107
100106
100104
100102
100101
100099
100097
100095
100092
100090
100087
100085
100082
100079
100076
100073
100112
100110
100108
100106
100104
100102
100100
100098
100096
100094
100093
100091
100089
100088
100086
100085
100083
100082
100081
100080
100079
100078
100078
100077
100076
100076
100076
100075
100075
100075
100075
100076
100076
100076
100077
100077
100078
100079
100079
100080
100081
100082
100083
100084
100085
100086
100087
100088
100089
100090
100091
100092
100093
100094
100095
100096
100097
100098
100099
100100
100101
100102
100103
100104
100104
100105
100106
100107
100107
100108
100108
100109
100109
100109
100110
100110
100110
100110
100110
100110
100110
100109
100109
100109
100108
100107
100107
100106
100105
100104
100103
100102
100100
100099
100097
100095
100094
100092
100090
100088
100085
100083
100081
100078
100076
100073
100071
100109
100107
100105
100103
100101
100100
100098
100096
100094
100093
100091
100089
100088
100086
100085
100084
100083
100082
100081
100080
100079
100078
100078
100077
100077
100076
100076
100076
100076
100076
100076
100076
100077
100077
100078
100078
100079
100080
100080
100081
100082
100083
100084
100085
100086
100086
100087
100088
100089
100090
100091
100092
100093
100094
100095
100096
100097
100098
100098
100099
100100
100101
100101
100102
100103
100103
100104
100104
100105
100105
100105
100105
100106
100106
100106
100106
100106
100106
100105
100105
100105
100104
100104
100103
100103
100102
100101
100100
100099
100098
100097
100095
100094
100092
100091
100089
100087
100085
100084
100082
100080
100077
100075
100073
100071
100106
100104
100102
100101
100099
100097
100096
100094
100093
100091
100089
100088
100087
100085
100084
100083
100082
100081
100080
100079
100079
100078
100077
100077
100077
100077
100076
100076
100076
100077
100077
100077
100077
100078
100078
100079
100080
100080
100081
100082
100083
100083
100084
100085
100086
100087
100088
100088
100089
100090
100091
100092
100093
100093
100094
100095
100096
100096
100097
100098
100098
100099
100099
100100
100100
100101
100101
100101
100102
100102
100102
100102
100102
100102
100102
100102
100101
100101
100101
100100
100100
100099
100099
100098
100097
100096
100095
100094
100093
100092
100091
100089
100088
100086
100085
100083
100082
100080
100078
100076
100075
100073
100071
100069
100103
100101
100100
100098
100097
100095
100094
100092
100091
100089
100088
100087
100086
100084
100083
100082
100081
100080
100080
100079
100078
100078
100077
100077
100077
100077
100077
100077
100077
100077
100077
100078
100078
100079
100079
100080
100080
100081
100082
100082
100083
100084
100084
100085
100086
100087
100087
100088
100089
100090
100090
100091
100092
100092
100093
100094
100094
100095
100095
100096
100096
100097
100097
100097
100098
100098
100098
100098
100098
100098
100098
100098
100098
100098
100097
100097
100097
100096
100096
100095
100095
100094
100093
100092
100092
100091
100090
100089
100087
100086
100085
100084
100082
100081
100080
100078
100077
100075
100074
100072
100070
100069
100067
100100
100098
100097
100096
100094
100093
100092
100090
100089
100088
100087
100086
100084
100083
100082
100082
100081
100080
100079
100079
100078
100078
100077
100077
100077
100077
100077
100077
100077
100077
100078
100078
100079
100079
100079
100080
100081
100081
100082
100082
100083
100084
100084
100085
100086
100086
100087
100087
100088
100089
100089
100090
100090
100091
100091
100092
100092
100093
100093
100093
100094
100094
100094
100094
100094
100094
100095
100094
100094
100094
100094
100094
100094
100093
100093
100093
100092
100092
100091
100090
100090
100089
100088
100087
100086
100086
100085
100084
100082
100081
100080
100079
100078
100076
100075
100074
100072
100071
100070
100068
100067
100097
100096
100094
100093
100092
100091
100090
100089
100088
100086
100085
100084
100083
100082
100082
100081
100080
100079
100079
100078
100078
100078
100077
100077
100077
100077
100077
100077
100077
100078
100078
100078
100079
100079
100080
100080
100081
100081
100082
100082
100083
100083
100084
100084
100085
100085
100086
100086
100087
100087
100088
100088
100089
100089
100089
100090
100090
100090
100090
100091
100091
100091
100091
100091
100091
100091
100091
100091
100091
100090
100090
100090
100089
100089
100089
100088
100088
100087
100086
100086
100085
100084
100083
100083
100082
100081
100080
100079
100078
100077
100076
100075
100074
100072
100071
100070
100069
100068
100066
100065
100094
100093
100092
100091
100090
100089
100088
100087
100086
100085
100084
100083
100082
100081
100081
100080
100079
100079
100078
100078
100078
100077
100077
100077
100077
100077
100077
100077
100077
100078
100078
100078
100079
100079
100079
100080
100080
100081
100081
100082
100082
100082
100083
100083
100084
100084
100085
100085
100085
100086
100086
100086
100087
100087
100087
100087
100087
100088
100088
100088
100088
100088
100088
100088
100088
100087
100087
100087
100087
100086
100086
100086
100085
100085
100084
100084
100083
100083
100082
100081
100081
100080
100079
100078
100077
100077
100076
100075
100074
100073
100072
100071
100070
100069
100068
100067
100066
100065
100064
100091
100090
100089
100088
100088
100087
100086
100085
100084
100083
100083
100082
100081
100080
100080
100079
100079
100078
100078
100078
100077
100077
100077
100077
100077
100077
100077
100077
100077
100077
100078
100078
100078
100079
100079
100079
100080
100080
100080
100081
100081
100081
100082
100082
100082
100083
100083
100083
100083
100084
100084
100084
100084
100084
100084
100085
100085
100085
100085
100085
100084
100084
100084
100084
100084
100084
100083
100083
100083
100082
100082
100082
100081
100081
100080
100080
100079
100078
100078
100077
100076
100076
100075
100074
100073
100073
100072
100071
100070
100069
100068
100068
100067
100066
100065
100064
100063
100088
100087
100087
100086
100085
100085
100084
100083
100082
100082
100081
100080
100080
100079
100079
100078
100078
100077
100077
100077
100077
100077
100076
100076
100076
100076
100077
100077
100077
100077
100077
100077
100078
100078
100078
100078
100079
100079
100079
100079
100080
100080
100080
100080
100081
100081
100081
100081
100081
100081
100081
100082
100082
100082
100082
100082
100082
100082
100081
100081
100081
100081
100081
100081
100080
100080
100080
100079
100079
100079
100078
100078
100077
100077
100076
100076
100075
100075
100074
100073
100073
100072
100071
100071
100070
100069
100068
100068
100067
100066
100065
100065
100064
100063
100062
100061
100085
100084
100084
100083
100082
100082
100081
100081
100080
100080
100079
100078
100078
100078
100077
100077
100077
100076
100076
100076
100076
100076
100076
100076
100076
100076
100076
100076
100076
100076
100076
100077
100077
100077
100077
100077
100078
100078
100078
100078
100078
100078
100078
100079
100079
100079
100079
100079
100079
100079
100079
100079
100079
100079
100079
100079
100078
100078
100078
100078
100078
100077
100077
100077
100077
100076
100076
100075
100075
100075
100074
100074
100073
100073
100072
100072
100071
100070
100070
100069
100069
100068
100067
100067
100066
100065
100065
100064
100063
100063
100062
100061
100061
100060
100082
100082
100081
100081
100080
100080
100079
100079
100078
100078
100077
100077
100077
100076
100076
100076
100076
100075
100075
100075
100075
100075
100075
100075
100075
100075
100075
100075
100075
100075
100075
100075
100075
100076
100076
100076
100076
100076
100076
100076
100076
100076
100076
100076
100076
100076
100076
100076
100076
100076
100076
100076
100076
100076
100076
100075
100075
100075
100075
100075
100074
100074
100074
100073
100073
100073
100072
100072
100072
100071
100071
100070
100070
100069
100069
100068
100068
100067
100067
100066
100066
100065
100064
100064
100063
100063
100062
100061
100061
100060
100060
100059
100058
100079
100079
100079
100078
100078
100078
100077
100077
100077
100076
100076
100075
100075
100075
100075
100074
100074
100074
100074
100074
100074
100074
100074
100074
100074
100074
100074
100074
100074
100074
100074
100074
100074
100074
100074
100074
100074
100074
100074
100074
100074
100074
100074
100074
100074
100074
100074
100074
100074
100073
100073
100073
100073
100073
100073
100072
100072
100072
100072
100071
100071
100071
100070
100070
100070
100069
100069
100069
100068
100068
100067
100067
100067
100066
100066
100065
100065
100064
100064
100063
100063
100062
100062
100061
100061
100060
100059
100059
100058
100058
100057
100057
100077
100077
100076
100076
100076
100075
100075
100075
100075
100074
100074
100074
100074
100073
100073
100073
100073
100073
100073
100073
100072
100072
100072
100072
100072
100072
100072
100072
100072
100072
100072
100072
100072
100072
100072
100072
100072
100072
100072
100072
100072
100072
100072
100071
100071
100071
100071
100071
100071
100071
100070
100070
100070
100070
100070
100069
100069
100069
100069
100068
100068
100068
100067
100067
100067
100066
100066
100066
100065
100065
100064
100064
100064
100063
100063
100062
100062
100061
100061
100060
100060
100060
100059
100059
100058
100058
100057
100057
100056
100056
100074
100074
100074
100073
100073
100073
100073
100073
100072
100072
100072
100072
100072
100071
100071
100071
100071
100071
100071
100071
100071
100071
100071
100070
100070
100070
100070
100070
100070
100070
100070
100070
100070
100070
100070
100070
100070
100069
100069
100069
100069
100069
100069
100069
100069
100068
100068
100068
100068
100068
100067
100067
100067
100067
100066
100066
100066
100066
100065
100065
100065
100064
100064
100064
100063
100063
100063
100062
100062
100062
100061
100061
100060
100060
100060
100059
100059
100058
100058
100057
100057
100057
100056
100056
100055
100055
100055
100054
100071
100071
100071
100071
100071
100071
100071
100070
100070
100070
100070
100070
100070
100070
100069
100069
100069
100069
100069
100069
100069
100069
100069
100068
100068
100068
100068
100068
100068
100068
100068
100068
100068
100068
100067
100067
100067
100067
100067
100067
100067
100066
100066
100066
100066
100066
100066
100065
100065
100065
100065
100064
100064
100064
100064
100063
100063
100063
100062
100062
100062
100062
100061
100061
100061
100060
100060
100060
100059
100059
100058
100058
100058
100057
100057
100057
100056
100056
100056
100055
100055
100054
100054
100054
100053
100053
100052
100069
100069
100068
100068
100068
100068
100068
100068
100068
100068
100068
100068
100067
100067
100067
100067
100067
100067
100067
100067
100067
100066
100066
100066
100066
100066
100066
100066
100066
100066
100065
100065
100065
100065
100065
100065
100065
100064
100064
100064
100064
100064
100064
100063
100063
100063
100063
100063
100062
100062
100062
100062
100061
100061
100061
100061
100060
100060
100060
100059
100059
100059
100059
100058
100058
100058
100057
100057
100057
100056
100056
100056
100055
100055
100055
100054
100054
100054
100053
100053
100053
100052
100052
100051
100051
100051
100066
100066
100066
100066
100066
100066
100066
100066
100065
100065
100065
100065
100065
100065
100065
100065
100065
100065
100064
100064
100064
100064
100064
100064
100064
100064
100064
100063
100063
100063
100063
100063
100063
100063
100062
100062
100062
100062
100062
100062
100061
100061
100061
100061
100061
100060
100060
100060
100060
100059
100059
100059
100059
100058
100058
100058
100058
100057
100057
100057
100056
100056
100056
100056
100055
100055
100055
100054
100054
100054
100054
100053
100053
100053
100052
100052
100052
100051
100051
100051
100050
100050
100050
100049
100063
100063
100063
100063
100063
100063
100063
100063
100063
100063
100063
100063
100063
100062
100062
100062
100062
100062
100062
100062
100062
100062
100061
100061
100061
100061
100061
100061
100061
100060
100060
100060
100060
100060
100060
100059
100059
100059
100059
100059
100058
100058
100058
100058
100058
100057
100057
100057
100057
100056
100056
100056
100056
100055
100055
100055
100055
100054
100054
100054
100054
100053
100053
100053
100053
100052
100052
100052
100051
100051
100051
100051
100050
100050
100050
100049
100049
100049
100049
100048
100048
100048
100060
100060
100060
100060
100060
100060
100060
100060
100060
100060
100060
100060
100060
100060
100060
100059
100059
100059
100059
100059
100059
100059
100059
100059
100058
100058
100058
100058
100058
100058
100057
100057
100057
100057
100057
100057
100056
100056
100056
100056
100056
100055
100055
100055
100055
100055
100054
100054
100054
100054
100053
100053
100053
100053
100052
100052
100052
100052
100051
100051
100051
100051
100050
100050
100050
100050
100049
100049
100049
100049
100048
100048
100048
100048
100047
100047
100047
100046
100046
100046
100057
100057
100058
100057
100057
100057
100057
100057
100057
100057
100057
100057
100057
100057
100057
100057
100057
100057
100056
100056
100056
100056
100056
100056
100056
100056
100055
100055
100055
100055
100055
100055
100054
100054
100054
100054
100054
100053
100053
100053
100053
100053
100053
100052
100052
100052
100052
100051
100051
100051
100051
100051
100050
100050
100050
100050
100049
100049
100049
100049
100049
100048
100048
100048
100048
100047
100047
100047
100047
100046
100046
100046
100046
100045
100045
100045
100045
100044
100044
100055
100055
100055
100055
100055
100055
100055
100055
100054
100054
100054
100054
100054
100054
100054
100054
100054
100054
100054
100053
100053
100053
100053
100053
100053
100053
100052
100052
100052
100052
100052
100052
100052
100051
100051
100051
100051
100051
100050
100050
100050
100050
100050
100050
100049
100049
100049
100049
100049
100048
100048
100048
100048
100047
100047
100047
100047
100047
100046
100046
100046
100046
100046
100045
100045
100045
100045
100044
100044
100044
100044
100044
100043
100043
100043
100043
100052
100052
100052
100052
100052
100052
100052
100052
100052
100051
100051
100051
100051
100051
100051
100051
100051
100051
100051
100051
100050
100050
100050
100050
100050
100050
100050
100049
100049
100049
100049
100049
100049
100049
100048
100048
100048
100048
100048
100048
100047
100047
100047
100047
100047
100046
100046
100046
100046
100046
100045
100045
100045
100045
100045
100044
100044
100044
100044
100044
100043
100043
100043
100043
100043
100042
100042
100042
100042
100042
100041
100041
100041
100041
100049
100049
100049
100049
100049
100049
100049
100049
100049
100049
100048
100048
100048
100048
100048
100048
100048
100048
100048
100048
100047
100047
100047
100047
100047
100047
100047
100047
100046
100046
100046
100046
100046
100046
100045
100045
100045
100045
100045
100045
100044
100044
100044
100044
100044
100044
100043
100043
100043
100043
100043
100043
100042
100042
100042
100042
100042
100041
100041
100041
100041
100041
100041
100040
100040
100040
100040
100040
100039
100039
100039
100046
100046
100046
100046
100046
100046
100046
100046
100046
100046
100046
100046
100045
100045
100045
100045
100045
100045
100045
100045
100045
100045
100044
100044
100044
100044
100044
100044
100044
100043
100043
100043
100043
100043
100043
100043
100042
100042
100042
100042
100042
100042
100042
100041
100041
100041
100041
100041
100041
100040
100040
100040
100040
100040
100040
100039
100039
100039
100039
100039
100039
100038
100038
100038
100038
100038
100038
100037
100043
100043
100043
100043
100043
100043
100043
100043
100043
100043
100043
100043
100043
100043
100042
100042
100042
100042
100042
100042
100042
100042
100042
100042
100041
100041
100041
100041
100041
100041
100041
100041
100040
100040
100040
100040
100040
100040
100040
100039
100039
100039
100039
100039
100039
100039
100038
100038
100038
100038
100038
100038
100038
100037
100037
100037
100037
100037
100037
100036
100036
100036
100036
100036
100036
100036
100041
100041
100040
100040
100040
100040
100040
100040
100040
100040
100040
100040
100040
100040
100040
100040
100040
100039
100039
100039
100039
100039
100039
100039
100039
100039
100038
100038
100038
100038
100038
100038
100038
100038
100038
100037
100037
100037
100037
100037
100037
100037
100036
100036
100036
100036
100036
100036
100036
100036
100035
100035
100035
100035
100035
100035
100035
100034
100034
100034
100034
100034
100038
100038
100038
100038
100038
100038
100038
100038
100038
100037
100037
100037
100037
100037
100037
100037
100037
100037
100037
100037
100037
100036
100036
100036
100036
100036
100036
100036
100036
100036
100036
100035
100035
100035
100035
100035
100035
100035
100035
100035
100034
100034
100034
100034
100034
100034
100034
100034
100033
100033
100033
100033
100033
100033
100033
100033
100032
100032
100032
100032
100035
100035
100035
100035
100035
100035
100035
100035
100035
100035
100035
100035
100035
100035
100035
100035
100034
100034
100034
100034
100034
100034
100034
100034
100034
100034
100034
100034
100033
100033
100033
100033
100033
100033
100033
100033
100033
100032
100032
100032
100032
100032
100032
100032
100032
100032
100032
100031
100031
100031
100031
100031
100031
100031
100031
100031
100030
100033
100033
100033
100033
100033
100033
100033
100033
100033
100032
100032
100032
100032
100032
100032
100032
100032
100032
100032
100032
100032
100032
100032
100031
100031
100031
100031
100031
100031
100031
100031
100031
100031
100031
100031
100030
100030
100030
100030
100030
100030
100030
100030
100030
100030
100029
100029
100029
100029
100029
100029
100029
100029
100029
100031
100031
100031
100030
100030
100030
100030
100030
100030
100030
100030
100030
100030
100030
100030
100030
100030
100030
100030
100030
100030
100029
100029
100029
100029
100029
100029
100029
100029
100029
100029
100029
100029
100028
100028
100028
100028
100028
100028
100028
100028
100028
100028
100028
100028
100027
100027
100027
100027
100027
100027
100028
100028
100028
100028
100028
100028
100028
100028
100028
100028
100028
100028
100028
100028
100028
100028
100028
100028
100027
100027
100027
100027
100027
100027
100027
100027
100027
100027
100027
100027
100027
100027
100026
100026
100026
100026
100026
100026
100026
100026
100026
100026
100026
100026
100026
100025
100025
100025
100026
100026
100026
100026
100026
100026
100026
100026
100026
100026
100026
100026
100026
100026
100026
100026
100026
100026
100025
100025
100025
100025
100025
100025
100025
100025
100025
100025
100025
100025
100025
100025
100025
100025
100024
100024
100024
100024
100024
100024
100024
100024
100024
100024
100024
100024
100024
100024
100024
100024
100024
100024
100024
100024
100024
100024
100024
100024
100024
100024
100024
100024
100024
100024
100024
100023
100023
100023
100023
100023
100023
100023
100023
100023
100023
100023
100023
100023
100023
100023
100023
100023
100022
100022
100022
100022
100022
100022
100022
100022
100022
100022
100022
100022
100022
100022
100022
100022
100022
100022
100022
100022
100022
100022
100022
100022
100022
100022
100022
100022
100022
100022
100021
100021
100021
100021
100021
100021
100021
100021
100021
100021
100021
100021
100021
100021
100021
100021
100021
100021
100021
100021
100021
100021
100021
100020
100020
100020
100020
100020
100020
100020
100020
100020
100020
100020
100020
100020
100020
100020
100020
100020
100020
100020
100020
100020
100020
100020
100020
100019
100019
100019
100019
100019
100019
100019
100019
100019
100019
100019
100019
100019
100019
100019
100019
100019
100019
100019
100019
100019
100019
100019
100019
100018
100018
100018
100018
100018
100018
100018
100018
100018
100018
100018
100018
100018
100018
100018
100018
100018
100017
100017
100017
100017
100017
100017
100017
100017
100017
100017
100017
100017
100017
100017
100017
100017
100017
100017
100017
100017
100017
100017
100017
100017
100017
100017
100017
100017
100017
100017
100016
100016
100016
100016
100016
100016
100016
100016
100016
100016
100016
100016
100016
100016
100016
100016
100016
100016
100016
100016
100016
100016
100016
100015
100015
100015
100015
100015
100015
100015
100015
100015
100015
100015
100015
100015
100015
100015
100014
100014
100014
100014
100014
100014
100014
100014
100014
100014
100014
100014
100014
100014
100014
100014
100014
100014
100014
100014
100014
100014
100014
100013
100013
100013
100013
100013
100013
100013
100013
100013
100013
100013
100013
100013
100013
100013
100013
100013
100013
100013
100013
100013
100013
100013
100013
100013
100013
100012
100012
100012
100012
100012
100012
100012
100012
100012
100012
100012
100012
100012
100012
100012
100012
100012
100012
100012
100012
100012
100012
100012
100011
100011
100011
100011
100011
100011
100011
100011
100011
100011
100011
100011
100011
100011
100011
100011
100011
100011
100011
100011
100011
100011
100011
100009
100009
100009
100009
100009
100009
100009
100009
100009
100009
100009
100009
100009
100009
100009
100009
100009
100009
100009
100009
100009
100009
100009
100009
100009
100009
100009
100009
100009
100009
100009
100009
100009
100009
100009
100009
100009
100009
100009
100009
100009
100007
100007
100007
100007
100007
100007
100007
100007
100007
100007
100007
100007
100007
100007
100007
100007
100007
100007
100008
100008
100008
100008
100008
100007
100007
100007
100007
100007
100007
100007
100007
100007
100007
100007
100004
100004
100004
100004
100004
100004
100004
100004
100004
100004
100004
100004
100004
100004
100004
100007
100007
100007
100007
100007
100007
100007
100006
100006
100006
100006
100006
100006
100006
99999.6
99999.7
99999.8
99999.9
100000
100000
100000
100000
100000
100001
100001
100001
100001
100008
100007
100007
100007
100006
100006
100006
100006
100005
100005
100005
100004
99994
99994.3
99994.7
99995.1
99995.4
99995.7
99996
99996.3
99996.6
99996.8
99997.1
100009
100008
100006
100005
100004
100003
100002
100001
99999.4
99998.1
)
;

boundaryField
{
    down
    {
        type            fixedValue;
        value           nonuniform List<scalar> 0();
    }
    right
    {
        type            fixedValue;
        value           nonuniform List<scalar> 0();
    }
    up
    {
        type            fixedValue;
        value           nonuniform List<scalar> 0();
    }
    meanFlow
    {
        type            fixedValue;
        value           uniform 100000;
    }
    coandaUpper
    {
        type            zeroGradient;
    }
    coandaLower
    {
        type            zeroGradient;
    }
    surface
    {
        type            zeroGradient;
    }
    defaultFaces
    {
        type            empty;
    }
    procBoundary4to3
    {
        type            processor;
        value           nonuniform List<scalar> 
253
(
100145
100145
100145
100146
100146
100147
100148
100144
100144
100144
100145
100146
100147
100143
100143
100144
100146
100147
100148
100145
100145
100146
100148
100145
100145
100147
100144
100144
100146
100143
100143
100145
100143
100143
100146
100144
100144
100146
100144
100144
100143
100143
100141
100141
100140
100140
100139
100139
100142
100140
100137
100137
100136
100136
100135
100135
100134
100134
100133
100133
100132
100132
100131
100128
100128
100127
100127
100126
100123
100123
100122
100122
100121
100119
100119
100117
100115
100115
100114
100114
100112
100111
100111
100109
100107
100107
100105
100104
100104
100102
100101
100101
100099
100098
100098
100096
100095
100095
100092
100092
100092
100089
100089
100089
100086
100086
100085
100085
100083
100083
100083
100080
100080
100080
100077
100077
100077
100074
100074
100074
100074
100071
100071
100071
100069
100069
100069
100066
100066
100066
100063
100063
100063
100063
100060
100060
100060
100060
100057
100057
100057
100055
100055
100055
100055
100052
100052
100052
100052
100049
100049
100049
100049
100049
100046
100046
100046
100046
100043
100043
100043
100043
100041
100041
100041
100041
100041
100038
100038
100038
100038
100035
100035
100035
100035
100033
100033
100033
100033
100033
100031
100031
100031
100031
100028
100028
100028
100028
100028
100026
100026
100026
100026
100024
100024
100024
100024
100023
100023
100023
100023
100021
100021
100021
100021
100019
100019
100019
100019
100018
100018
100018
100018
100016
100016
100016
100015
100015
100015
100013
100013
100013
100013
100012
100012
100012
100011
100011
100011
100009
100009
100009
100009
100009
100007
100007
100007
100008
100008
100008
100004
100004
100007
100007
99999.4
99999.5
99999.5
100008
100008
99993.6
99993.6
100010
100010
)
;
    }
    procBoundary4to5
    {
        type            processor;
        value           nonuniform List<scalar> 
135
(
100137
100138
100139
100140
100141
100142
100142
100143
100143
100143
100142
100141
100140
100139
100137
100137
100119
100117
100114
100112
100109
100106
100103
100100
100098
100095
100095
100079
100077
100075
100074
100073
100073
100060
100061
100063
100066
100066
100056
100062
100068
100074
100074
100068
100075
100075
100071
100075
100078
100078
100073
100075
100075
100071
100072
100072
100070
100070
100068
100069
100069
100067
100067
100065
100065
100065
100064
100064
100063
100062
100062
100061
100061
100059
100059
100058
100058
100056
100055
100055
100054
100054
100052
100052
100050
100049
100049
100047
100047
100046
100046
100044
100042
100042
100041
100041
100039
100037
100037
100035
100034
100034
100032
100030
100030
100029
100027
100027
100025
100024
100024
100022
100021
100019
100019
100018
100016
100015
100015
100014
100013
100011
100011
100011
100009
100009
100007
100007
100004
100006
100006
100001
100004
99997.3
99997
)
;
    }
}


// ************************************************************************* //
