/*--------------------------------*- C++ -*----------------------------------*\
  =========                 |
  \\      /  F ield         | OpenFOAM: The Open Source CFD Toolbox
   \\    /   O peration     | Website:  https://openfoam.org
    \\  /    A nd           | Version:  9
     \\/     M anipulation  |
\*---------------------------------------------------------------------------*/
FoamFile
{
    format      ascii;
    class       volScalarField;
    location    "0.008099";
    object      alphat;
}
// * * * * * * * * * * * * * * * * * * * * * * * * * * * * * * * * * * * * * //

dimensions      [1 -1 -1 0 0 0 0];

internalField   nonuniform List<scalar> 
5373
(
1.57497e-06
1.35584e-06
7.92556e-05
7.43493e-05
0.000112876
0.000152696
1.2719e-06
2.09513e-06
2.73706e-06
2.96167e-06
3.65622e-06
4.07068e-06
3.97606e-06
3.50957e-06
2.99254e-06
2.36356e-06
1.6874e-06
1.10532e-06
7.07499e-07
4.79669e-07
3.5255e-07
2.69981e-07
2.06997e-07
1.74172e-07
1.48023e-07
1.17024e-07
7.23558e-05
8.8254e-05
9.68465e-05
0.000106813
0.000115102
0.000120661
0.000122393
0.000120884
0.000116271
0.000107631
9.32723e-05
7.71372e-05
6.18129e-05
4.76236e-05
3.52007e-05
2.49769e-05
1.68322e-05
1.09671e-05
6.9329e-06
4.13442e-06
0.000121844
0.00012837
0.000139661
0.000147631
0.000154634
0.000159938
0.000163077
0.000164282
0.000163841
0.00016138
0.000155856
0.00014609
0.000131571
0.000115674
9.8704e-05
8.11533e-05
6.37047e-05
4.6872e-05
3.18913e-05
1.9642e-05
0.000155537
0.000160418
0.000164764
0.000170673
0.000175016
0.000178463
0.000180714
0.000181809
0.000181968
0.000180965
0.000178736
0.000174697
0.000167127
0.000154851
0.000140508
0.000124383
0.000106399
8.64227e-05
6.56808e-05
4.59627e-05
0.000177558
0.000180061
0.000182904
0.000185001
0.000187223
0.00018847
0.000189028
0.000188983
0.000188385
0.000187262
0.000185662
0.000183453
0.000179759
0.000172711
0.000161861
0.000149153
0.000134041
0.00011592
9.52251e-05
7.3116e-05
0.000194202
0.000193606
0.000194073
0.000194097
0.00019357
0.00019283
0.000191399
0.00018976
0.000187923
0.000186065
0.000184182
0.000182172
0.00017952
0.000175538
0.000168697
0.00015999
0.00014858
0.000134112
0.000115961
9.49034e-05
0.000202188
0.000199821
0.000197528
0.000194644
0.000191639
0.000188641
0.000185557
0.000182495
0.000179641
0.000177111
0.000174926
0.000172772
0.000170031
0.000165602
0.000159881
0.000152588
0.000142545
0.00012831
0.000110373
0.000199541
0.000194999
0.00019069
0.000185971
0.000181268
0.000176524
0.000171932
0.00016782
0.000164318
0.000161351
0.000159026
0.000157278
0.00015543
0.000152895
0.00014906
0.000142912
0.000133304
0.000119591
0.000188225
0.000181887
0.000175523
0.000169051
0.000162436
0.000156363
0.000151289
0.00014721
0.000144114
0.000142105
0.000141046
0.000140726
0.000140632
0.000140003
0.000137638
0.00013225
0.000123219
0.000176627
0.000168051
0.000160315
0.000153297
0.0001469
0.000141247
0.000136423
0.00013242
0.000129161
0.000126838
0.000125688
0.000125645
0.000126325
0.000127425
0.000128093
0.000126537
0.000122585
0.000153715
0.000146227
0.0001397
0.000134078
0.000129322
0.000125183
0.000121428
0.000118063
0.000115331
0.000113575
0.000112685
0.000112882
0.00011423
0.000116082
0.000117205
0.00011762
0.000141192
0.000135149
0.000130035
0.000125686
0.000122137
0.000118952
0.000115778
0.000112386
0.000108889
0.000105567
0.000103089
0.000101887
0.000102184
0.000103588
0.000105691
0.000108013
0.00012846
0.000125369
0.000122549
0.000119848
0.000117205
0.000114436
0.000111065
0.000106934
0.000101631
9.69277e-05
9.34869e-05
9.14743e-05
9.13612e-05
9.31822e-05
9.61742e-05
0.000121416
0.000118911
0.000116256
0.000113471
0.000110504
0.000107221
0.000103442
9.86858e-05
9.29778e-05
8.55687e-05
8.07724e-05
7.8873e-05
7.98694e-05
8.26708e-05
0.00011505
0.00011244
0.000109786
0.000107012
0.000103973
0.000100591
9.67091e-05
9.12809e-05
8.31316e-05
7.36496e-05
6.75509e-05
6.48421e-05
6.5306e-05
6.75415e-05
0.000106566
0.000103924
0.000101102
9.80551e-05
9.42575e-05
8.96085e-05
8.3956e-05
7.66515e-05
6.61357e-05
5.73049e-05
5.18164e-05
4.93519e-05
4.92453e-05
5.04858e-05
8.98754e-05
8.59087e-05
8.16351e-05
7.6894e-05
7.14816e-05
6.52834e-05
5.81864e-05
4.97584e-05
4.25427e-05
3.75354e-05
3.4329e-05
3.24768e-05
3.22613e-05
6.72551e-05
6.39583e-05
6.07815e-05
5.77292e-05
5.43191e-05
5.06389e-05
4.65205e-05
4.15755e-05
3.60646e-05
2.76469e-05
2.03102e-05
1.66183e-05
1.51138e-05
4.31503e-05
4.01533e-05
3.80349e-05
3.48004e-05
3.14601e-05
2.79254e-05
2.39913e-05
1.95714e-05
1.32663e-05
6.9696e-06
4.44314e-06
3.37797e-06
3.25767e-07
2.92632e-07
5.85831e-07
6.72773e-07
6.77761e-07
6.41578e-07
5.88551e-07
5.19775e-07
1.59978e-07
1.05728e-07
1.24433e-07
8.003e-08
1.09888e-07
1.05678e-07
1.03662e-07
1.02097e-07
1.01724e-07
1.0696e-07
1.1451e-07
1.22944e-07
1.3193e-07
1.41671e-07
1.52263e-07
1.64393e-07
1.75464e-07
1.86942e-07
2.01271e-07
2.26053e-07
2.67227e-07
3.23894e-07
3.99016e-07
4.52109e-07
3.67355e-06
3.15618e-06
2.65297e-06
2.37345e-06
2.24811e-06
2.15169e-06
2.04614e-06
1.92515e-06
1.77523e-06
1.60994e-06
1.4463e-06
1.29511e-06
1.16103e-06
1.05086e-06
9.77643e-07
9.70913e-07
1.07314e-06
1.24814e-06
1.49834e-06
1.90972e-06
1.67612e-05
1.42293e-05
1.22032e-05
1.05505e-05
9.23098e-06
7.97325e-06
6.79084e-06
5.72077e-06
4.76207e-06
3.913e-06
3.17134e-06
2.53473e-06
1.99639e-06
1.54969e-06
1.18264e-06
9.36307e-07
9.66532e-07
9.92426e-07
1.07426e-06
1.19552e-06
4.11169e-05
3.62039e-05
3.16487e-05
2.74808e-05
2.37935e-05
2.06353e-05
1.79753e-05
1.55128e-05
1.31703e-05
1.099e-05
8.99984e-06
7.22021e-06
5.65807e-06
4.32014e-06
3.19067e-06
2.30116e-06
1.64712e-06
1.22045e-06
8.95308e-07
8.94109e-07
6.75369e-05
6.16208e-05
5.56544e-05
4.97326e-05
4.40198e-05
3.8726e-05
3.39845e-05
2.98101e-05
2.60949e-05
2.24488e-05
1.8943e-05
1.56405e-05
1.25865e-05
9.83564e-06
7.39836e-06
5.36156e-06
3.64784e-06
2.4796e-06
1.49957e-06
1.38688e-06
8.89802e-05
8.30308e-05
7.69914e-05
7.06616e-05
6.4177e-05
5.77513e-05
5.15904e-05
4.5856e-05
4.06419e-05
3.58837e-05
3.1116e-05
2.64222e-05
2.18748e-05
1.75735e-05
1.35762e-05
1.006e-05
6.95488e-06
4.69772e-06
2.74036e-06
2.43106e-06
0.000104676
9.88758e-05
9.29822e-05
8.69803e-05
8.06222e-05
7.40425e-05
6.74066e-05
6.08879e-05
5.46516e-05
4.8807e-05
4.32361e-05
3.75533e-05
3.18313e-05
2.61886e-05
2.0724e-05
1.57002e-05
1.11042e-05
7.59506e-06
4.4995e-06
3.95272e-06
0.000114386
0.000109059
0.000103554
9.79235e-05
9.21199e-05
8.59462e-05
7.94958e-05
7.28901e-05
6.62741e-05
5.97976e-05
5.35475e-05
4.73024e-05
4.08083e-05
3.41833e-05
2.75549e-05
2.12429e-05
1.53234e-05
1.06235e-05
6.50539e-06
5.8364e-06
0.000118541
0.000113866
0.000108996
0.000103938
9.8672e-05
9.31381e-05
8.72041e-05
8.0931e-05
7.4405e-05
6.7751e-05
6.11106e-05
5.45033e-05
4.75644e-05
4.03073e-05
3.28806e-05
2.56338e-05
1.87475e-05
1.31164e-05
8.4276e-06
7.02913e-06
0.00011855
0.000114425
0.000110092
0.000105512
0.000100733
9.57451e-05
9.04104e-05
8.46388e-05
7.84341e-05
7.1895e-05
6.51808e-05
5.83114e-05
5.11701e-05
4.35791e-05
3.57222e-05
2.79664e-05
2.05906e-05
1.44402e-05
9.35356e-06
6.8435e-06
0.000113954
0.000110266
0.000106502
0.000102518
9.82934e-05
9.38122e-05
8.90312e-05
8.37593e-05
7.80344e-05
7.18703e-05
6.52815e-05
5.83076e-05
5.09082e-05
4.31703e-05
3.52805e-05
2.75317e-05
2.02475e-05
1.41315e-05
8.96937e-06
6.13506e-06
0.000104959
0.000101766
9.84234e-05
9.49048e-05
9.11139e-05
8.70076e-05
8.25401e-05
7.76422e-05
7.22787e-05
6.6438e-05
6.0129e-05
5.33982e-05
4.6305e-05
3.89618e-05
3.15641e-05
2.4392e-05
1.7789e-05
1.22839e-05
7.70088e-06
4.96138e-06
9.31451e-05
9.00245e-05
8.68088e-05
8.34558e-05
7.98731e-05
7.60115e-05
7.18204e-05
6.72533e-05
6.22799e-05
5.68885e-05
5.10887e-05
4.49365e-05
3.85271e-05
3.1999e-05
2.55554e-05
1.94444e-05
1.39797e-05
9.5096e-06
5.87135e-06
3.61016e-06
7.94936e-05
7.62744e-05
7.30206e-05
6.96349e-05
6.60791e-05
6.23176e-05
5.83118e-05
5.40323e-05
4.9472e-05
4.4632e-05
3.95308e-05
3.42372e-05
2.88554e-05
2.35233e-05
1.84196e-05
1.3732e-05
9.69306e-06
6.48403e-06
3.93728e-06
2.3716e-06
6.41742e-05
6.0843e-05
5.74926e-05
5.40702e-05
5.05489e-05
4.69177e-05
4.3161e-05
3.92719e-05
3.52721e-05
3.11845e-05
2.70314e-05
2.28862e-05
1.8837e-05
1.49877e-05
1.14558e-05
8.34494e-06
5.78505e-06
3.82385e-06
2.3035e-06
1.43317e-06
4.71e-05
4.38428e-05
4.06078e-05
3.7379e-05
3.41336e-05
3.09024e-05
2.76903e-05
2.45072e-05
2.13911e-05
1.837e-05
1.5459e-05
1.27067e-05
1.01613e-05
7.86811e-06
5.86999e-06
4.19564e-06
2.89967e-06
1.9406e-06
1.20993e-06
8.52003e-07
2.91746e-05
2.63117e-05
2.35957e-05
2.09923e-05
1.85037e-05
1.61543e-05
1.3949e-05
1.18902e-05
1.00027e-05
8.29127e-06
6.75202e-06
5.38888e-06
4.2064e-06
3.20198e-06
2.37165e-06
1.71447e-06
1.27786e-06
9.40759e-07
7.01451e-07
5.99236e-07
1.29484e-05
1.10543e-05
9.37259e-06
7.89777e-06
6.61635e-06
5.51949e-06
4.58306e-06
3.77999e-06
3.10087e-06
2.53135e-06
2.05501e-06
1.65895e-06
1.33337e-06
1.06604e-06
8.52066e-07
7.09014e-07
7.91217e-07
7.29491e-07
8.3585e-07
6.67713e-07
2.6801e-06
2.10331e-06
1.66121e-06
1.32089e-06
1.08744e-06
9.66048e-07
8.96996e-07
8.52771e-07
8.20269e-07
7.92605e-07
7.68625e-07
7.49098e-07
7.37565e-07
7.379e-07
7.53501e-07
8.10978e-07
9.42428e-07
8.6158e-07
1.22937e-06
1.50569e-06
1.02402e-07
1.07377e-07
1.04078e-07
9.71017e-08
8.93564e-08
8.32297e-08
7.9782e-08
7.94077e-08
8.19862e-08
8.7881e-08
9.74544e-08
1.0958e-07
1.25402e-07
1.47111e-07
1.75528e-07
2.16631e-07
2.61158e-07
3.42238e-07
3.937e-07
5.41571e-07
0.0163499
0.0163498
0.0163497
0.0163497
0.0163496
0.0163495
0.0163495
0.0163494
0.0163493
0.0163383
0.0163383
0.0163383
0.0163383
0.0163383
0.0163383
0.0163384
0.0163384
0.0163383
0.0163174
0.0163172
0.0163171
0.0163169
0.0163168
0.0163166
0.0163164
0.0163163
0.0163162
0.0162977
0.0162978
0.0162979
0.0162979
0.016298
0.0162981
0.0162982
0.0162983
0.0162985
0.0162737
0.0162738
0.016274
0.0162741
0.0162742
0.0162744
0.0162745
0.0162747
0.0162748
0.0162423
0.0162424
0.0162425
0.0162426
0.0162428
0.0162429
0.016243
0.0162431
0.0162432
0.0161781
0.0161776
0.0161771
0.0161766
0.0161761
0.0161756
0.0161751
0.0161746
0.0161742
0.0161358
0.0161351
0.0161344
0.0161337
0.0161331
0.0161324
0.0161317
0.016131
0.0161304
0.0160849
0.0160839
0.016083
0.0160821
0.0160811
0.0160802
0.0160793
0.0160785
0.0160232
0.0160219
0.0160206
0.0160193
0.0160181
0.0160168
0.0160156
0.0160145
0.0159473
0.0159455
0.0159438
0.015942
0.0159402
0.0159385
0.0159368
0.0159354
0.0158527
0.0158503
0.0158479
0.0158455
0.015843
0.0158407
0.0158384
0.0158364
0.0157337
0.0157303
0.015727
0.0157236
0.0157202
0.0157169
0.0157137
0.015711
0.0155809
0.0155761
0.0155713
0.0155666
0.0155619
0.0155573
0.0155529
0.0155491
0.0153789
0.0153719
0.015365
0.015358
0.0153511
0.0153443
0.0153378
0.0153325
0.015099
0.0150884
0.0150779
0.0150674
0.0150569
0.0150467
0.015037
0.0150293
0.0146897
0.0146736
0.0146576
0.0146418
0.0146262
0.0146111
0.014597
0.0145861
0.0140896
0.0140691
0.0140493
0.0140302
0.014012
0.0139947
0.0139791
0.0139674
0.0133718
0.0133648
0.0133595
0.0133557
0.0133535
0.0133527
0.0133534
0.0133555
0.0129312
0.0129699
0.0130127
0.0130597
0.0131129
0.0131704
0.0132284
0.0132794
0.0140143
0.0142042
0.0143967
0.0145912
0.014786
0.0149765
0.015156
0.0153039
0.0179881
0.0183913
0.0187965
0.019201
0.0195997
0.0199842
0.0203355
0.0206111
0.0248525
0.0253856
0.0258955
0.0263783
0.0268265
0.027227
0.0275559
0.0277639
0.0308965
0.0313546
0.0317807
0.0321678
0.0325065
0.0327832
0.0329766
0.0330602
0.0343073
0.0345997
0.0348499
0.0350587
0.0352249
0.0353448
0.0354125
0.0354216
0.0352858
0.0354403
0.0355627
0.0356529
0.0357105
0.0357353
0.0357268
0.0356854
0.0346124
0.0346645
0.0346904
0.034691
0.0346676
0.0346221
0.0345569
0.0344753
0.032818
0.0327804
0.032721
0.0326411
0.0325434
0.0324313
0.0323097
0.0321851
0.0302502
0.0301191
0.0299682
0.0297994
0.0296152
0.0294196
0.0292188
0.0290242
0.0271428
0.0268983
0.0266352
0.0263557
0.0260636
0.0257578
0.0254355
0.0251242
0.0236887
0.0233004
0.022902
0.0225037
0.0221545
0.021876
0.0216386
0.0214431
0.0201927
0.0197131
0.0193351
0.0190224
0.0187615
0.0185523
0.0183928
0.0182967
0.0171636
0.0166843
0.0163398
0.0160762
0.0158706
0.0157195
0.0156324
0.0156248
0.0148355
0.0142777
0.0138988
0.0136324
0.0134413
0.0133186
0.0132775
0.0133294
0.0131815
0.0126023
0.0120788
0.0117195
0.0114707
0.0113209
0.0112654
0.0113281
0.0119279
0.0114213
0.0109322
0.0104783
0.0100344
0.009769
0.00961372
0.00960056
0.010901
0.010479
0.0100534
0.00962873
0.00920215
0.00881401
0.0084096
0.00822616
0.00999381
0.00965789
0.00930336
0.00892896
0.00853492
0.0081339
0.00771078
0.00732751
0.00912671
0.0088757
0.00859577
0.00828042
0.00792842
0.00754318
0.00711915
0.00668323
0.00825864
0.00807996
0.00786792
0.00761561
0.00731368
0.00696085
0.00655224
0.00609466
0.00736764
0.00725387
0.00710366
0.00690687
0.00665285
0.00633771
0.00595714
0.00551039
0.00643973
0.00638258
0.00628831
0.00614505
0.00594085
0.00567031
0.00532893
0.00491729
0.00547202
0.00546375
0.0054196
0.00532687
0.00517279
0.0049515
0.00466066
0.00430401
0.0044653
0.00449936
0.00450085
0.00445655
0.00435322
0.00418546
0.0039553
0.00367338
0.00341865
0.00348763
0.00353151
0.00353607
0.00348662
0.00337821
0.00322029
0.00303526
0.00234539
0.00242479
0.00249873
0.00255173
0.00256274
0.00252228
0.00245042
0.00238982
0.00146294
0.00150963
0.00154972
0.00157387
0.00157393
0.00155917
0.00158458
0.00171887
0.000798187
0.00082299
0.000843928
0.000857722
0.000863806
0.000871618
0.000909217
0.00101829
0.000333525
0.000350148
0.000375558
0.0004262
0.000489095
0.000539167
0.000588933
0.00065463
1.68852e-05
1.57305e-05
1.60469e-05
2.02164e-05
3.719e-05
9.35586e-05
0.000162622
0.000250002
0.0163492
0.0163686
0.0163546
0.0162801
0.0162458
0.0162156
0.016175
0.0161349
0.0160957
0.0160557
0.0160148
0.015973
0.0159306
0.0158879
0.0158455
0.0158035
0.0157626
0.0157233
0.0156863
0.0156524
0.0156221
0.0155957
0.0155736
0.0155556
0.0155416
0.0155313
0.015524
0.0155196
0.0155174
0.0155172
0.0155186
0.0155212
0.0155248
0.0155291
0.015534
0.0155393
0.0155447
0.0155502
0.0155555
0.0155608
0.0155657
0.0155704
0.0155748
0.0155788
0.0155826
0.0155859
0.015589
0.0155917
0.0155942
0.0155963
0.0163472
0.0163657
0.0163541
0.0162736
0.0162452
0.0162148
0.0161696
0.0161255
0.0160819
0.016037
0.0159906
0.0159426
0.0158932
0.0158428
0.0157919
0.0157408
0.0156902
0.0156414
0.0155957
0.0155546
0.0155193
0.0154907
0.0154692
0.0154546
0.0154466
0.0154445
0.0154473
0.0154542
0.0154643
0.0154769
0.0154914
0.0155072
0.0155238
0.0155408
0.0155579
0.0155748
0.0155914
0.0156073
0.0156226
0.0156369
0.0156504
0.0156628
0.0156742
0.0156847
0.0156941
0.0157027
0.0157103
0.0157172
0.0157233
0.0157287
0.016347
0.0163651
0.0163507
0.0162702
0.0162472
0.0162159
0.0161655
0.0161156
0.0160675
0.0160179
0.0159661
0.0159118
0.0158552
0.0157965
0.015736
0.0156743
0.0156125
0.0155524
0.0154967
0.0154484
0.01541
0.0153832
0.0153688
0.015367
0.0153768
0.0153964
0.0154238
0.0154573
0.0154951
0.0155359
0.0155784
0.0156218
0.0156652
0.015708
0.0157496
0.0157897
0.015828
0.0158643
0.0158983
0.0159298
0.015959
0.0159857
0.01601
0.0160321
0.0160519
0.0160697
0.0160856
0.0160997
0.0161122
0.0161233
0.0163474
0.0163659
0.0163482
0.01627
0.0162504
0.0162178
0.0161621
0.0161062
0.0160542
0.0160003
0.0159432
0.0158828
0.0158188
0.0157515
0.0156813
0.0156086
0.0155352
0.0154639
0.0153991
0.015346
0.0153096
0.0152935
0.0152997
0.0153278
0.0153754
0.0154391
0.0155152
0.0156004
0.0156918
0.0157862
0.0158812
0.0159751
0.0160666
0.0161546
0.0162385
0.0163177
0.016392
0.016461
0.0165247
0.0165832
0.0166366
0.016685
0.0167287
0.016768
0.0168031
0.0168345
0.0168623
0.0168869
0.0169087
0.0169278
0.0163468
0.0163694
0.0163449
0.0162706
0.0162543
0.0162204
0.0161594
0.0160983
0.0160427
0.0159848
0.0159228
0.0158564
0.0157853
0.0157095
0.0156293
0.015545
0.0154587
0.0153749
0.0153007
0.0152456
0.015219
0.0152281
0.015276
0.0153617
0.015481
0.0156268
0.0157912
0.0159671
0.0161483
0.0163299
0.016508
0.0166799
0.0168436
0.0169978
0.017142
0.0172756
0.0173987
0.0175114
0.017614
0.0177069
0.0177908
0.017866
0.0179333
0.0179933
0.0180466
0.0180938
0.0181355
0.0181723
0.0182046
0.018233
0.0163457
0.0163694
0.0163416
0.0162719
0.0162586
0.0162234
0.0161574
0.0160928
0.0160336
0.015972
0.0159059
0.0158348
0.0157577
0.0156739
0.015583
0.0154856
0.0153844
0.0152861
0.0152026
0.01515
0.0151455
0.0152018
0.015324
0.0155092
0.0157458
0.0160205
0.0163194
0.0166296
0.0169404
0.0172437
0.0175338
0.017807
0.0180614
0.0182959
0.0185107
0.018706
0.0188827
0.019042
0.0191849
0.0193127
0.0194265
0.0195277
0.0196173
0.0196966
0.0197665
0.019828
0.019882
0.0199294
0.019971
0.0200073
0.0163445
0.0163686
0.0163383
0.0162737
0.0162631
0.0162268
0.0161561
0.0160895
0.0160275
0.0159635
0.0158945
0.0158187
0.0157348
0.015642
0.0155396
0.015428
0.0153104
0.0151965
0.0151045
0.0150611
0.0150957
0.0152301
0.0154691
0.0158023
0.0162099
0.0166668
0.017148
0.017632
0.0181025
0.0185484
0.0189633
0.0193439
0.0196895
0.020001
0.02028
0.0205288
0.02075
0.0209459
0.0211191
0.021272
0.0214066
0.021525
0.0216289
0.0217201
0.0217999
0.0218698
0.0219309
0.0219842
0.0220308
0.0220714
0.0163434
0.0163673
0.0163351
0.0162758
0.0162677
0.0162304
0.0161553
0.0160877
0.0160245
0.0159587
0.0158864
0.0158055
0.0157148
0.0156131
0.0154991
0.0153727
0.0152376
0.0151068
0.0150073
0.0149815
0.0150762
0.0153244
0.0157272
0.0162645
0.0168978
0.0175828
0.0182791
0.0189554
0.019591
0.0201743
0.0207007
0.02117
0.021585
0.0219499
0.0222695
0.0225487
0.0227923
0.0230045
0.0231893
0.0233501
0.0234901
0.0236118
0.0237178
0.02381
0.0238901
0.0239599
0.0240206
0.0240734
0.0241194
0.0241594
0.0163426
0.0163656
0.0163321
0.016278
0.0162722
0.0162341
0.016155
0.016087
0.0160233
0.0159558
0.0158804
0.015795
0.0156979
0.0155874
0.0154619
0.0153204
0.0151668
0.0150179
0.0149114
0.0149118
0.0150915
0.0154904
0.0161083
0.0169022
0.0178036
0.0187413
0.0196579
0.0205148
0.0212911
0.0219792
0.0225799
0.0230994
0.0235458
0.0239279
0.0242545
0.0245335
0.024772
0.0249759
0.0251505
0.0253002
0.0254287
0.0255393
0.0256345
0.0257166
0.0257875
0.0258488
0.0259019
0.0259479
0.0259878
0.0260225
0.0163422
0.0163637
0.0163292
0.0162804
0.0162766
0.016238
0.0161551
0.0160873
0.0160235
0.0159546
0.0158765
0.0157868
0.0156838
0.0155652
0.0154284
0.0152717
0.0150988
0.0149305
0.014818
0.0148505
0.0151368
0.0157267
0.0166074
0.017698
0.0188877
0.0200747
0.0211876
0.0221863
0.0230563
0.023799
0.0244247
0.0249475
0.0253823
0.0257433
0.0260429
0.0262919
0.0264992
0.0266724
0.0268175
0.0269394
0.0270422
0.0271293
0.0272032
0.0272661
0.0273199
0.0273661
0.0274057
0.0274399
0.0274694
0.027495
0.0163423
0.0163617
0.0163266
0.0162828
0.0162804
0.0162417
0.0161555
0.0160884
0.0160246
0.0159547
0.0158743
0.015781
0.0156726
0.0155463
0.0153988
0.015227
0.0150343
0.0148453
0.0147261
0.0147978
0.0152108
0.0160268
0.0172071
0.0186154
0.0200889
0.0214967
0.0227601
0.0238464
0.0247535
0.0254962
0.0260966
0.026578
0.0269623
0.0272684
0.0275124
0.0277071
0.0278629
0.0279881
0.0280892
0.0281711
0.028238
0.0282929
0.0283382
0.0283758
0.0284073
0.0284338
0.0284562
0.0284753
0.0284918
0.0285059
0.0163436
0.0163596
0.0163243
0.0162851
0.0162825
0.0162452
0.0161561
0.0160901
0.0160266
0.015956
0.0158737
0.0157773
0.0156641
0.0155308
0.0153732
0.0151867
0.0149739
0.014763
0.0146362
0.0147512
0.0153069
0.0163764
0.0178794
0.0196072
0.0213404
0.0229246
0.0242836
0.0253995
0.0262884
0.0269812
0.0275127
0.0279156
0.0282184
0.0284442
0.0286116
0.028735
0.0288255
0.0288916
0.0289397
0.0289745
0.0289995
0.0290175
0.0290303
0.0290395
0.029046
0.0290507
0.0290542
0.0290568
0.0290588
0.0290604
0.0163449
0.0163575
0.0163223
0.0162874
0.0162836
0.0162485
0.0161569
0.0160922
0.0160292
0.0159581
0.0158744
0.0157753
0.015658
0.0155185
0.0153515
0.015151
0.0149181
0.0146843
0.0145483
0.014709
0.0154165
0.0167573
0.0185929
0.0206272
0.0225841
0.0242947
0.0256945
0.0267871
0.0276099
0.0282117
0.0286402
0.028937
0.0291363
0.0292648
0.0293427
0.0293851
0.0294031
0.0294023
0.0293933
0.0293778
0.0293587
0.0293382
0.0293177
0.0292981
0.0292798
0.029263
0.0292479
0.0292345
0.0292226
0.0292123
0.016346
0.0163555
0.0163205
0.0162895
0.016284
0.0162516
0.0161578
0.0160946
0.0160322
0.0159609
0.0158761
0.015775
0.0156541
0.0155091
0.0153336
0.0151199
0.0148673
0.0146097
0.0144623
0.0146697
0.0155295
0.0171515
0.0193183
0.0216367
0.0237775
0.0255665
0.0269586
0.0279836
0.0287023
0.0291817
0.0294821
0.0296537
0.0297351
0.0297551
0.0297351
0.0296907
0.0296332
0.02957
0.0295053
0.0294423
0.0293826
0.0293273
0.029277
0.0292318
0.0291913
0.0291554
0.0291238
0.0290961
0.029072
0.0290511
0.0163468
0.0163535
0.0163191
0.0162916
0.0162842
0.0162529
0.0161587
0.0160972
0.0160355
0.0159641
0.0158785
0.0157759
0.0156522
0.0155024
0.0153193
0.0150933
0.0148216
0.0145397
0.0143783
0.0146241
0.0156355
0.0175426
0.0200323
0.0226082
0.0248948
0.0267205
0.0280656
0.0289887
0.0295752
0.0299102
0.0300665
0.0301008
0.0300565
0.0299662
0.0298518
0.0297273
0.0296016
0.0294806
0.0293673
0.0292636
0.0291701
0.0290865
0.0290125
0.0289474
0.0288905
0.028841
0.0287982
0.0287612
0.0287293
0.0287018
0.0163471
0.0163516
0.016318
0.0162934
0.0162841
0.0162532
0.0161597
0.0160999
0.0160389
0.0159676
0.0158816
0.0157778
0.0156518
0.0154981
0.0153083
0.015071
0.0147811
0.0144746
0.0142973
0.0145725
0.0157289
0.0179207
0.0207198
0.0235265
0.0259253
0.0277541
0.0290217
0.0298175
0.0302521
0.0304286
0.0304227
0.0303151
0.0301476
0.0299515
0.0297472
0.0295479
0.0293612
0.0291907
0.0290381
0.0289051
0.0287876
0.0286837
0.028592
0.0285113
0.0284403
0.0283781
0.0283236
0.0282761
0.0282348
0.0281988
0.0163472
0.0163498
0.0163172
0.0162951
0.0162838
0.0162531
0.0161607
0.0161025
0.0160422
0.0159712
0.015885
0.0157804
0.0156527
0.0154958
0.0153001
0.0150527
0.0147454
0.0144146
0.0142209
0.0145164
0.0158153
0.0182812
0.0213723
0.0243848
0.0268683
0.0286736
0.0298408
0.0304909
0.0307605
0.0307562
0.0305984
0.0303514
0.0300634
0.0297668
0.0294815
0.0292184
0.0289889
0.0287831
0.0285983
0.0284326
0.0282843
0.028152
0.0280343
0.0279299
0.0278377
0.0277564
0.027685
0.0276224
0.0275677
0.0275199
0.0163473
0.0163481
0.0163165
0.0162967
0.0162834
0.0162527
0.0161617
0.0161051
0.0160455
0.0159748
0.0158887
0.0157836
0.0156546
0.0154951
0.0152945
0.015038
0.0147146
0.0143597
0.0141498
0.0144553
0.0158878
0.0186176
0.0219845
0.0251816
0.0277278
0.0294898
0.0305395
0.0310292
0.0311201
0.0309496
0.0306345
0.0302511
0.0298518
0.0294697
0.0291253
0.0288141
0.0285313
0.0282742
0.028041
0.0278302
0.0276405
0.0274706
0.0273188
0.0271839
0.0270644
0.0269589
0.0268659
0.0267842
0.0267127
0.0266501
0.0163473
0.0163466
0.016316
0.0162981
0.016283
0.0162523
0.0161628
0.0161076
0.0160486
0.0159784
0.0158924
0.0157872
0.0156573
0.0154957
0.0152911
0.0150266
0.0146882
0.0143098
0.014086
0.014398
0.0159459
0.018928
0.0225559
0.0259198
0.0285118
0.0302168
0.0311392
0.0314632
0.0313672
0.0310218
0.0305479
0.0300285
0.0295193
0.0290764
0.0286699
0.0282947
0.0279487
0.027631
0.0273408
0.0270772
0.0268393
0.0266255
0.0264343
0.0262642
0.0261132
0.0259798
0.0258621
0.0257587
0.0256679
0.0255884
0.0163473
0.0163452
0.0163156
0.0162994
0.0162824
0.0162518
0.0161638
0.0161099
0.0160516
0.0159818
0.0158961
0.0157909
0.0156604
0.0154973
0.0152894
0.0150179
0.0146659
0.0142649
0.0140294
0.0143305
0.0159864
0.0192126
0.0230876
0.0266024
0.0292268
0.030865
0.0316528
0.0318047
0.0315291
0.0310168
0.0303985
0.0297676
0.0291903
0.0286605
0.0281682
0.0277102
0.0272859
0.0268951
0.0265376
0.0262128
0.0259196
0.0256562
0.0254208
0.0252113
0.0250256
0.0248615
0.0247169
0.0245897
0.0244781
0.0243803
0.0163474
0.0163439
0.0163152
0.0163005
0.0162819
0.0162512
0.0161647
0.016112
0.0160544
0.015985
0.0158997
0.0157946
0.0156639
0.0154997
0.0152891
0.0150117
0.0146474
0.0142241
0.013966
0.0142579
0.016012
0.0194746
0.0235849
0.0272363
0.0298813
0.0314454
0.0320967
0.0320612
0.0316063
0.0309245
0.0301619
0.0294244
0.0287617
0.0281431
0.0275624
0.027019
0.0265136
0.0260479
0.0256221
0.0252355
0.0248867
0.0245736
0.0242941
0.0240455
0.0238252
0.0236306
0.0234591
0.0233084
0.0231762
0.0230603
0.0163474
0.0163427
0.016315
0.0163012
0.0162813
0.0162506
0.0161657
0.016114
0.0160569
0.015988
0.0159031
0.0157983
0.0156675
0.0155025
0.0152898
0.0150075
0.0146322
0.014188
0.0139051
0.0141837
0.0160244
0.0197152
0.0240497
0.0278252
0.0304808
0.0319644
0.0324742
0.0322674
0.0316262
0.0307673
0.0298546
0.0290364
0.0282794
0.0275656
0.0268945
0.0262666
0.0256829
0.0251446
0.0246522
0.0242051
0.0238018
0.0234402
0.0231175
0.0228308
0.022577
0.0223529
0.0221556
0.0219822
0.0218302
0.021697
0.0163475
0.0163417
0.0163148
0.0163014
0.0162808
0.01625
0.0161665
0.0161158
0.0160593
0.0159908
0.0159063
0.0158019
0.0156711
0.0155057
0.0152913
0.015005
0.01462
0.0141561
0.0138478
0.0141095
0.0160243
0.0199356
0.0244838
0.028372
0.0310303
0.0324303
0.0328002
0.0324222
0.0315977
0.0305579
0.0294828
0.028593
0.0277525
0.0269567
0.0262033
0.0254947
0.0248343
0.0242246
0.0236668
0.0231607
0.0227046
0.0222961
0.0219321
0.0216091
0.0213235
0.0210717
0.0208503
0.0206559
0.0204856
0.0203364
0.0163475
0.0163408
0.0163147
0.0163014
0.0162802
0.0162494
0.0161673
0.0161174
0.0160614
0.0159934
0.0159093
0.0158053
0.0156747
0.015509
0.0152934
0.0150037
0.0146102
0.0141284
0.0137944
0.0140363
0.0160137
0.0201365
0.0248887
0.0288791
0.0315328
0.0328477
0.0330806
0.0325443
0.0315666
0.0303937
0.0292312
0.0282224
0.0272789
0.0263847
0.0255381
0.0247424
0.0240017
0.0233191
0.0226959
0.0221316
0.0216243
0.021171
0.020768
0.0204111
0.0200963
0.0198192
0.019576
0.0193628
0.0191762
0.0190131
0.0163476
0.0163402
0.0163146
0.0163013
0.0162797
0.0162488
0.016168
0.0161189
0.0160633
0.0159957
0.0159121
0.0158084
0.0156781
0.0155124
0.0152959
0.0150034
0.0146026
0.0141043
0.013745
0.0139651
0.0159935
0.0203176
0.0252649
0.0293483
0.031991
0.033218
0.0333044
0.0326145
0.0314803
0.0301648
0.0289145
0.0278032
0.0267638
0.0257788
0.0248466
0.023971
0.023157
0.0224079
0.0217253
0.0211086
0.0205554
0.0200622
0.0196248
0.0192385
0.0188983
0.0185997
0.0183381
0.0181093
0.0179094
0.0177349
0.0163477
0.0163397
0.0163145
0.0163012
0.0162792
0.0162483
0.0161687
0.0161202
0.016065
0.0159978
0.0159146
0.0158114
0.0156814
0.0155157
0.0152985
0.0150038
0.0145967
0.0140835
0.0136998
0.0138967
0.0159653
0.0204778
0.0256116
0.0297801
0.0324075
0.0335501
0.0334903
0.0326337
0.0313156
0.0298151
0.0284798
0.0272957
0.0261849
0.025129
0.0241274
0.0231855
0.0223093
0.0215031
0.020769
0.0201065
0.0195132
0.0189851
0.0185177
0.0181057
0.0177438
0.0174267
0.0171495
0.0169075
0.0166965
0.0165125
0.0163478
0.0163393
0.0163145
0.016301
0.0162788
0.0162478
0.0161693
0.0161214
0.0160666
0.0159997
0.015917
0.0158141
0.0156844
0.0155189
0.0153013
0.0150048
0.0145922
0.0140658
0.0136589
0.0138319
0.0159307
0.0206156
0.025927
0.0301741
0.0327818
0.0338369
0.0336422
0.0326098
0.0310757
0.029328
0.0279495
0.0267262
0.0255715
0.0244664
0.0234123
0.0224172
0.0214895
0.0206349
0.0198564
0.019154
0.0185254
0.0179669
0.0174733
0.017039
0.0166583
0.0163255
0.0160351
0.0157822
0.015562
0.0153705
0.016348
0.016339
0.0163145
0.0163008
0.0162784
0.0162473
0.0161699
0.0161225
0.016068
0.0160014
0.015919
0.0158166
0.0156872
0.0155219
0.015304
0.015006
0.0145889
0.0140507
0.0136222
0.013771
0.0158913
0.0207304
0.0262102
0.0305304
0.0331167
0.034087
0.033768
0.0325809
0.0308679
0.0289425
0.0274794
0.026198
0.02499
0.0238367
0.0227367
0.0216949
0.0207213
0.0198231
0.0190043
0.0182654
0.0176047
0.0170181
0.0165004
0.0160457
0.015648
0.015301
0.0149989
0.0147363
0.0145083
0.0143103
0.0163482
0.0163388
0.0163145
0.0163007
0.016278
0.0162469
0.0161704
0.0161234
0.0160692
0.016003
0.0159209
0.0158188
0.0156898
0.0155247
0.0153067
0.0150075
0.0145866
0.0140379
0.0135894
0.0137141
0.0158489
0.0208223
0.0264612
0.0308499
0.0334145
0.0343052
0.0338719
0.032545
0.030671
0.0285762
0.0270095
0.0256806
0.0244303
0.0232333
0.0220904
0.0210102
0.0199981
0.0190623
0.0182078
0.0174362
0.0167459
0.0161334
0.0155933
0.0151197
0.0147059
0.0143457
0.0140327
0.0137612
0.013526
0.0133222
0.0163483
0.0163386
0.0163146
0.0163005
0.0162776
0.0162465
0.0161708
0.0161243
0.0160704
0.0160043
0.0159226
0.0158208
0.0156922
0.0155274
0.0153092
0.0150092
0.0145849
0.0140271
0.0135601
0.0136611
0.0158049
0.0208921
0.0266807
0.0311345
0.0336776
0.034494
0.0339543
0.0324946
0.0304625
0.0281863
0.0264815
0.0251339
0.0238652
0.0226438
0.0214705
0.0203562
0.0193133
0.0183467
0.0174618
0.0166611
0.015944
0.0153072
0.0147459
0.0142538
0.0138245
0.0134511
0.0131274
0.0128471
0.0126047
0.0123952
0.0163484
0.0163385
0.0163146
0.0163003
0.0162773
0.0162461
0.0161712
0.016125
0.0160713
0.0160056
0.0159241
0.0158227
0.0156943
0.0155298
0.0153116
0.0150109
0.0145838
0.0140179
0.0135341
0.0136126
0.0157608
0.0209416
0.0268705
0.0313864
0.0339087
0.0346561
0.0340183
0.0324334
0.0302449
0.0277759
0.0258967
0.0245666
0.0233009
0.0220705
0.0208789
0.01974
0.018668
0.0176743
0.0167631
0.0159361
0.0151939
0.0145338
0.0139514
0.0134408
0.0129954
0.0126085
0.0122733
0.0119836
0.0117335
0.0115177
0.0163485
0.0163384
0.0163148
0.0163001
0.016277
0.0162458
0.0161716
0.0161257
0.0160722
0.0160067
0.0159255
0.0158243
0.0156963
0.015532
0.0153139
0.0150125
0.0145831
0.0140102
0.013511
0.013569
0.0157176
0.0209727
0.0270328
0.0316082
0.0341116
0.034795
0.0340686
0.0323703
0.0300386
0.0273981
0.0253951
0.0240373
0.0227621
0.0215202
0.0203133
0.0191546
0.0180588
0.0170384
0.0161017
0.0152511
0.0144854
0.0138028
0.0131995
0.01267
0.0122079
0.0118064
0.0114589
0.0111587
0.0108999
0.010677
0.0163486
0.0163383
0.0163149
0.0163
0.0162768
0.0162455
0.0161719
0.0161263
0.016073
0.0160076
0.0159267
0.0158258
0.015698
0.015534
0.0153159
0.0150142
0.0145827
0.0140037
0.0134908
0.0135303
0.0156763
0.0209878
0.0271703
0.0318025
0.0342898
0.0349135
0.0341086
0.0323075
0.0298465
0.0270477
0.02493
0.0235144
0.0222243
0.020973
0.0197548
0.0185813
0.0174668
0.0164244
0.0154632
0.0145886
0.0138017
0.0130983
0.012475
0.0119268
0.0114478
0.0110312
0.0106705
0.010359
0.0100906
0.00985961
0.0163487
0.0163383
0.016315
0.0162998
0.0162765
0.0162452
0.0161722
0.0161268
0.0160737
0.0160085
0.0159278
0.0158271
0.0156996
0.0155358
0.0153178
0.0150157
0.0145826
0.0139982
0.0134731
0.0134958
0.0156374
0.0209895
0.0272858
0.0319724
0.0344466
0.0350145
0.0341411
0.0322465
0.0296646
0.026717
0.0244734
0.0229633
0.0216605
0.0204062
0.0191825
0.0179993
0.0168712
0.0158115
0.0148301
0.0139332
0.0131237
0.0124009
0.0117597
0.0111942
0.0106988
0.0102673
0.00989322
0.00956996
0.00929133
0.00905161
0.0163488
0.0163383
0.0163152
0.0162997
0.0162763
0.0162449
0.0161725
0.0161273
0.0160743
0.0160092
0.0159287
0.0158282
0.015701
0.0155374
0.0153196
0.0150172
0.0145826
0.0139936
0.0134575
0.0134653
0.0156013
0.020983
0.027382
0.0321205
0.0345849
0.0351031
0.034169
0.0321894
0.0294942
0.0263993
0.024015
0.0223609
0.0210566
0.0198074
0.0185833
0.0173938
0.0162548
0.0151803
0.0141815
0.0132653
0.0124352
0.011691
0.0110304
0.010449
0.00993962
0.00949511
0.00910889
0.00877467
0.00848629
0.00823802
0.0163489
0.0163382
0.0163153
0.0162995
0.0162761
0.0162447
0.0161727
0.0161277
0.0160749
0.0160099
0.0159296
0.0158293
0.0157023
0.0155389
0.0153211
0.0150186
0.0145827
0.0139896
0.0134438
0.0134381
0.0155677
0.0209698
0.0274615
0.0322494
0.0347062
0.0351824
0.0341942
0.0321388
0.0293389
0.0261005
0.0235625
0.0217295
0.0204139
0.0191697
0.0179461
0.0167501
0.0155995
0.0145102
0.0134946
0.0125605
0.0117115
0.0109485
0.0102693
0.00967029
0.00914594
0.00869018
0.00829574
0.00795536
0.00766224
0.00741018
0.0163489
0.0163382
0.0163154
0.0162994
0.0162759
0.0162445
0.0161729
0.016128
0.0160753
0.0160105
0.0159303
0.0158302
0.0157034
0.0155402
0.0153225
0.0150198
0.0145829
0.0139863
0.0134318
0.0134137
0.0155366
0.0209512
0.0275264
0.0323614
0.0348123
0.0352528
0.0342182
0.0320974
0.0292031
0.0258303
0.0231468
0.0211679
0.0197755
0.0185021
0.0172664
0.0160589
0.0148906
0.0137794
0.0127402
0.0117828
0.0109125
0.0101302
0.00943504
0.00882338
0.00828971
0.00782767
0.00743009
0.00708967
0.00679942
0.0065526
0.016349
0.0163382
0.0163155
0.0162993
0.0162758
0.0162443
0.0161731
0.0161284
0.0160758
0.016011
0.015931
0.015831
0.0157044
0.0155414
0.0153238
0.015021
0.0145831
0.0139834
0.013421
0.013392
0.015508
0.0209286
0.027579
0.032459
0.0349052
0.035315
0.0342416
0.0320659
0.02909
0.025594
0.022777
0.0206658
0.0191491
0.0178315
0.0165576
0.0153089
0.0141003
0.012948
0.011867
0.0108679
0.00995912
0.0091449
0.00842679
0.00780225
0.00726625
0.00681112
0.00642889
0.00611083
0.00584825
0.00563259
0.016349
0.0163382
0.0163156
0.0162992
0.0162757
0.0162442
0.0161732
0.0161287
0.0160761
0.0160115
0.0159316
0.0158317
0.0157053
0.0155424
0.015325
0.0150221
0.0145834
0.0139805
0.0134115
0.0133727
0.0154819
0.0209034
0.0276212
0.0325439
0.0349862
0.0353698
0.0342646
0.032046
0.0289985
0.0253935
0.0224547
0.0202151
0.0185484
0.0171679
0.0158413
0.0145391
0.0132677
0.0120464
0.0108947
0.00983006
0.00886465
0.00800357
0.00726209
0.0066431
0.00613253
0.00571557
0.00537975
0.00511273
0.00490306
0.00474002
0.0163491
0.0163382
0.0163157
0.0162991
0.0162755
0.016244
0.0161734
0.0161289
0.0160765
0.0160119
0.0159321
0.0158324
0.0157061
0.0155434
0.015326
0.015023
0.0145837
0.0139783
0.0134031
0.0133557
0.0154582
0.0208767
0.0276548
0.0326181
0.035057
0.0354178
0.0342869
0.0320369
0.0289294
0.0252296
0.0221807
0.0198187
0.0180054
0.0165298
0.0151321
0.0137577
0.0124078
0.011102
0.00987258
0.0087645
0.00780296
0.00697898
0.00628982
0.00572822
0.00527956
0.00492622
0.00465238
0.00444404
0.00427735
0.0041397
0.0163491
0.0163382
0.0163158
0.016299
0.0162754
0.0162439
0.0161735
0.0161291
0.0160768
0.0160123
0.0159326
0.0158329
0.0157068
0.0155442
0.0153269
0.0150239
0.0145839
0.0139765
0.0133957
0.0133411
0.0154367
0.0208496
0.0276814
0.032683
0.035118
0.0354596
0.0343085
0.0320372
0.0288822
0.0250993
0.0219546
0.0194777
0.0175294
0.0159373
0.0144511
0.0129909
0.0115591
0.0101963
0.0089641
0.00787912
0.00695504
0.00619574
0.00559437
0.00513874
0.00480179
0.00452277
0.0042895
0.00409478
0.00393118
0.00379327
0.0163492
0.0163382
0.0163158
0.0162989
0.0162753
0.0162438
0.0161736
0.0161293
0.016077
0.0160126
0.015933
0.0158334
0.0157074
0.0155449
0.0153277
0.0150246
0.0145842
0.013975
0.0133892
0.0133288
0.0154175
0.0208226
0.0277023
0.03274
0.0351702
0.0354959
0.0343289
0.032042
0.0288562
0.0250021
0.0217705
0.0191904
0.0171244
0.015413
0.0138297
0.0122931
0.0108122
0.00944199
0.00822105
0.00717261
0.00632033
0.00566758
0.00520823
0.00482683
0.00450602
0.00423464
0.00400536
0.00381223
0.00364902
0.00351167
0.0163492
0.0163382
0.0163159
0.0162988
0.0162752
0.0162437
0.0161737
0.0161295
0.0160772
0.0160129
0.0159334
0.0158339
0.015708
0.0155456
0.0153284
0.0150253
0.0145844
0.0139736
0.0133835
0.013319
0.0154003
0.0207964
0.0277186
0.0327901
0.035215
0.0355273
0.0343481
0.0320504
0.0288513
0.024937
0.0216259
0.0189516
0.0167838
0.0149652
0.0132957
0.0116988
0.010194
0.00882139
0.00762323
0.006642
0.00590487
0.0053881
0.00495379
0.00457974
0.00425793
0.00398338
0.00375119
0.00355626
0.00339208
0.00325572
0.0163492
0.0163382
0.0163159
0.0162988
0.0162752
0.0162436
0.0161738
0.0161296
0.0160774
0.0160132
0.0159337
0.0158343
0.0157084
0.0155461
0.0153291
0.015026
0.0145847
0.0139725
0.0133785
0.0133114
0.0153849
0.0207714
0.0277311
0.0328344
0.0352535
0.0355544
0.0343657
0.0320613
0.0288563
0.0249029
0.0215176
0.0187578
0.0165005
0.014583
0.0128484
0.0112063
0.00968158
0.00831445
0.00716077
0.00628041
0.00568215
0.00518307
0.00474614
0.00436266
0.00402847
0.00374105
0.0034968
0.00329031
0.00311464
0.00296872
0.0163492
0.0163382
0.016316
0.0162987
0.0162751
0.0162435
0.0161739
0.0161298
0.0160776
0.0160134
0.015934
0.0158346
0.0157089
0.0155466
0.0153297
0.0150265
0.0145849
0.0139715
0.0133741
0.0133053
0.0153711
0.0207478
0.0277408
0.0328735
0.0352866
0.0355777
0.0343819
0.0320737
0.028866
0.024899
0.0214413
0.0186046
0.0162694
0.0142728
0.0124731
0.0107955
0.00925706
0.00790625
0.00683003
0.00609255
0.00551855
0.00501542
0.00456492
0.00416243
0.00380631
0.0034951
0.00322554
0.00299194
0.00278704
0.00261171
0.0163492
0.0163382
0.016316
0.0162987
0.016275
0.0162434
0.0161739
0.0161299
0.0160778
0.0160136
0.0159342
0.0158349
0.0157093
0.0155471
0.0153302
0.015027
0.0145851
0.0139706
0.0133703
0.0133002
0.0153589
0.0207257
0.0277481
0.0329083
0.0353151
0.0355977
0.0343966
0.032087
0.0288793
0.0249074
0.0213927
0.0184877
0.0160852
0.0140238
0.0121719
0.0104614
0.00891759
0.00760056
0.00660665
0.00595415
0.00538824
0.00487439
0.00440425
0.00397628
0.00359006
0.0032444
0.00293595
0.00265888
0.00240607
0.00218163
0.0163493
0.0163383
0.016316
0.0162986
0.016275
0.0162434
0.016174
0.01613
0.0160779
0.0160137
0.0159344
0.0158352
0.0157096
0.0155475
0.0153306
0.0150275
0.0145853
0.0139699
0.0133669
0.0132959
0.0153481
0.0207053
0.0277536
0.0329391
0.0353397
0.0356148
0.0344098
0.0321006
0.0288952
0.0249238
0.0213686
0.0184026
0.0159426
0.0138272
0.0119339
0.0101982
0.00865505
0.00738269
0.00649381
0.00585774
0.00528661
0.00475638
0.00426256
0.00380469
0.00338211
0.00299218
0.00262966
0.00228714
0.00195758
0.0016452
0.0163493
0.0163383
0.0163161
0.0162986
0.0162749
0.0162433
0.016174
0.0161301
0.016078
0.0160139
0.0159346
0.0158355
0.0157099
0.0155478
0.015331
0.0150278
0.0145855
0.0139693
0.0133639
0.0132922
0.0153385
0.0206866
0.0277579
0.0329666
0.0353609
0.0356295
0.0344217
0.032114
0.0289128
0.0249458
0.0213664
0.0183447
0.0158367
0.0136759
0.0117495
0.00999716
0.00846176
0.00723742
0.00643015
0.00579751
0.00521332
0.00466154
0.00414105
0.00365123
0.00318981
0.00275115
0.00232585
0.00190331
0.00147749
0.00113348
0.0163493
0.0163383
0.0163161
0.0162986
0.0162749
0.0162433
0.0161741
0.0161302
0.0160781
0.016014
0.0159348
0.0158357
0.0157101
0.0155481
0.0153314
0.0150282
0.0145856
0.0139687
0.0133613
0.013289
0.01533
0.0206696
0.027761
0.0329912
0.0353792
0.035642
0.0344323
0.032127
0.0289312
0.0249714
0.0213721
0.0183097
0.0157629
0.0135636
0.0116113
0.00985175
0.00833328
0.00716234
0.0064127
0.00578281
0.0051796
0.00459778
0.00404598
0.00352128
0.0030196
0.00253178
0.0020443
0.00154334
0.00109709
0.000740898
0.0163493
0.0163383
0.0163161
0.0162985
0.0162749
0.0162432
0.0161741
0.0161302
0.0160782
0.0160142
0.0159349
0.0158359
0.0157104
0.0155484
0.0153317
0.0150285
0.0145858
0.0139682
0.013359
0.0132862
0.0153223
0.0206541
0.0277631
0.0330125
0.0353943
0.0356515
0.0344411
0.0321389
0.0289495
0.0249989
0.0213829
0.0182944
0.015717
0.0134847
0.0115131
0.00975681
0.00826718
0.00716328
0.00642957
0.00580432
0.0051955
0.0045967
0.00400981
0.00344489
0.00290136
0.00236882
0.00183365
0.00127795
0.000833965
0.000454439
0.0156944
0.0159095
0.0162467
0.0167413
0.0174289
0.0183352
0.0194658
0.02078
0.0221974
0.0236053
0.0248754
0.0258907
0.0265729
0.0269045
0.0269417
0.0268056
0.0265586
0.0259998
0.0249661
0.0233646
0.0213647
0.0192466
0.0173327
0.0158925
0.0150129
0.0159313
0.0163239
0.0168774
0.0176189
0.018562
0.0196977
0.0209857
0.0223524
0.0236971
0.0249092
0.0258888
0.0265684
0.0269301
0.027018
0.0269447
0.0268036
0.026438
0.0257064
0.0245087
0.0228078
0.0208245
0.0187938
0.0169966
0.0156545
0.014831
0.016476
0.0170998
0.0179009
0.0188811
0.0200224
0.0212822
0.0225925
0.0238673
0.0250152
0.0259545
0.0266285
0.0270174
0.0271465
0.0270869
0.0269544
0.0266858
0.0261563
0.0252641
0.0239476
0.0222052
0.0202571
0.0183189
0.0166357
0.0153906
0.0146264
0.0142561
0.0174499
0.0183173
0.0193372
0.0204857
0.0217186
0.0229734
0.024176
0.0252505
0.0261305
0.0267695
0.02715
0.0272899
0.0272434
0.0271043
0.02688
0.0264645
0.0257642
0.0247111
0.0232746
0.0215073
0.0196088
0.0177768
0.0162212
0.0150868
0.014395
0.0140606
0.0188969
0.0199529
0.0211019
0.0222995
0.0234892
0.0246081
0.0255944
0.0263957
0.0269761
0.0273223
0.0274492
0.0273991
0.0272463
0.0270379
0.0266867
0.0261113
0.0252466
0.0240532
0.0225244
0.0207561
0.0189244
0.0172084
0.015785
0.0147639
0.0141476
0.0138525
0.0207404
0.0218714
0.0230163
0.0241255
0.025147
0.0260317
0.0267397
0.0272446
0.0275378
0.0276327
0.0275643
0.0273938
0.0271842
0.0268637
0.0263631
0.025624
0.0246058
0.0232916
0.0216951
0.0199501
0.0182027
0.0166134
0.0153275
0.0144228
0.0138848
0.0136323
0.0227801
0.0238494
0.0248594
0.0257683
0.0265387
0.0271412
0.027558
0.027785
0.0278346
0.0277368
0.0275412
0.0273226
0.0270121
0.0265528
0.0258942
0.0249982
0.0238436
0.0224314
0.0208066
0.0191075
0.0174608
0.0160069
0.0148609
0.0140719
0.0136117
0.0134023
0.0247645
0.0256568
0.0264397
0.0270855
0.0275739
0.0278942
0.0280479
0.0280447
0.0279148
0.027698
0.0274602
0.0271433
0.0267003
0.0260888
0.0252746
0.0242361
0.0229677
0.021484
0.0198703
0.0182397
0.0167093
0.0153981
0.0143924
0.0137167
0.0133319
0.0131646
0.0264778
0.0271246
0.0276393
0.028009
0.0282286
0.0283026
0.0282447
0.0280815
0.0278481
0.0275843
0.0272505
0.0268076
0.0262202
0.0254587
0.0245028
0.0233441
0.0219893
0.0204736
0.0189003
0.017361
0.0159612
0.0147979
0.0139305
0.0133628
0.0130491
0.0129214
0.027787
0.0281684
0.0284188
0.0285381
0.0285312
0.0284149
0.0282141
0.0279594
0.0276715
0.0273184
0.0268681
0.0262911
0.0255627
0.0246648
0.0235883
0.0223356
0.0209238
0.0194247
0.0179176
0.016489
0.0152305
0.0142165
0.0134824
0.0130153
0.0127664
0.0126746
0.0286448
0.0287799
0.0288
0.0287155
0.0285438
0.0283058
0.0280305
0.0277188
0.0273444
0.0268813
0.0263054
0.0255961
0.0247379
0.0237223
0.0225497
0.0212312
0.0198105
0.0183574
0.0169409
0.01564
0.0145299
0.013663
0.0130539
0.012678
0.0124867
0.0124261
0.0290703
0.0289998
0.0288461
0.0286222
0.0283478
0.028054
0.0277196
0.0273233
0.0268443
0.026263
0.0255629
0.0247313
0.0237609
0.022651
0.0214098
0.0200649
0.0186755
0.0172957
0.0159912
0.0148305
0.0138711
0.013145
0.0126498
0.0123541
0.012212
0.0121775
0.0291267
0.0289148
0.0286525
0.0283588
0.0280399
0.0276781
0.027256
0.0267565
0.0261642
0.0254655
0.0246504
0.0237127
0.0226519
0.0214741
0.0201996
0.018876
0.0175464
0.0162643
0.0150886
0.0140752
0.0132637
0.0126678
0.0122732
0.0120457
0.0119441
0.0119301
0.0119731
0.0289026
0.0286026
0.0282951
0.0279553
0.0275693
0.0271233
0.026604
0.0259992
0.0252985
0.0244941
0.0235815
0.0225601
0.0214352
0.0202253
0.0189669
0.0176942
0.0164507
0.0152863
0.0142509
0.0133859
0.012714
0.0122345
0.0119257
0.0117541
0.0116844
0.0116854
0.0117329
0.0285313
0.0281968
0.0278266
0.0274096
0.0269348
0.0263918
0.025771
0.0250643
0.0242658
0.0233721
0.0223832
0.0213035
0.0201532
0.0189578
0.017745
0.0165503
0.0154152
0.014383
0.0134927
0.0127709
0.0122256
0.0118459
0.0116076
0.0114801
0.011434
0.0114448
0.0114935
0.0280017
0.0276039
0.0271593
0.0266593
0.0260957
0.0254613
0.02475
0.0239573
0.0230811
0.0221219
0.0210854
0.0199918
0.018858
0.0177067
0.0165672
0.0154738
0.0144637
0.0135716
0.0128239
0.0122337
0.0117981
0.011501
0.0113182
0.0112238
0.011194
0.0112098
0.0112568
0.0272877
0.026818
0.0262957
0.0257147
0.0250695
0.0243557
0.0235702
0.0227118
0.021781
0.0207909
0.019752
0.0186786
0.0175898
0.0165098
0.0154673
0.014493
0.0136169
0.0128636
0.0122482
0.0117731
0.0114287
0.011197
0.0110564
0.0109854
0.0109656
0.0109825
0.0110251
0.02638
0.0258394
0.0252452
0.0245932
0.0238804
0.0231049
0.0222659
0.0213721
0.020429
0.0194454
0.0184333
0.0174085
0.0163912
0.0154048
0.0144751
0.0136277
0.0128847
0.0122611
0.0117622
0.0113835
0.011112
0.0109305
0.0108205
0.0107651
0.0107504
0.0107652
0.0108013
0.0108527
0.0252832
0.0246826
0.0240309
0.0233261
0.0225686
0.0217623
0.0209097
0.0200159
0.0190883
0.0181373
0.0171763
0.0162222
0.0152946
0.0144151
0.0136052
0.0128842
0.0122662
0.0117577
0.0113574
0.0110564
0.0108416
0.0106974
0.010609
0.0105634
0.0105499
0.0105604
0.0105886
0.0106302
0.0240454
0.0234014
0.0227147
0.0219852
0.0212143
0.0204046
0.0195607
0.0186892
0.017799
0.0169016
0.0160111
0.015144
0.0143181
0.0135516
0.0128609
0.0122588
0.0117523
0.0113418
0.0110219
0.0107822
0.0106105
0.0104938
0.0104204
0.0103804
0.0103658
0.0103707
0.0103905
0.0104217
0.0227067
0.0220475
0.0213518
0.0206212
0.0198582
0.019067
0.0182533
0.0174249
0.0165914
0.0157648
0.0149587
0.0141882
0.0134684
0.0128136
0.0122348
0.0117391
0.0113281
0.0109985
0.0107427
0.0105508
0.0104119
0.0103155
0.0102527
0.010216
0.0101993
0.0101983
0.0102097
0.0102308
0.0102599
0.021334
0.0206779
0.0199923
0.0192795
0.0185434
0.0177888
0.0170224
0.0162525
0.015489
0.0147434
0.0140284
0.0133567
0.0127406
0.0121898
0.011711
0.0113068
0.0109754
0.0107112
0.0105065
0.010352
0.0102386
0.0101581
0.0101035
0.0100691
0.0100504
0.0100442
0.0100481
0.0100601
0.0100789
0.0199723
0.0193352
0.0186753
0.0179957
0.0173008
0.0165961
0.0158886
0.0151867
0.0145002
0.0138395
0.0132157
0.0126391
0.0121187
0.0116608
0.0112685
0.0109411
0.010675
0.0104638
0.0103
0.0101757
0.0100832
0.0100161
0.00996877
0.009937
0.00991743
0.00990759
0.00990565
0.00991026
0.00992045
0.0186553
0.0180503
0.0174284
0.0167932
0.0161492
0.0155023
0.0148596
0.0142294
0.0136207
0.0130428
0.0125051
0.0120156
0.0115804
0.0112029
0.0108838
0.0106204
0.0104081
0.0102404
0.0101105
0.0100116
0.00993741
0.00988266
0.00984304
0.00981519
0.00979654
0.00978523
0.00977988
0.00977951
0.00978341
0.00979107
0.0173903
0.0168267
0.0162503
0.0156654
0.0150771
0.0144914
0.0139156
0.0133573
0.0128249
0.0123264
0.011869
0.0114586
0.011099
0.0107914
0.0105345
0.010325
0.0101577
0.0100268
0.00992599
0.00984957
0.00979236
0.00975005
0.00971917
0.00969704
0.00968163
0.00967148
0.00966555
0.00966309
0.00966365
0.00966676
0.0161842
0.0156669
0.0151409
0.0146105
0.0140808
0.0135581
0.0130489
0.0125606
0.0121003
0.0116748
0.0112896
0.0109489
0.0106547
0.0104067
0.0102026
0.0100386
0.00990961
0.00981028
0.00973522
0.00967948
0.00963875
0.00960944
0.00958869
0.00957429
0.00956459
0.0095584
0.00955487
0.00955344
0.00955387
0.00955561
0.0095587
0.0150603
0.0145907
0.0141154
0.0136388
0.013166
0.012703
0.012256
0.0118315
0.0114358
0.0110744
0.0107518
0.0104705
0.0102315
0.0100334
0.00987362
0.0097479
0.00965161
0.00957988
0.00952799
0.00949168
0.00946724
0.00945161
0.00944238
0.00943766
0.00943603
0.00943647
0.00943828
0.00944098
0.00944428
0.00944799
0.00945204
0.0140185
0.0135951
0.0131682
0.0127421
0.0123219
0.0119131
0.0115216
0.0111534
0.0108138
0.0105075
0.0102379
0.0100066
0.00981369
0.0096575
0.00953469
0.00944142
0.00937334
0.00932603
0.0092953
0.00927738
0.00926917
0.0092675
0.00927106
0.00927765
0.00928607
0.00929542
0.00930509
0.00931465
0.00932385
0.00933254
0.00934067
0.00934822
0.0130481
0.0126681
0.012286
0.0119059
0.0115328
0.0111721
0.0108291
0.0105094
0.0102178
0.00995808
0.00973298
0.00954353
0.00938926
0.00926778
0.00917609
0.0091105
0.00906694
0.00904139
0.00903021
0.00902829
0.00903648
0.00904997
0.00906692
0.00908585
0.00910568
0.0091256
0.00914503
0.00916359
0.00918102
0.0091972
0.00921204
0.00922557
0.00923781
0.0121372
0.011797
0.0114553
0.0111162
0.0107846
0.0104655
0.0101643
0.00988587
0.00963461
0.00941393
0.00922596
0.00907135
0.00894902
0.00885663
0.00879126
0.00874939
0.00872733
0.00871943
0.00872453
0.00874177
0.00876535
0.00879319
0.00882362
0.00885532
0.00888726
0.00891871
0.00894911
0.00897807
0.00900534
0.00903077
0.00905427
0.00907583
0.00909547
0.011274
0.0109696
0.0106638
0.0103608
0.0100652
0.00978207
0.00951635
0.00927278
0.0090554
0.00886728
0.00871018
0.0085845
0.00848858
0.00842041
0.00837715
0.00835488
0.00834709
0.00835724
0.00838191
0.00841431
0.00845218
0.00849359
0.00853702
0.00858125
0.00862533
0.00866855
0.00871037
0.00875039
0.00878834
0.00882403
0.00885736
0.00888827
0.00891676
0.00894288
0.0104456
0.0101737
0.00990006
0.00962894
0.00936489
0.00911279
0.0088775
0.00866356
0.00847482
0.00831409
0.00818296
0.0080809
0.00800689
0.00795895
0.0079317
0.007921
0.00793007
0.00796013
0.00799936
0.00804536
0.00809608
0.00814982
0.00820519
0.00826109
0.00831664
0.00837114
0.00842407
0.00847502
0.00852368
0.00856984
0.00861334
0.00865409
0.00869206
0.00872724
0.00875965
0.00963921
0.00939741
0.0091534
0.00891122
0.00867543
0.00845085
0.00824221
0.00805395
0.00788975
0.00775227
0.00764274
0.00756063
0.00750517
0.00746989
0.00745301
0.00745305
0.00748468
0.00752815
0.00757968
0.00763715
0.00769876
0.00776299
0.00782863
0.00789468
0.00796031
0.00802487
0.00808785
0.0081488
0.0082074
0.00826339
0.00831657
0.0083668
0.00841399
0.00845808
0.00849908
0.0088415
0.00862906
0.00841357
0.00819904
0.00798995
0.00779105
0.00760703
0.0074422
0.00730013
0.00718336
0.00709218
0.0070261
0.00698019
0.00695399
0.00694636
0.00696644
0.0070117
0.00706605
0.00712738
0.00719386
0.00726395
0.00733636
0.00741005
0.00748411
0.00755781
0.00763054
0.00770176
0.00777104
0.00783801
0.00790237
0.00796387
0.00802231
0.00807755
0.00812949
0.0081781
0.00822333
0.00803869
0.00785615
0.00766969
0.00748322
0.00730113
0.00712803
0.00696843
0.00682654
0.00670594
0.00660848
0.00653098
0.00647386
0.00643721
0.00642029
0.00642343
0.0064607
0.00651669
0.00657979
0.00664846
0.00672135
0.00679724
0.00687515
0.0069542
0.00703367
0.00711288
0.00719126
0.0072683
0.00734354
0.00741659
0.00748709
0.00755474
0.00761927
0.00768051
0.00773829
0.00779248
0.00784303
0.00789047
0.00722737
0.00706831
0.00690863
0.00675104
0.00659856
0.00645441
0.00632176
0.00620362
0.00610158
0.00601725
0.00595207
0.00590666
0.00588088
0.00587382
0.00589548
0.00594442
0.00600847
0.00607755
0.00615069
0.00622702
0.00630577
0.00638619
0.00646764
0.00654953
0.00663129
0.00671239
0.00679234
0.00687066
0.00694691
0.00702071
0.00709167
0.00715953
0.00722397
0.00728481
0.00734184
0.00739683
0.00744921
0.0064
0.00626533
0.0061318
0.00600157
0.0058771
0.00576049
0.00565372
0.00555846
0.00547719
0.00541185
0.00536373
0.00533338
0.00532058
0.00532876
0.00536649
0.0054237
0.00549363
0.00556632
0.00564136
0.00571844
0.00579719
0.00587719
0.00595802
0.00603926
0.00612044
0.00620109
0.00628073
0.00635887
0.00643505
0.00650882
0.00657975
0.00664752
0.00671184
0.00677339
0.00683312
0.00689012
0.00694375
0.00699356
0.00552298
0.00542464
0.00532822
0.00523345
0.0051417
0.0050552
0.00497627
0.00490723
0.00485016
0.00480672
0.00477799
0.00476436
0.0047664
0.00479587
0.00484436
0.0049059
0.00497632
0.00505126
0.0051265
0.00520228
0.00527872
0.00535581
0.00543336
0.00551112
0.00558875
0.00566585
0.00574197
0.00581661
0.00588929
0.00595952
0.0060269
0.006091
0.00615378
0.00621478
0.00627306
0.00632787
0.00637862
0.00642488
0.00646628
0.00466934
0.00459587
0.0045226
0.00445378
0.00439303
0.00434192
0.00429613
0.00425729
0.00422724
0.00420739
0.00419865
0.00420427
0.00423151
0.00427481
0.00432976
0.00439281
0.00446157
0.00453432
0.00460934
0.004683
0.00475589
0.00482848
0.00490084
0.00497297
0.00504468
0.00511566
0.00518548
0.00525369
0.00531978
0.00538324
0.00544375
0.00550417
0.00556297
0.00561913
0.00567177
0.00572032
0.00576419
0.00580302
0.00583637
0.00586398
0.00408178
0.00402092
0.00395138
0.00387647
0.00380381
0.00374079
0.00369087
0.0036561
0.00363827
0.00363211
0.00363933
0.00366462
0.00370556
0.00375782
0.00381706
0.00388073
0.00394764
0.00401692
0.00408798
0.00416021
0.00423015
0.00429811
0.00436476
0.00443033
0.00449486
0.00455818
0.00461992
0.00467965
0.00473686
0.00479162
0.00484652
0.00490005
0.00495097
0.0049985
0.00504185
0.00508055
0.00511403
0.00514198
0.00516395
0.00517985
0.00519154
0.00372445
0.00366194
0.00359532
0.00352527
0.00345296
0.0033792
0.00330593
0.00324182
0.00319342
0.00316131
0.00314544
0.00314649
0.00317797
0.00323415
0.00329704
0.00336063
0.00342535
0.00349175
0.00355989
0.0036287
0.00369699
0.00376219
0.00382415
0.00388375
0.00394149
0.00399734
0.00405103
0.00410209
0.0041501
0.0041986
0.00424574
0.0042904
0.0043316
0.00436879
0.00440131
0.00442887
0.00445099
0.00446762
0.00447971
0.00448974
0.00449737
0.00450116
0.00344307
0.00338684
0.00333215
0.00327819
0.00322454
0.00317102
0.00311749
0.00306439
0.00301219
0.00296082
0.0029118
0.00286732
0.00283332
0.00282129
0.00282901
0.00285669
0.00289666
0.00294762
0.0030098
0.00308026
0.00314744
0.00321044
0.00326931
0.00332441
0.00337708
0.00342757
0.00347551
0.00352022
0.00356387
0.0036066
0.00364667
0.00368329
0.00371566
0.00374352
0.00376654
0.00378444
0.00379826
0.00381077
0.00382303
0.00383327
0.00384117
0.00384568
0.00319229
0.00314914
0.00311703
0.00309079
0.00306498
0.0030362
0.00300392
0.00296868
0.0029308
0.00288803
0.00284144
0.00279357
0.00274688
0.00270324
0.00266403
0.00262996
0.00260336
0.00258551
0.00258753
0.00260794
0.00263626
0.00266975
0.00270796
0.00274864
0.00279108
0.00283506
0.00287982
0.00292347
0.00296645
0.00300801
0.00304603
0.00308028
0.00311003
0.00313473
0.00315586
0.0031756
0.00319608
0.0032153
0.00323176
0.00324463
0.00325245
0.00325421
0.00324653
0.00290046
0.00287467
0.00287693
0.00289808
0.00291634
0.00292398
0.00291992
0.00290805
0.00288816
0.0028617
0.00282801
0.00278739
0.00274155
0.0026935
0.00264562
0.0025994
0.00255596
0.00251566
0.00248021
0.00244892
0.00241954
0.00239314
0.00237205
0.00236257
0.002372
0.00238882
0.00240915
0.0024329
0.00245981
0.00248868
0.00251759
0.00254565
0.00257343
0.00260135
0.00262927
0.00265505
0.00267748
0.00269582
0.00270925
0.00271691
0.00271826
0.00271049
0.00269247
0.0026648
0.00262711
0.00252184
0.00251199
0.00256477
0.00263449
0.00269869
0.00275038
0.00278789
0.00281166
0.00282215
0.00281989
0.00280954
0.00279163
0.00276666
0.00273422
0.00269539
0.00265066
0.00260193
0.00255214
0.00250303
0.00245541
0.00241015
0.00236724
0.00232744
0.00229134
0.00225888
0.00222873
0.00220041
0.00217464
0.00215397
0.00214953
0.00215935
0.00217312
0.00218928
0.0022057
0.00222081
0.0022339
0.00224441
0.00225145
0.00225386
0.00225077
0.00224013
0.00222166
0.00219502
0.00215971
0.00211479
0.0020588
0.00204926
0.00205072
0.00213985
0.00224618
0.00234692
0.00243582
0.00251147
0.00257426
0.00262459
0.00266274
0.00268911
0.00270412
0.00270863
0.00270399
0.00269222
0.00267407
0.00264959
0.00261786
0.00257963
0.00253772
0.00249403
0.00244979
0.00240639
0.00236497
0.00232526
0.00228724
0.00225129
0.00221801
0.0021883
0.0021634
0.00214229
0.00212247
0.00210384
0.00208659
0.00206894
0.00205027
0.00202996
0.00200728
0.00198155
0.0019525
0.00192003
0.0018843
0.00184297
0.00179551
0.00174162
0.00167446
0.00159358
0.00148352
0.00148879
0.00159471
0.00171811
0.00183826
0.00194981
0.00205063
0.00214113
0.00222279
0.00229553
0.0023597
0.00241456
0.00245907
0.0024943
0.00252064
0.00253807
0.00254609
0.00254424
0.00253494
0.00252031
0.00249961
0.00247336
0.00244382
0.00241113
0.00237633
0.00233935
0.00229846
0.00225585
0.00221297
0.00217039
0.00212844
0.00208836
0.00204991
0.00201351
0.00197791
0.00194283
0.00190843
0.00187231
0.00183309
0.00178957
0.00174079
0.00168586
0.00162437
0.001556
0.00147695
0.00138406
0.00127752
0.00115918
0.00102714
0.000879519
0.000895165
0.000887623
0.000963113
0.00106223
0.00116915
0.00128356
0.00139449
0.00148927
0.00157563
0.0016583
0.0017412
0.00182036
0.0018905
0.00195527
0.00201392
0.0020674
0.00211522
0.0021557
0.00218767
0.00221008
0.00222345
0.00222944
0.00222994
0.00222695
0.00221952
0.00220602
0.0021854
0.00215795
0.00212371
0.00208238
0.00203564
0.00199026
0.00194796
0.00191083
0.00187644
0.0018392
0.00179807
0.00175208
0.00170151
0.00164537
0.00158178
0.0015087
0.00142487
0.00132949
0.0012229
0.00110824
0.000985409
0.000852506
0.000712776
0.000568903
0.000480783
0.000452913
0.000488322
0.000539999
0.000593665
0.000645416
0.000695949
0.000723796
0.0007362
0.000770359
0.000812213
0.000857639
0.000907043
0.000961956
0.00102191
0.00108843
0.00116209
0.0012441
0.00133664
0.00141475
0.00147171
0.00151651
0.0015522
0.00158144
0.00160449
0.0016205
0.00162932
0.00162563
0.00161335
0.00159305
0.0015675
0.0015354
0.00149979
0.00146368
0.00142841
0.00139092
0.00134583
0.00129204
0.00123109
0.0011652
0.00109396
0.00101635
0.000930773
0.000836241
0.00073584
0.000633415
0.000531348
0.000431579
0.000334925
0.000243318
0.000212574
0.000187759
0.000194497
0.000209809
0.000223441
0.000235887
0.000246011
0.000254492
0.000263951
0.000273811
0.000283893
0.000293843
0.000303505
0.000312313
0.000319897
0.000325591
0.000326435
0.000318884
0.00030092
0.000281308
0.000264252
0.000253783
0.000253357
0.000254382
0.000254875
0.000254454
0.000253177
0.000251548
0.000250434
0.000249752
0.000249716
0.00025073
0.000251476
0.000251166
0.000249545
0.00024678
0.000242657
0.000236454
0.000226778
0.000212182
0.000191658
0.000164934
0.000134504
0.00010719
8.32229e-05
6.11378e-05
4.27594e-05
2.86392e-05
1.81108e-05
1.0161e-05
0.000732398
0.000726042
0.000439343
0.000438611
0.000444678
0.000452802
0.000461593
0.000470377
0.000479091
0.000488124
0.000497698
0.000507918
0.000518816
0.000530381
0.00017086
0.000179843
0.000192773
0.000207093
0.000221885
0.000236843
0.000251737
0.000266404
0.0002807
0.00029445
0.000307396
0.000319317
0.000330098
0.000339667
0.000348783
0.000358696
0.000369753
0.000381758
0.000393575
0.000404376
6.59133e-06
8.25413e-06
1.02108e-05
1.299e-05
1.68036e-05
2.1486e-05
2.69266e-05
3.31466e-05
4.02481e-05
4.87116e-05
5.93725e-05
7.24974e-05
8.77926e-05
0.000105326
0.000124464
0.000144252
0.000165006
0.000185743
0.000205013
0.000221145
0.000241265
0.000215355
)
;

boundaryField
{
    down
    {
        type            calculated;
        value           nonuniform List<scalar> 
59
(
0.016351
0.0163509
0.0163508
0.0163507
0.0163506
0.0163505
0.0163504
0.0163504
0.0163503
0.0163492
0.0163472
0.0163469
0.0163473
0.0163467
0.0163456
0.0163444
0.0163433
0.0163426
0.0163422
0.0163423
0.0163436
0.016345
0.0163462
0.016347
0.0163474
0.0163475
0.0163476
0.0163477
0.0163478
0.0163479
0.016348
0.016348
0.0163482
0.0163483
0.0163484
0.0163486
0.0163487
0.0163489
0.0163491
0.0163492
0.0163494
0.0163495
0.0163496
0.0163497
0.0163498
0.0163498
0.0163499
0.0163499
0.01635
0.01635
0.0163501
0.0163501
0.0163501
0.0163502
0.0163502
0.0163502
0.0163502
0.0163502
0.0163503
)
;
    }
    right
    {
        type            calculated;
        value           nonuniform List<scalar> 
75
(
0.0163492
0.0163685
0.0163545
0.01628
0.0162457
0.0162155
0.0161748
0.0161348
0.0160955
0.0160556
0.0160146
0.0159728
0.0159304
0.0158877
0.0158453
0.0158033
0.0157624
0.0157231
0.0156861
0.0156522
0.0156218
0.0155955
0.0155733
0.0155554
0.0155414
0.015531
0.0155238
0.0155193
0.0155172
0.015517
0.0155183
0.0155209
0.0155245
0.0155289
0.0155338
0.0155391
0.0155445
0.0155499
0.0155553
0.0155605
0.0155655
0.0155702
0.0155746
0.0155786
0.0155823
0.0155857
0.0155887
0.0155915
0.0155939
0.0155961
0.0156942
0.0159093
0.0162465
0.0167411
0.0174286
0.0183349
0.0194655
0.0207796
0.0221969
0.0236047
0.0248749
0.0258902
0.0265723
0.026904
0.0269412
0.0268052
0.0265582
0.0259994
0.0249658
0.0233643
0.0213645
0.0192464
0.0173325
0.0158924
0.0150129
)
;
    }
    up
    {
        type            calculated;
        value           nonuniform List<scalar> 0();
    }
    meanFlow
    {
        type            calculated;
        value           nonuniform List<scalar> 0();
    }
    surface
    {
        type            compressible::alphatWallFunction;
        Prt             0.85;
        value           nonuniform List<scalar> 
60
(
1.08839e-05
1.64541e-05
7.48836e-06
1.03508e-05
1.38906e-05
1.73083e-05
2.06544e-05
2.38565e-05
2.69834e-05
3.0058e-05
3.31003e-05
3.61021e-05
3.9039e-05
4.19e-05
4.46863e-05
4.74008e-05
5.00222e-05
5.25132e-05
5.48915e-05
5.72068e-05
5.95217e-05
6.17462e-05
6.38987e-05
6.59955e-05
6.80424e-05
7.00395e-05
7.19485e-05
7.37587e-05
7.54197e-05
7.68127e-05
7.8015e-05
7.90223e-05
7.98562e-05
8.0485e-05
8.09171e-05
8.11412e-05
8.11642e-05
8.10054e-05
8.06436e-05
8.00342e-05
7.9141e-05
7.79475e-05
7.64583e-05
7.46551e-05
7.24917e-05
6.9906e-05
6.68579e-05
6.32889e-05
5.90877e-05
5.42664e-05
4.87976e-05
4.26904e-05
1.4558e-05
1.50557e-05
1.55584e-05
1.60569e-05
1.64973e-05
1.67882e-05
1.72108e-05
2.02486e-05
)
;
    }
    surfaceInner
    {
        type            compressible::alphatWallFunction;
        Prt             0.85;
        value           nonuniform List<scalar> 
74
(
7.33934e-07
4.36674e-07
2.11769e-06
2.19113e-06
2.23312e-06
2.25765e-06
2.27986e-06
2.2969e-06
2.30429e-06
2.29843e-06
2.27916e-06
2.24514e-06
2.1949e-06
2.12659e-06
2.03603e-06
1.92484e-06
1.78734e-06
1.6423e-06
1.44632e-06
1.33203e-06
9.67833e-07
1.13806e-06
3.89422e-07
3.64688e-07
3.50706e-07
3.48361e-07
3.59569e-07
3.89055e-07
4.42818e-07
5.33528e-07
6.70358e-07
9.10441e-07
1.18063e-06
1.9273e-06
1.38372e-06
1.88987e-06
1.72597e-06
1.77256e-06
1.89692e-06
2.05126e-06
2.31393e-06
2.53264e-06
2.76677e-06
2.9908e-06
3.15815e-06
3.24512e-06
3.24364e-06
3.14927e-06
2.96101e-06
2.69628e-06
2.3762e-06
2.00581e-06
1.60831e-06
1.17701e-06
9.54285e-07
1.08194e-06
1.18732e-06
1.26657e-06
1.32434e-06
1.36527e-06
1.39562e-06
1.41798e-06
1.43342e-06
1.44268e-06
1.4461e-06
1.44389e-06
1.43403e-06
1.4188e-06
1.38865e-06
1.35935e-06
1.27861e-06
1.24482e-06
1.02154e-06
9.85668e-07
)
;
    }
    coandaInlet
    {
        type            calculated;
        value           nonuniform List<scalar> 0();
    }
    defaultFaces
    {
        type            empty;
    }
    procBoundary1to0
    {
        type            processor;
        value           nonuniform List<scalar> 
81
(
1.44987e-06
8.87003e-05
0.000114215
0.000114215
0.000156645
0.000177215
0.000177215
0.000194547
0.000203909
0.000203909
0.000203884
0.000203884
0.000194497
0.000194497
0.000184831
0.000162084
0.000162084
0.000148473
0.000132166
0.000132166
0.000124034
0.000124034
0.000117755
0.00010907
9.34846e-05
9.34846e-05
7.02679e-05
4.59983e-05
4.59983e-05
3.68346e-07
0.01635
0.0163383
0.0163175
0.0162976
0.0162735
0.0162422
0.0161786
0.0161365
0.0160858
0.0160858
0.0160244
0.015949
0.0158551
0.0157371
0.0155856
0.0153858
0.0151095
0.0147059
0.0141108
0.0133804
0.0128962
0.0138276
0.0175886
0.0242987
0.0304098
0.0339731
0.0350994
0.0345333
0.0328328
0.0303606
0.0273673
0.0240611
0.0207225
0.0177802
0.0154931
0.0137815
0.012436
0.0113128
0.0103105
0.00935318
0.00840998
0.0074531
0.00646908
0.00545421
0.00440863
0.00333461
0.00226753
0.00141534
0.00077308
0.000322136
1.33704e-05
)
;
    }
    procBoundary1to3
    {
        type            processor;
        value           nonuniform List<scalar> 
97
(
0.0145965
0.014435
0.014435
0.0141433
0.0139609
0.0137689
0.0135673
0.013357
0.013139
0.0129145
0.0126844
0.0124501
0.0122126
0.0122126
0.0120512
0.0118096
0.0115667
0.0113244
0.0110854
0.0110854
0.0109151
0.0106817
0.0104619
0.0104619
0.0102954
0.0101034
0.0099354
0.0099354
0.00980203
0.0096722
0.0096722
0.00956301
0.00945635
0.00945635
0.00935519
0.00935519
0.00924879
0.00911321
0.00911321
0.00896663
0.00896663
0.00878933
0.00853698
0.00853698
0.00826514
0.00826514
0.00793551
0.0074984
0.0074984
0.00703912
0.00703912
0.00650251
0.00650251
0.00588552
0.00588552
0.00520081
0.00520081
0.0045011
0.00384527
0.00384527
0.00322768
0.00322768
0.00319862
0.00257851
0.00257851
0.00199133
0.00199133
0.00149676
0.00149676
0.00138344
0.00125533
0.0011301
0.00112337
0.000723625
0.000723625
0.000724413
0.000729281
0.000735963
0.00074407
0.000753398
0.000763674
0.00077463
0.000786019
0.000797659
0.000542459
0.000542459
0.000554629
0.000566634
0.000578282
0.000589341
0.000599428
0.000608936
0.000617672
0.000421414
0.000421414
0.000441119
0.000209993
)
;
    }
}


// ************************************************************************* //
