/*--------------------------------*- C++ -*----------------------------------*\
  =========                 |
  \\      /  F ield         | OpenFOAM: The Open Source CFD Toolbox
   \\    /   O peration     | Website:  https://openfoam.org
    \\  /    A nd           | Version:  9
     \\/     M anipulation  |
\*---------------------------------------------------------------------------*/
FoamFile
{
    format      ascii;
    class       volScalarField;
    location    "0.008099";
    object      nuTilda;
}
// * * * * * * * * * * * * * * * * * * * * * * * * * * * * * * * * * * * * * //

dimensions      [0 2 -1 0 0 0 0];

internalField   nonuniform List<scalar> 
5373
(
1.687e-05
1.58082e-05
7.25118e-05
7.01558e-05
8.64417e-05
0.000102382
1.66058e-05
1.91683e-05
2.28679e-05
2.59162e-05
2.79814e-05
2.89134e-05
2.87624e-05
2.78393e-05
2.67024e-05
2.51116e-05
2.30179e-05
2.0653e-05
1.84364e-05
1.67085e-05
1.54591e-05
1.44538e-05
1.35167e-05
1.2939e-05
1.24193e-05
1.17068e-05
6.9847e-05
7.65254e-05
8.01484e-05
8.42117e-05
8.75058e-05
8.96996e-05
9.03834e-05
8.97921e-05
8.79839e-05
8.46021e-05
7.89727e-05
7.25613e-05
6.62606e-05
6.00514e-05
5.40524e-05
4.83712e-05
4.29087e-05
3.79278e-05
3.34112e-05
2.90911e-05
9.00729e-05
9.26886e-05
9.71848e-05
0.000100379
0.000103199
0.000105346
0.000106622
0.000107113
0.000106933
0.000105933
0.000103696
9.97735e-05
9.40069e-05
8.77602e-05
8.11176e-05
7.41849e-05
6.70706e-05
5.97235e-05
5.23288e-05
4.49502e-05
0.000103549
0.000105535
0.000107308
0.000109728
0.000111517
0.000112943
0.000113878
0.000114334
0.000114401
0.000113984
0.00011306
0.000111391
0.000108284
0.0001033
9.75583e-05
9.11879e-05
8.41445e-05
7.62969e-05
6.79127e-05
5.9324e-05
0.000112565
0.000113605
0.000114789
0.000115664
0.000116594
0.000117117
0.000117352
0.000117334
0.000117083
0.000116614
0.000115945
0.000115025
0.000113491
0.00011058
0.000106145
0.000101018
9.50058e-05
8.78835e-05
7.97843e-05
7.09861e-05
0.00011953
0.000119279
0.000119476
0.000119486
0.000119264
0.000118952
0.000118349
0.00011766
0.00011689
0.000116112
0.000115327
0.000114491
0.000113392
0.000111747
0.000108936
0.000105392
0.000100798
9.50455e-05
8.79141e-05
7.96769e-05
0.000122921
0.000121913
0.000120939
0.000119718
0.00011845
0.00011719
0.000115898
0.000114621
0.000113435
0.000112388
0.000111487
0.000110601
0.000109478
0.00010767
0.000105347
0.000102408
9.8396e-05
9.27687e-05
8.57463e-05
0.000121793
0.000119867
0.00011805
0.00011607
0.000114109
0.000112141
0.000110248
0.000108561
0.000107131
0.000105926
0.000104985
0.00010428
0.000103538
0.000102523
0.00010099
9.85425e-05
9.47422e-05
8.9362e-05
0.000117014
0.000114365
0.000111726
0.000109063
0.000106362
0.000103899
0.000101855
0.00010022
9.89841e-05
9.81855e-05
9.77671e-05
9.76443e-05
9.76131e-05
9.73715e-05
9.64433e-05
9.43255e-05
9.07883e-05
0.000112182
0.000108652
0.000105499
0.000102661
0.000100093
9.78372e-05
9.59216e-05
9.43382e-05
9.30533e-05
9.21402e-05
9.16903e-05
9.16777e-05
9.1951e-05
9.23924e-05
9.26674e-05
9.20705e-05
9.05395e-05
0.000102829
9.98226e-05
9.72203e-05
9.4991e-05
9.31131e-05
9.14838e-05
9.00091e-05
8.86906e-05
8.76219e-05
8.69368e-05
8.65919e-05
8.66744e-05
8.721e-05
8.79467e-05
8.84031e-05
8.85895e-05
9.78132e-05
9.54142e-05
9.33932e-05
9.16803e-05
9.02856e-05
8.90367e-05
8.77935e-05
8.64662e-05
8.50993e-05
8.38015e-05
8.28348e-05
8.23688e-05
8.24921e-05
8.30523e-05
8.38917e-05
8.48244e-05
9.27719e-05
9.1555e-05
9.0447e-05
8.93873e-05
8.83515e-05
8.72674e-05
8.5949e-05
8.4334e-05
8.22598e-05
8.04182e-05
7.90702e-05
7.82838e-05
7.82488e-05
7.89814e-05
8.01808e-05
9.00018e-05
8.90192e-05
8.7979e-05
8.68888e-05
8.5728e-05
8.44446e-05
8.29666e-05
8.11047e-05
7.88648e-05
7.59408e-05
7.4036e-05
7.32838e-05
7.36973e-05
7.48381e-05
8.75054e-05
8.64833e-05
8.54463e-05
8.4361e-05
8.31706e-05
8.18481e-05
8.03266e-05
7.81928e-05
7.4967e-05
7.11602e-05
6.86686e-05
6.75515e-05
6.77577e-05
6.87047e-05
8.41808e-05
8.31452e-05
8.20488e-05
8.08543e-05
7.93551e-05
7.75296e-05
7.52903e-05
7.23673e-05
6.80717e-05
6.43438e-05
6.19509e-05
6.08518e-05
6.08146e-05
6.13904e-05
7.75993e-05
7.60745e-05
7.43794e-05
7.24298e-05
7.02598e-05
6.77075e-05
6.47094e-05
6.10111e-05
5.76765e-05
5.52608e-05
5.36175e-05
5.2643e-05
5.25415e-05
6.83743e-05
6.72086e-05
6.59268e-05
6.433e-05
6.29369e-05
6.13353e-05
5.94766e-05
5.71604e-05
5.44375e-05
5.00909e-05
4.54971e-05
4.27954e-05
4.15993e-05
5.84754e-05
5.73605e-05
5.44837e-05
5.29053e-05
5.1225e-05
4.93215e-05
4.70412e-05
4.41647e-05
4.08673e-05
3.46122e-05
3.04247e-05
2.79475e-05
1.99366e-05
2.10045e-05
1.30017e-05
1.24474e-05
1.22958e-05
1.20857e-05
1.18072e-05
1.15061e-05
1.65249e-05
1.68294e-05
1.7789e-05
1.53987e-05
1.15118e-05
1.14027e-05
1.13584e-05
1.13273e-05
1.1329e-05
1.1485e-05
1.1697e-05
1.19244e-05
1.21596e-05
1.24096e-05
1.268e-05
1.29904e-05
1.33003e-05
1.36582e-05
1.41397e-05
1.49109e-05
1.61356e-05
1.77913e-05
2.03182e-05
2.50399e-05
2.82022e-05
2.71077e-05
2.59149e-05
2.51849e-05
2.48469e-05
2.45841e-05
2.42887e-05
2.39381e-05
2.34806e-05
2.29481e-05
2.23948e-05
2.18676e-05
2.14044e-05
2.10693e-05
2.09901e-05
2.14126e-05
2.27213e-05
2.46969e-05
2.78606e-05
3.17858e-05
4.28818e-05
4.08898e-05
3.91396e-05
3.75765e-05
3.62185e-05
3.48054e-05
3.33409e-05
3.18673e-05
3.03875e-05
2.89069e-05
2.74348e-05
2.59878e-05
2.45819e-05
2.32427e-05
2.19911e-05
2.11473e-05
2.20087e-05
2.30988e-05
2.52678e-05
2.72874e-05
5.70452e-05
5.46259e-05
5.2255e-05
4.9944e-05
4.77547e-05
4.57409e-05
4.39191e-05
4.20989e-05
4.02116e-05
3.82758e-05
3.63057e-05
3.43181e-05
3.23263e-05
3.03557e-05
2.84119e-05
2.66215e-05
2.51913e-05
2.4288e-05
2.40041e-05
2.50603e-05
6.87133e-05
6.626e-05
6.37244e-05
6.11266e-05
5.85235e-05
5.60026e-05
5.36312e-05
5.14319e-05
4.93658e-05
4.72046e-05
4.4966e-05
4.26676e-05
4.03209e-05
3.79542e-05
3.55678e-05
3.32602e-05
3.09699e-05
2.91379e-05
2.73498e-05
2.79217e-05
7.7358e-05
7.50177e-05
7.26214e-05
7.00759e-05
6.7423e-05
6.47361e-05
6.20886e-05
5.95449e-05
5.71511e-05
5.4886e-05
5.2509e-05
5.00351e-05
4.7473e-05
4.4848e-05
4.21627e-05
3.95088e-05
3.68044e-05
3.44619e-05
3.19595e-05
3.22002e-05
8.35343e-05
8.12833e-05
7.89922e-05
7.66486e-05
7.41503e-05
7.15415e-05
6.88767e-05
6.62151e-05
6.36187e-05
6.11335e-05
5.87088e-05
5.61517e-05
5.34668e-05
5.06743e-05
4.77814e-05
4.48747e-05
4.18984e-05
3.92265e-05
3.64192e-05
3.64871e-05
8.73427e-05
8.52797e-05
8.31505e-05
8.09716e-05
7.87246e-05
7.63286e-05
7.38134e-05
7.12186e-05
6.8595e-05
6.59982e-05
6.34636e-05
6.08916e-05
5.81492e-05
5.52527e-05
5.22166e-05
4.91218e-05
4.59589e-05
4.30447e-05
4.0224e-05
4.03476e-05
8.89761e-05
8.71669e-05
8.52863e-05
8.33357e-05
8.13084e-05
7.91808e-05
7.68978e-05
7.44786e-05
7.19524e-05
6.93637e-05
6.67668e-05
6.41692e-05
6.1403e-05
5.84409e-05
5.53054e-05
5.20722e-05
4.87889e-05
4.56912e-05
4.32064e-05
4.2217e-05
8.89821e-05
8.73882e-05
8.57173e-05
8.39546e-05
8.21198e-05
8.02108e-05
7.8172e-05
7.59659e-05
7.35909e-05
7.1082e-05
6.84998e-05
6.58493e-05
6.30738e-05
6.00658e-05
5.68625e-05
5.35377e-05
5.01947e-05
4.697e-05
4.45037e-05
4.16862e-05
8.71812e-05
8.57588e-05
8.43109e-05
8.27804e-05
8.11617e-05
7.94491e-05
7.76259e-05
7.56154e-05
7.34307e-05
7.1074e-05
6.85451e-05
6.58513e-05
6.29589e-05
5.98719e-05
5.66319e-05
5.32772e-05
4.99458e-05
4.66741e-05
4.40028e-05
4.0382e-05
8.3657e-05
8.24273e-05
8.1141e-05
7.97878e-05
7.83313e-05
7.6755e-05
7.50398e-05
7.31562e-05
7.10869e-05
6.88214e-05
6.63534e-05
6.3687e-05
6.08247e-05
5.77769e-05
5.4586e-05
5.12876e-05
4.80486e-05
4.48336e-05
4.21985e-05
3.80935e-05
7.90174e-05
7.78066e-05
7.65571e-05
7.52522e-05
7.38557e-05
7.23468e-05
7.07028e-05
6.89005e-05
6.6921e-05
6.47492e-05
6.23738e-05
5.97963e-05
5.70273e-05
5.40846e-05
5.10154e-05
4.78523e-05
4.47788e-05
4.17171e-05
3.92039e-05
3.49755e-05
7.3595e-05
7.23182e-05
7.10207e-05
6.96619e-05
6.8225e-05
6.66921e-05
6.50418e-05
6.32536e-05
6.13137e-05
5.92066e-05
5.69182e-05
5.44507e-05
5.18157e-05
4.90335e-05
4.61518e-05
4.32006e-05
4.03674e-05
3.75568e-05
3.52436e-05
3.13028e-05
6.73303e-05
6.59439e-05
6.4531e-05
6.30661e-05
6.15336e-05
5.99219e-05
5.8215e-05
5.6397e-05
5.44626e-05
5.24025e-05
5.02001e-05
4.78622e-05
4.54003e-05
4.2835e-05
4.02105e-05
3.75544e-05
3.50555e-05
3.26185e-05
3.06328e-05
2.74681e-05
5.98785e-05
5.83781e-05
5.68472e-05
5.52722e-05
5.36343e-05
5.19388e-05
5.01759e-05
4.83355e-05
4.64227e-05
4.44353e-05
4.23595e-05
4.02046e-05
3.79847e-05
3.57192e-05
3.34478e-05
3.12015e-05
2.9202e-05
2.73362e-05
2.59566e-05
2.40612e-05
5.08683e-05
4.92329e-05
4.75964e-05
4.59338e-05
4.42395e-05
4.25223e-05
4.07786e-05
3.90017e-05
3.72077e-05
3.5399e-05
3.35713e-05
3.17311e-05
2.98968e-05
2.80868e-05
2.63378e-05
2.47143e-05
2.36414e-05
2.27197e-05
2.26164e-05
2.20325e-05
3.9768e-05
3.80429e-05
3.63419e-05
3.46789e-05
3.30609e-05
3.1504e-05
3.00043e-05
2.85462e-05
2.7143e-05
2.58015e-05
2.45214e-05
2.33091e-05
2.21822e-05
2.11497e-05
2.02617e-05
1.97401e-05
2.09522e-05
2.13501e-05
2.37493e-05
2.28166e-05
2.59687e-05
2.43862e-05
2.29532e-05
2.16512e-05
2.06088e-05
2.00083e-05
1.96547e-05
1.94308e-05
1.92745e-05
1.9153e-05
1.90675e-05
1.90331e-05
1.9088e-05
1.92822e-05
1.9677e-05
2.0492e-05
2.2018e-05
2.24516e-05
2.65235e-05
2.85635e-05
1.40506e-05
1.30841e-05
1.23381e-05
1.17418e-05
1.1275e-05
1.09501e-05
1.07699e-05
1.07308e-05
1.08158e-05
1.10235e-05
1.13492e-05
1.17474e-05
1.22438e-05
1.28871e-05
1.36969e-05
1.47959e-05
1.60888e-05
1.8053e-05
2.02139e-05
2.25345e-05
0.0140174
0.0140173
0.0140173
0.0140172
0.0140171
0.014017
0.014017
0.0140169
0.0140168
0.0140074
0.0140075
0.0140075
0.0140075
0.0140075
0.0140075
0.0140075
0.0140075
0.0140075
0.0139882
0.0139881
0.013988
0.0139878
0.0139877
0.0139876
0.0139874
0.0139873
0.0139872
0.0139713
0.0139714
0.0139714
0.0139715
0.0139716
0.0139717
0.0139718
0.0139719
0.013972
0.0139498
0.0139499
0.0139501
0.0139502
0.0139503
0.0139504
0.0139506
0.0139507
0.0139508
0.0139227
0.0139228
0.0139229
0.013923
0.0139231
0.0139232
0.0139233
0.0139234
0.0139234
0.0138669
0.0138665
0.0138661
0.0138657
0.0138653
0.0138649
0.0138645
0.0138641
0.0138637
0.0138303
0.0138297
0.0138291
0.0138286
0.013828
0.0138274
0.0138268
0.0138263
0.0138258
0.0137861
0.0137853
0.0137845
0.0137838
0.013783
0.0137822
0.0137814
0.0137808
0.0137328
0.0137317
0.0137307
0.0137296
0.0137285
0.0137275
0.0137264
0.0137255
0.0136674
0.0136659
0.0136644
0.0136629
0.0136615
0.01366
0.0136586
0.0136574
0.0135861
0.013584
0.013582
0.0135799
0.0135779
0.0135759
0.013574
0.0135723
0.0134839
0.013481
0.0134782
0.0134754
0.0134725
0.0134697
0.0134671
0.0134648
0.013353
0.0133489
0.0133449
0.0133409
0.0133369
0.013333
0.0133293
0.0133262
0.0131801
0.0131742
0.0131684
0.0131625
0.0131566
0.0131509
0.0131454
0.0131409
0.0129409
0.0129319
0.012923
0.0129141
0.0129052
0.0128965
0.0128883
0.0128817
0.0125911
0.0125774
0.0125638
0.0125503
0.0125371
0.0125242
0.0125122
0.0125029
0.0120782
0.0120607
0.0120438
0.0120276
0.012012
0.0119973
0.0119839
0.011974
0.0114645
0.0114587
0.0114541
0.011451
0.0114491
0.0114485
0.011449
0.0114508
0.0110891
0.0111224
0.0111591
0.0111995
0.0112451
0.0112945
0.0113441
0.0113878
0.0120221
0.0121851
0.0123504
0.0125172
0.0126843
0.0128477
0.0130015
0.0131284
0.0154397
0.0157858
0.0161336
0.0164808
0.0168229
0.0171528
0.0174541
0.0176907
0.0213419
0.0217994
0.0222369
0.022651
0.0230353
0.0233785
0.0236603
0.023839
0.0265369
0.0269296
0.0272947
0.0276262
0.0279161
0.0281525
0.0283178
0.0283896
0.0294698
0.02972
0.0299339
0.0301122
0.0302537
0.0303553
0.0304124
0.0304201
0.0303144
0.0304461
0.0305501
0.0306263
0.0306744
0.0306943
0.0306859
0.0306501
0.0297396
0.0297833
0.0298045
0.0298037
0.0297822
0.0297417
0.0296845
0.0296141
0.028201
0.0281677
0.0281156
0.0280459
0.0279606
0.0278631
0.0277576
0.0276501
0.025997
0.0258835
0.025753
0.025607
0.0254477
0.0252786
0.0251052
0.0249375
0.0233282
0.0231174
0.0228907
0.0226499
0.0223982
0.0221346
0.021857
0.0215891
0.0203603
0.0200263
0.0196836
0.019341
0.0190405
0.0188007
0.0185963
0.0184279
0.0173554
0.0169432
0.0166184
0.0163496
0.0161253
0.0159455
0.0158083
0.0157256
0.0147506
0.0143391
0.0140435
0.0138173
0.0136408
0.0135112
0.0134366
0.0134302
0.0127473
0.0122689
0.0119439
0.0117157
0.0115521
0.0114473
0.0114126
0.0114575
0.011322
0.0108257
0.0103771
0.0100695
0.00985675
0.00972897
0.00968232
0.009737
0.0102397
0.00980605
0.00938749
0.00899921
0.00861936
0.00839278
0.00826092
0.008251
0.00935142
0.00899047
0.00862677
0.00826401
0.00789964
0.00756822
0.0072231
0.00706767
0.00856607
0.00827879
0.00797594
0.00765648
0.00732042
0.00697842
0.00661811
0.00629219
0.00781642
0.0076013
0.00736188
0.00709275
0.00679269
0.00646437
0.00610399
0.00573423
0.0070681
0.00691411
0.00673198
0.00651608
0.00625835
0.00595735
0.00561047
0.0052235
0.00630273
0.00620355
0.00607341
0.00590401
0.00568629
0.00541651
0.00509322
0.00471664
0.00550814
0.00545698
0.00537402
0.00524952
0.00507334
0.00484033
0.00454948
0.00420346
0.00468118
0.00467183
0.00463155
0.00454978
0.00441569
0.00422361
0.00397469
0.00367554
0.00382156
0.00384883
0.00384788
0.00380763
0.00371676
0.00356986
0.00337169
0.00313596
0.00292762
0.00298538
0.00302133
0.00302345
0.0029791
0.00288317
0.00274612
0.00259276
0.00201014
0.00207742
0.00213983
0.00218419
0.00219237
0.00215547
0.00209211
0.00204456
0.00125536
0.00129501
0.00132894
0.00134924
0.00134887
0.00133518
0.00135573
0.00147405
0.000687722
0.000708697
0.000726391
0.000738061
0.000743226
0.000749641
0.000781294
0.000876812
0.00030043
0.000313677
0.000333981
0.000375046
0.000426938
0.000468708
0.000510696
0.000568201
6.42842e-05
6.73131e-05
6.95343e-05
7.44722e-05
9.04765e-05
0.000129946
0.00017498
0.000238043
0.0140163
0.0140337
0.0140215
0.0139576
0.0139282
0.0139023
0.0138674
0.0138331
0.0137994
0.0137652
0.01373
0.0136942
0.0136578
0.0136212
0.0135848
0.0135488
0.0135137
0.0134801
0.0134484
0.0134193
0.0133933
0.0133707
0.0133517
0.0133363
0.0133243
0.0133154
0.0133092
0.0133054
0.0133035
0.0133033
0.0133045
0.0133067
0.0133098
0.0133136
0.0133178
0.0133223
0.0133269
0.0133316
0.0133362
0.0133407
0.013345
0.013349
0.0133527
0.0133562
0.0133594
0.0133623
0.0133649
0.0133672
0.0133693
0.0133712
0.0140146
0.0140312
0.014021
0.013952
0.0139276
0.0139015
0.0138627
0.013825
0.0137875
0.0137491
0.0137093
0.0136681
0.0136258
0.0135826
0.0135389
0.0134951
0.0134518
0.01341
0.0133708
0.0133356
0.0133053
0.0132808
0.0132623
0.0132498
0.013243
0.0132411
0.0132435
0.0132494
0.0132581
0.013269
0.0132814
0.0132949
0.0133091
0.0133237
0.0133384
0.0133529
0.0133671
0.0133808
0.0133938
0.0134062
0.0134177
0.0134283
0.0134381
0.0134471
0.0134552
0.0134625
0.0134691
0.013475
0.0134802
0.0134848
0.0140143
0.0140307
0.014018
0.013949
0.0139292
0.0139023
0.013859
0.0138163
0.013775
0.0137325
0.0136881
0.0136415
0.013593
0.0135427
0.0134908
0.0134379
0.0133849
0.0133334
0.0132857
0.0132443
0.0132113
0.0131883
0.013176
0.0131745
0.0131829
0.0131997
0.0132232
0.0132519
0.0132844
0.0133193
0.0133557
0.0133929
0.0134302
0.0134669
0.0135026
0.013537
0.0135698
0.0136009
0.01363
0.0136571
0.0136821
0.013705
0.0137259
0.0137447
0.0137618
0.013777
0.0137906
0.0138028
0.0138135
0.013823
0.0140146
0.0140313
0.0140158
0.0139487
0.0139317
0.0139038
0.013856
0.013808
0.0137635
0.0137173
0.0136683
0.0136165
0.0135617
0.013504
0.0134438
0.0133815
0.0133186
0.0132575
0.0132019
0.0131564
0.0131252
0.0131114
0.0131167
0.0131408
0.0131816
0.0132362
0.0133015
0.0133746
0.0134529
0.0135339
0.0136153
0.0136959
0.0137743
0.0138498
0.0139218
0.0139898
0.0140534
0.0141126
0.0141673
0.0142175
0.0142632
0.0143048
0.0143422
0.0143759
0.0144061
0.0144329
0.0144568
0.0144779
0.0144966
0.014513
0.0140141
0.0140343
0.0140128
0.0139491
0.013935
0.0139059
0.0138535
0.0138011
0.0137535
0.0137038
0.0136506
0.0135937
0.0135328
0.0134678
0.013399
0.0133268
0.0132529
0.013181
0.0131174
0.0130702
0.0130473
0.0130552
0.0130963
0.0131698
0.0132721
0.0133971
0.0135381
0.0136889
0.0138443
0.0140001
0.0141528
0.0143003
0.0144407
0.014573
0.0146967
0.0148113
0.0149169
0.0150136
0.0151016
0.0151813
0.0152532
0.0153178
0.0153755
0.015427
0.0154727
0.0155132
0.015549
0.0155805
0.0156082
0.0156325
0.0140132
0.0140342
0.0140099
0.0139501
0.0139385
0.0139083
0.0138517
0.0137962
0.0137454
0.0136926
0.013636
0.013575
0.0135089
0.0134371
0.0133592
0.0132757
0.013189
0.0131047
0.0130331
0.012988
0.0129843
0.0130325
0.0131373
0.0132961
0.013499
0.0137346
0.013991
0.0142571
0.0145237
0.0147839
0.0150327
0.0152671
0.0154853
0.0156866
0.0158708
0.0160384
0.01619
0.0163267
0.0164493
0.0165589
0.0166566
0.0167434
0.0168203
0.0168882
0.0169482
0.017001
0.0170474
0.017088
0.0171237
0.0171548
0.0140121
0.0140335
0.014007
0.0139516
0.0139423
0.0139111
0.0138503
0.0137932
0.01374
0.0136851
0.013626
0.013561
0.0134891
0.0134095
0.0133218
0.0132261
0.0131254
0.0130277
0.0129489
0.0129117
0.0129414
0.0130567
0.0132616
0.0135473
0.0138969
0.0142888
0.0147016
0.0151168
0.0155205
0.0159031
0.016259
0.0165856
0.0168822
0.0171494
0.0173888
0.0176023
0.0177921
0.0179602
0.0181089
0.01824
0.0183555
0.0184571
0.0185463
0.0186245
0.018693
0.0187529
0.0188053
0.0188511
0.018891
0.0189259
0.0140112
0.0140324
0.0140042
0.0139533
0.0139461
0.013914
0.0138495
0.0137915
0.0137373
0.0136808
0.0136188
0.0135495
0.0134718
0.0133846
0.0132869
0.0131785
0.0130628
0.0129507
0.0128654
0.0128433
0.0129245
0.0131374
0.0134828
0.0139436
0.0144868
0.0150745
0.0156718
0.0162521
0.0167975
0.017298
0.0177497
0.0181524
0.0185085
0.0188217
0.0190959
0.0193355
0.0195444
0.0197265
0.0198851
0.0200231
0.0201431
0.0202476
0.0203385
0.0204176
0.0204864
0.0205462
0.0205983
0.0206437
0.0206831
0.0207174
0.0140105
0.0140309
0.0140015
0.0139551
0.0139498
0.0139171
0.0138491
0.0137907
0.0137361
0.0136782
0.0136135
0.0135402
0.013457
0.0133624
0.0132548
0.0131335
0.0130019
0.0128742
0.0127829
0.0127833
0.0129374
0.0132795
0.0138094
0.0144904
0.0152637
0.0160683
0.0168548
0.01759
0.0182562
0.0188466
0.0193621
0.0198078
0.0201908
0.0205187
0.020799
0.0210384
0.0212429
0.0214178
0.0215676
0.0216961
0.0218063
0.0219012
0.0219829
0.0220533
0.0221141
0.0221667
0.0222123
0.0222517
0.022286
0.0223157
0.0140102
0.0140293
0.013999
0.013957
0.0139534
0.0139202
0.013849
0.0137908
0.013736
0.0136769
0.0136099
0.0135331
0.0134447
0.0133431
0.0132259
0.0130915
0.0129433
0.0127991
0.0127027
0.0127306
0.0129761
0.0134819
0.0142373
0.0151729
0.0161936
0.0172122
0.0181671
0.0190242
0.0197707
0.020408
0.0209448
0.0213934
0.0217664
0.0220761
0.0223331
0.0225467
0.0227246
0.0228731
0.0229975
0.0231021
0.0231903
0.023265
0.0233283
0.0233823
0.0234285
0.023468
0.023502
0.0235313
0.0235567
0.0235787
0.0140103
0.0140275
0.0139967
0.013959
0.0139566
0.0139233
0.0138492
0.0137915
0.0137368
0.0136768
0.0136079
0.0135278
0.0134349
0.0133267
0.0132003
0.013053
0.0128878
0.0127259
0.0126237
0.0126851
0.0130393
0.0137391
0.0147515
0.0159597
0.017224
0.0184321
0.0195163
0.0204484
0.0212267
0.021864
0.022379
0.022792
0.0231216
0.0233842
0.0235934
0.0237604
0.0238941
0.0240014
0.0240881
0.0241583
0.0242157
0.0242627
0.0243015
0.0243338
0.0243608
0.0243835
0.0244028
0.0244192
0.0244333
0.0244454
0.0140114
0.0140257
0.0139946
0.013961
0.0139583
0.0139262
0.0138496
0.0137928
0.0137383
0.0136777
0.0136071
0.0135244
0.0134274
0.0133131
0.0131781
0.0130182
0.0128358
0.0126551
0.0125464
0.012645
0.0131215
0.0140387
0.0153281
0.0168105
0.0182977
0.0196571
0.0208233
0.0217808
0.0225434
0.0231377
0.0235935
0.0239392
0.0241988
0.0243924
0.0245359
0.0246417
0.0247193
0.024776
0.0248172
0.0248471
0.0248685
0.0248839
0.0248949
0.0249028
0.0249084
0.0249124
0.0249154
0.0249176
0.0249193
0.0249207
0.0140125
0.0140239
0.0139929
0.0139628
0.0139591
0.0139289
0.0138501
0.0137945
0.0137403
0.0136793
0.0136075
0.0135225
0.013422
0.0133024
0.0131593
0.0129874
0.0127878
0.0125874
0.0124707
0.0126086
0.0132152
0.0143652
0.0159398
0.0176853
0.0193646
0.0208325
0.0220335
0.0229709
0.0236767
0.0241928
0.0245603
0.0248148
0.0249857
0.0250958
0.0251626
0.025199
0.0252144
0.0252137
0.025206
0.0251927
0.0251763
0.0251587
0.0251412
0.0251244
0.0251087
0.0250944
0.0250814
0.0250699
0.0250598
0.0250509
0.0140135
0.0140221
0.0139913
0.0139646
0.0139594
0.0139314
0.0138507
0.0137964
0.0137428
0.0136815
0.0136087
0.013522
0.0134184
0.0132941
0.0131437
0.0129605
0.012744
0.0125232
0.0123968
0.0125746
0.0133119
0.014703
0.016562
0.0185513
0.0203884
0.0219234
0.0231177
0.0239969
0.0246134
0.0250244
0.025282
0.025429
0.0254988
0.025516
0.0254989
0.0254609
0.0254116
0.0253574
0.0253021
0.025248
0.0251969
0.0251495
0.0251065
0.0250677
0.0250331
0.0250023
0.0249752
0.0249515
0.0249309
0.024913
0.0140143
0.0140204
0.0139901
0.0139663
0.0139595
0.0139324
0.0138514
0.0137985
0.0137454
0.0136841
0.0136107
0.0135226
0.0134166
0.0132882
0.0131313
0.0129375
0.0127047
0.012463
0.0123246
0.0125353
0.0134025
0.0150383
0.0171743
0.0193847
0.0213467
0.0229131
0.0240669
0.0248586
0.0253616
0.0256488
0.0257827
0.0258122
0.0257742
0.0256969
0.0255989
0.0254923
0.0253846
0.0252809
0.025184
0.0250952
0.025015
0.0249435
0.0248801
0.0248244
0.0247756
0.0247332
0.0246966
0.024665
0.0246377
0.0246141
0.0140145
0.0140188
0.0139891
0.0139679
0.0139593
0.0139326
0.0138521
0.0138007
0.0137481
0.0136869
0.0136131
0.0135241
0.0134161
0.0132843
0.0131217
0.0129182
0.0126698
0.012407
0.012255
0.0124909
0.0134824
0.0153624
0.017764
0.0201723
0.0222306
0.0237994
0.0248866
0.025569
0.0259416
0.0260929
0.0260879
0.0259957
0.0258523
0.0256844
0.0255094
0.0253388
0.0251789
0.0250329
0.0249022
0.0247883
0.0246877
0.0245988
0.0245203
0.0244512
0.0243904
0.0243371
0.0242905
0.0242499
0.0242145
0.0241837
0.0140147
0.0140173
0.0139884
0.0139693
0.013959
0.0139325
0.0138529
0.0138028
0.0137509
0.0136899
0.0136159
0.0135262
0.0134167
0.0132822
0.0131145
0.0129024
0.0126391
0.0123555
0.0121894
0.0124427
0.0135564
0.0156715
0.0183236
0.0209085
0.0230392
0.0245877
0.0255887
0.0261461
0.0263772
0.0263736
0.0262385
0.0260269
0.0257804
0.0255264
0.025282
0.0250568
0.0248603
0.0246841
0.024526
0.0243841
0.0242571
0.0241438
0.0240431
0.0239537
0.0238748
0.0238052
0.023744
0.0236904
0.0236436
0.0236027
0.0140147
0.0140158
0.0139878
0.0139706
0.0139586
0.0139321
0.0138537
0.0138049
0.0137536
0.0136928
0.0136189
0.0135288
0.0134182
0.0132815
0.0131096
0.0128898
0.0126126
0.0123084
0.0121284
0.0123902
0.0136185
0.01596
0.0188488
0.021592
0.0237763
0.0252875
0.0261875
0.0266074
0.0266854
0.0265394
0.0262696
0.0259413
0.0255994
0.0252723
0.0249774
0.024711
0.0244689
0.0242488
0.0240492
0.0238687
0.0237063
0.0235607
0.0234308
0.0233153
0.0232129
0.0231225
0.0230429
0.022973
0.0229117
0.0228581
0.0140148
0.0140145
0.0139873
0.0139718
0.0139582
0.0139317
0.0138545
0.0138069
0.0137561
0.0136958
0.0136219
0.0135317
0.0134203
0.0132819
0.0131066
0.0128799
0.01259
0.0122656
0.0120737
0.012341
0.0136683
0.0162264
0.0193391
0.0222252
0.0244486
0.0259108
0.0267016
0.0269794
0.0268973
0.0266016
0.0261958
0.0257511
0.0253151
0.024936
0.024588
0.0242668
0.0239706
0.0236986
0.0234501
0.0232244
0.0230205
0.0228374
0.0226737
0.0225279
0.0223986
0.0222843
0.0221835
0.0220949
0.0220171
0.021949
0.0140148
0.0140133
0.0139869
0.0139729
0.0139577
0.0139312
0.0138553
0.0138088
0.0137586
0.0136986
0.0136249
0.0135347
0.0134229
0.0132832
0.013105
0.0128725
0.0125709
0.0122271
0.0120252
0.0122833
0.0137032
0.0164708
0.0197955
0.0228111
0.025062
0.0264666
0.0271421
0.0272725
0.0270366
0.026598
0.0260686
0.0255285
0.0250343
0.0245807
0.0241593
0.0237671
0.0234037
0.0230691
0.0227629
0.0224847
0.0222334
0.0220077
0.0218061
0.0216266
0.0214674
0.0213268
0.0212028
0.0210938
0.0209982
0.0209144
0.0140149
0.0140122
0.0139866
0.0139738
0.0139572
0.0139306
0.0138561
0.0138106
0.0137609
0.0137012
0.0136279
0.0135378
0.0134257
0.0132851
0.0131047
0.0128671
0.012555
0.0121923
0.011971
0.0122211
0.0137255
0.0166959
0.0202226
0.0233552
0.0256237
0.0269647
0.0275231
0.027493
0.0271037
0.0265199
0.025867
0.0252356
0.0246683
0.0241387
0.0236415
0.0231761
0.0227432
0.0223443
0.0219795
0.0216483
0.0213493
0.021081
0.0208414
0.0206284
0.0204395
0.0202727
0.0201257
0.0199965
0.0198832
0.0197839
0.014015
0.0140112
0.0139863
0.0139744
0.0139566
0.0139301
0.0138568
0.0138122
0.013763
0.0137037
0.0136307
0.0135408
0.0134287
0.0132875
0.0131053
0.0128635
0.0125421
0.0121614
0.0119189
0.0121578
0.0137364
0.0169029
0.020622
0.0238611
0.0261386
0.0274105
0.0278477
0.0276709
0.027122
0.0263867
0.0256053
0.0249047
0.0242567
0.0236455
0.0230708
0.022533
0.0220329
0.0215717
0.0211497
0.0207665
0.0204208
0.0201108
0.0198342
0.0195884
0.0193707
0.0191786
0.0190094
0.0188607
0.0187303
0.0186162
0.014015
0.0140103
0.0139862
0.0139746
0.0139561
0.0139295
0.0138575
0.0138137
0.0137649
0.013706
0.0136334
0.0135438
0.0134317
0.0132901
0.0131065
0.0128613
0.0125316
0.0121342
0.01187
0.0120945
0.0137369
0.0170926
0.0209953
0.0243311
0.0266108
0.0278112
0.0281285
0.0278052
0.0270993
0.0262091
0.0252885
0.0245267
0.0238071
0.0231256
0.0224803
0.0218733
0.0213073
0.0207848
0.0203067
0.0198728
0.0194817
0.0191315
0.0188194
0.0185424
0.0182974
0.0180815
0.0178915
0.0177248
0.0175787
0.0174508
0.0140151
0.0140096
0.013986
0.0139746
0.0139557
0.013929
0.0138581
0.013815
0.0137666
0.0137081
0.0136359
0.0135466
0.0134347
0.0132929
0.0131083
0.0128603
0.0125233
0.0121106
0.0118245
0.0120321
0.0137284
0.0172659
0.0213439
0.0247674
0.0270432
0.0281707
0.0283708
0.0279119
0.0270748
0.0260705
0.0250751
0.0242115
0.0234035
0.0226376
0.0219123
0.0212304
0.0205956
0.0200104
0.0194761
0.0189922
0.0185572
0.0181684
0.0178227
0.0175166
0.0172465
0.0170089
0.0168002
0.0166173
0.0164573
0.0163174
0.0140152
0.014009
0.013986
0.0139745
0.0139552
0.0139285
0.0138587
0.0138162
0.0137682
0.01371
0.0136382
0.0135492
0.0134375
0.0132957
0.0131103
0.01286
0.0125169
0.0120901
0.0117825
0.0119714
0.0137117
0.0174223
0.021668
0.0251715
0.0274379
0.0284903
0.0285649
0.0279745
0.0270033
0.0258769
0.0248062
0.0238547
0.0229645
0.0221207
0.0213218
0.0205714
0.0198735
0.0192312
0.0186459
0.0181169
0.0176424
0.0172193
0.0168441
0.0165126
0.0162208
0.0159646
0.0157401
0.0155438
0.0153722
0.0152225
0.0140153
0.0140086
0.0139859
0.0139743
0.0139548
0.013928
0.0138592
0.0138173
0.0137697
0.0137118
0.0136403
0.0135517
0.0134402
0.0132984
0.0131125
0.0128604
0.0125119
0.0120725
0.011744
0.0119132
0.0136883
0.0175609
0.0219671
0.0255436
0.0277972
0.0287774
0.0287269
0.0279937
0.0268649
0.0255799
0.0244364
0.0234223
0.0224708
0.0215661
0.0207077
0.0199002
0.0191489
0.0184575
0.0178278
0.0172595
0.0167504
0.0162974
0.0158963
0.0155428
0.0152322
0.0149601
0.0147221
0.0145144
0.0143333
0.0141755
0.0140154
0.0140083
0.0139859
0.0139742
0.0139544
0.0139276
0.0138597
0.0138183
0.0137709
0.0137133
0.0136422
0.0135539
0.0134428
0.0133011
0.0131148
0.0128612
0.0125081
0.0120574
0.0117092
0.011858
0.0136593
0.0176804
0.0222394
0.0258836
0.0281206
0.029026
0.0288599
0.0279761
0.0266622
0.025165
0.0239845
0.0229368
0.0219476
0.0210006
0.0200969
0.0192438
0.0184481
0.017715
0.0170471
0.0164445
0.0159051
0.0154258
0.0150021
0.0146294
0.0143027
0.014017
0.0137677
0.0135506
0.0133616
0.0131973
0.0140156
0.014008
0.0139859
0.013974
0.013954
0.0139271
0.0138602
0.0138192
0.0137721
0.0137148
0.0136439
0.0135559
0.0134451
0.0133036
0.0131171
0.0128622
0.0125053
0.0120446
0.0116779
0.0118061
0.0136263
0.0177801
0.0224841
0.0261914
0.0284103
0.0292432
0.0289708
0.0279543
0.0264871
0.0248374
0.0235843
0.0224867
0.0214517
0.0204632
0.0195201
0.0186267
0.0177915
0.0170209
0.0163183
0.0156842
0.0151171
0.0146136
0.0141692
0.013779
0.0134375
0.0131396
0.0128802
0.0126548
0.012459
0.0122891
0.0140157
0.0140079
0.0139859
0.0139739
0.0139536
0.0139267
0.0138606
0.01382
0.0137731
0.013716
0.0136454
0.0135578
0.0134473
0.013306
0.0131194
0.0128635
0.0125033
0.0120338
0.01165
0.0117577
0.0135906
0.0178601
0.0227012
0.0264677
0.0286682
0.0294331
0.0290629
0.0279267
0.0263212
0.0245262
0.0231841
0.0220458
0.0209744
0.0199482
0.0189682
0.0180417
0.0171734
0.0163703
0.015637
0.0149747
0.0143822
0.0138563
0.0133926
0.0129859
0.0126307
0.0123213
0.0120526
0.0118195
0.0116175
0.0114425
0.0140159
0.0140077
0.0139859
0.0139737
0.0139533
0.0139264
0.0138609
0.0138207
0.013774
0.0137172
0.0136468
0.0135595
0.0134492
0.0133081
0.0131215
0.0128649
0.012502
0.0120246
0.011625
0.0117126
0.0135535
0.0179212
0.0228912
0.0267139
0.0288963
0.0295978
0.0291365
0.0278865
0.0261453
0.0241946
0.0227339
0.0215795
0.0204922
0.0194451
0.0184388
0.0174829
0.0165879
0.0157584
0.0149988
0.0143114
0.0136957
0.013149
0.0126669
0.0122443
0.0118756
0.011555
0.0112769
0.0110362
0.010828
0.0106481
0.014016
0.0140076
0.013986
0.0139736
0.013953
0.0139261
0.0138613
0.0138213
0.0137749
0.0137182
0.0136481
0.013561
0.013451
0.0133101
0.0131235
0.0128663
0.012501
0.0120169
0.0116029
0.0116713
0.0135162
0.0179647
0.0230557
0.0269321
0.0290969
0.0297395
0.0291943
0.0278369
0.0259615
0.0238451
0.0222347
0.0210952
0.0200105
0.0189555
0.0179334
0.0169562
0.0160362
0.0151832
0.0144009
0.0136908
0.0130535
0.0124866
0.0119864
0.0115479
0.0111653
0.0108329
0.010545
0.0102961
0.0100813
0.00989594
0.0140161
0.0140075
0.013986
0.0139734
0.0139528
0.0139258
0.0138616
0.0138219
0.0137756
0.0137191
0.0136492
0.0135624
0.0134526
0.013312
0.0131254
0.0128677
0.0125005
0.0120103
0.0115833
0.0116343
0.0134797
0.0179924
0.0231965
0.0271242
0.0292733
0.0298612
0.0292401
0.0277855
0.0257872
0.0235234
0.0218066
0.0206432
0.0195503
0.0184853
0.01745
0.0164557
0.0155151
0.0146391
0.0138348
0.0131044
0.0124466
0.0118604
0.0113421
0.0108873
0.0104903
0.0101454
0.00984681
0.00958894
0.0093666
0.00917507
0.0140162
0.0140075
0.0139862
0.0139733
0.0139526
0.0139255
0.0138618
0.0138223
0.0137762
0.0137199
0.0136502
0.0135636
0.0134541
0.0133136
0.0131271
0.0128691
0.0125002
0.0120048
0.0115661
0.0116013
0.0134447
0.0180063
0.0233159
0.0272927
0.0294282
0.0299652
0.0292769
0.0277341
0.0256247
0.0232249
0.0214095
0.0201964
0.0190906
0.0180175
0.0169724
0.0159652
0.0150085
0.0141134
0.013288
0.0125368
0.0118609
0.0112566
0.0107211
0.0102501
0.00983853
0.00948064
0.00917069
0.00890304
0.00867241
0.00847393
0.0140163
0.0140074
0.0139863
0.0139731
0.0139523
0.0139252
0.0138621
0.0138228
0.0137768
0.0137206
0.0136511
0.0135646
0.0134554
0.0133151
0.0131287
0.0128704
0.0125
0.0120002
0.011551
0.011572
0.0134117
0.0180087
0.0234164
0.02744
0.0295647
0.030054
0.0293071
0.027684
0.0254708
0.0229431
0.0210194
0.0197251
0.0186083
0.0175325
0.0164825
0.015467
0.0144984
0.0135884
0.0127454
0.0119751
0.0112796
0.0106585
0.0101076
0.00962168
0.00919601
0.00882525
0.00850376
0.00822597
0.00798654
0.00778051
0.0140163
0.0140074
0.0139864
0.013973
0.0139522
0.013925
0.0138623
0.0138232
0.0137773
0.0137212
0.0136519
0.0135656
0.0134565
0.0133165
0.0131301
0.0128717
0.0125001
0.0119962
0.0115378
0.011546
0.0133811
0.0180038
0.0235001
0.0275685
0.0296851
0.0301321
0.0293331
0.027637
0.0253265
0.0226721
0.0206275
0.0192094
0.0180911
0.0170197
0.0159692
0.0149482
0.0139701
0.0130473
0.0121892
0.0114021
0.0106889
0.0100494
0.00948177
0.0089821
0.00854435
0.00816235
0.00783042
0.00754318
0.00729535
0.00708195
0.0140164
0.0140074
0.0139865
0.0139729
0.013952
0.0139248
0.0138625
0.0138235
0.0137778
0.0137218
0.0136526
0.0135664
0.0134576
0.0133177
0.0131315
0.0128728
0.0125001
0.0119929
0.0115262
0.0115229
0.0133525
0.0179932
0.0235694
0.0276804
0.0297907
0.0302019
0.0293566
0.0275954
0.0251949
0.0224172
0.0202404
0.0186684
0.0175404
0.0164731
0.015423
0.0143961
0.013408
0.0124723
0.0115997
0.010797
0.0100675
0.00941178
0.00882813
0.00831331
0.00786266
0.00747096
0.00713195
0.00683942
0.00658749
0.00637082
0.0140165
0.0140074
0.0139866
0.0139728
0.0139518
0.0139246
0.0138626
0.0138238
0.0137782
0.0137223
0.0136532
0.0135672
0.0134585
0.0133188
0.0131326
0.0128739
0.0125003
0.01199
0.0115159
0.0115022
0.0133261
0.0179778
0.023626
0.0277778
0.0298833
0.0302639
0.0293789
0.0275615
0.0250798
0.0221866
0.0198846
0.0181871
0.016993
0.0159005
0.0148398
0.013803
0.0127994
0.0118447
0.0109518
0.0101291
0.0093811
0.00870878
0.00811126
0.00758553
0.00712684
0.00672972
0.00638799
0.00609541
0.00584595
0.0056338
0.0140165
0.0140073
0.0139867
0.0139727
0.0139517
0.0139245
0.0138628
0.0138241
0.0137785
0.0137227
0.0136538
0.0135679
0.0134593
0.0133198
0.0131337
0.0128748
0.0125005
0.0119876
0.0115067
0.0114836
0.0133017
0.017959
0.023672
0.0278625
0.0299642
0.0303187
0.0294004
0.027536
0.0249841
0.0219848
0.019568
0.0177568
0.0164556
0.015325
0.0142314
0.0131589
0.0121206
0.0111305
0.0102015
0.00934274
0.00856161
0.0078617
0.00724439
0.00670751
0.00624676
0.00585553
0.00552698
0.0052536
0.00502792
0.00484259
0.0140166
0.0140073
0.0139868
0.0139726
0.0139516
0.0139243
0.0138629
0.0138243
0.0137788
0.0137231
0.0136543
0.0135685
0.0134601
0.0133207
0.0131347
0.0128757
0.0125007
0.0119851
0.0114986
0.0114672
0.0132795
0.0179378
0.023709
0.0279364
0.0300349
0.030367
0.0294214
0.0275201
0.0249067
0.0218137
0.0192921
0.0173704
0.0159402
0.0147554
0.0136162
0.0124977
0.0114052
0.0103556
0.00936571
0.00845044
0.00762044
0.00688012
0.00624261
0.00571041
0.00527145
0.00491297
0.00462426
0.00439471
0.00421451
0.00407444
0.0140166
0.0140073
0.0139868
0.0139725
0.0139515
0.0139242
0.013863
0.0138245
0.0137791
0.0137234
0.0136547
0.013569
0.0134607
0.0133214
0.0131355
0.0128765
0.0125009
0.0119833
0.0114914
0.0114528
0.0132593
0.0179154
0.0237385
0.0280009
0.0300966
0.0304093
0.0294418
0.0275134
0.0248484
0.0216738
0.0190575
0.0170305
0.0154742
0.0142074
0.013007
0.0118262
0.0106662
0.00954374
0.00848674
0.00753396
0.00670711
0.00599853
0.00540586
0.00492287
0.004537
0.00423308
0.00399751
0.00381828
0.00367493
0.00355658
0.0140166
0.0140073
0.0139869
0.0139724
0.0139514
0.0139241
0.0138631
0.0138247
0.0137793
0.0137237
0.0136551
0.0135695
0.0134613
0.0133221
0.0131363
0.0128772
0.0125011
0.0119818
0.0114851
0.0114403
0.0132411
0.0178924
0.0237619
0.0280573
0.0301498
0.0304462
0.0294613
0.0275147
0.0248087
0.0215627
0.0188638
0.016738
0.0150656
0.0136985
0.0124219
0.0111672
0.00993651
0.00876487
0.00770524
0.00677209
0.00597723
0.00532402
0.00480656
0.0044144
0.00412425
0.00388392
0.00368291
0.00351507
0.0033742
0.00325546
0.0140167
0.0140074
0.0139869
0.0139724
0.0139513
0.013924
0.0138632
0.0138249
0.0137795
0.013724
0.0136554
0.0135699
0.0134618
0.0133227
0.0131369
0.0128779
0.0125013
0.0119804
0.0114796
0.0114298
0.0132247
0.0178696
0.0237804
0.0281068
0.0301954
0.0304782
0.0294798
0.0275197
0.0247872
0.0214798
0.0187062
0.0164916
0.0147179
0.0132482
0.0118879
0.0105674
0.00929428
0.00811595
0.00706577
0.00616376
0.0054303
0.00486831
0.00447248
0.00414364
0.00386689
0.00363262
0.00343449
0.00326748
0.00312672
0.0030083
0.0140167
0.0140074
0.013987
0.0139723
0.0139512
0.0139239
0.0138633
0.013825
0.0137797
0.0137242
0.0136557
0.0135703
0.0134623
0.0133233
0.0131375
0.0128785
0.0125016
0.0119793
0.0114747
0.0114215
0.01321
0.0178474
0.0237948
0.0281504
0.0302346
0.0305059
0.029497
0.0275276
0.0247837
0.0214245
0.0185825
0.0162868
0.0144254
0.0128634
0.011429
0.0100565
0.0087625
0.00758189
0.006551
0.00570641
0.00507149
0.0046258
0.00425091
0.00392778
0.00364956
0.00341198
0.00321071
0.00304157
0.00289999
0.00278254
0.0140167
0.0140074
0.013987
0.0139722
0.0139512
0.0139238
0.0138634
0.0138251
0.0137799
0.0137244
0.013656
0.0135706
0.0134627
0.0133237
0.0131381
0.012879
0.0125018
0.0119783
0.0114704
0.011415
0.0131969
0.0178262
0.023806
0.0281889
0.0302682
0.0305298
0.0295129
0.0275377
0.0247885
0.0213957
0.0184898
0.0161205
0.0141822
0.012535
0.0110445
0.00963293
0.00832165
0.00714547
0.00615247
0.00539414
0.00487799
0.00444689
0.0040691
0.00373725
0.00344788
0.00319881
0.00298674
0.00280773
0.0026577
0.00253355
0.0140167
0.0140074
0.013987
0.0139722
0.0139511
0.0139238
0.0138634
0.0138252
0.01378
0.0137246
0.0136562
0.0135709
0.013463
0.0133242
0.0131386
0.0128795
0.0125019
0.0119775
0.0114667
0.0114099
0.0131852
0.0178061
0.0238146
0.0282229
0.0302971
0.0305504
0.0295273
0.027549
0.0247973
0.0213928
0.0184247
0.0159891
0.0139837
0.0122685
0.0107219
0.00927959
0.0079563
0.00679387
0.00586708
0.005231
0.00473509
0.00429988
0.00390985
0.00356117
0.00325278
0.00298365
0.00275084
0.00255036
0.00237827
0.00223154
0.0140168
0.0140074
0.0139871
0.0139722
0.013951
0.0139237
0.0138635
0.0138253
0.0137802
0.0137248
0.0136564
0.0135711
0.0134633
0.0133245
0.013139
0.0128799
0.0125021
0.0119768
0.0114634
0.0114056
0.0131748
0.0177874
0.0238212
0.0282531
0.0303221
0.0305681
0.0295405
0.0275609
0.0248092
0.0214003
0.0183832
0.0158888
0.0138255
0.0120544
0.0104629
0.00899213
0.00766406
0.00653038
0.0056739
0.00511028
0.00462071
0.00417574
0.0037684
0.00339783
0.00306436
0.00276725
0.00250336
0.00226861
0.00205868
0.00187192
0.0140168
0.0140074
0.0139871
0.0139721
0.013951
0.0139236
0.0138635
0.0138254
0.0137803
0.0137249
0.0136566
0.0135714
0.0134636
0.0133248
0.0131394
0.0128802
0.0125023
0.0119761
0.0114606
0.0114019
0.0131656
0.0177701
0.0238262
0.02828
0.0303436
0.0305833
0.0295523
0.027573
0.0248233
0.0214147
0.0183628
0.0158159
0.013703
0.0118855
0.0102582
0.00876569
0.00743795
0.00634237
0.00557568
0.00502561
0.004531
0.00407154
0.00364376
0.00324806
0.00288471
0.00255182
0.00224459
0.00195668
0.00168171
0.00141913
0.0140168
0.0140074
0.0139871
0.0139721
0.013951
0.0139236
0.0138636
0.0138255
0.0137804
0.013725
0.0136568
0.0135716
0.0134639
0.0133251
0.0131397
0.0128806
0.0125024
0.0119756
0.011458
0.0113988
0.0131574
0.0177542
0.0238301
0.0283039
0.0303621
0.0305962
0.0295629
0.0275849
0.0248388
0.0214339
0.0183611
0.0157663
0.0136121
0.0117555
0.0100997
0.00859263
0.00727137
0.00621676
0.00551973
0.00497205
0.00446571
0.00398735
0.00353676
0.00311458
0.00271965
0.00234736
0.00198912
0.00163473
0.00127654
0.00098547
0.0140168
0.0140074
0.0139871
0.013972
0.0139509
0.0139235
0.0138636
0.0138256
0.0137805
0.0137252
0.0136569
0.0135717
0.0134641
0.0133254
0.01314
0.0128809
0.0125025
0.0119751
0.0114558
0.011396
0.0131501
0.0177397
0.023833
0.0283252
0.0303781
0.0306074
0.0295724
0.0275964
0.0248549
0.0214562
0.0183662
0.0157364
0.0135487
0.011659
0.0099808
0.00846741
0.00716053
0.00615151
0.00550352
0.00495765
0.00443454
0.00393019
0.00345316
0.00300213
0.00257422
0.00216124
0.00175077
0.00132947
0.00095222
0.000648826
0.0140168
0.0140074
0.0139872
0.013972
0.0139509
0.0139235
0.0138636
0.0138256
0.0137806
0.0137253
0.013657
0.0135719
0.0134643
0.0133256
0.0131402
0.0128811
0.0125026
0.0119747
0.0114539
0.0113937
0.0131437
0.0177265
0.0238352
0.0283441
0.0303919
0.0306165
0.0295807
0.0276073
0.0248711
0.02148
0.0183756
0.0157233
0.0135094
0.0115912
0.00989628
0.0083856
0.00710332
0.0061516
0.00551684
0.00497435
0.00444577
0.00392634
0.00341951
0.00293495
0.00247253
0.00202254
0.00157213
0.00110415
0.00072904
0.00040722
0.0134553
0.0136397
0.0139288
0.0143529
0.0149425
0.0157198
0.0166897
0.0178171
0.0190331
0.0202409
0.0213305
0.0222013
0.0227861
0.0230703
0.0231021
0.0229856
0.0227741
0.0222952
0.0214092
0.0200358
0.0183204
0.0165034
0.0148614
0.0136259
0.0128714
0.0136585
0.0139952
0.0144699
0.015106
0.015915
0.0168894
0.0179947
0.0191673
0.020321
0.0213607
0.0222008
0.0227834
0.0230934
0.0231686
0.0231059
0.0229852
0.0226721
0.022045
0.021018
0.0195591
0.0178577
0.0161155
0.0145736
0.0134221
0.0127156
0.0141254
0.0146605
0.0153477
0.0161886
0.0171678
0.0182487
0.0193729
0.0204667
0.0214513
0.0222568
0.0228348
0.0231681
0.0232786
0.0232276
0.0231143
0.0228843
0.0224306
0.0216658
0.0205368
0.0190423
0.017371
0.0157081
0.014264
0.0131958
0.0125402
0.0122225
0.0149608
0.0157049
0.01658
0.0175654
0.0186232
0.0196999
0.0207316
0.0216534
0.0224081
0.022956
0.0232821
0.023402
0.0233621
0.0232431
0.0230511
0.0226952
0.022095
0.0211921
0.0199601
0.018444
0.0168152
0.0152433
0.0139086
0.0129353
0.0123418
0.0120549
0.0162021
0.0171081
0.018094
0.0191216
0.0201424
0.0211023
0.0219484
0.0226356
0.0231333
0.02343
0.0235388
0.0234958
0.0233649
0.0231866
0.0228859
0.0223928
0.0216516
0.0206282
0.0193169
0.0177998
0.0162282
0.0147558
0.0135345
0.0126584
0.0121297
0.0118765
0.0177838
0.0187542
0.0197367
0.0206884
0.0215647
0.0223236
0.0229308
0.0233637
0.023615
0.0236963
0.0236377
0.0234916
0.0233123
0.0230378
0.022609
0.0219756
0.0211026
0.0199754
0.0186058
0.0171086
0.0156093
0.0142456
0.0131422
0.012366
0.0119044
0.0116876
0.0195339
0.0204514
0.021318
0.0220977
0.0227585
0.0232752
0.0236325
0.0238271
0.0238696
0.0237858
0.0236183
0.0234311
0.0231654
0.0227719
0.0222076
0.0214394
0.0204492
0.0192378
0.0178438
0.0163859
0.014973
0.0137254
0.012742
0.0120651
0.0116702
0.0114904
0.0212365
0.022002
0.0226736
0.0232275
0.0236463
0.0239209
0.0240526
0.0240499
0.0239386
0.0237529
0.0235494
0.0232781
0.0228987
0.0223747
0.0216768
0.0207863
0.0196983
0.0184255
0.0170409
0.0156416
0.0143283
0.0132032
0.0123402
0.0117604
0.0114302
0.0112866
0.0227063
0.023261
0.0237024
0.0240194
0.0242076
0.0242711
0.0242214
0.0240817
0.0238818
0.0236561
0.0233702
0.022991
0.0224877
0.021835
0.0210154
0.0200216
0.0188593
0.0175589
0.0162089
0.0148879
0.0136866
0.0126884
0.0119441
0.0114569
0.0111877
0.011078
0.023829
0.024156
0.0243707
0.024473
0.0244672
0.0243675
0.0241955
0.0239774
0.023731
0.0234287
0.0230431
0.0225488
0.0219245
0.0211547
0.0202314
0.0191569
0.0179456
0.0166592
0.0153658
0.0141399
0.0130599
0.0121897
0.0115597
0.0111589
0.0109453
0.0108664
0.0245645
0.0246803
0.0246976
0.0246252
0.0244782
0.0242744
0.0240386
0.0237718
0.0234513
0.0230547
0.0225613
0.0219534
0.0212177
0.0203468
0.0193409
0.0182097
0.0169906
0.0157437
0.014528
0.0134116
0.0124589
0.011715
0.0111922
0.0108696
0.0107054
0.0106533
0.0249292
0.0248689
0.0247372
0.0245455
0.0243105
0.024059
0.0237728
0.0234335
0.0230232
0.0225253
0.0219253
0.0212124
0.0203802
0.0194282
0.0183633
0.0172094
0.016017
0.0148329
0.0137134
0.0127172
0.0118938
0.0112707
0.0108456
0.0105918
0.0104698
0.0104401
0.0249776
0.0247961
0.0245716
0.0243202
0.0240472
0.0237375
0.023376
0.0229483
0.0224408
0.021842
0.0211433
0.0203392
0.0194294
0.0184189
0.0173253
0.0161896
0.0150485
0.013948
0.012939
0.0120692
0.0113727
0.0108613
0.0105226
0.0103274
0.0102401
0.010228
0.0102648
0.0247858
0.024529
0.0242658
0.0239749
0.0236445
0.0232626
0.0228178
0.0222996
0.0216992
0.0210096
0.020227
0.019351
0.0183859
0.0173479
0.0162679
0.0151757
0.0141085
0.0131091
0.0122204
0.0114779
0.0109013
0.0104897
0.0102246
0.0100773
0.0100174
0.0100182
0.0100589
0.0244681
0.0241818
0.0238649
0.0235079
0.0231013
0.0226362
0.0221043
0.0214987
0.0208141
0.0200478
0.0191996
0.0182733
0.0172864
0.0162606
0.0152198
0.0141944
0.0132201
0.0123341
0.01157
0.0109505
0.0104824
0.0101565
0.00995181
0.00984232
0.00980273
0.00981186
0.0098536
0.024015
0.0236744
0.0232937
0.0228655
0.0223827
0.0218391
0.0212294
0.0205499
0.0197985
0.0189758
0.0180867
0.0171484
0.0161754
0.0151875
0.0142094
0.013271
0.0124039
0.0116382
0.0109964
0.0104898
0.0101158
0.00986072
0.00970377
0.00962261
0.009597
0.00961049
0.00965071
0.0234039
0.0230016
0.0225542
0.0220565
0.0215036
0.0208917
0.0202183
0.0194822
0.0186838
0.0178345
0.0169432
0.016022
0.0150876
0.0141608
0.013266
0.0124296
0.0116776
0.011031
0.0105027
0.0100948
0.00979914
0.00960021
0.00947938
0.00941836
0.00940133
0.00941575
0.00945221
0.0226267
0.0221636
0.0216544
0.0210957
0.0204847
0.0198197
0.0191002
0.0183336
0.0175246
0.0166807
0.0158122
0.0149328
0.0140596
0.013213
0.0124149
0.0116875
0.0110497
0.0105144
0.0100861
0.00976092
0.0095278
0.00937188
0.00927736
0.00922976
0.00921699
0.00922961
0.00926055
0.00930466
0.0216875
0.0211728
0.0206142
0.0200099
0.0193605
0.0186689
0.0179376
0.0171709
0.016375
0.0155589
0.0147343
0.0139154
0.0131192
0.0123643
0.011669
0.0110501
0.0105195
0.010083
0.00973923
0.00948081
0.00929625
0.00917237
0.0090964
0.00905713
0.00904546
0.00905437
0.00907857
0.0091142
0.0206273
0.0200753
0.0194864
0.0188609
0.0181997
0.0175052
0.0167813
0.0160335
0.0152696
0.0144995
0.0137352
0.0129909
0.0122819
0.0116239
0.011031
0.0105141
0.0100792
0.00972678
0.00945199
0.00924617
0.00909861
0.0089983
0.00893518
0.00890073
0.00888816
0.00889227
0.00890915
0.00893591
0.0194806
0.0189153
0.0183187
0.0176921
0.0170376
0.0163588
0.0156606
0.0149497
0.0142344
0.0135249
0.012833
0.0121716
0.0115537
0.0109915
0.0104946
0.0100689
0.00971602
0.00943294
0.00921325
0.00904838
0.00892899
0.00884618
0.00879214
0.00876045
0.00874607
0.00874514
0.00875478
0.00877285
0.00879775
0.0183048
0.0177421
0.0171539
0.0165425
0.0159108
0.0152633
0.0146056
0.0139448
0.0132895
0.0126496
0.0120357
0.0114591
0.0109301
0.0104572
0.0100461
0.00969902
0.00941435
0.00918746
0.00901153
0.00887875
0.0087813
0.00871208
0.00866505
0.00863537
0.00861925
0.00861386
0.00861707
0.0086273
0.00864339
0.0171384
0.0165918
0.0160256
0.0154425
0.0148461
0.0142413
0.0136341
0.0130316
0.0124423
0.0118751
0.0113395
0.0108445
0.0103976
0.0100044
0.00966748
0.00938631
0.00915769
0.00897626
0.00883551
0.0087286
0.00864909
0.00859131
0.00855058
0.00852319
0.00850628
0.00849773
0.00849598
0.00849987
0.00850855
0.0160103
0.0154912
0.0149575
0.0144122
0.0138595
0.0133042
0.0127525
0.0122115
0.0116889
0.0111927
0.010731
0.0103107
0.0099369
0.00961275
0.00933862
0.00911238
0.00892993
0.00878585
0.0086742
0.00858912
0.00852528
0.00847814
0.00844399
0.00841996
0.00840385
0.00839403
0.00838935
0.00838896
0.00839224
0.00839876
0.0149267
0.0144429
0.0139482
0.0134461
0.0129411
0.0124383
0.0119439
0.0114646
0.0110074
0.0105793
0.0101865
0.00983406
0.00952517
0.0092609
0.00904023
0.0088602
0.00871646
0.00860389
0.00851722
0.00845147
0.00840222
0.00836577
0.00833914
0.00832002
0.00830669
0.00829788
0.00829269
0.0082905
0.00829092
0.00829353
0.0138936
0.0134495
0.0129979
0.0125425
0.0120877
0.0116388
0.0112016
0.0107823
0.010387
0.0100215
0.00969068
0.00939803
0.00914525
0.00893216
0.00875684
0.00861586
0.00850499
0.00841956
0.00835499
0.008307
0.00827191
0.00824663
0.00822871
0.00821624
0.00820782
0.00820241
0.0081993
0.008198
0.00819831
0.00819974
0.00820236
0.0129309
0.0125276
0.0121195
0.0117102
0.0113042
0.0109065
0.0105226
0.010158
0.00981807
0.00950768
0.00923051
0.00898887
0.00878345
0.0086133
0.00847593
0.00836785
0.00828505
0.00822334
0.00817867
0.00814738
0.00812629
0.00811277
0.00810476
0.00810062
0.00809913
0.00809944
0.00810092
0.00810318
0.00810596
0.00810911
0.00811255
0.0120384
0.0116748
0.0113081
0.0109421
0.0105811
0.01023
0.00989369
0.00957734
0.00928562
0.00902249
0.00879082
0.00859208
0.00842629
0.00829204
0.00818647
0.00810626
0.0080477
0.00800697
0.00798049
0.00796501
0.00795787
0.00795637
0.00795935
0.00796495
0.00797212
0.0079801
0.00798835
0.00799652
0.00800439
0.00801183
0.00801879
0.00802527
0.0112069
0.0108806
0.0105523
0.0102257
0.00990521
0.00959526
0.00930063
0.00902593
0.00877533
0.00855218
0.00835873
0.00819592
0.00806331
0.00795888
0.00788004
0.00782361
0.00778612
0.0077641
0.00775443
0.00775272
0.0077597
0.00777124
0.00778574
0.00780197
0.00781896
0.00783605
0.00785272
0.00786864
0.00788361
0.0078975
0.00791026
0.00792189
0.00793244
0.0104264
0.0101341
0.00984044
0.00954907
0.00926412
0.00898997
0.00873112
0.00849185
0.00827592
0.00808626
0.0079247
0.0077918
0.00768663
0.00760719
0.00755097
0.00751494
0.00749593
0.00748909
0.00749343
0.0075082
0.00752842
0.00755232
0.00757844
0.00760566
0.0076331
0.00766012
0.00768624
0.00771114
0.0077346
0.00775647
0.0077767
0.00779527
0.00781221
0.00968644
0.00942486
0.00916205
0.00890163
0.00864761
0.00840426
0.00817589
0.00796654
0.00777971
0.007618
0.00748297
0.00737492
0.00729245
0.00723382
0.00719661
0.00717743
0.0071707
0.0071794
0.00720057
0.00722841
0.00726094
0.00729652
0.00733385
0.00737187
0.00740978
0.00744695
0.00748292
0.00751737
0.00755004
0.00758077
0.00760949
0.00763614
0.00766073
0.00768328
0.00897617
0.00874241
0.00850722
0.00827416
0.0080472
0.0078305
0.00762825
0.00744435
0.0072821
0.00714394
0.0070312
0.00694346
0.00687982
0.00683859
0.00681515
0.00680594
0.00681372
0.00683956
0.00687327
0.00691282
0.00695643
0.00700265
0.00705028
0.00709837
0.00714616
0.00719308
0.00723865
0.00728252
0.00732445
0.00736423
0.00740175
0.00743691
0.00746969
0.00750008
0.00752811
0.00828443
0.00807656
0.00786676
0.00765855
0.00745585
0.00726278
0.00708343
0.00692159
0.00678043
0.00666225
0.00656809
0.00649749
0.0064498
0.00641947
0.00640496
0.006405
0.0064322
0.00646958
0.00651391
0.00656335
0.00661635
0.00667163
0.00672812
0.00678498
0.00684149
0.0068971
0.00695135
0.00700388
0.0070544
0.0071027
0.00714859
0.00719195
0.00723272
0.00727084
0.00730632
0.00759987
0.00741721
0.00723191
0.00704745
0.00686768
0.00669667
0.00653847
0.00639677
0.00627464
0.00617425
0.00609587
0.00603907
0.00599961
0.0059771
0.00597056
0.00598785
0.00602679
0.00607356
0.00612634
0.00618356
0.0062439
0.00630625
0.0063697
0.0064335
0.006497
0.00655967
0.00662107
0.00668081
0.00673859
0.00679414
0.00684725
0.00689774
0.0069455
0.00699044
0.00703253
0.00707173
0.00691061
0.00675364
0.0065933
0.00643296
0.0062764
0.00612756
0.00599035
0.00586837
0.0057647
0.00568093
0.00561432
0.00556525
0.00553376
0.00551925
0.00552199
0.00555408
0.00560228
0.00565661
0.00571574
0.0057785
0.00584387
0.00591098
0.0059791
0.00604759
0.00611588
0.00618347
0.00624993
0.00631486
0.00637793
0.00643882
0.00649728
0.00655308
0.00660607
0.00665611
0.00670307
0.00674692
0.00678813
0.00621369
0.0060769
0.0059396
0.00580412
0.00567304
0.00554911
0.00543509
0.00533355
0.00524584
0.00517337
0.00511737
0.00507837
0.00505626
0.00505025
0.00506894
0.0051111
0.00516627
0.00522577
0.00528878
0.00535455
0.00542241
0.00549173
0.00556196
0.00563258
0.00570311
0.0057731
0.00584211
0.00590975
0.00597564
0.00603943
0.00610081
0.00615954
0.00621537
0.00626811
0.0063176
0.00636537
0.00641091
0.00550262
0.00538684
0.00527206
0.00516013
0.00505317
0.00495298
0.00486125
0.00477941
0.00470959
0.00465346
0.00461214
0.00458612
0.0045752
0.00458231
0.00461485
0.00466416
0.00472441
0.00478706
0.00485174
0.0049182
0.00498611
0.0050551
0.00512484
0.00519496
0.00526505
0.0053347
0.00540351
0.00547105
0.00553694
0.00560079
0.00566222
0.00572095
0.00577674
0.00583018
0.00588208
0.00593166
0.00597837
0.00602182
0.00474831
0.00466388
0.00458111
0.00449977
0.00442102
0.0043468
0.00427907
0.00421983
0.00417087
0.00413362
0.004109
0.00409737
0.00409923
0.00412469
0.00416652
0.00421959
0.00428031
0.00434493
0.00440982
0.0044752
0.00454116
0.00460771
0.00467467
0.00474184
0.00480893
0.00487559
0.00494142
0.00500602
0.00506897
0.00512983
0.00518828
0.00524393
0.00529848
0.00535153
0.00540226
0.00545006
0.00549437
0.00553487
0.00557119
0.00401347
0.00395052
0.00388783
0.00382897
0.00377705
0.00373339
0.00369428
0.0036611
0.00363544
0.00361853
0.00361117
0.00361614
0.00363971
0.00367709
0.00372452
0.00377892
0.00383826
0.00390104
0.00396579
0.00402938
0.00409234
0.00415506
0.00421761
0.00427999
0.00434203
0.00440347
0.00446395
0.00452308
0.00458041
0.00463552
0.00468812
0.00474068
0.00479188
0.00484084
0.00488681
0.00492929
0.00496777
0.00500194
0.00503143
0.00505601
0.00350615
0.00345429
0.00339514
0.00333138
0.00326954
0.0032159
0.00317342
0.00314389
0.00312886
0.00312383
0.00313027
0.00315223
0.00318765
0.0032328
0.00328396
0.00333894
0.00339673
0.00345657
0.00351797
0.0035804
0.00364087
0.00369966
0.00375735
0.00381413
0.00387005
0.00392495
0.00397854
0.00403042
0.00408017
0.00412786
0.00417569
0.00422238
0.00426687
0.00430847
0.00434651
0.00438057
0.00441018
0.00443505
0.00445482
0.00446937
0.00448032
0.00319482
0.00314205
0.003086
0.003027
0.00296592
0.00290344
0.00284122
0.00278673
0.00274565
0.00271849
0.00270523
0.00270649
0.00273387
0.00278248
0.00283686
0.00289184
0.0029478
0.0030052
0.00306413
0.00312366
0.00318277
0.00323924
0.00329295
0.00334465
0.00339477
0.00344331
0.00349002
0.0035345
0.00357639
0.00361874
0.00365996
0.00369909
0.00373527
0.00376802
0.00379679
0.00382131
0.00384119
0.00385636
0.00386764
0.00387718
0.00388468
0.00388888
0.00294636
0.0028997
0.00285468
0.00281022
0.00276581
0.00272128
0.00267651
0.00263194
0.00258799
0.00254461
0.00250316
0.00246551
0.00243681
0.00242694
0.00243401
0.00245823
0.002493
0.00253724
0.00259114
0.00265217
0.00271041
0.00276507
0.0028162
0.00286411
0.00290994
0.00295391
0.00299572
0.00303478
0.00307295
0.00311038
0.00314554
0.00317777
0.00320636
0.00323111
0.00325171
0.00326796
0.00328072
0.00329237
0.00330385
0.00331361
0.00332137
0.00332622
0.00272284
0.00268775
0.00266261
0.00264254
0.00262264
0.00259997
0.00257408
0.00254542
0.0025143
0.00247883
0.00243991
0.00239977
0.00236052
0.0023238
0.0022908
0.00226216
0.00223988
0.00222506
0.00222731
0.00224537
0.00227024
0.00229956
0.00233295
0.00236849
0.00240558
0.00244402
0.00248317
0.0025214
0.00255909
0.0025956
0.00262909
0.00265937
0.0026858
0.0027079
0.00272696
0.00274486
0.00276342
0.0027809
0.00279603
0.00280806
0.00281573
0.00281816
0.00281244
0.00246769
0.00244643
0.00244988
0.00246979
0.00248741
0.00249604
0.00249466
0.00248653
0.0024714
0.00245052
0.00242327
0.00238994
0.00235198
0.00231201
0.00227208
0.00223348
0.00219718
0.00216351
0.00213394
0.00210789
0.00208341
0.00206145
0.00204404
0.00203659
0.00204541
0.00206058
0.00207878
0.00209993
0.00212381
0.00214939
0.00217502
0.00219993
0.00222463
0.00224951
0.00227441
0.0022975
0.00231771
0.00233442
0.0023469
0.00235441
0.00235647
0.00235064
0.00233592
0.00231281
0.00228095
0.00214693
0.00213702
0.00218133
0.00224078
0.00229616
0.00234121
0.00237447
0.00239626
0.00240685
0.00240665
0.00239956
0.00238599
0.00236632
0.00234016
0.00230845
0.00227159
0.00223123
0.00218985
0.00214895
0.00210925
0.00207148
0.00203564
0.00200242
0.00197235
0.00194536
0.00192036
0.00189694
0.00187573
0.0018589
0.00185604
0.00186549
0.00187835
0.0018933
0.0019085
0.00192258
0.00193491
0.00194499
0.00195205
0.00195509
0.00195333
0.00194497
0.00192971
0.00190726
0.00187723
0.00183878
0.00179059
0.00175369
0.00175036
0.00182432
0.00191292
0.00199751
0.00207241
0.00213647
0.00218994
0.00223312
0.00226619
0.00228954
0.00230356
0.0023088
0.00230642
0.00229809
0.00228435
0.00226519
0.00223984
0.00220893
0.00217491
0.00213932
0.00210318
0.00206764
0.00203366
0.00200104
0.00196977
0.00194017
0.00191285
0.00188855
0.00186831
0.00185129
0.00183535
0.00182039
0.00180655
0.0017923
0.00177707
0.00176032
0.00174147
0.00171998
0.00169556
0.00166805
0.00163763
0.00160237
0.0015618
0.00151553
0.00145761
0.00138746
0.00128111
0.00127979
0.00136837
0.00147122
0.00157181
0.00166515
0.00174951
0.00182505
0.00189321
0.00195406
0.00200759
0.0020534
0.00209062
0.00212006
0.00214223
0.0021572
0.00216445
0.00216356
0.00215671
0.00214545
0.00212915
0.00210824
0.00208457
0.0020582
0.00202991
0.00199979
0.00196644
0.00193182
0.00189699
0.00186237
0.00182832
0.00179577
0.00176448
0.00173489
0.00170602
0.00167748
0.00164935
0.00161974
0.00158743
0.00155117
0.00151004
0.0014634
0.00141109
0.00135254
0.001284
0.00120325
0.00111035
0.00100733
0.000893358
0.000765721
0.000782114
0.000771686
0.000835524
0.000918962
0.00100928
0.00110608
0.00119996
0.00127995
0.00135309
0.00142292
0.00149242
0.00155907
0.00161827
0.0016728
0.00172198
0.00176633
0.00180602
0.00184007
0.0018672
0.00188645
0.00189831
0.00190419
0.00190553
0.00190388
0.00189837
0.00188777
0.00187137
0.00184927
0.00182146
0.00178741
0.00174869
0.00171103
0.0016758
0.00164472
0.00161569
0.00158402
0.00154905
0.0015101
0.00146701
0.00141855
0.00136337
0.00129983
0.00122681
0.00114374
0.00105102
0.00095134
0.000844854
0.000730392
0.000610974
0.000488053
0.000429466
0.000404815
0.000434142
0.000477014
0.00052164
0.000564598
0.000606583
0.000629179
0.00063857
0.000666495
0.000700932
0.000738381
0.000779238
0.000824981
0.000874907
0.000929923
0.000990833
0.00105872
0.00113559
0.0012001
0.00124665
0.0012831
0.00131193
0.00133517
0.0013529
0.00136489
0.00137135
0.00136805
0.00135769
0.00134075
0.00131945
0.00129269
0.00126305
0.00123292
0.00120313
0.00117139
0.00113359
0.00108869
0.00103745
0.000981521
0.000920811
0.000855107
0.000783153
0.000703272
0.000618167
0.000531462
0.0004457
0.000363378
0.000285921
0.000216465
0.000214734
0.000197189
0.000202077
0.00021321
0.000223317
0.000232694
0.000240427
0.000246977
0.000254322
0.000262022
0.000269934
0.000277779
0.000285439
0.000292454
0.00029848
0.000302974
0.00030354
0.000297322
0.000282813
0.000267222
0.000253852
0.000245707
0.000245266
0.000245887
0.000246036
0.000245507
0.0002443
0.000242716
0.000241449
0.000240515
0.000240042
0.000240338
0.000240341
0.000239463
0.000237604
0.000234919
0.000231216
0.000225905
0.000217987
0.000206619
0.000191373
0.000172467
0.000151905
0.000133888
0.000118069
0.000103032
8.94524e-05
7.74952e-05
6.66897e-05
5.59232e-05
0.000637579
0.000632222
0.000378656
0.000378472
0.000384269
0.000391944
0.000400251
0.000408577
0.000416832
0.000425303
0.000434161
0.000443491
0.000453314
0.000463603
0.000166966
0.000173226
0.000182405
0.000192813
0.000203878
0.000215368
0.000227137
0.000239064
0.000251016
0.000262823
0.000274256
0.000285032
0.000294848
0.000303553
0.000311728
0.00032037
0.000329822
0.000339988
0.000349987
0.000359151
4.91225e-05
5.17863e-05
5.47514e-05
5.85748e-05
6.31675e-05
6.80875e-05
7.31784e-05
7.84686e-05
8.4072e-05
9.03271e-05
9.77215e-05
0.000106505
0.000116641
0.00012843
0.000141772
0.000156126
0.000171876
0.000188465
0.000204594
0.000218296
0.000237405
0.000218756
)
;

boundaryField
{
    down
    {
        type            freestream;
        freestreamValue uniform 0.014;
        value           nonuniform List<scalar> 
59
(
0.0140174
0.0140173
0.0140173
0.0140172
0.0140171
0.014017
0.014017
0.0140169
0.0140168
0.0140163
0.0140146
0.0140143
0.0140146
0.0140141
0.0140132
0.0140121
0.0140112
0.0140105
0.0140102
0.0140103
0.0140114
0.0140125
0.0140135
0.0140143
0.0140145
0.0140147
0.0140147
0.0140148
0.0140148
0.0140149
0.014015
0.014015
0.0140151
0.0140152
0.0140153
0.0140154
0.0140156
0.0140157
0.0140159
0.014016
0.0140161
0.0140162
0.0140163
0.0140163
0.0140164
0.0140165
0.0140165
0.0140166
0.0140166
0.0140166
0.0140167
0.0140167
0.0140167
0.0140167
0.0140168
0.0140168
0.0140168
0.0140168
0.0140168
)
;
    }
    right
    {
        type            freestream;
        freestreamValue uniform 0.014;
        value           nonuniform List<scalar> 
75
(
0.0140163
0.0140337
0.0140215
0.0139576
0.0139282
0.0139023
0.0138674
0.0138331
0.0137994
0.0137652
0.01373
0.0136942
0.0136578
0.0136212
0.0135848
0.0135488
0.0135137
0.0134801
0.0134484
0.0134193
0.0133933
0.0133707
0.0133517
0.0133363
0.0133243
0.0133154
0.0133092
0.0133054
0.0133035
0.0133033
0.0133045
0.0133067
0.0133098
0.0133136
0.0133178
0.0133223
0.0133269
0.0133316
0.0133362
0.0133407
0.013345
0.013349
0.0133527
0.0133562
0.0133594
0.0133623
0.0133649
0.0133672
0.0133693
0.0133712
0.0134553
0.0136397
0.0139288
0.0143529
0.0149425
0.0157198
0.0166897
0.0178171
0.0190331
0.0202409
0.0213305
0.0222013
0.0227861
0.0230703
0.0231021
0.0229856
0.0227741
0.0222952
0.0214092
0.0200358
0.0183204
0.0165034
0.0148614
0.0136259
0.0128714
)
;
    }
    up
    {
        type            freestream;
        freestreamValue nonuniform List<scalar> 0();
        value           nonuniform List<scalar> 0();
    }
    meanFlow
    {
        type            freestream;
        freestreamValue nonuniform List<scalar> 0();
        value           nonuniform List<scalar> 0();
    }
    surface
    {
        type            fixedValue;
        value           uniform 0;
    }
    surfaceInner
    {
        type            fixedValue;
        value           uniform 0;
    }
    coandaInlet
    {
        type            freestream;
        freestreamValue nonuniform List<scalar> 0();
        value           nonuniform List<scalar> 0();
    }
    defaultFaces
    {
        type            empty;
    }
    procBoundary1to0
    {
        type            processor;
        value           nonuniform List<scalar> 
81
(
1.74426e-05
7.66064e-05
8.72943e-05
8.72943e-05
0.000104029
0.000112431
0.000112431
0.000119677
0.000123656
0.000123656
0.000123645
0.000123645
0.000119655
0.000119655
0.000115592
0.000106216
0.000106216
0.000100721
9.42337e-05
9.42337e-05
9.10296e-05
9.10296e-05
8.85637e-05
8.51565e-05
7.90941e-05
7.90941e-05
6.99538e-05
6.02489e-05
6.02489e-05
2.27194e-05
0.0140175
0.0140074
0.0139883
0.0139712
0.0139497
0.0139226
0.0138674
0.0138309
0.0137869
0.0137869
0.0137339
0.0136688
0.0135881
0.0134867
0.013357
0.013186
0.0129498
0.0126049
0.0120962
0.0114718
0.0110591
0.0118618
0.0150967
0.0208665
0.0261195
0.0291834
0.0301552
0.0296726
0.0282146
0.0260925
0.0235215
0.0206805
0.0178105
0.0152799
0.0133114
0.0118362
0.0106747
0.00970373
0.00883726
0.00801091
0.00719897
0.00637776
0.00553539
0.00466793
0.00377464
0.00285673
0.00194404
0.00121489
0.000666515
0.000292127
7.64079e-05
)
;
    }
    procBoundary1to3
    {
        type            processor;
        value           nonuniform List<scalar> 
97
(
0.0125142
0.0123759
0.0123759
0.0121256
0.0119693
0.0118047
0.0116319
0.0114516
0.0112646
0.0110721
0.0108748
0.0106739
0.0104702
0.0104702
0.0103318
0.0101246
0.00991636
0.0097087
0.00950388
0.00950388
0.00935818
0.00915836
0.00897035
0.00897035
0.00882822
0.00866438
0.00852134
0.00852134
0.00840813
0.00829816
0.00829816
0.00820602
0.00811623
0.00811623
0.00803125
0.00803125
0.0079419
0.00782752
0.00782752
0.0077038
0.0077038
0.0075538
0.00733914
0.00733914
0.00710801
0.00710801
0.00682729
0.00645373
0.00645373
0.00606163
0.00606163
0.0056031
0.0056031
0.00507539
0.00507539
0.00448922
0.00448922
0.00388979
0.00332683
0.00332683
0.00279706
0.00279706
0.00277283
0.00223953
0.00223953
0.00173224
0.00173224
0.00130342
0.00130342
0.00120534
0.00109407
0.000985513
0.000979709
0.000630318
0.000630318
0.000631141
0.000635451
0.000641317
0.000648412
0.00065656
0.000665538
0.000675097
0.000685028
0.000695174
0.000474228
0.000474228
0.000484872
0.000495352
0.000505517
0.000515178
0.000524017
0.000532354
0.000540016
0.000373894
0.000373894
0.000390301
0.000214893
)
;
    }
}


// ************************************************************************* //
