0.000000000000000000e+00 0.000000000000000000e+00
0.000000000000000000e+00 7.627570000057200872e+00
-7.850490000027576798e+00 4.131266999982675259e+01
4.546348999999727880e+01 1.071336000009748091e+01
0.000000000000000000e+00 0.000000000000000000e+00
0.000000000000000000e+00 0.000000000000000000e+00
0.000000000000000000e+00 2.042826999997249970e+01
1.612895999995033947e+01 1.528063999998163069e+01
4.449767999981090583e+01 -1.385102300000440039e+02
0.000000000000000000e+00 0.000000000000000000e+00
