0.000000000000000000e+00 0.000000000000000000e+00
0.000000000000000000e+00 8.995410000008916995e+01
-2.002989999985160452e+01 8.794590000001934982e+01
-2.084159999999890189e+01 7.531339999994332857e+01
0.000000000000000000e+00 0.000000000000000000e+00
0.000000000000000000e+00 0.000000000000000000e+00
0.000000000000000000e+00 8.657980000009723653e+01
5.793440000003701584e+01 1.292290000002304851e+01
1.571160999998766101e+02 -1.659551999999120255e+02
0.000000000000000000e+00 0.000000000000000000e+00
