0.000000000000000000e+00 0.000000000000000000e+00
0.000000000000000000e+00 6.932719999994672833e+01
5.486249999996361737e+01 3.820989999986368701e+01
-3.347140000011794569e+01 6.393769999972764140e+01
0.000000000000000000e+00 0.000000000000000000e+00
0.000000000000000000e+00 0.000000000000000000e+00
0.000000000000000000e+00 -1.180650000014438206e+01
-2.382730000015653360e+01 -2.164446000002317874e+02
7.472599999736040388e+00 -1.589190000001017040e+02
0.000000000000000000e+00 0.000000000000000000e+00
