0.000000000000000000e+00 0.000000000000000000e+00
0.000000000000000000e+00 4.746229999991745530e+01
-8.328799999923752750e+00 8.282549999999443457e+01
2.060599999914590086e+00 1.071025000001002354e+02
0.000000000000000000e+00 0.000000000000000000e+00
0.000000000000000000e+00 0.000000000000000000e+00
0.000000000000000000e+00 -1.010473999999261707e+02
-3.483880000007543742e+01 -9.841190000003939531e+01
2.616210000003227165e+01 -9.246299999999817487e+01
0.000000000000000000e+00 0.000000000000000000e+00
