0.000000000000000000e+00 0.000000000000000000e+00
0.000000000000000000e+00 6.541899999986665648e+01
-4.296400000131094465e+00 -6.200800000005756374e+00
-4.953830000019587487e+01 1.055366999998919084e+02
0.000000000000000000e+00 0.000000000000000000e+00
0.000000000000000000e+00 0.000000000000000000e+00
0.000000000000000000e+00 -9.942449999996161125e+01
-2.760060000007169378e+01 -1.398272000000200137e+02
7.131399999882326313e+00 -1.985867000000529572e+02
0.000000000000000000e+00 0.000000000000000000e+00
