0.000000000000000000e+00 0.000000000000000000e+00
0.000000000000000000e+00 -1.436900000001961075e+01
-3.285850000003254223e+01 -4.497479999993058186e+01
1.282070000001578691e+01 1.446636000001611251e+02
0.000000000000000000e+00 0.000000000000000000e+00
0.000000000000000000e+00 0.000000000000000000e+00
0.000000000000000000e+00 -6.236490000004479839e+01
6.249300000144008216e+00 -5.564229999993618492e+01
-8.019519999999947402e+01 -1.163546999997766420e+02
0.000000000000000000e+00 0.000000000000000000e+00
