0.000000000000000000e+00 0.000000000000000000e+00
0.000000000000000000e+00 1.058270000001138555e+01
3.765449999986180529e+01 1.081782000000808068e+02
2.053869999986689976e+01 2.507033000000490972e+02
0.000000000000000000e+00 0.000000000000000000e+00
0.000000000000000000e+00 0.000000000000000000e+00
0.000000000000000000e+00 -3.400959999997898819e+01
4.199899999901556491e+00 -2.001339999992968188e+01
2.516010000001567093e+01 -4.811120000007828423e+01
0.000000000000000000e+00 0.000000000000000000e+00
