0.000000000000000000e+00 0.000000000000000000e+00
0.000000000000000000e+00 -4.590680000004510219e+01
-5.690000016711493913e-02 2.337239999993246897e+01
1.490990000004855176e+01 5.092769999992532348e+01
0.000000000000000000e+00 0.000000000000000000e+00
0.000000000000000000e+00 0.000000000000000000e+00
0.000000000000000000e+00 -2.004005000000918812e+02
-3.500290000001959356e+01 -1.142861000000216904e+02
-3.641120000008601210e+01 -2.061099000000676540e+02
0.000000000000000000e+00 0.000000000000000000e+00
