0.000000000000000000e+00 0.000000000000000000e+00
0.000000000000000000e+00 -6.383000000442820010e-01
-3.357220000014815042e+01 -3.993349999997229816e+01
-2.224770000002206416e+01 1.518459999991227960e+01
0.000000000000000000e+00 0.000000000000000000e+00
0.000000000000000000e+00 0.000000000000000000e+00
0.000000000000000000e+00 -6.836990000020914238e+01
1.819179999990594254e+01 -1.010453000001631949e+02
6.939659999986025696e+01 -1.909694000002237715e+02
0.000000000000000000e+00 0.000000000000000000e+00
