0.000000000000000000e+00 0.000000000000000000e+00
0.000000000000000000e+00 -1.522550000002119930e+01
-1.530999999984072701e+01 1.264240000009576192e+01
3.572920000005640873e+01 6.250280000009709624e+01
0.000000000000000000e+00 0.000000000000000000e+00
0.000000000000000000e+00 0.000000000000000000e+00
0.000000000000000000e+00 -1.519717000000253506e+02
-3.430979999995975760e+01 -1.203523999998845397e+02
-2.752319999990704602e+01 -1.675894999999649428e+02
0.000000000000000000e+00 0.000000000000000000e+00
