0.000000000000000000e+00 0.000000000000000000e+00
0.000000000000000000e+00 5.731460000006904920e+01
4.400200000181929028e+00 -5.432379999992797082e+01
-7.237209999998438548e+01 7.022800000139312715e+00
0.000000000000000000e+00 0.000000000000000000e+00
0.000000000000000000e+00 0.000000000000000000e+00
0.000000000000000000e+00 -7.676529999983694097e+01
3.752000000134535496e-01 -1.246079999992487330e+01
2.768030000002141477e+01 -1.000797999998470402e+02
0.000000000000000000e+00 0.000000000000000000e+00
