0.000000000000000000e+00 0.000000000000000000e+00
0.000000000000000000e+00 -6.999840000005418972e+01
-4.297960000018141358e+01 -1.110552000000708546e+02
3.546699999956715033e+00 6.161299999978828623e+01
0.000000000000000000e+00 0.000000000000000000e+00
0.000000000000000000e+00 0.000000000000000000e+00
0.000000000000000000e+00 9.842900000056602039e+00
-1.654100000064717690e+00 1.960889999980675213e+01
9.369369999997488208e+01 -1.240274000000707133e+02
0.000000000000000000e+00 0.000000000000000000e+00
