0.000000000000000000e+00 0.000000000000000000e+00
0.000000000000000000e+00 4.846073999991221126e-06
8.710530000066718515e-07 1.125332699999578856e-05
1.079532999999355258e-06 1.566957299998887609e-05
0.000000000000000000e+00 0.000000000000000000e+00
0.000000000000000000e+00 0.000000000000000000e+00
0.000000000000000000e+00 7.392739999880978963e-07
1.596470000087002461e-07 5.572595999994711669e-06
9.943199999890017793e-07 -3.068321100002571050e-05
0.000000000000000000e+00 0.000000000000000000e+00
