0.000000000000000000e+00 0.000000000000000000e+00
0.000000000000000000e+00 1.458059999999706235e+01
3.534710000008267627e+01 -2.906210000002128879e+01
1.477199999999623259e+00 -8.481759999998115518e+01
0.000000000000000000e+00 0.000000000000000000e+00
0.000000000000000000e+00 0.000000000000000000e+00
0.000000000000000000e+00 -8.082569999993127396e+01
-4.062729999996794561e+01 2.225840000004696151e+01
-2.280000000008941186e+01 -1.189309000000970684e+02
0.000000000000000000e+00 0.000000000000000000e+00
