0.000000000000000000e+00 0.000000000000000000e+00
0.000000000000000000e+00 3.231839999990326362e+01
-1.161700000007481748e+00 9.035589999994986954e+01
1.579669999996480101e+01 1.041948999999986540e+02
0.000000000000000000e+00 0.000000000000000000e+00
0.000000000000000000e+00 0.000000000000000000e+00
0.000000000000000000e+00 -1.534282999999414301e+02
-6.502099999999842339e+00 -1.154712999999418628e+02
2.269279999989048946e+01 -7.661729999996479989e+01
0.000000000000000000e+00 0.000000000000000000e+00
