0.000000000000000000e+00 0.000000000000000000e+00
0.000000000000000000e+00 5.732689999998207497e+01
2.622899999998872911e+00 -3.038890000007787506e+01
3.694740000003693581e+01 1.452719999994744171e+01
0.000000000000000000e+00 0.000000000000000000e+00
0.000000000000000000e+00 0.000000000000000000e+00
0.000000000000000000e+00 1.609439999997741211e+01
-2.763040000011151776e+01 -6.373810000014910315e+01
7.102599999886381354e+00 -1.759165000002060708e+02
0.000000000000000000e+00 0.000000000000000000e+00
