0.000000000000000000e+00 0.000000000000000000e+00
0.000000000000000000e+00 2.558579999988874221e+01
-3.684700000014528598e+01 9.841619999993443457e+01
1.492699999916524689e+00 -8.470769999998071853e+01
0.000000000000000000e+00 0.000000000000000000e+00
0.000000000000000000e+00 0.000000000000000000e+00
0.000000000000000000e+00 1.098081000000583600e+02
3.957110000000762540e+01 -2.381020000008503246e+01
5.984930000009214268e+01 -1.593002000000342946e+02
0.000000000000000000e+00 0.000000000000000000e+00
