0.000000000000000000e+00 0.000000000000000000e+00
0.000000000000000000e+00 1.426971900000184519e+02
1.489709999852317557e+00 4.896546000000555665e+01
3.483497999998141381e+01 1.034503099999972449e+02
0.000000000000000000e+00 0.000000000000000000e+00
0.000000000000000000e+00 0.000000000000000000e+00
0.000000000000000000e+00 -1.121799999004267079e-01
-6.054380000014567997e+00 -6.646626999988745865e+01
4.847324000011310119e+01 -8.257722999993056590e+01
0.000000000000000000e+00 0.000000000000000000e+00
