0.000000000000000000e+00 0.000000000000000000e+00
0.000000000000000000e+00 1.351239999987096496e+01
-3.532669999995463428e+01 2.171736999999895943e+02
3.936749999987608817e+01 2.705821999999524223e+02
0.000000000000000000e+00 0.000000000000000000e+00
0.000000000000000000e+00 0.000000000000000000e+00
0.000000000000000000e+00 -2.249920000005346310e+01
6.375110000010340627e+01 1.691899999967120038e+00
-2.362830000005033781e+01 -9.861039999991547234e+01
0.000000000000000000e+00 0.000000000000000000e+00
