0.000000000000000000e+00 0.000000000000000000e+00
0.000000000000000000e+00 7.886740000090635555e-07
2.172066999983623958e-06 3.204810000018154525e-07
1.551477999996164758e-06 9.529289999999149274e-06
0.000000000000000000e+00 0.000000000000000000e+00
0.000000000000000000e+00 0.000000000000000000e+00
0.000000000000000000e+00 1.808863000006370736e-06
-1.685599999995401888e-06 -3.744325000009512960e-06
3.215854999991801799e-06 -4.078672199996167397e-05
0.000000000000000000e+00 0.000000000000000000e+00
