0.000000000000000000e+00 0.000000000000000000e+00
0.000000000000000000e+00 -1.847260000004680336e+01
2.083890000009191823e+01 -3.667970000000853759e+01
4.024750000002907058e+01 7.607209999995200178e+01
0.000000000000000000e+00 0.000000000000000000e+00
0.000000000000000000e+00 0.000000000000000000e+00
0.000000000000000000e+00 -1.501019000001491008e+02
-6.002300000002568936e+01 -1.903770000001858165e+01
-1.449120000006631592e+01 -1.408628000000744294e+02
0.000000000000000000e+00 0.000000000000000000e+00
