0.000000000000000000e+00 0.000000000000000000e+00
0.000000000000000000e+00 1.085687000000445721e+02
-9.129299999849347813e+00 8.860800000011215616e+01
-5.147099999946998850e+00 9.894240000007383173e+01
0.000000000000000000e+00 0.000000000000000000e+00
0.000000000000000000e+00 0.000000000000000000e+00
0.000000000000000000e+00 -7.871699999917325385e+00
3.239400000071279706e+00 -1.478968999998053562e+02
1.416310000002529534e+01 -9.569859999996597821e+01
0.000000000000000000e+00 0.000000000000000000e+00
