0.000000000000000000e+00 0.000000000000000000e+00
0.000000000000000000e+00 1.346749000001368017e+02
-4.549759999989966275e+01 2.308347000001320168e+02
1.757063999999808175e+02 2.955120999999560354e+02
0.000000000000000000e+00 0.000000000000000000e+00
0.000000000000000000e+00 0.000000000000000000e+00
0.000000000000000000e+00 -3.987150000003269668e+01
-1.652839999989330266e+01 -1.024539999990859940e+01
-2.693139999996873968e+01 1.226040000014140219e+01
0.000000000000000000e+00 0.000000000000000000e+00
