0.000000000000000000e+00 0.000000000000000000e+00
0.000000000000000000e+00 7.702283000001752100e+01
-2.576540000001625685e+01 5.533767999982840280e+01
-1.462555000009690787e+01 1.110788599998469124e+02
0.000000000000000000e+00 0.000000000000000000e+00
0.000000000000000000e+00 0.000000000000000000e+00
0.000000000000000000e+00 -5.350370000025139205e+01
-1.039152400001463974e+02 -6.602393000015860025e+01
-9.187285000011311809e+01 -1.876515000002243312e+02
0.000000000000000000e+00 0.000000000000000000e+00
