0.000000000000000000e+00 0.000000000000000000e+00
0.000000000000000000e+00 3.540430000005255806e+01
9.313900000562645332e+00 -4.595879999993999832e+01
-1.091999998703627739e-01 -5.199109999963204132e+01
0.000000000000000000e+00 0.000000000000000000e+00
0.000000000000000000e+00 0.000000000000000000e+00
0.000000000000000000e+00 -8.722849999990289405e+01
-5.894399999999966155e+01 -5.924259999942061228e+01
1.960920000032562172e+01 -6.243339999953411734e+01
0.000000000000000000e+00 0.000000000000000000e+00
