0.000000000000000000e+00 0.000000000000000000e+00
0.000000000000000000e+00 1.239340000014910004e+01
-5.115619999978004273e+01 -7.287669999999080517e+01
-1.537199999983029741e+01 1.398640000001450119e+02
0.000000000000000000e+00 0.000000000000000000e+00
0.000000000000000000e+00 0.000000000000000000e+00
0.000000000000000000e+00 -1.254051999997784890e+02
-4.372369999985914291e+01 -1.810319999996923173e+02
-2.102289999994511049e+01 -1.917579999996920890e+02
0.000000000000000000e+00 0.000000000000000000e+00
