0.000000000000000000e+00 0.000000000000000000e+00
0.000000000000000000e+00 5.023730000007219587e+01
2.511390000026758429e+01 9.661210000002085962e+01
-2.935840000025113739e+01 2.330204000000001940e+02
0.000000000000000000e+00 0.000000000000000000e+00
0.000000000000000000e+00 0.000000000000000000e+00
0.000000000000000000e+00 -1.091499999995582115e+01
-3.190220000018339519e+01 7.913999999664724783e-01
3.133599999888271093e+00 -5.299290000010391566e+01
0.000000000000000000e+00 0.000000000000000000e+00
