0.000000000000000000e+00 0.000000000000000000e+00
0.000000000000000000e+00 2.750590000029084337e+01
2.857440000032518057e+01 3.387480000015540327e+01
5.045620000003192018e+01 9.851930000014388611e+01
0.000000000000000000e+00 0.000000000000000000e+00
0.000000000000000000e+00 0.000000000000000000e+00
0.000000000000000000e+00 1.778570000027789888e+01
4.253929999999405709e+01 -1.070044999997188313e+02
8.769710000042229581e+01 -1.080120999996769626e+02
0.000000000000000000e+00 0.000000000000000000e+00
