0.000000000000000000e+00 0.000000000000000000e+00
0.000000000000000000e+00 4.538149999991914285e+01
2.397099999873476328e+00 -5.860750000008516736e+01
1.596599999820199400e+00 5.536959999973277036e+01
0.000000000000000000e+00 0.000000000000000000e+00
0.000000000000000000e+00 0.000000000000000000e+00
0.000000000000000000e+00 -4.196020000001298911e+01
-2.187920000017440003e+01 2.552779999991372151e+01
1.617000000675439253e-01 -1.328880000026622810e+01
0.000000000000000000e+00 0.000000000000000000e+00
