0.000000000000000000e+00 0.000000000000000000e+00
0.000000000000000000e+00 6.564259999982667182e+01
-6.842730000001795077e+01 -1.421399999912409839e+00
4.826200000020985925e+01 1.187938000000610259e+02
0.000000000000000000e+00 0.000000000000000000e+00
0.000000000000000000e+00 0.000000000000000000e+00
0.000000000000000000e+00 -8.828789999992812909e+01
-1.123350000010736416e+01 5.482490000001671149e+01
2.975710000008291090e+01 5.396069999988871757e+01
0.000000000000000000e+00 0.000000000000000000e+00
