0.000000000000000000e+00 0.000000000000000000e+00
0.000000000000000000e+00 -6.434259999983370903e+01
8.166000002085564979e-01 9.423300000133153276e+00
2.476600000027583803e+01 -5.950329999964144179e+01
0.000000000000000000e+00 0.000000000000000000e+00
0.000000000000000000e+00 0.000000000000000000e+00
0.000000000000000000e+00 -1.465460999995671330e+02
-8.051699999822577780e+00 -1.254888999999592585e+02
-1.520389999990490004e+01 -7.985099999990862329e+01
0.000000000000000000e+00 0.000000000000000000e+00
