0.000000000000000000e+00 0.000000000000000000e+00
0.000000000000000000e+00 4.141439999998932850e-06
1.559206000006918558e-06 6.700190000010625146e-06
-4.841689999895981700e-07 8.063866000001737588e-06
0.000000000000000000e+00 0.000000000000000000e+00
0.000000000000000000e+00 0.000000000000000000e+00
0.000000000000000000e+00 1.833054000002949657e-06
-2.141272999994781046e-06 -1.131712000001020013e-05
-1.632765000002256439e-06 -5.470662300000039835e-05
0.000000000000000000e+00 0.000000000000000000e+00
