0.000000000000000000e+00 0.000000000000000000e+00
0.000000000000000000e+00 9.943699999792606548e+00
9.916200000115171775e+00 5.503360000007619135e+01
-1.656429999998820435e+01 1.221951999999415648e+02
0.000000000000000000e+00 0.000000000000000000e+00
0.000000000000000000e+00 0.000000000000000000e+00
0.000000000000000000e+00 -1.022610999999895540e+02
1.299660000003699523e+01 -7.722740000023486573e+01
3.839669999980976911e+01 -1.108804999998658189e+02
0.000000000000000000e+00 0.000000000000000000e+00
