0.000000000000000000e+00 0.000000000000000000e+00
0.000000000000000000e+00 -3.417090000018551166e+01
-9.749350000006761263e+01 6.523609999988801178e+01
1.171699999995556141e+01 9.343639999993547463e+01
0.000000000000000000e+00 0.000000000000000000e+00
0.000000000000000000e+00 0.000000000000000000e+00
0.000000000000000000e+00 9.319390000007697950e+01
2.219800000047289501e+00 2.451719999992940302e+01
4.607250000011608648e+01 3.886000000175016567e+00
0.000000000000000000e+00 0.000000000000000000e+00
