0.000000000000000000e+00 0.000000000000000000e+00
0.000000000000000000e+00 1.396736000000009170e+01
-1.425807000002832226e+01 -1.447483000011072818e+01
7.560899999847769060e+00 -3.311401000015703744e+01
0.000000000000000000e+00 0.000000000000000000e+00
0.000000000000000000e+00 0.000000000000000000e+00
0.000000000000000000e+00 1.003537499999262934e+02
2.570803999992765299e+01 8.081649999993055644e+01
2.334953000004968615e+01 -2.771519000008827049e+01
0.000000000000000000e+00 0.000000000000000000e+00
