0.000000000000000000e+00 0.000000000000000000e+00
0.000000000000000000e+00 2.557410000036951203e+01
1.033219999988510374e+01 4.740000000006406822e+01
-7.731439999978384492e+01 1.852824000000863407e+02
0.000000000000000000e+00 0.000000000000000000e+00
0.000000000000000000e+00 0.000000000000000000e+00
0.000000000000000000e+00 1.103590000024469475e+01
-3.075379999972760459e+01 -1.867799999997200189e+01
-1.579439999989107335e+01 -1.010609999999911679e+02
0.000000000000000000e+00 0.000000000000000000e+00
