0.000000000000000000e+00 0.000000000000000000e+00
0.000000000000000000e+00 8.382560000005365453e+01
5.229600000025146045e+01 9.341590000012665485e+01
5.877579999997715987e+01 1.634212000000134992e+02
0.000000000000000000e+00 0.000000000000000000e+00
0.000000000000000000e+00 0.000000000000000000e+00
0.000000000000000000e+00 -9.447269999999230095e+01
4.875949999993966344e+01 6.756180000007105946e+01
1.031278999999218797e+02 5.771899999996722386e+01
0.000000000000000000e+00 0.000000000000000000e+00
