0.000000000000000000e+00 0.000000000000000000e+00
0.000000000000000000e+00 1.610430000008599905e+01
4.256399999946758328e+00 5.143539999988843192e+01
2.849699999963872799e+01 -2.032000000129499995e+00
0.000000000000000000e+00 0.000000000000000000e+00
0.000000000000000000e+00 0.000000000000000000e+00
0.000000000000000000e+00 -1.751079000002819726e+02
-1.499070000018365256e+01 -2.353230000039507530e+01
9.210000000137164022e+00 -1.797190000010217403e+01
0.000000000000000000e+00 0.000000000000000000e+00
