0.000000000000000000e+00 0.000000000000000000e+00
0.000000000000000000e+00 3.933180000014191791e+01
-1.849462999992667989e+01 1.628643199999113449e+02
2.863358999999898558e+01 1.075239600000332985e+02
0.000000000000000000e+00 0.000000000000000000e+00
0.000000000000000000e+00 0.000000000000000000e+00
0.000000000000000000e+00 3.081176000016560579e+01
2.934130999995288036e+01 3.407132000016189011e+01
3.631734000016928121e+01 -5.829837999996588849e+01
0.000000000000000000e+00 0.000000000000000000e+00
