0.000000000000000000e+00 0.000000000000000000e+00
0.000000000000000000e+00 7.528399999999766123e+01
-4.983600000018073217e+01 1.170820000000349665e+02
1.325722000002471646e+02 8.794779999995449771e+01
0.000000000000000000e+00 0.000000000000000000e+00
0.000000000000000000e+00 0.000000000000000000e+00
0.000000000000000000e+00 -2.089810000021063274e+01
-1.782500000002684271e+00 -3.763480000028573613e+01
-9.822400000070174997e+00 5.409809999987747631e+01
0.000000000000000000e+00 0.000000000000000000e+00
