0.000000000000000000e+00 0.000000000000000000e+00
0.000000000000000000e+00 -1.266854999999233939e+02
-1.722180000000017230e+01 -9.356709999985832837e+01
-3.096280000011164191e+01 -4.452579999981719538e+01
0.000000000000000000e+00 0.000000000000000000e+00
0.000000000000000000e+00 0.000000000000000000e+00
0.000000000000000000e+00 -7.064119999974360553e+01
-1.756799999874658624e+00 -1.779703000000409929e+02
7.131310000009216310e+01 -1.193605000000652581e+02
0.000000000000000000e+00 0.000000000000000000e+00
