0.000000000000000000e+00 0.000000000000000000e+00
0.000000000000000000e+00 -7.340810000027175874e+01
2.160520000011878494e+01 6.509239999994420600e+01
-1.168049999999976052e+01 6.616899999756213901e+00
0.000000000000000000e+00 0.000000000000000000e+00
0.000000000000000000e+00 0.000000000000000000e+00
0.000000000000000000e+00 6.261810000010027011e+01
-8.692099999973997626e+00 4.416969999988529594e+01
-8.098300000103360929e+00 -1.234411000000323781e+02
0.000000000000000000e+00 0.000000000000000000e+00
