0.000000000000000000e+00 0.000000000000000000e+00
0.000000000000000000e+00 -0.000000000000000000e+00
0.000000000000000000e+00 -0.000000000000000000e+00
0.000000000000000000e+00 0.000000000000000000e+00
0.000000000000000000e+00 0.000000000000000000e+00
0.000000000000000000e+00 0.000000000000000000e+00
0.000000000000000000e+00 -0.000000000000000000e+00
-0.000000000000000000e+00 0.000000000000000000e+00
0.000000000000000000e+00 -3.376068000006393621e-05
0.000000000000000000e+00 0.000000000000000000e+00
