0.000000000000000000e+00 0.000000000000000000e+00
0.000000000000000000e+00 -4.900910000014135903e+01
3.080229999998795520e+01 -4.230380000009857611e+01
1.548510000006774945e+01 1.376197999998884427e+02
0.000000000000000000e+00 0.000000000000000000e+00
0.000000000000000000e+00 0.000000000000000000e+00
0.000000000000000000e+00 -6.838720000006404121e+01
-3.265530000020610402e+01 2.622639999998455096e+01
4.420669999980474785e+01 -8.440170000016955498e+01
0.000000000000000000e+00 0.000000000000000000e+00
