0.000000000000000000e+00 0.000000000000000000e+00
0.000000000000000000e+00 5.057019999996636272e+01
-2.150840000030295940e+01 1.361420999998363754e+02
3.866669999965655080e+01 2.053974999998375495e+02
0.000000000000000000e+00 0.000000000000000000e+00
0.000000000000000000e+00 0.000000000000000000e+00
0.000000000000000000e+00 -1.753609999994853297e+01
4.129299999777737540e+00 -1.822830000028918107e+01
4.709919999976718685e+01 4.532749999983654732e+01
0.000000000000000000e+00 0.000000000000000000e+00
