0.000000000000000000e+00 0.000000000000000000e+00
0.000000000000000000e+00 7.307409999997014438e+01
2.579559999995595376e+01 6.942849999991285870e+01
4.846580000017475243e+01 1.573711999997672990e+02
0.000000000000000000e+00 0.000000000000000000e+00
0.000000000000000000e+00 0.000000000000000000e+00
0.000000000000000000e+00 -1.394331000002413248e+02
-2.916830000003755785e+01 -8.911710000027993317e+01
1.510009999985406637e+01 -7.166759999999160868e+01
0.000000000000000000e+00 0.000000000000000000e+00
