0.000000000000000000e+00 0.000000000000000000e+00
0.000000000000000000e+00 -3.262140000004353624e+01
-1.470509999990099281e+01 -6.484990000013010558e+01
-7.343399999981680537e+01 8.418269999994618047e+01
0.000000000000000000e+00 0.000000000000000000e+00
0.000000000000000000e+00 0.000000000000000000e+00
0.000000000000000000e+00 -1.676997999999762783e+02
-5.026599999975456257e+01 -9.851070000017614348e+01
-7.539890000010095150e+01 -5.325589999982670975e+01
0.000000000000000000e+00 0.000000000000000000e+00
