0.000000000000000000e+00 0.000000000000000000e+00
0.000000000000000000e+00 4.113504000019052934e-06
-5.020629999796799581e-07 -1.584400999999485693e-06
-1.981639999981688050e-06 3.662420000223598482e-07
0.000000000000000000e+00 0.000000000000000000e+00
0.000000000000000000e+00 0.000000000000000000e+00
0.000000000000000000e+00 -6.041454999985637619e-06
2.622970000087931908e-07 5.873900000147314060e-07
-2.783878999997047021e-06 -1.512540599997707486e-05
0.000000000000000000e+00 0.000000000000000000e+00
