0.000000000000000000e+00 0.000000000000000000e+00
0.000000000000000000e+00 1.925839999967760718e+01
-2.710380000039424786e+01 -1.468540000038041171e+01
3.146599999870325348e+00 2.709507999995918794e+02
0.000000000000000000e+00 0.000000000000000000e+00
0.000000000000000000e+00 0.000000000000000000e+00
0.000000000000000000e+00 -1.852250000013989961e+01
-1.766820000053126094e+01 5.347929999970358494e+01
-8.304600000341720190e+00 -6.640729999998207234e+01
0.000000000000000000e+00 0.000000000000000000e+00
