0.000000000000000000e+00 0.000000000000000000e+00
0.000000000000000000e+00 -3.624899999983276899e+01
-3.115299999723042390e+00 -6.680699999994654092e+01
-2.505820000009428838e+01 4.448970000017209259e+01
0.000000000000000000e+00 0.000000000000000000e+00
0.000000000000000000e+00 0.000000000000000000e+00
0.000000000000000000e+00 -1.910140999998421876e+02
-4.656929999988789604e+01 -4.324129999992987194e+01
-2.860759999976369983e+01 3.263730000009346099e+01
0.000000000000000000e+00 0.000000000000000000e+00
