0.000000000000000000e+00 0.000000000000000000e+00
0.000000000000000000e+00 -4.175339999989979134e+01
3.728969999980957795e+01 -1.056933999999953784e+02
7.254209999965065947e+01 -6.983410000021004294e+01
0.000000000000000000e+00 0.000000000000000000e+00
0.000000000000000000e+00 0.000000000000000000e+00
0.000000000000000000e+00 -8.382230000034685702e+01
4.773949999976600367e+01 -1.408214999998991175e+02
2.920429999988538228e+01 -6.368840000030573378e+01
0.000000000000000000e+00 0.000000000000000000e+00
