0.000000000000000000e+00 0.000000000000000000e+00
0.000000000000000000e+00 -1.264420000008925626e+01
2.298099999897829093e+00 5.242230000002123802e+01
1.825559999986126769e+01 3.835664000000127771e+02
0.000000000000000000e+00 0.000000000000000000e+00
0.000000000000000000e+00 0.000000000000000000e+00
0.000000000000000000e+00 4.826110000020199209e+01
-2.646319999968227421e+01 -5.643580000000979879e+01
2.530139999987746080e+01 -1.688550000003008122e+01
0.000000000000000000e+00 0.000000000000000000e+00
