0.000000000000000000e+00 0.000000000000000000e+00
0.000000000000000000e+00 8.750659999985367676e+01
1.880060000005734366e+01 1.052779999999975473e+02
7.918799999950813628e+00 6.203679999969844516e+01
0.000000000000000000e+00 0.000000000000000000e+00
0.000000000000000000e+00 0.000000000000000000e+00
0.000000000000000000e+00 -1.053566999999810889e+02
-4.072100000085399074e+00 -4.034200000029296973e+01
1.979500000022227013e+01 6.556390000007627350e+01
0.000000000000000000e+00 0.000000000000000000e+00
