0.000000000000000000e+00 0.000000000000000000e+00
0.000000000000000000e+00 -4.123459999958444655e+01
-2.479949999985020170e+01 1.131464000003301749e+02
2.268210000027082884e+01 7.890100000018662740e+01
0.000000000000000000e+00 0.000000000000000000e+00
0.000000000000000000e+00 0.000000000000000000e+00
0.000000000000000000e+00 -1.201305999998680676e+02
7.723810000019869904e+01 3.578340000021105993e+01
-1.950149999987438321e+01 -2.967789999968051262e+01
0.000000000000000000e+00 0.000000000000000000e+00
