0.000000000000000000e+00 0.000000000000000000e+00
0.000000000000000000e+00 7.472410000031180743e+01
-1.420039999999733560e+01 2.730679999984887729e+01
-3.715000000001910507e+01 1.558275999999914347e+02
0.000000000000000000e+00 0.000000000000000000e+00
0.000000000000000000e+00 0.000000000000000000e+00
0.000000000000000000e+00 -2.147506000002463509e+02
7.530200000216423994e+00 2.728599999999303805e+01
1.829220000015840952e+01 3.884769999993319800e+01
0.000000000000000000e+00 0.000000000000000000e+00
