0.000000000000000000e+00 0.000000000000000000e+00
0.000000000000000000e+00 -2.247799999972600205e+01
-9.809159999993875090e+01 -1.836200000000509647e+01
-1.015359999985143702e+01 1.176052000001926103e+02
0.000000000000000000e+00 0.000000000000000000e+00
0.000000000000000000e+00 0.000000000000000000e+00
0.000000000000000000e+00 -2.875522000000740377e+02
-3.246910000000990237e+01 -2.204111999998481224e+02
2.039400000009017333e+01 -3.714159999996802242e+01
0.000000000000000000e+00 0.000000000000000000e+00
