0.000000000000000000e+00 0.000000000000000000e+00
0.000000000000000000e+00 -1.755570000003815068e+01
3.130640000013062618e+01 3.141219999969190724e+01
4.705659999997280352e+01 1.255831999999568325e+02
0.000000000000000000e+00 0.000000000000000000e+00
0.000000000000000000e+00 0.000000000000000000e+00
0.000000000000000000e+00 -1.058484000001635934e+02
-3.116470000004145646e+01 -1.173209999998814226e+02
-1.080500000012474082e+01 6.384249999971113709e+01
0.000000000000000000e+00 0.000000000000000000e+00
