0.000000000000000000e+00 0.000000000000000000e+00
0.000000000000000000e+00 6.644160000019994072e+01
-1.429590000014968609e+01 9.630540000014065072e+01
3.964379999985556680e+01 8.443719999986501534e+01
0.000000000000000000e+00 0.000000000000000000e+00
0.000000000000000000e+00 0.000000000000000000e+00
0.000000000000000000e+00 -3.155760000022046086e+01
1.553539999989972387e+01 -3.953260000009171904e+01
7.639779999977224634e+01 -5.266850000009704047e+01
0.000000000000000000e+00 0.000000000000000000e+00
