0.000000000000000000e+00 0.000000000000000000e+00
0.000000000000000000e+00 -3.443252000003872715e-06
-1.137767000003453433e-06 -4.855177000002985910e-06
-2.311284000001967431e-06 -5.394914999982611259e-06
0.000000000000000000e+00 0.000000000000000000e+00
0.000000000000000000e+00 0.000000000000000000e+00
0.000000000000000000e+00 -3.650780000001227488e-06
1.320307000007847620e-06 1.313589999933639785e-07
8.565760000016353626e-07 5.750334600004153307e-05
0.000000000000000000e+00 0.000000000000000000e+00
