0.000000000000000000e+00 0.000000000000000000e+00
0.000000000000000000e+00 -2.146420000004310680e+01
-5.992800000020894302e+00 -2.784340000014928762e+01
-1.642600000062444110e+00 6.423829999981927585e+01
0.000000000000000000e+00 0.000000000000000000e+00
0.000000000000000000e+00 0.000000000000000000e+00
0.000000000000000000e+00 -1.727699999998888245e+02
-6.069100000050120514e+00 -6.442859999986615094e+01
3.759379999968003716e+01 4.092900000007837491e+01
0.000000000000000000e+00 0.000000000000000000e+00
