0.000000000000000000e+00 0.000000000000000000e+00
0.000000000000000000e+00 6.251870000006930894e+01
-4.989510000008579027e+01 -4.049610000027571743e+01
-4.805049999989651610e+01 1.455293999996554248e+02
0.000000000000000000e+00 0.000000000000000000e+00
0.000000000000000000e+00 0.000000000000000000e+00
0.000000000000000000e+00 -1.981850000002393983e+02
-2.447150000011166426e+01 -2.623629999978226834e+01
-3.270890000020010291e+01 4.844170000009028598e+01
0.000000000000000000e+00 0.000000000000000000e+00
