0.000000000000000000e+00 0.000000000000000000e+00
0.000000000000000000e+00 -2.888560000009478301e+01
-6.428940000031690261e+01 -3.784600000078512494e+00
-1.114480000000472728e+02 2.643960000006109112e+01
0.000000000000000000e+00 0.000000000000000000e+00
0.000000000000000000e+00 0.000000000000000000e+00
0.000000000000000000e+00 -2.670988000002649301e+02
6.381999997584486550e-01 -1.490335000003284449e+02
1.339839999991987263e+01 -1.890300000029210281e+01
0.000000000000000000e+00 0.000000000000000000e+00
