0.000000000000000000e+00 0.000000000000000000e+00
0.000000000000000000e+00 9.710619999978575834e+01
2.441159999977404382e+01 1.074854999994601314e+02
1.788406999994940065e+02 3.247505999997902109e+02
0.000000000000000000e+00 0.000000000000000000e+00
0.000000000000000000e+00 0.000000000000000000e+00
0.000000000000000000e+00 -2.241053000002990245e+02
-9.468900000109137238e+00 -3.363730000016661847e+01
4.996799999723577024e+00 6.249899999932750916e+00
0.000000000000000000e+00 0.000000000000000000e+00
