0.000000000000000000e+00 0.000000000000000000e+00
0.000000000000000000e+00 2.387099999778818926e+00
-4.919780000018913313e+01 -1.210303000002799081e+02
-6.798070000004761937e+01 5.533159999977499410e+01
0.000000000000000000e+00 0.000000000000000000e+00
0.000000000000000000e+00 0.000000000000000000e+00
0.000000000000000000e+00 -1.342147000002791231e+02
1.192489999988221960e+01 3.456409999993414317e+01
-1.394540000025922666e+01 7.464489999984280644e+01
0.000000000000000000e+00 0.000000000000000000e+00
