0.000000000000000000e+00 0.000000000000000000e+00
0.000000000000000000e+00 -1.442507000003478979e+01
1.715358999982985111e+01 9.331084999991691120e+01
2.207213999995127907e+01 9.445100000116326555e-01
0.000000000000000000e+00 0.000000000000000000e+00
0.000000000000000000e+00 0.000000000000000000e+00
0.000000000000000000e+00 -7.933934999995172177e+01
-2.926400000435871451e-01 -6.248763000004097989e+01
8.677949999891243493e+00 -6.489169000004622490e+01
0.000000000000000000e+00 0.000000000000000000e+00
