0.000000000000000000e+00 0.000000000000000000e+00
0.000000000000000000e+00 0.000000000000000000e+00
0.000000000000000000e+00 0.000000000000000000e+00
0.000000000000000000e+00 0.000000000000000000e+00
0.000000000000000000e+00 0.000000000000000000e+00
0.000000000000000000e+00 0.000000000000000000e+00
0.000000000000000000e+00 -0.000000000000000000e+00
-0.000000000000000000e+00 -0.000000000000000000e+00
0.000000000000000000e+00 5.916799999922117692e-06
0.000000000000000000e+00 0.000000000000000000e+00
