0.000000000000000000e+00 0.000000000000000000e+00
0.000000000000000000e+00 -3.100739999826844506e-07
-2.791210000074872966e-07 1.987754800001143018e-05
4.621384000001726999e-06 2.575795800000522939e-05
0.000000000000000000e+00 0.000000000000000000e+00
0.000000000000000000e+00 0.000000000000000000e+00
0.000000000000000000e+00 3.495157000012877324e-06
-4.026359999853568183e-07 1.928145200000633275e-05
1.396198000006010354e-06 8.308808100003679808e-05
0.000000000000000000e+00 0.000000000000000000e+00
