0.000000000000000000e+00 0.000000000000000000e+00
0.000000000000000000e+00 -4.589990000007924209e+01
-8.068940000023339110e+01 -3.440140000039448154e+01
-5.703860000030313415e+01 8.926169999965426882e+01
0.000000000000000000e+00 0.000000000000000000e+00
0.000000000000000000e+00 0.000000000000000000e+00
0.000000000000000000e+00 -1.238537000002537525e+02
-8.147160000031571769e+01 -7.842340000037138736e+01
-4.680410000057477049e+01 6.376729999966190121e+01
0.000000000000000000e+00 0.000000000000000000e+00
