0.000000000000000000e+00 0.000000000000000000e+00
0.000000000000000000e+00 8.952420000010175727e+01
7.760310000008983877e+01 8.600429999978673834e+01
1.585418000000337884e+02 1.922380000010105050e+01
0.000000000000000000e+00 0.000000000000000000e+00
0.000000000000000000e+00 0.000000000000000000e+00
0.000000000000000000e+00 -1.302988999998477766e+02
4.936400000166152324e+00 -9.582570000001844335e+01
1.329630000013182034e+01 -2.237030000022954823e+01
0.000000000000000000e+00 0.000000000000000000e+00
