0.000000000000000000e+00 0.000000000000000000e+00
0.000000000000000000e+00 8.656900000136850792e+00
5.061000000416981948e-01 9.523189999995906874e+01
-7.343369999999183051e+01 2.066131000000304141e+02
0.000000000000000000e+00 0.000000000000000000e+00
0.000000000000000000e+00 0.000000000000000000e+00
0.000000000000000000e+00 -3.727299999964904487e+01
2.845500000114852934e+00 -1.360889999992842903e+01
1.747950000008380300e+01 3.414560000010168750e+01
0.000000000000000000e+00 0.000000000000000000e+00
