0.000000000000000000e+00 0.000000000000000000e+00
0.000000000000000000e+00 9.163290000033796900e+01
1.680340000023150182e+01 -1.793659488300028024e+06
-1.793521775200027972e+06 -1.793650269800027832e+06
0.000000000000000000e+00 0.000000000000000000e+00
0.000000000000000000e+00 0.000000000000000000e+00
0.000000000000000000e+00 -1.793676176900028018e+06
-1.793514531300027855e+06 -1.793607415500028059e+06
-1.793533555100027937e+06 -1.793473006000027992e+06
0.000000000000000000e+00 0.000000000000000000e+00
