0.000000000000000000e+00 0.000000000000000000e+00
0.000000000000000000e+00 1.203198600000735669e-05
3.496923000001483928e-06 1.111534300000244224e-05
1.335000999982960401e-06 1.578804899998904887e-05
0.000000000000000000e+00 0.000000000000000000e+00
0.000000000000000000e+00 0.000000000000000000e+00
0.000000000000000000e+00 1.005598000000142156e-05
1.129718999987039396e-06 1.173673100000535707e-05
5.048458000003058777e-06 5.477071500000710996e-05
0.000000000000000000e+00 0.000000000000000000e+00
