0.000000000000000000e+00 0.000000000000000000e+00
0.000000000000000000e+00 7.529771999996714271e+01
3.511271000011806365e+01 5.294482000011147704e+01
7.563590000136958480e+00 8.975247000009292719e+01
0.000000000000000000e+00 0.000000000000000000e+00
0.000000000000000000e+00 0.000000000000000000e+00
0.000000000000000000e+00 -1.466696999994353945e+01
-3.551753999974094000e+01 -6.340658999998138512e+01
-2.076849999899099242e+00 -7.260086999997251667e+01
0.000000000000000000e+00 0.000000000000000000e+00
