0.000000000000000000e+00 0.000000000000000000e+00
0.000000000000000000e+00 -2.743869999970448958e+01
1.179300000013761007e+01 6.113960000018181518e+01
4.266020000032177961e+01 8.191330000024697711e+01
0.000000000000000000e+00 0.000000000000000000e+00
0.000000000000000000e+00 0.000000000000000000e+00
0.000000000000000000e+00 -9.578069999989223504e+01
1.621740000010696292e+01 7.121300000045842182e+00
-3.820900000039983091e+00 -2.754709999956971700e+01
0.000000000000000000e+00 0.000000000000000000e+00
