0.000000000000000000e+00 0.000000000000000000e+00
0.000000000000000000e+00 8.025630000014770360e+01
4.690580000055177834e+01 -2.466199999817675348e+00
-3.053790000002720717e+01 5.233150000010232361e+01
0.000000000000000000e+00 0.000000000000000000e+00
0.000000000000000000e+00 0.000000000000000000e+00
0.000000000000000000e+00 -1.012864999998530493e+02
2.218400000231213198e+00 3.651510000022285851e+01
4.467260000038385925e+01 1.324375000002042384e+02
0.000000000000000000e+00 0.000000000000000000e+00
