0.000000000000000000e+00 0.000000000000000000e+00
0.000000000000000000e+00 -8.213970000001680205e+01
-5.790270000005647688e+01 8.736400000008984534e+00
-4.404620000038050875e+01 -2.507970000014125844e+01
0.000000000000000000e+00 0.000000000000000000e+00
0.000000000000000000e+00 0.000000000000000000e+00
0.000000000000000000e+00 -1.541444000002112205e+02
1.071689999991853881e+01 -1.044899000001375668e+02
3.648269999980691125e+01 2.556480000004413000e+01
0.000000000000000000e+00 0.000000000000000000e+00
