0.000000000000000000e+00 0.000000000000000000e+00
0.000000000000000000e+00 -2.325329999983692630e+01
-1.607899999722660844e+00 -4.166409999979413925e+01
-5.254349999987972097e+01 -4.291199999872929993e+00
0.000000000000000000e+00 0.000000000000000000e+00
0.000000000000000000e+00 0.000000000000000000e+00
0.000000000000000000e+00 -7.511130000001919882e+01
-1.918109999978767632e+01 -8.648719999992947294e+01
-3.619000000076865842e+00 -7.673709999975741880e+01
0.000000000000000000e+00 0.000000000000000000e+00
