0.000000000000000000e+00 0.000000000000000000e+00
0.000000000000000000e+00 6.844599999844554361e+00
3.806799999805933865e+00 6.592730000001269275e+01
5.317059999994099684e+01 -8.346149999991504842e+01
0.000000000000000000e+00 0.000000000000000000e+00
0.000000000000000000e+00 0.000000000000000000e+00
0.000000000000000000e+00 -1.276309000000086371e+02
-4.279070000010598562e+01 -2.786140000026190933e+01
-2.512860000019045970e+01 -9.018799999838137182e+00
0.000000000000000000e+00 0.000000000000000000e+00
