0.000000000000000000e+00 0.000000000000000000e+00
0.000000000000000000e+00 -2.445770000001344613e+01
-5.919430000003166725e+01 2.323539999977695913e+01
3.166899999795804277e+00 -3.005080000035852095e+01
0.000000000000000000e+00 0.000000000000000000e+00
0.000000000000000000e+00 0.000000000000000000e+00
0.000000000000000000e+00 -1.816264000000788883e+02
1.612299999820265839e+00 2.234339999973578017e+01
2.773300000136202925e+00 -3.033300000021554865e+01
0.000000000000000000e+00 0.000000000000000000e+00
