0.000000000000000000e+00 0.000000000000000000e+00
0.000000000000000000e+00 -3.438601000002039854e+01
2.500818999986442392e+01 8.879831999988317648e+01
5.918389999981508609e+00 1.331739900000017087e+02
0.000000000000000000e+00 0.000000000000000000e+00
0.000000000000000000e+00 0.000000000000000000e+00
0.000000000000000000e+00 -1.036003000004503605e+01
-8.305929999963268529e+00 -8.062397999999414822e+01
1.173755000006826421e+01 3.186238000004723858e+01
0.000000000000000000e+00 0.000000000000000000e+00
