0.000000000000000000e+00 0.000000000000000000e+00
0.000000000000000000e+00 -1.634530000000910945e+02
-2.338980000047285657e+01 -1.571471999999740490e+02
-6.222370000021903280e+01 -8.976550000032722210e+01
0.000000000000000000e+00 0.000000000000000000e+00
0.000000000000000000e+00 0.000000000000000000e+00
0.000000000000000000e+00 -1.609982000001064364e+02
-4.048580000013401303e+01 -2.172987999998987618e+02
-6.813070000011300920e+01 -1.139130000000765222e+02
0.000000000000000000e+00 0.000000000000000000e+00
