0.000000000000000000e+00 0.000000000000000000e+00
0.000000000000000000e+00 5.343940000011037483e+01
2.090569999997349271e+01 7.334299999999238651e+01
-1.263149999992663197e+01 9.845909999999236106e+01
0.000000000000000000e+00 0.000000000000000000e+00
0.000000000000000000e+00 0.000000000000000000e+00
0.000000000000000000e+00 -4.731839999996267210e+01
-8.974999999900035164e+00 -1.457205999998656409e+02
2.798639999985751814e+01 1.459410000022032250e+01
0.000000000000000000e+00 0.000000000000000000e+00
