0.000000000000000000e+00 0.000000000000000000e+00
0.000000000000000000e+00 -2.196229999964494084e+01
-5.188549999979308325e+01 -7.385919999998158403e+01
-8.512550000001616013e+01 -9.713920000007369993e+01
0.000000000000000000e+00 0.000000000000000000e+00
0.000000000000000000e+00 0.000000000000000000e+00
0.000000000000000000e+00 -1.103256999997359600e+02
9.257999999068288188e-01 -1.845073999997559326e+02
2.798790000007045009e+01 -1.793873999996975215e+02
0.000000000000000000e+00 0.000000000000000000e+00
