0.000000000000000000e+00 0.000000000000000000e+00
0.000000000000000000e+00 -4.797109999978842865e+01
-6.992399999905529739e+00 -1.215549999988851937e+01
2.347360000003462943e+01 1.005718000000932193e+02
0.000000000000000000e+00 0.000000000000000000e+00
0.000000000000000000e+00 0.000000000000000000e+00
0.000000000000000000e+00 3.078299000002004391e+02
1.255227000002356874e+02 2.184737000002101581e+02
7.079230000037738080e+01 -1.770180000022492095e+01
0.000000000000000000e+00 0.000000000000000000e+00
