0.000000000000000000e+00 0.000000000000000000e+00
0.000000000000000000e+00 -1.378770000002304386e+01
-1.358930000012747996e+01 -5.648129999986650063e+01
-6.322909999978420359e+01 6.075279999988579505e+01
0.000000000000000000e+00 0.000000000000000000e+00
0.000000000000000000e+00 0.000000000000000000e+00
0.000000000000000000e+00 -1.141830000000787493e+02
-2.127700000036369943e+01 6.047089999983157327e+01
8.083600000041712974e+00 4.039760000020821451e+01
0.000000000000000000e+00 0.000000000000000000e+00
