0.000000000000000000e+00 0.000000000000000000e+00
0.000000000000000000e+00 5.487379999982167078e+01
7.060899999977720221e+00 -3.381159999991112386e+01
4.572110000022888698e+01 1.091610000019116455e+01
0.000000000000000000e+00 0.000000000000000000e+00
0.000000000000000000e+00 0.000000000000000000e+00
0.000000000000000000e+00 -1.487392000002252246e+02
1.072250000007102244e+01 -1.205784999999792717e+02
-5.091399999983536162e+01 -1.186481000000405288e+02
0.000000000000000000e+00 0.000000000000000000e+00
