0.000000000000000000e+00 0.000000000000000000e+00
0.000000000000000000e+00 3.921859999982400780e+01
1.240899999981337132e+01 5.093649999965421671e+01
6.636779999995567891e+01 4.536349999995083238e+01
0.000000000000000000e+00 0.000000000000000000e+00
0.000000000000000000e+00 0.000000000000000000e+00
0.000000000000000000e+00 -1.486994000003072358e+02
-1.288010000042305414e+01 -5.631999999877734808e+00
-9.251600000022007464e+01 4.910809999962852146e+01
0.000000000000000000e+00 0.000000000000000000e+00
