0.000000000000000000e+00 0.000000000000000000e+00
0.000000000000000000e+00 -7.400265999997057004e-06
-6.211700000008368860e-06 -8.252882999978949918e-06
-4.820447999986932075e-06 -6.789201999998425996e-06
0.000000000000000000e+00 0.000000000000000000e+00
0.000000000000000000e+00 0.000000000000000000e+00
0.000000000000000000e+00 -9.459358999997120876e-06
-2.189023999982220303e-06 -1.154163899998866816e-05
-7.588289999936603802e-07 -6.818484899997340198e-05
0.000000000000000000e+00 0.000000000000000000e+00
