0.000000000000000000e+00 0.000000000000000000e+00
0.000000000000000000e+00 -8.284199999675216475e+00
5.031920000035938756e+01 1.872880000011178225e+01
-3.652529999991216414e+01 -3.313509999998132116e+01
0.000000000000000000e+00 0.000000000000000000e+00
0.000000000000000000e+00 0.000000000000000000e+00
0.000000000000000000e+00 1.141833000002812071e+02
2.392380000006965801e+01 1.893776000000179920e+02
2.108360000008246615e+01 -2.018130000012164516e+01
0.000000000000000000e+00 0.000000000000000000e+00
