0.000000000000000000e+00 0.000000000000000000e+00
0.000000000000000000e+00 7.970289999974509954e+01
-2.368360000035707458e+01 -1.817820000029614391e+01
1.356369999996331188e+01 -2.586559999997463422e+01
0.000000000000000000e+00 0.000000000000000000e+00
0.000000000000000000e+00 0.000000000000000000e+00
0.000000000000000000e+00 -1.155239000000918281e+02
-6.977100000238322330e+00 -3.443920000032462525e+01
2.678460000016257680e+01 -5.310710000019369659e+01
0.000000000000000000e+00 0.000000000000000000e+00
