0.000000000000000000e+00 0.000000000000000000e+00
0.000000000000000000e+00 8.023430000019260433e+01
1.120509999994467876e+01 3.233250000027609872e+01
1.446029999980780012e+01 1.040390000000002431e+02
0.000000000000000000e+00 0.000000000000000000e+00
0.000000000000000000e+00 0.000000000000000000e+00
0.000000000000000000e+00 -6.447009999988041784e+01
7.282950000027098270e+01 1.026855000002768463e+02
9.385800000138999621e+00 2.769110000020448581e+01
0.000000000000000000e+00 0.000000000000000000e+00
