0.000000000000000000e+00 0.000000000000000000e+00
0.000000000000000000e+00 -5.341910000043921525e-07
2.290572999996687287e-06 -3.750693000022231605e-06
2.249762999978477396e-06 -4.924964000002987619e-06
0.000000000000000000e+00 0.000000000000000000e+00
0.000000000000000000e+00 0.000000000000000000e+00
0.000000000000000000e+00 -1.279725600000780616e-05
5.886009999955810201e-07 7.756849999956960673e-07
-9.955874000006775804e-06 -4.010767800003648548e-05
0.000000000000000000e+00 0.000000000000000000e+00
