0.000000000000000000e+00 0.000000000000000000e+00
0.000000000000000000e+00 1.684989999999330479e+01
-2.279610000011089355e+01 -1.956269999974225016e+01
-8.230499999939414835e+00 4.854340000033376157e+01
0.000000000000000000e+00 0.000000000000000000e+00
0.000000000000000000e+00 0.000000000000000000e+00
0.000000000000000000e+00 4.554570000001587005e+01
-1.466749999998739717e+01 1.486065000003477792e+02
2.285800000123571429e+00 -2.729790000008947715e+01
0.000000000000000000e+00 0.000000000000000000e+00
