0.000000000000000000e+00 0.000000000000000000e+00
0.000000000000000000e+00 -5.555349999983859988e+01
-8.618750000017882940e+01 -5.326100000013765623e+01
-2.913140000000424479e+01 -2.534519999963792714e+01
0.000000000000000000e+00 0.000000000000000000e+00
0.000000000000000000e+00 0.000000000000000000e+00
0.000000000000000000e+00 -8.425419999991135001e+01
-1.876289999964697230e+01 -1.712986000000249192e+02
2.648910000022652511e+01 -4.259959999970419631e+01
0.000000000000000000e+00 0.000000000000000000e+00
