0.000000000000000000e+00 0.000000000000000000e+00
0.000000000000000000e+00 6.055180000013037045e+01
1.750269999991616032e+01 6.049400000041060821e+00
-2.753040000040840241e+01 7.155410000017072036e+01
0.000000000000000000e+00 0.000000000000000000e+00
0.000000000000000000e+00 0.000000000000000000e+00
0.000000000000000000e+00 -4.806829999983720825e+01
-1.806499999981170390e+01 5.049959999992027804e+01
1.318469999977978091e+01 2.449990000004119395e+01
0.000000000000000000e+00 0.000000000000000000e+00
