0.000000000000000000e+00 0.000000000000000000e+00
0.000000000000000000e+00 -5.576550000006008645e+01
1.270389999987742158e+01 -1.137684000001470821e+02
4.235990000029943303e+01 -4.446569999991824318e+01
0.000000000000000000e+00 0.000000000000000000e+00
0.000000000000000000e+00 0.000000000000000000e+00
0.000000000000000000e+00 -1.157955000000043810e+02
2.273229999998349271e+01 -4.441710000024913541e+01
8.849000000310522918e-01 -4.801560000018410790e+01
0.000000000000000000e+00 0.000000000000000000e+00
