0.000000000000000000e+00 0.000000000000000000e+00
0.000000000000000000e+00 6.647150000054223540e+01
7.298800000210547978e+00 3.984230000035891806e+01
1.685890000038270031e+01 1.032373000003694443e+02
0.000000000000000000e+00 0.000000000000000000e+00
0.000000000000000000e+00 0.000000000000000000e+00
0.000000000000000000e+00 -1.248107999995973216e+02
-1.804839999932639216e+01 3.803120000052116723e+01
-1.541009999979081435e+01 5.907450000064426376e+01
0.000000000000000000e+00 0.000000000000000000e+00
