0.000000000000000000e+00 0.000000000000000000e+00
0.000000000000000000e+00 3.736719999984927654e+01
1.610100000011271248e+01 3.604939999979350773e+01
2.586659999996854253e+01 1.317050000002595311e+01
0.000000000000000000e+00 0.000000000000000000e+00
0.000000000000000000e+00 0.000000000000000000e+00
0.000000000000000000e+00 -1.342275000002501884e+02
-1.885390000024855439e+01 -2.685989999982040644e+01
5.066599999974386037e+01 -7.037149999993275173e+01
0.000000000000000000e+00 0.000000000000000000e+00
