0.000000000000000000e+00 0.000000000000000000e+00
0.000000000000000000e+00 8.965389999975313629e+01
2.050099999983956423e+01 7.844199999960109437e+01
5.426049999979198191e+01 5.303869999959688641e+01
0.000000000000000000e+00 0.000000000000000000e+00
0.000000000000000000e+00 0.000000000000000000e+00
0.000000000000000000e+00 1.172374000000253886e+02
-1.504770000027022370e+01 -1.167380000026696507e+01
6.787300000077323148e+00 2.970049999984071576e+01
0.000000000000000000e+00 0.000000000000000000e+00
