0.000000000000000000e+00 0.000000000000000000e+00
0.000000000000000000e+00 3.909400000078055992e-07
1.094149999991689270e-06 -1.640468999988820009e-06
1.879393999995593312e-06 -3.072669999965027543e-07
0.000000000000000000e+00 0.000000000000000000e+00
0.000000000000000000e+00 0.000000000000000000e+00
0.000000000000000000e+00 3.468099000013442901e-06
-1.662290000009614133e-06 -6.948112999977107407e-06
1.207722999996274638e-06 -2.865721500000528721e-05
0.000000000000000000e+00 0.000000000000000000e+00
