0.000000000000000000e+00 0.000000000000000000e+00
0.000000000000000000e+00 6.209700000008311349e+01
5.227300000232303567e+00 1.151190000000745499e+02
5.716800000010735516e+01 8.424300000022809343e+01
0.000000000000000000e+00 0.000000000000000000e+00
0.000000000000000000e+00 0.000000000000000000e+00
0.000000000000000000e+00 1.321388000000922602e+02
2.623030000012959917e+01 7.529290000016783324e+01
6.178800000045114871e+01 6.080570000026597199e+01
0.000000000000000000e+00 0.000000000000000000e+00
