0.000000000000000000e+00 0.000000000000000000e+00
0.000000000000000000e+00 4.397619999965129978e+01
-4.847230000022406671e+01 4.912499999765174152e+00
-4.243580000027336041e+01 -4.286230000012382391e+01
0.000000000000000000e+00 0.000000000000000000e+00
0.000000000000000000e+00 0.000000000000000000e+00
0.000000000000000000e+00 -1.867589000002389525e+02
-6.686930000023848208e+01 -1.361101000003195054e+02
-5.224000004133699804e-01 -7.559080000056893311e+01
0.000000000000000000e+00 0.000000000000000000e+00
