0.000000000000000000e+00 0.000000000000000000e+00
0.000000000000000000e+00 1.073879999997195966e+02
-6.873500000281749678e+00 6.421929999973487213e+01
6.147289999969274277e+01 1.382493999997791150e+02
0.000000000000000000e+00 0.000000000000000000e+00
0.000000000000000000e+00 0.000000000000000000e+00
0.000000000000000000e+00 6.604469999986758921e+01
1.040299999832683397e+00 -4.810600000304532387e+00
3.909029999977775560e+01 4.551409999979937737e+01
0.000000000000000000e+00 0.000000000000000000e+00
