0.000000000000000000e+00 0.000000000000000000e+00
0.000000000000000000e+00 2.439089999999310976e+01
2.254029999990691735e+01 3.717699999850054837e+00
2.257690000018186183e+01 3.884850000011040549e+01
0.000000000000000000e+00 0.000000000000000000e+00
0.000000000000000000e+00 0.000000000000000000e+00
0.000000000000000000e+00 -2.914298000000314914e+02
-4.766780000018400187e+01 -1.650289999979292688e+01
-1.661140999999588246e+02 4.072339999998674642e+01
0.000000000000000000e+00 0.000000000000000000e+00
