0.000000000000000000e+00 0.000000000000000000e+00
0.000000000000000000e+00 -6.604499999784962938e+00
-1.007459999993187516e+01 8.441849999973881324e+01
8.764599999899754579e+00 2.103900000012257010e+01
0.000000000000000000e+00 0.000000000000000000e+00
0.000000000000000000e+00 0.000000000000000000e+00
0.000000000000000000e+00 -1.515630000010759204e+01
3.703680000004538186e+01 3.631110000004157712e+01
-1.171520000013970630e+01 4.170779999999038523e+01
0.000000000000000000e+00 0.000000000000000000e+00
