0.000000000000000000e+00 0.000000000000000000e+00
0.000000000000000000e+00 -5.356794999998859197e+01
4.821629999895995056e+00 -1.687546999997735497e+01
-2.711687000025442273e+01 1.573436299999509060e+02
0.000000000000000000e+00 0.000000000000000000e+00
0.000000000000000000e+00 0.000000000000000000e+00
0.000000000000000000e+00 -2.589797000005499683e+01
1.423600999977958637e+01 -1.407982400002616430e+02
-8.605660000182702163e+00 -2.500346800000885423e+02
0.000000000000000000e+00 0.000000000000000000e+00
