0.000000000000000000e+00 0.000000000000000000e+00
0.000000000000000000e+00 7.796700000195503577e+00
5.131959999982171894e+01 1.158237999999478518e+02
1.164499999983803491e+00 1.237349000000164949e+02
0.000000000000000000e+00 0.000000000000000000e+00
0.000000000000000000e+00 0.000000000000000000e+00
0.000000000000000000e+00 2.275548000002736444e+02
-6.156299999737772310e+00 5.451040000030717181e+01
3.318420000022469907e+01 1.920600000016038678e+01
0.000000000000000000e+00 0.000000000000000000e+00
