0.000000000000000000e+00 0.000000000000000000e+00
0.000000000000000000e+00 -1.065272000000394570e-06
5.421800000071641534e-07 2.522720000012329544e-06
-6.148986000008294095e-06 2.885629000009409806e-06
0.000000000000000000e+00 0.000000000000000000e+00
0.000000000000000000e+00 0.000000000000000000e+00
0.000000000000000000e+00 -3.075101000004319685e-06
1.208954999998290702e-06 -1.723718000005286521e-06
1.974444999996993744e-06 -1.253292600002405000e-05
0.000000000000000000e+00 0.000000000000000000e+00
