0.000000000000000000e+00 0.000000000000000000e+00
0.000000000000000000e+00 2.738960000030487407e+01
5.041710000011078563e+01 3.641019999998107437e+01
5.085779999998152334e+01 1.271357000000250395e+02
0.000000000000000000e+00 0.000000000000000000e+00
0.000000000000000000e+00 0.000000000000000000e+00
0.000000000000000000e+00 -1.320481999998790172e+02
4.035999999985051545e+00 -7.809509999994190821e+01
5.768350000003862732e+01 1.504077000000769999e+02
0.000000000000000000e+00 0.000000000000000000e+00
