0.000000000000000000e+00 0.000000000000000000e+00
0.000000000000000000e+00 -4.441569999986683115e+01
-4.577890000003748128e+01 -1.309580000006249634e+01
-5.323730000013071617e+01 7.452530000024989931e+01
0.000000000000000000e+00 0.000000000000000000e+00
0.000000000000000000e+00 0.000000000000000000e+00
0.000000000000000000e+00 -1.013466999999046152e+02
1.031347000001403558e+02 7.869920000009854277e+01
-3.991980000010997287e+01 -5.149030000008993113e+01
0.000000000000000000e+00 0.000000000000000000e+00
