0.000000000000000000e+00 0.000000000000000000e+00
0.000000000000000000e+00 -6.843109999987716208e+01
-3.837159999999783366e+01 1.471120000013925733e+01
-1.583140000009919035e+01 -6.376379999979418756e+01
0.000000000000000000e+00 0.000000000000000000e+00
0.000000000000000000e+00 0.000000000000000000e+00
0.000000000000000000e+00 -1.696371999999612683e+02
6.343100000094635149e+00 -8.459530000015645612e+01
-2.271729999971938696e+01 -1.081599999785964883e+00
0.000000000000000000e+00 0.000000000000000000e+00
