0.000000000000000000e+00 0.000000000000000000e+00
0.000000000000000000e+00 7.521444000010285569e-06
4.948967000012460815e-06 -1.128930000000166745e-06
-5.738875000001197879e-06 2.183347000009674965e-06
0.000000000000000000e+00 0.000000000000000000e+00
0.000000000000000000e+00 0.000000000000000000e+00
0.000000000000000000e+00 1.009594700001302525e-05
5.121453000023201696e-06 1.004764000002086877e-05
4.047491000018499374e-06 -6.772539000003859055e-06
0.000000000000000000e+00 0.000000000000000000e+00
