0.000000000000000000e+00 0.000000000000000000e+00
0.000000000000000000e+00 7.473700000026902046e+00
7.912449999984970361e+01 -6.219849999995476253e+01
9.256240000006243918e+01 8.221899999973911122e+01
0.000000000000000000e+00 0.000000000000000000e+00
0.000000000000000000e+00 0.000000000000000000e+00
0.000000000000000000e+00 -1.686885000001580863e+02
7.304379999997222228e+01 -2.707970000024317869e+01
-2.920730000006699001e+01 -8.809870000030528558e+01
0.000000000000000000e+00 0.000000000000000000e+00
