0.000000000000000000e+00 0.000000000000000000e+00
0.000000000000000000e+00 5.516539000007935484e-06
2.793261000000324401e-06 -9.039049999846893169e-07
4.552191000005423316e-06 1.974408000008850972e-06
0.000000000000000000e+00 0.000000000000000000e+00
0.000000000000000000e+00 0.000000000000000000e+00
0.000000000000000000e+00 1.048872300001089247e-05
3.938668000025291605e-06 1.409505500001018152e-05
1.089392899999985787e-05 8.191452000091276053e-06
0.000000000000000000e+00 0.000000000000000000e+00
