0.000000000000000000e+00 0.000000000000000000e+00
0.000000000000000000e+00 9.807010000013605122e+01
2.352969999970255799e+01 5.218769999979499374e+01
5.274109999984233355e+01 2.038319999950743977e+01
0.000000000000000000e+00 0.000000000000000000e+00
0.000000000000000000e+00 0.000000000000000000e+00
0.000000000000000000e+00 5.672009999946322978e+01
-5.659999999974018259e+00 8.992489999979366644e+01
1.698889999985908617e+01 1.355799999975815240e+01
0.000000000000000000e+00 0.000000000000000000e+00
