0.000000000000000000e+00 0.000000000000000000e+00
0.000000000000000000e+00 1.735040000010456396e+01
7.824169999972595235e+01 4.571869999976387078e+01
1.651600000007746516e+01 5.986909999977639529e+01
0.000000000000000000e+00 0.000000000000000000e+00
0.000000000000000000e+00 0.000000000000000000e+00
0.000000000000000000e+00 -8.619510000000828143e+01
-8.990800000052701080e+00 -5.673390000024979685e+01
-2.082579999989064845e+01 8.085749999997560167e+01
0.000000000000000000e+00 0.000000000000000000e+00
