0.000000000000000000e+00 0.000000000000000000e+00
0.000000000000000000e+00 -7.850690000044123451e+01
2.885240000018995588e+01 -5.734399999912653811e+00
3.977289999985700319e+01 9.086299999871982891e+00
0.000000000000000000e+00 0.000000000000000000e+00
0.000000000000000000e+00 0.000000000000000000e+00
0.000000000000000000e+00 2.234259999989163248e+01
-1.669159999986291609e+01 -1.078079999992097271e+01
-3.222000000029368039e+01 -2.359440000008206084e+01
0.000000000000000000e+00 0.000000000000000000e+00
