0.000000000000000000e+00 0.000000000000000000e+00
0.000000000000000000e+00 1.041024000001833230e+02
3.000070000016563299e+01 6.825280000022360127e+01
6.675000000200277839e+00 -8.277659999977868210e+01
0.000000000000000000e+00 0.000000000000000000e+00
0.000000000000000000e+00 0.000000000000000000e+00
0.000000000000000000e+00 -9.901279999979804813e+01
3.788640000035314159e+01 -6.189459999976777738e+01
3.786600000035278413e+01 2.640440000014621091e+01
0.000000000000000000e+00 0.000000000000000000e+00
