0.000000000000000000e+00 0.000000000000000000e+00
0.000000000000000000e+00 -8.908889999981182939e+01
-4.176230000005886467e+01 -1.104367999998245722e+02
-1.162830000041026679e+01 -5.177959999986823902e+01
0.000000000000000000e+00 0.000000000000000000e+00
0.000000000000000000e+00 0.000000000000000000e+00
0.000000000000000000e+00 -1.276696000000576703e+02
-1.117419999996371693e+01 -8.164700000001808178e+00
-3.519699999898762144e+00 -1.049877999999892921e+02
0.000000000000000000e+00 0.000000000000000000e+00
