0.000000000000000000e+00 0.000000000000000000e+00
0.000000000000000000e+00 1.081289999991241757e+01
-7.778400000191253660e+00 -5.857569999969669539e+01
1.455900000024712782e+01 -1.630470000009154319e+01
0.000000000000000000e+00 0.000000000000000000e+00
0.000000000000000000e+00 0.000000000000000000e+00
0.000000000000000000e+00 -1.056323000000247561e+02
1.336510000005119814e+01 -6.705570000038463263e+01
-7.510599999793753589e+00 -1.321525999998129919e+02
0.000000000000000000e+00 0.000000000000000000e+00
