0.000000000000000000e+00 0.000000000000000000e+00
0.000000000000000000e+00 1.150771500000535639e+02
2.902540000002673537e+01 2.092560299999490496e+02
1.475180000005682324e+01 1.368143299998791917e+02
0.000000000000000000e+00 0.000000000000000000e+00
0.000000000000000000e+00 0.000000000000000000e+00
0.000000000000000000e+00 4.419446999991416192e+01
-1.237746000001260782e+01 4.072669999992672274e+01
1.329609999989322944e+00 1.034947099999738782e+02
0.000000000000000000e+00 0.000000000000000000e+00
