0.000000000000000000e+00 0.000000000000000000e+00
0.000000000000000000e+00 2.221750000002130321e+01
5.411410000020211442e+01 -5.938100000015821678e+01
5.852599999833783428e+00 -8.950620000014451705e+01
0.000000000000000000e+00 0.000000000000000000e+00
0.000000000000000000e+00 0.000000000000000000e+00
0.000000000000000000e+00 -7.831139999980862854e+01
-2.136900000326845905e+00 -8.325300000233681885e+00
1.976399999987776468e+01 7.337559999989196058e+01
0.000000000000000000e+00 0.000000000000000000e+00
