0.000000000000000000e+00 0.000000000000000000e+00
0.000000000000000000e+00 -2.857190000025154575e+01
4.721859999969878885e+01 8.383739999997530390e+01
1.064625999998902586e+02 -4.741600000102152990e+00
0.000000000000000000e+00 0.000000000000000000e+00
0.000000000000000000e+00 0.000000000000000000e+00
0.000000000000000000e+00 -2.728579999988766502e+01
7.510419999965378679e+01 8.798010000008459031e+01
6.360360000003950631e+01 9.055170000005217901e+01
0.000000000000000000e+00 0.000000000000000000e+00
