0.000000000000000000e+00 0.000000000000000000e+00
0.000000000000000000e+00 5.621619999995885308e+01
-1.729289999996552396e+01 -2.977669999983945104e+01
-6.685369999983591072e+01 -4.958390000018295041e+01
0.000000000000000000e+00 0.000000000000000000e+00
0.000000000000000000e+00 0.000000000000000000e+00
0.000000000000000000e+00 -1.311103000002588885e+02
1.356430000019059179e+01 -1.163684000002440513e+02
2.909980000014300217e+01 -6.349659999989044934e+01
0.000000000000000000e+00 0.000000000000000000e+00
