0.000000000000000000e+00 0.000000000000000000e+00
0.000000000000000000e+00 3.250560000017666340e+01
-2.138299999809857965e+00 5.021713000026296925e+01
-2.531874999999184084e+01 1.318144500001450012e+02
0.000000000000000000e+00 0.000000000000000000e+00
0.000000000000000000e+00 0.000000000000000000e+00
0.000000000000000000e+00 -1.027914999977009103e+01
2.175505000016064727e+01 4.554360000141869591e+00
2.837898000016547329e+01 1.564603000027145185e+01
0.000000000000000000e+00 0.000000000000000000e+00
