0.000000000000000000e+00 0.000000000000000000e+00
0.000000000000000000e+00 2.393869999988139341e+01
-3.678580000023856655e+01 -1.340330000001445399e+01
-8.015000000582972461e-01 7.764219999986111986e+01
0.000000000000000000e+00 0.000000000000000000e+00
0.000000000000000000e+00 0.000000000000000000e+00
0.000000000000000000e+00 -4.448439999995554217e+01
-7.125799999929681938e+00 5.261330000010387664e+01
-3.141000001427587396e-01 -8.146320000008699935e+01
0.000000000000000000e+00 0.000000000000000000e+00
