0.000000000000000000e+00 0.000000000000000000e+00
0.000000000000000000e+00 2.905230000012083025e+01
2.030769999974424422e+01 -2.246000000205569336e+00
-5.933600000229690252e+00 2.296879999992285093e+01
0.000000000000000000e+00 0.000000000000000000e+00
0.000000000000000000e+00 0.000000000000000000e+00
0.000000000000000000e+00 -2.378016000002425017e+02
-1.490980000014019247e+01 -7.410460000043528339e+01
-2.012000000028992375e+00 8.588899999750765346e+00
0.000000000000000000e+00 0.000000000000000000e+00
