0.000000000000000000e+00 0.000000000000000000e+00
0.000000000000000000e+00 8.069370000010066235e+01
3.529130000012869317e+01 3.766119999992766054e+01
6.534530000035231012e+01 1.117191000001405001e+02
0.000000000000000000e+00 0.000000000000000000e+00
0.000000000000000000e+00 0.000000000000000000e+00
0.000000000000000000e+00 -1.203279999995920662e+02
-8.701799999766279825e+00 7.112190000011507607e+01
-2.128999997630389718e-01 1.300740000003131058e+01
0.000000000000000000e+00 0.000000000000000000e+00
