0.000000000000000000e+00 0.000000000000000000e+00
0.000000000000000000e+00 9.860450999983443043e-06
1.879232999990598785e-06 2.098382999977943530e-06
2.244194999986848238e-06 1.033188899998531418e-05
0.000000000000000000e+00 0.000000000000000000e+00
0.000000000000000000e+00 0.000000000000000000e+00
0.000000000000000000e+00 -6.676872000004052676e-06
8.804669999751268961e-07 -1.144323100001065630e-05
-1.537600000794947519e-08 -2.135206500002324870e-05
0.000000000000000000e+00 0.000000000000000000e+00
