0.000000000000000000e+00 0.000000000000000000e+00
0.000000000000000000e+00 -4.991370000011485075e+01
1.453269999984740757e+01 2.966470000007603502e+01
-2.575379999987248425e+01 -1.736609999989367736e+01
0.000000000000000000e+00 0.000000000000000000e+00
0.000000000000000000e+00 0.000000000000000000e+00
0.000000000000000000e+00 -8.427630000005235900e+01
-1.160200000027700007e+01 -1.367149999991211473e+01
-4.468859999979812159e+01 3.963040000014571262e+01
0.000000000000000000e+00 0.000000000000000000e+00
