0.000000000000000000e+00 0.000000000000000000e+00
0.000000000000000000e+00 -3.292309999998188914e+02
-1.328001999998384974e+02 -1.020312999999717363e+02
-2.473790000001585199e+01 9.418210000022851602e+01
0.000000000000000000e+00 0.000000000000000000e+00
0.000000000000000000e+00 0.000000000000000000e+00
0.000000000000000000e+00 2.284860000010269232e+01
-1.220934000000894883e+02 6.592020000004694680e+01
-8.530560000004071242e+01 2.437980000014050574e+01
0.000000000000000000e+00 0.000000000000000000e+00
