0.000000000000000000e+00 0.000000000000000000e+00
0.000000000000000000e+00 3.970090000002812758e+01
-2.211099999716026332e+00 -2.792449999970970254e+01
-9.651499999741018243e+00 1.402749999996899533e+01
0.000000000000000000e+00 0.000000000000000000e+00
0.000000000000000000e+00 0.000000000000000000e+00
0.000000000000000000e+00 -1.826415000000913551e+02
3.121210000012197483e+01 -2.985300000011291388e+01
6.946420000000230743e+01 -6.075980000002089554e+01
0.000000000000000000e+00 0.000000000000000000e+00
