0.000000000000000000e+00 0.000000000000000000e+00
0.000000000000000000e+00 7.239030000034674117e+01
2.620610000008127827e+01 4.596949999990941649e+01
-4.429999999810970479e+00 6.065890000037656193e+01
0.000000000000000000e+00 0.000000000000000000e+00
0.000000000000000000e+00 0.000000000000000000e+00
0.000000000000000000e+00 -1.098193999998997583e+02
5.490200000028977456e+01 1.288853000000144959e+02
6.398530000009116492e+01 1.242584000004320757e+02
0.000000000000000000e+00 0.000000000000000000e+00
