0.000000000000000000e+00 0.000000000000000000e+00
0.000000000000000000e+00 2.380199999940657563e+00
4.049340000031875775e+01 5.785480000017882674e+01
4.234500000031005129e+01 9.092150000009624478e+01
0.000000000000000000e+00 0.000000000000000000e+00
0.000000000000000000e+00 0.000000000000000000e+00
0.000000000000000000e+00 -4.662179999996848778e+01
3.700590000033088245e+01 7.153569999998055096e+01
-5.907199999821699521e+00 6.322630000017427676e+01
0.000000000000000000e+00 0.000000000000000000e+00
