0.000000000000000000e+00 0.000000000000000000e+00
0.000000000000000000e+00 2.476860000006909246e+01
2.802800000178962136e+00 2.676560000027804165e+01
7.195419999979080217e+01 6.732230000006110515e+01
0.000000000000000000e+00 0.000000000000000000e+00
0.000000000000000000e+00 0.000000000000000000e+00
0.000000000000000000e+00 -9.651330000011171251e+01
1.126999999101485489e-01 -1.629190000009826633e+01
1.230520000001788894e+01 -7.694289999982117934e+01
0.000000000000000000e+00 0.000000000000000000e+00
