0.000000000000000000e+00 0.000000000000000000e+00
0.000000000000000000e+00 -7.451559999980260329e+01
4.869780000005263787e+01 -1.118343999999993343e+02
1.514950000016668241e+01 -3.457399999895471865e+00
0.000000000000000000e+00 0.000000000000000000e+00
0.000000000000000000e+00 0.000000000000000000e+00
0.000000000000000000e+00 -2.113535000000332502e+02
-1.379300000010630356e+01 4.137309999974191044e+01
-4.510700000022183076e+01 5.344440000021322135e+01
0.000000000000000000e+00 0.000000000000000000e+00
