0.000000000000000000e+00 0.000000000000000000e+00
0.000000000000000000e+00 1.327142000002723421e+02
1.399467999998904304e+02 9.620670000005658551e+01
1.504937999999178544e+02 1.676950000000232137e+02
0.000000000000000000e+00 0.000000000000000000e+00
0.000000000000000000e+00 0.000000000000000000e+00
0.000000000000000000e+00 -1.183825000000915253e+02
1.021061000002987242e+02 6.242390000004147055e+01
1.297370000008512925e+01 2.560549999994776726e+01
0.000000000000000000e+00 0.000000000000000000e+00
