0.000000000000000000e+00 0.000000000000000000e+00
0.000000000000000000e+00 7.869700000018294617e+00
4.668719999951775179e+01 5.885449999976088264e+01
4.694299999981055294e+01 1.188194999999225843e+02
0.000000000000000000e+00 0.000000000000000000e+00
0.000000000000000000e+00 0.000000000000000000e+00
0.000000000000000000e+00 -7.259350000046184448e+01
-3.071499999940385361e+00 -2.411700000033433611e+01
-6.170390000015402165e+01 -2.705170000050216572e+01
0.000000000000000000e+00 0.000000000000000000e+00
