0.000000000000000000e+00 0.000000000000000000e+00
0.000000000000000000e+00 2.284570000012918456e+01
5.399500000002888100e+00 4.184920000032123255e+01
4.034910000010327735e+01 -4.261700000007806466e+00
0.000000000000000000e+00 0.000000000000000000e+00
0.000000000000000000e+00 0.000000000000000000e+00
0.000000000000000000e+00 -1.974327000000108683e+02
9.326600000214568809e+00 -5.910209999999692343e+01
4.729030000012456725e+01 -2.263479999982109803e+01
0.000000000000000000e+00 0.000000000000000000e+00
