0.000000000000000000e+00 0.000000000000000000e+00
0.000000000000000000e+00 -7.575040000000753082e+01
-4.538779999974096313e+01 -3.743899999708588666e+00
-1.564069999977491321e+01 8.553910000026475302e+01
0.000000000000000000e+00 0.000000000000000000e+00
0.000000000000000000e+00 0.000000000000000000e+00
0.000000000000000000e+00 -2.561404999997129721e+02
-2.562300000086281226e+00 -4.044280000004007292e+01
1.289200000442747296e+00 1.267449999993174004e+01
0.000000000000000000e+00 0.000000000000000000e+00
