0.000000000000000000e+00 0.000000000000000000e+00
0.000000000000000000e+00 1.407795999996963587e-06
-3.380332000008090532e-06 2.748190999986993566e-06
-2.795864000003367433e-06 -4.209917000015661603e-06
0.000000000000000000e+00 0.000000000000000000e+00
0.000000000000000000e+00 0.000000000000000000e+00
0.000000000000000000e+00 2.839999999984868517e-06
5.319284999999451813e-06 7.782325999992206755e-06
4.473974000003544393e-06 1.034918099997433200e-05
0.000000000000000000e+00 0.000000000000000000e+00
