0.000000000000000000e+00 0.000000000000000000e+00
0.000000000000000000e+00 -1.173462000000569105e+02
-2.070310000004127460e+01 8.453499999738767201e+00
1.375329999975249606e+01 2.703099999976645051e+01
0.000000000000000000e+00 0.000000000000000000e+00
0.000000000000000000e+00 0.000000000000000000e+00
0.000000000000000000e+00 -3.130978999998035306e+02
1.119599999999110196e+00 -4.961730000019315412e+01
-1.531110000012602868e+01 -4.764020000012081368e+01
0.000000000000000000e+00 0.000000000000000000e+00
