0.000000000000000000e+00 0.000000000000000000e+00
0.000000000000000000e+00 6.205609999980765679e+01
8.259879999954478080e+01 5.735089999987508236e+01
4.795029999993260361e+01 1.009383999999613479e+02
0.000000000000000000e+00 0.000000000000000000e+00
0.000000000000000000e+00 0.000000000000000000e+00
0.000000000000000000e+00 6.230197000000714525e+02
-7.078699999851776781e+00 8.663889999986905366e+01
-2.618300000101216440e+00 1.426394999996638546e+02
0.000000000000000000e+00 0.000000000000000000e+00
