0.000000000000000000e+00 0.000000000000000000e+00
0.000000000000000000e+00 -1.115856999997610899e+02
-7.286999999980280052e+01 -4.647029999995667993e+01
-4.014360000015314967e+01 -1.087742999998475568e+02
0.000000000000000000e+00 0.000000000000000000e+00
0.000000000000000000e+00 0.000000000000000000e+00
0.000000000000000000e+00 -8.849484000001516506e+02
-3.687700000005733614e+01 -1.785126999998886959e+02
6.025999997660844709e-01 -1.324795999998684408e+02
0.000000000000000000e+00 0.000000000000000000e+00
