0.000000000000000000e+00 0.000000000000000000e+00
0.000000000000000000e+00 4.753679999982550441e+01
4.696889999999953602e+01 3.483960000005838253e+01
6.467399999632306162e+00 1.359240000029517148e+01
0.000000000000000000e+00 0.000000000000000000e+00
0.000000000000000000e+00 0.000000000000000000e+00
0.000000000000000000e+00 -1.820572799999986501e+03
-3.733630000022358786e+01 -1.832880000005587817e+01
4.102300000052848894e+00 2.639891999999476866e+02
0.000000000000000000e+00 0.000000000000000000e+00
