0.000000000000000000e+00 0.000000000000000000e+00
0.000000000000000000e+00 2.824799999601168565e+00
3.126890000011428583e+01 2.324639999979895322e+01
1.715330000005010902e+01 -3.789930000008824607e+01
0.000000000000000000e+00 0.000000000000000000e+00
0.000000000000000000e+00 0.000000000000000000e+00
0.000000000000000000e+00 -3.776606000000625727e+02
-2.578610000014691295e+01 -7.399999990553851603e-02
-4.212400000369596498e+00 -4.773300000060487491e+00
0.000000000000000000e+00 0.000000000000000000e+00
