0.000000000000000000e+00 0.000000000000000000e+00
0.000000000000000000e+00 3.953460000003517649e+01
7.366729999995767741e+01 6.504250000025635359e+01
1.290611000000829449e+02 1.107107000001938957e+02
0.000000000000000000e+00 0.000000000000000000e+00
0.000000000000000000e+00 0.000000000000000000e+00
0.000000000000000000e+00 -3.965645899999259427e+02
3.073000000242132601e-01 -1.861701000001047817e+02
6.783000000165627874e+00 3.904010000024273097e+01
0.000000000000000000e+00 0.000000000000000000e+00
