0.000000000000000000e+00 0.000000000000000000e+00
0.000000000000000000e+00 -1.566375999986698986e+01
1.437883000017237123e+01 2.157724000003275933e+01
3.381306000010408752e+01 6.406975000017229149e+01
0.000000000000000000e+00 0.000000000000000000e+00
0.000000000000000000e+00 0.000000000000000000e+00
0.000000000000000000e+00 1.297219000001153688e+01
-2.026498999992756822e+01 1.245616000003778367e+01
1.815703000008425505e+01 -2.467994999996864181e+01
0.000000000000000000e+00 0.000000000000000000e+00
