0.000000000000000000e+00 0.000000000000000000e+00
0.000000000000000000e+00 -9.199952999998649830e+02
-2.510275999996203211e+02 -9.178897000000850994e+02
-9.494757999998880678e+02 -1.702231799999686928e+03
0.000000000000000000e+00 0.000000000000000000e+00
0.000000000000000000e+00 0.000000000000000000e+00
0.000000000000000000e+00 -8.494298999999649595e+02
-4.104262999997665133e+02 -8.322545999998709476e+02
-9.921947999997015586e+02 5.074390000032735060e+01
0.000000000000000000e+00 0.000000000000000000e+00
