0.000000000000000000e+00 0.000000000000000000e+00
0.000000000000000000e+00 4.886676000014165272e-06
-2.251908999995055893e-06 -2.687627999986563765e-06
-3.396045999991270659e-06 1.021779200001231291e-05
0.000000000000000000e+00 0.000000000000000000e+00
0.000000000000000000e+00 0.000000000000000000e+00
0.000000000000000000e+00 -3.667499999908396813e-07
8.302279999872208549e-07 -8.891666999986946873e-06
-2.698124999988421591e-06 3.746088600003246588e-05
0.000000000000000000e+00 0.000000000000000000e+00
