0.000000000000000000e+00 0.000000000000000000e+00
0.000000000000000000e+00 2.941099999986818148e-01
-8.978306999987140102e+01 2.472879000006145134e+01
5.654997000004158281e+01 3.042414000002936803e+01
0.000000000000000000e+00 0.000000000000000000e+00
0.000000000000000000e+00 0.000000000000000000e+00
0.000000000000000000e+00 -3.806764000001904833e+02
-6.409539999996382242e+00 -6.969913000016700266e+01
7.397489999849682363e+00 -1.367419400003732903e+02
0.000000000000000000e+00 0.000000000000000000e+00
