0.000000000000000000e+00 0.000000000000000000e+00
0.000000000000000000e+00 -5.972989000014860039e+01
-4.342531000002259134e+01 2.122628999986500276e+01
-2.480053000001313990e+01 -4.684328000007508308e+01
0.000000000000000000e+00 0.000000000000000000e+00
0.000000000000000000e+00 0.000000000000000000e+00
0.000000000000000000e+00 -9.884790000191937764e+00
2.129600999977165898e+01 -6.955185000020458119e+01
3.499053999989065744e+01 -1.458611700000722351e+02
0.000000000000000000e+00 0.000000000000000000e+00
