0.000000000000000000e+00 0.000000000000000000e+00
0.000000000000000000e+00 -7.184252000018431783e-06
1.804228599994184279e-06 -7.302035100006931678e-06
1.821954399995606710e-06 -1.128489060002631217e-05
0.000000000000000000e+00 0.000000000000000000e+00
0.000000000000000000e+00 0.000000000000000000e+00
0.000000000000000000e+00 -2.147195400009627164e-06
3.058980999892657593e-07 6.608557999721043075e-07
2.925299099995615215e-06 -2.981937030007743294e-05
0.000000000000000000e+00 0.000000000000000000e+00
