0.000000000000000000e+00 0.000000000000000000e+00
0.000000000000000000e+00 -7.937924999995570374e+01
1.155993000009347682e+01 1.403606000000000620e+01
-2.597529999993630412e+01 1.391190999997513700e+01
0.000000000000000000e+00 0.000000000000000000e+00
0.000000000000000000e+00 0.000000000000000000e+00
0.000000000000000000e+00 -8.543966999988715827e+01
8.526550000098609416e+00 -1.537974099999894690e+02
-8.094760000110223785e+00 -1.520193599998664808e+02
0.000000000000000000e+00 0.000000000000000000e+00
