0.000000000000000000e+00 0.000000000000000000e+00
0.000000000000000000e+00 4.444109000015793498e+01
-1.262694999989432887e+01 -5.474916999984588983e+01
1.760693000020241783e+01 -5.543210999986447973e+01
0.000000000000000000e+00 0.000000000000000000e+00
0.000000000000000000e+00 0.000000000000000000e+00
0.000000000000000000e+00 -2.573616999993478061e+01
3.700656000024116565e+01 5.510660000285241722e+00
4.353567000014990640e+01 -1.493981799998711040e+02
0.000000000000000000e+00 0.000000000000000000e+00
