0.000000000000000000e+00 0.000000000000000000e+00
0.000000000000000000e+00 3.938398000022935719e+01
6.957380000249814955e+00 2.843565000005820309e+01
-1.503449999851191654e+00 -1.501926999979420430e+01
0.000000000000000000e+00 0.000000000000000000e+00
0.000000000000000000e+00 0.000000000000000000e+00
0.000000000000000000e+00 -5.730727999991857757e+01
2.862230000078012537e+00 -9.186969999797064190e+00
4.243610000220776612e+00 -1.107935599998887994e+02
0.000000000000000000e+00 0.000000000000000000e+00
