0.000000000000000000e+00 0.000000000000000000e+00
0.000000000000000000e+00 -1.105137999998229148e+01
-5.931858000001177800e+01 1.243455999992981731e+01
-2.313449999999939166e+01 2.748952000003467333e+01
0.000000000000000000e+00 0.000000000000000000e+00
0.000000000000000000e+00 0.000000000000000000e+00
0.000000000000000000e+00 2.815605000007214898e+01
-6.937650000016223117e+00 7.624495000009278556e+01
-1.301098999996197314e+01 4.424781999999848381e+01
0.000000000000000000e+00 0.000000000000000000e+00
