0.000000000000000000e+00 0.000000000000000000e+00
0.000000000000000000e+00 -1.528713999983041805e-06
2.349848999994019749e-06 5.715385000007455751e-06
8.826420000024315371e-07 8.372508000007924944e-06
0.000000000000000000e+00 0.000000000000000000e+00
0.000000000000000000e+00 0.000000000000000000e+00
0.000000000000000000e+00 -3.907431999987907856e-06
7.677119999993653465e-07 -8.423217999990045834e-06
4.181182000004279864e-06 -2.586358799999081276e-05
0.000000000000000000e+00 0.000000000000000000e+00
