0.000000000000000000e+00 0.000000000000000000e+00
0.000000000000000000e+00 2.906028999989373318e+01
3.212345999993316070e+01 8.514365999977567867e+01
-6.479150000149313193e+00 -1.159977000002589875e+01
0.000000000000000000e+00 0.000000000000000000e+00
0.000000000000000000e+00 0.000000000000000000e+00
0.000000000000000000e+00 -7.657820000017693474e+00
7.785089999834402974e+00 -9.359480000170606218e+00
1.529886999993567898e+01 -6.297046000016682399e+01
0.000000000000000000e+00 0.000000000000000000e+00
