0.000000000000000000e+00 0.000000000000000000e+00
0.000000000000000000e+00 1.609819999848227212e+00
-3.064680000003372129e+01 -1.142061299999497237e+02
-4.048473000007879108e+01 -5.060141000000629674e+01
0.000000000000000000e+00 0.000000000000000000e+00
0.000000000000000000e+00 0.000000000000000000e+00
0.000000000000000000e+00 -1.277907200001204728e+02
-1.369300000830797615e-01 -3.113917000002741986e+01
-1.289132000008574863e+01 -7.472780999996373907e+01
0.000000000000000000e+00 0.000000000000000000e+00
