0.000000000000000000e+00 0.000000000000000000e+00
0.000000000000000000e+00 4.967699999913719466e-01
3.536388000011658761e+01 -1.785233999986867559e+01
2.192466000010551852e+01 -4.091786999992351070e+01
0.000000000000000000e+00 0.000000000000000000e+00
0.000000000000000000e+00 0.000000000000000000e+00
0.000000000000000000e+00 -1.491031600000303001e+02
-1.546766199999161131e+02 1.379905000002956683e+01
-1.290547200000102919e+02 -7.136344000000515564e+01
0.000000000000000000e+00 0.000000000000000000e+00
