0.000000000000000000e+00 0.000000000000000000e+00
0.000000000000000000e+00 8.440641999988077182e-06
9.721249999983250234e-07 -1.485037999997967928e-06
-2.197906999991394716e-06 6.357477999997460105e-06
0.000000000000000000e+00 0.000000000000000000e+00
0.000000000000000000e+00 0.000000000000000000e+00
0.000000000000000000e+00 -4.559498000006149965e-06
-6.132200000563692299e-08 -4.215724000014575701e-06
-3.277599999393365771e-08 3.159675000004563000e-05
0.000000000000000000e+00 0.000000000000000000e+00
