0.000000000000000000e+00 0.000000000000000000e+00
0.000000000000000000e+00 7.793429999910540806e-07
6.670900000005364205e-06 1.478799999996005532e-06
-8.123090000089483453e-07 4.988774999983500158e-06
0.000000000000000000e+00 0.000000000000000000e+00
0.000000000000000000e+00 0.000000000000000000e+00
0.000000000000000000e+00 -4.199570000007132875e-06
1.730216000001005838e-06 4.122828999992417254e-06
1.005686999996924236e-06 2.280518999959665893e-06
0.000000000000000000e+00 0.000000000000000000e+00
