0.000000000000000000e+00 0.000000000000000000e+00
0.000000000000000000e+00 -6.363398999980063309e+01
-1.265350999972714163e+01 8.025065000010209815e+01
3.280544000011653338e+01 2.649878000006154366e+01
0.000000000000000000e+00 0.000000000000000000e+00
0.000000000000000000e+00 0.000000000000000000e+00
0.000000000000000000e+00 1.377306000011070353e+01
-1.693641999978012436e+01 4.708861000017882503e+01
3.790299000010487873e+01 -1.221393099998801972e+02
0.000000000000000000e+00 0.000000000000000000e+00
