0.000000000000000000e+00 0.000000000000000000e+00
0.000000000000000000e+00 -2.822300000128452613e-07
-2.596086000006270211e-06 -1.562475000015106641e-06
-2.907826000007884826e-06 6.117564999989430485e-06
0.000000000000000000e+00 0.000000000000000000e+00
0.000000000000000000e+00 0.000000000000000000e+00
0.000000000000000000e+00 -7.215515000008436430e-06
-1.814301999997214310e-06 -3.883576000021649044e-06
-1.307044000014440099e-06 -2.196883800002161907e-05
0.000000000000000000e+00 0.000000000000000000e+00
