0.000000000000000000e+00 0.000000000000000000e+00
0.000000000000000000e+00 5.914616000003424290e+01
-3.011785999990079787e+01 1.031016099999781943e+02
9.471300000618576576e-01 1.849347300000081304e+02
0.000000000000000000e+00 0.000000000000000000e+00
0.000000000000000000e+00 0.000000000000000000e+00
0.000000000000000000e+00 -6.015594999990713632e+01
-5.384490000037710722e+00 -5.002233999999992875e+01
7.734610000098562033e+00 -1.391634799999708036e+02
0.000000000000000000e+00 0.000000000000000000e+00
