0.000000000000000000e+00 0.000000000000000000e+00
0.000000000000000000e+00 4.065648999995816887e-06
5.421549999967689715e-06 6.916287000006265950e-06
4.794763000005863862e-06 7.830025999988957097e-06
0.000000000000000000e+00 0.000000000000000000e+00
0.000000000000000000e+00 0.000000000000000000e+00
0.000000000000000000e+00 -1.249244100001451613e-05
-6.993078999983914912e-06 -1.559564000004620699e-06
2.453246000001102489e-06 -7.204695000000409938e-05
0.000000000000000000e+00 0.000000000000000000e+00
