0.000000000000000000e+00 0.000000000000000000e+00
0.000000000000000000e+00 4.762660000004687380e-06
-4.157699998175168332e-08 1.341462000016557798e-06
-2.379863999979470179e-06 6.871269000017013462e-06
0.000000000000000000e+00 0.000000000000000000e+00
0.000000000000000000e+00 0.000000000000000000e+00
0.000000000000000000e+00 -1.156439999976111022e-07
1.138626000013465145e-06 -7.676768999997224396e-06
2.531919999979037605e-07 -1.735103399994920859e-05
0.000000000000000000e+00 0.000000000000000000e+00
