0.000000000000000000e+00 0.000000000000000000e+00
0.000000000000000000e+00 -9.106099999865203964e-07
-3.971650999995413045e-06 -1.047774000000056827e-06
1.897719000006070633e-06 3.602587000019891184e-06
0.000000000000000000e+00 0.000000000000000000e+00
0.000000000000000000e+00 0.000000000000000000e+00
0.000000000000000000e+00 -6.331684300001083621e-05
7.926460000029500463e-07 -1.317584399999904843e-05
-3.936739999925442657e-07 -5.883341399993361615e-05
0.000000000000000000e+00 0.000000000000000000e+00
