0.000000000000000000e+00 0.000000000000000000e+00
0.000000000000000000e+00 -5.567540000018383894e-07
4.320200000518248373e-08 1.227426299999292980e-05
8.307879999919220992e-07 1.157640799998548020e-05
0.000000000000000000e+00 0.000000000000000000e+00
0.000000000000000000e+00 0.000000000000000000e+00
0.000000000000000000e+00 -1.476659000001524780e-06
-1.309416000017105119e-06 5.822199999998278752e-07
-9.869000009571360366e-09 -2.348400900002885205e-05
0.000000000000000000e+00 0.000000000000000000e+00
