0.000000000000000000e+00 0.000000000000000000e+00
0.000000000000000000e+00 4.105999982240859936e-02
6.868806999997811147e+01 9.493463999987739044e+01
6.669027999992582068e+01 9.675646000002478786e+01
0.000000000000000000e+00 0.000000000000000000e+00
0.000000000000000000e+00 0.000000000000000000e+00
0.000000000000000000e+00 -1.350540700000290997e+02
-2.950160000017021389e+01 -5.442441999998769830e+01
-2.038198000007263033e+01 -1.005017100002003474e+02
0.000000000000000000e+00 0.000000000000000000e+00
