0.000000000000000000e+00 0.000000000000000000e+00
0.000000000000000000e+00 -1.827280000023250750e+00
1.868178000001829986e+01 -4.312829999858493579e+00
2.085642999996723290e+01 -1.478959999979545614e+01
0.000000000000000000e+00 0.000000000000000000e+00
0.000000000000000000e+00 0.000000000000000000e+00
0.000000000000000000e+00 4.338588000013381674e+01
1.578001000002715415e+01 -9.743934000010223428e+01
9.397140000011461325e+00 -1.015156599999386628e+02
0.000000000000000000e+00 0.000000000000000000e+00
