0.000000000000000000e+00 0.000000000000000000e+00
0.000000000000000000e+00 -4.096195000000829589e-06
-5.851203000006854893e-06 -6.147794999994404819e-06
-8.917800000049491693e-07 -5.725835000008200337e-06
0.000000000000000000e+00 0.000000000000000000e+00
0.000000000000000000e+00 0.000000000000000000e+00
0.000000000000000000e+00 1.104283000001940462e-06
-1.860700000022585954e-06 7.358490000074213722e-07
5.619751000003614383e-06 5.543987999959837376e-06
0.000000000000000000e+00 0.000000000000000000e+00
