0.000000000000000000e+00 0.000000000000000000e+00
0.000000000000000000e+00 1.884018999998016852e+01
4.993119999885386129e+00 5.543407000003774243e+01
3.388529999994726438e+01 1.825703000000622751e+02
0.000000000000000000e+00 0.000000000000000000e+00
0.000000000000000000e+00 0.000000000000000000e+00
0.000000000000000000e+00 2.304492999998241487e+01
-2.110937999999507042e+01 1.261799999929813509e+00
-9.026600000128225387e-01 4.578143000004698138e+01
0.000000000000000000e+00 0.000000000000000000e+00
