0.000000000000000000e+00 0.000000000000000000e+00
0.000000000000000000e+00 1.056147399998874619e+02
-1.663462000010412467e+01 4.588178999998527274e+01
3.506436000004219977e+01 2.399919699999808529e+02
0.000000000000000000e+00 0.000000000000000000e+00
0.000000000000000000e+00 0.000000000000000000e+00
0.000000000000000000e+00 3.906849000005902184e+01
8.758006000005312330e+01 -4.008549999994225743e+01
5.843938000000269994e+01 -7.941071999997133446e+01
0.000000000000000000e+00 0.000000000000000000e+00
