0.000000000000000000e+00 0.000000000000000000e+00
0.000000000000000000e+00 -1.336270999978753093e-06
1.529323999993614791e-06 5.132890000120182705e-07
-1.541174999987460215e-06 9.674949999999987726e-06
0.000000000000000000e+00 0.000000000000000000e+00
0.000000000000000000e+00 0.000000000000000000e+00
0.000000000000000000e+00 -5.104932999977322694e-06
-2.405339999955735664e-07 -1.166418499999599678e-05
-2.000689999920313156e-07 -2.757634499995012534e-05
0.000000000000000000e+00 0.000000000000000000e+00
