0.000000000000000000e+00 0.000000000000000000e+00
0.000000000000000000e+00 5.743818999981441209e+01
3.386269999849922385e+00 6.543205999998134814e+01
-3.020300000322606593e+00 6.325464999996646043e+01
0.000000000000000000e+00 0.000000000000000000e+00
0.000000000000000000e+00 0.000000000000000000e+00
0.000000000000000000e+00 -9.695965999998443863e+01
2.995479999956529582e+00 5.435409999994257646e+01
-3.030644000019400153e+01 -4.623130000136427498e+00
0.000000000000000000e+00 0.000000000000000000e+00
