0.000000000000000000e+00 0.000000000000000000e+00
0.000000000000000000e+00 -1.036250999994926120e-06
-9.920676999980448940e-06 -3.026419000004554327e-06
-2.851241000016713212e-06 9.766257000007674827e-06
0.000000000000000000e+00 0.000000000000000000e+00
0.000000000000000000e+00 0.000000000000000000e+00
0.000000000000000000e+00 7.295078000000600194e-06
-6.108289999917637658e-07 8.016015999999515085e-06
1.719819000010891497e-06 2.828485500001778202e-05
0.000000000000000000e+00 0.000000000000000000e+00
