0.000000000000000000e+00 0.000000000000000000e+00
0.000000000000000000e+00 2.364020999996439798e+01
-1.341346999992332201e+01 -7.396829000001491750e+01
-4.561791000006198260e+01 1.134648999991938467e+01
0.000000000000000000e+00 0.000000000000000000e+00
0.000000000000000000e+00 0.000000000000000000e+00
0.000000000000000000e+00 -4.346240999992811282e+01
2.569517000006182528e+01 -1.054961999999993338e+01
5.191359999900946320e+00 -2.442661999983998555e+01
0.000000000000000000e+00 0.000000000000000000e+00
