0.000000000000000000e+00 0.000000000000000000e+00
0.000000000000000000e+00 2.032249999928126272e+00
2.979180000004521744e+01 4.465130000141911637e+00
5.782130000064888975e+00 8.499725000017389220e+01
0.000000000000000000e+00 0.000000000000000000e+00
0.000000000000000000e+00 0.000000000000000000e+00
0.000000000000000000e+00 -9.931869999990627207e+01
5.494540000094970900e+00 -2.157044999999691015e+02
-2.510139999998272842e+01 -1.159811299999535805e+02
0.000000000000000000e+00 0.000000000000000000e+00
