0.000000000000000000e+00 0.000000000000000000e+00
0.000000000000000000e+00 8.813624999997048803e+01
5.790459999954753911e+00 8.282883999988222001e+01
4.088521999994210887e+01 6.325288999990962679e+01
0.000000000000000000e+00 0.000000000000000000e+00
0.000000000000000000e+00 0.000000000000000000e+00
0.000000000000000000e+00 -1.947643699999667888e+02
-1.140774000012445377e+01 -5.524522000008857958e+01
-1.339028000001185603e+02 -4.912612000009806934e+01
0.000000000000000000e+00 0.000000000000000000e+00
