0.000000000000000000e+00 0.000000000000000000e+00
0.000000000000000000e+00 1.047377199999477284e+02
2.788906999999784375e+01 6.872882999990892472e+01
3.508177000004497614e+01 1.974504599999704624e+02
0.000000000000000000e+00 0.000000000000000000e+00
0.000000000000000000e+00 0.000000000000000000e+00
0.000000000000000000e+00 -3.057392000000990961e+01
-6.014560000067172396e+00 -4.635070999998713148e+01
1.189168000010898218e+01 -1.204249599999540408e+02
0.000000000000000000e+00 0.000000000000000000e+00
