0.000000000000000000e+00 0.000000000000000000e+00
0.000000000000000000e+00 6.664402999989603416e+01
-5.360396999993798772e+01 9.095059999997269529e+01
-3.550636999989364995e+01 -3.892422000002505911e+01
0.000000000000000000e+00 0.000000000000000000e+00
0.000000000000000000e+00 0.000000000000000000e+00
0.000000000000000000e+00 -8.060690000077919137e+00
5.903999998890796519e-01 -5.961829999996392360e+01
1.501539999937406833e+00 3.200003000001228770e+01
0.000000000000000000e+00 0.000000000000000000e+00
