0.000000000000000000e+00 0.000000000000000000e+00
0.000000000000000000e+00 4.563729000000015645e+01
-2.341196999997574579e+01 -6.097581999988666013e+01
-2.861149999979773639e+01 -5.578057999993112048e+01
0.000000000000000000e+00 0.000000000000000000e+00
0.000000000000000000e+00 0.000000000000000000e+00
0.000000000000000000e+00 1.823327999996848803e+01
1.589204999998816703e+01 -4.883898000000998252e+01
3.979251000001404037e+01 -1.149138799999116571e+02
0.000000000000000000e+00 0.000000000000000000e+00
