0.000000000000000000e+00 0.000000000000000000e+00
0.000000000000000000e+00 8.622756999994150817e+01
1.274947000000636734e+02 8.122584999989966548e+01
5.908993999985677448e+01 1.536536699999979874e+02
0.000000000000000000e+00 0.000000000000000000e+00
0.000000000000000000e+00 0.000000000000000000e+00
0.000000000000000000e+00 -4.287521000005955329e+01
6.388700000048432415e+00 9.945501000001576131e+01
5.010110999990047276e+01 3.518194999982958393e+01
0.000000000000000000e+00 0.000000000000000000e+00
