0.000000000000000000e+00 0.000000000000000000e+00
0.000000000000000000e+00 8.374838999999633415e+01
1.788433000003142226e+01 1.007421899998806083e+02
1.897601000001025540e+01 1.631226400000574017e+02
0.000000000000000000e+00 0.000000000000000000e+00
0.000000000000000000e+00 0.000000000000000000e+00
0.000000000000000000e+00 2.738839999963381899e+00
-5.372168000011834010e+01 8.060179999996309164e+01
-1.841355000001820841e+01 -3.689100000117690570e+00
0.000000000000000000e+00 0.000000000000000000e+00
