0.000000000000000000e+00 0.000000000000000000e+00
0.000000000000000000e+00 2.663619000007333426e+01
-1.280733000006417477e+01 8.421306999992771125e+01
1.338409999991351640e+01 1.656477700000991149e+02
0.000000000000000000e+00 0.000000000000000000e+00
0.000000000000000000e+00 0.000000000000000000e+00
0.000000000000000000e+00 -8.967553999987831048e+01
-1.080887999993507265e+01 6.746050000017158155e+00
2.899421000011059846e+01 -5.572827999982264657e+01
0.000000000000000000e+00 0.000000000000000000e+00
