0.000000000000000000e+00 0.000000000000000000e+00
0.000000000000000000e+00 1.353212999988252108e+01
2.028690999995585997e+01 5.884253999999253892e+01
5.608283999996022828e+01 1.306577300000055573e+02
0.000000000000000000e+00 0.000000000000000000e+00
0.000000000000000000e+00 0.000000000000000000e+00
0.000000000000000000e+00 -1.178510000077189090e+00
3.088594000004718154e+01 2.476394999981756229e+01
3.749486999997664327e+01 -5.062240000008877416e+01
0.000000000000000000e+00 0.000000000000000000e+00
