0.000000000000000000e+00 0.000000000000000000e+00
0.000000000000000000e+00 1.638889999844295176e+00
-1.280445000015894941e+01 -4.564810000040608884e+00
1.438586999993330195e+01 4.376638999978868583e+01
0.000000000000000000e+00 0.000000000000000000e+00
0.000000000000000000e+00 0.000000000000000000e+00
0.000000000000000000e+00 3.852637999992580120e+01
-1.490699999997513459e+01 -2.874467000002488248e+01
3.040899998918433766e-01 1.003808999998856279e+02
0.000000000000000000e+00 0.000000000000000000e+00
