0.000000000000000000e+00 0.000000000000000000e+00
0.000000000000000000e+00 1.101376000000930730e+02
6.359389999994746745e+01 7.923440000006110040e+01
3.228830000014947643e+01 1.380631000001741882e+02
0.000000000000000000e+00 0.000000000000000000e+00
0.000000000000000000e+00 0.000000000000000000e+00
0.000000000000000000e+00 -2.513748000000148579e+02
-2.690949999986091967e+01 -8.004010000002281799e+01
-2.113967000000327232e+02 -3.391529999992037858e+01
0.000000000000000000e+00 0.000000000000000000e+00
