0.000000000000000000e+00 0.000000000000000000e+00
0.000000000000000000e+00 -1.356539999994854639e+01
1.559109999986762674e+01 3.022900000002603349e+01
1.319019999992399406e+01 -5.623970000006031000e+01
0.000000000000000000e+00 0.000000000000000000e+00
0.000000000000000000e+00 0.000000000000000000e+00
0.000000000000000000e+00 -8.008070000000699906e+01
-3.721250000021657911e+01 -1.344520000008398597e+01
-6.703799999985267988e+00 -6.642190000010207029e+01
0.000000000000000000e+00 0.000000000000000000e+00
