0.000000000000000000e+00 0.000000000000000000e+00
0.000000000000000000e+00 7.304800000085251099e+00
2.239500000011939917e+01 -4.939379999986391567e+01
6.588400000095971265e+00 -1.152610999998415480e+02
0.000000000000000000e+00 0.000000000000000000e+00
0.000000000000000000e+00 0.000000000000000000e+00
0.000000000000000000e+00 -1.079797999998355209e+02
-5.380719999990013491e+01 -1.283499999998882686e+02
-2.293009999994044179e+01 -1.145237999999437761e+02
0.000000000000000000e+00 0.000000000000000000e+00
