0.000000000000000000e+00 0.000000000000000000e+00
0.000000000000000000e+00 1.263000000006896784e+01
-2.470749999985421752e+01 4.863230000007322218e+01
-8.113599999926004003e+00 4.466690000002324723e+01
0.000000000000000000e+00 0.000000000000000000e+00
0.000000000000000000e+00 0.000000000000000000e+00
0.000000000000000000e+00 7.317900000236576830e+00
-2.281119999976155555e+01 -4.634579999998055655e+01
-1.420289999989332230e+01 2.077810000007397662e+01
0.000000000000000000e+00 0.000000000000000000e+00
