0.000000000000000000e+00 0.000000000000000000e+00
0.000000000000000000e+00 5.344399999984705119e+01
-1.502600000002907166e+00 3.504079999976372051e+01
-6.806400000236576986e+00 3.697509999993630458e+01
0.000000000000000000e+00 0.000000000000000000e+00
0.000000000000000000e+00 0.000000000000000000e+00
0.000000000000000000e+00 -2.697820000003847696e+01
-1.040770000018120633e+01 -1.539800000083246800e+00
2.060200000000289222e+01 1.444801999997746975e+02
0.000000000000000000e+00 0.000000000000000000e+00
