0.000000000000000000e+00 0.000000000000000000e+00
0.000000000000000000e+00 5.132708899987982676e+01
-3.219063000009374775e+01 2.783952500000837915e+01
1.666871900003379281e+01 6.110400599997976201e+01
0.000000000000000000e+00 0.000000000000000000e+00
0.000000000000000000e+00 0.000000000000000000e+00
0.000000000000000000e+00 1.020431300001117592e+01
2.513507999990478936e+01 1.002012800009887883e+01
2.076779000030006372e+00 -1.185963910000199064e+02
0.000000000000000000e+00 0.000000000000000000e+00
