0.000000000000000000e+00 0.000000000000000000e+00
0.000000000000000000e+00 3.573980000011189873e+01
-1.820519999999880767e+01 2.674459999998379089e+01
1.848609999997030684e+01 -2.322959999996322722e+01
0.000000000000000000e+00 0.000000000000000000e+00
0.000000000000000000e+00 0.000000000000000000e+00
0.000000000000000000e+00 -2.231700000001612949e+01
-6.808799999991066443e+00 -9.497869999999241486e+01
-8.601300000177225513e+00 -1.708604000000057681e+02
0.000000000000000000e+00 0.000000000000000000e+00
