0.000000000000000000e+00 0.000000000000000000e+00
0.000000000000000000e+00 -2.146679999990296039e+01
1.729460000008398168e+01 -4.215709999995100077e+01
-2.771229999989354553e+01 -4.743229999992772150e+01
0.000000000000000000e+00 0.000000000000000000e+00
0.000000000000000000e+00 0.000000000000000000e+00
0.000000000000000000e+00 9.219899999979297434e+00
-3.814299999782556405e+00 -4.995459999990180222e+01
1.969400000010334750e+01 -1.870246999998714728e+02
0.000000000000000000e+00 0.000000000000000000e+00
