0.000000000000000000e+00 0.000000000000000000e+00
0.000000000000000000e+00 -1.107129999995403580e+01
4.398700000063371363e+00 4.620859999997505696e+01
-3.601219999997962162e+01 -1.965949999991335062e+01
0.000000000000000000e+00 0.000000000000000000e+00
0.000000000000000000e+00 0.000000000000000000e+00
0.000000000000000000e+00 -5.958739999989413150e+01
1.578840000000525201e+01 -1.965030000001809185e+01
2.230290000009293649e+01 -1.018200999999274359e+02
0.000000000000000000e+00 0.000000000000000000e+00
