0.000000000000000000e+00 0.000000000000000000e+00
0.000000000000000000e+00 4.083129999992163306e+01
-4.660329999994771555e+01 -6.956009999976588176e+01
-3.051229999995186049e+01 -2.221269999995723765e+01
0.000000000000000000e+00 0.000000000000000000e+00
0.000000000000000000e+00 0.000000000000000000e+00
0.000000000000000000e+00 -4.959169999996237976e+01
-5.570830000003467575e+01 -1.365150000001148101e+01
-4.530209999995537373e+01 -1.212095999999718003e+02
0.000000000000000000e+00 0.000000000000000000e+00
