0.000000000000000000e+00 0.000000000000000000e+00
0.000000000000000000e+00 7.445712000011487502e-06
7.436980000163906368e-07 1.492221999997017656e-06
-3.086377999998723975e-06 6.198258999990519102e-06
0.000000000000000000e+00 0.000000000000000000e+00
0.000000000000000000e+00 0.000000000000000000e+00
0.000000000000000000e+00 6.367689999965328584e-07
-5.391044999997207654e-06 6.336811000002412486e-06
-3.895177000001748269e-06 2.487222300000084541e-05
0.000000000000000000e+00 0.000000000000000000e+00
