0.000000000000000000e+00 0.000000000000000000e+00
0.000000000000000000e+00 3.353530000000936440e+01
-2.640079999984834558e+01 2.434539999998098381e+01
-1.607899999900297416e+00 -1.401880000002630311e+01
0.000000000000000000e+00 0.000000000000000000e+00
0.000000000000000000e+00 0.000000000000000000e+00
0.000000000000000000e+00 -4.078659999993127627e+01
-1.112299999972423237e+00 -8.149999999895740643e+00
-9.704299999846448088e+00 -1.220143999998812774e+02
0.000000000000000000e+00 0.000000000000000000e+00
