0.000000000000000000e+00 0.000000000000000000e+00
0.000000000000000000e+00 -1.666519999974357802e+01
-2.090459999977145245e+01 7.235139999999252325e+01
8.092800000070175415e+00 7.927980000022037643e+01
0.000000000000000000e+00 0.000000000000000000e+00
0.000000000000000000e+00 0.000000000000000000e+00
0.000000000000000000e+00 -3.719039999989792022e+01
-5.102799999812112297e+00 -3.824579999989197887e+01
4.295399999976190486e+00 -1.403128999998947961e+02
0.000000000000000000e+00 0.000000000000000000e+00
