0.000000000000000000e+00 0.000000000000000000e+00
0.000000000000000000e+00 -6.568999999845274829e+00
-5.707700000079366731e+00 -1.343585999999064029e+02
-9.516700000133937465e+00 1.392759000000242793e+02
0.000000000000000000e+00 0.000000000000000000e+00
0.000000000000000000e+00 0.000000000000000000e+00
0.000000000000000000e+00 1.850070000002369142e+01
2.028639999995806775e+01 2.244740000003631053e+01
-1.390449999991716368e+01 5.998110000007275744e+01
0.000000000000000000e+00 0.000000000000000000e+00
