0.000000000000000000e+00 0.000000000000000000e+00
0.000000000000000000e+00 1.188379999936259424e+00
-1.851899999932849816e+00 1.017839999925556072e+00
1.354489999996488514e+01 -5.707680000008593879e+01
0.000000000000000000e+00 0.000000000000000000e+00
0.000000000000000000e+00 0.000000000000000000e+00
0.000000000000000000e+00 -3.481833000002764322e+01
-3.148046000002734957e+01 2.705433000002587107e+01
-7.829909999909620666e+00 6.026805000002855195e+01
0.000000000000000000e+00 0.000000000000000000e+00
