0.000000000000000000e+00 0.000000000000000000e+00
0.000000000000000000e+00 6.442350000004371680e+01
4.539520000002017497e+01 1.267762999999977183e+02
7.503670000001959295e+01 1.918052000001724195e+02
0.000000000000000000e+00 0.000000000000000000e+00
0.000000000000000000e+00 0.000000000000000000e+00
0.000000000000000000e+00 5.180860000018049050e+01
1.208940000008151827e+01 3.722400000016889976e+00
1.949639999994090545e+01 1.763636000002399555e+02
0.000000000000000000e+00 0.000000000000000000e+00
