0.000000000000000000e+00 0.000000000000000000e+00
0.000000000000000000e+00 1.313340999990145891e-06
-1.521742000021308883e-06 -1.430731999992052028e-06
2.601508999985902015e-06 2.918000999999753597e-06
0.000000000000000000e+00 0.000000000000000000e+00
0.000000000000000000e+00 0.000000000000000000e+00
0.000000000000000000e+00 -2.072693000000798424e-06
6.294683999985561940e-06 -1.302777200001478675e-05
4.416962999992390948e-06 -3.499738500002853858e-05
0.000000000000000000e+00 0.000000000000000000e+00
