0.000000000000000000e+00 0.000000000000000000e+00
0.000000000000000000e+00 -2.937750000004956874e+01
4.739969999993930827e+01 -5.816930000004381895e+01
1.458819999993198735e+01 -2.024560000011277339e+01
0.000000000000000000e+00 0.000000000000000000e+00
0.000000000000000000e+00 0.000000000000000000e+00
0.000000000000000000e+00 -4.130050000012985123e+01
-2.691110000005991765e+01 -6.248600000202671367e+00
-2.619840000004369429e+01 -6.322580000008846923e+01
0.000000000000000000e+00 0.000000000000000000e+00
