0.000000000000000000e+00 0.000000000000000000e+00
0.000000000000000000e+00 -2.927280000002418703e+01
2.709450000009105963e+01 2.812469999997625081e+01
5.818519999998272851e+01 6.115339999994694153e+01
0.000000000000000000e+00 0.000000000000000000e+00
0.000000000000000000e+00 0.000000000000000000e+00
0.000000000000000000e+00 1.906000000095886548e+00
3.328969999998321327e+01 -7.605060000004381493e+01
4.380260000005353049e+01 1.418340000003402679e+01
0.000000000000000000e+00 0.000000000000000000e+00
