0.000000000000000000e+00 0.000000000000000000e+00
0.000000000000000000e+00 -1.177549999979988371e+01
-2.960429999985247917e+01 5.552220000020202662e+01
-9.809299999941066162e+00 1.795079999993285469e+01
0.000000000000000000e+00 0.000000000000000000e+00
0.000000000000000000e+00 0.000000000000000000e+00
0.000000000000000000e+00 3.706300000061446553e+00
-5.810700000052903214e+00 3.684410000017734177e+01
1.540140000011458277e+01 -1.080210999999886496e+02
0.000000000000000000e+00 0.000000000000000000e+00
