0.000000000000000000e+00 0.000000000000000000e+00
0.000000000000000000e+00 -1.745413999998174023e-06
-1.279940000098456210e-07 -4.338796000005057385e-06
-3.387272999998136580e-06 -7.146349000014193265e-06
0.000000000000000000e+00 0.000000000000000000e+00
0.000000000000000000e+00 0.000000000000000000e+00
0.000000000000000000e+00 -1.149797300000181960e-05
-5.483119999982744019e-07 -1.253832400001375635e-05
-2.058420000020100282e-06 -3.622871400003023490e-05
0.000000000000000000e+00 0.000000000000000000e+00
