0.000000000000000000e+00 0.000000000000000000e+00
0.000000000000000000e+00 1.502010000009602209e+01
8.395500000180080136e+00 1.510900000090131812e+00
-1.241519999997109380e+01 5.785110000018354981e+01
0.000000000000000000e+00 0.000000000000000000e+00
0.000000000000000000e+00 0.000000000000000000e+00
0.000000000000000000e+00 -4.559600000006990683e+01
-2.381809999987271809e+01 -3.284519999997569784e+01
-1.901199999965186294e+00 -1.287179999999388258e+02
0.000000000000000000e+00 0.000000000000000000e+00
