0.000000000000000000e+00 0.000000000000000000e+00
0.000000000000000000e+00 -0.000000000000000000e+00
0.000000000000000000e+00 0.000000000000000000e+00
0.000000000000000000e+00 0.000000000000000000e+00
0.000000000000000000e+00 0.000000000000000000e+00
0.000000000000000000e+00 0.000000000000000000e+00
0.000000000000000000e+00 -0.000000000000000000e+00
-0.000000000000000000e+00 -0.000000000000000000e+00
0.000000000000000000e+00 -5.320411999991392360e-05
0.000000000000000000e+00 0.000000000000000000e+00
