0.000000000000000000e+00 0.000000000000000000e+00
0.000000000000000000e+00 -2.477022999993480981e-06
1.910753000017306746e-06 2.428076999998890484e-06
-1.510728000010674865e-06 3.383599999906561351e-07
0.000000000000000000e+00 0.000000000000000000e+00
0.000000000000000000e+00 0.000000000000000000e+00
0.000000000000000000e+00 -2.539356900000365458e-05
-1.635438600000593823e-05 -4.332014000015677047e-06
-2.646622600002007664e-05 -5.297732099999660771e-05
0.000000000000000000e+00 0.000000000000000000e+00
