0.000000000000000000e+00 0.000000000000000000e+00
0.000000000000000000e+00 -4.775700000014808211e+00
-4.121020000000807215e+01 -2.275600000034572190e+00
-6.413300000041033400e+00 9.543810000012251749e+01
0.000000000000000000e+00 0.000000000000000000e+00
0.000000000000000000e+00 0.000000000000000000e+00
0.000000000000000000e+00 -2.030089999995876582e+01
-3.041299999999580450e+01 -1.595230000011049754e+01
-1.780260000003863752e+01 -6.902870000000669393e+01
0.000000000000000000e+00 0.000000000000000000e+00
