0.000000000000000000e+00 0.000000000000000000e+00
0.000000000000000000e+00 8.878863000002789363e+01
1.191164000008959434e+01 1.145834500000636496e+02
-4.227465999994406332e+01 7.201665000019505669e+01
0.000000000000000000e+00 0.000000000000000000e+00
0.000000000000000000e+00 0.000000000000000000e+00
0.000000000000000000e+00 3.233416000006373281e+01
2.523994000011020589e+01 -3.118519999895099204e+00
3.488238000009801709e+01 -1.967109599999655529e+02
0.000000000000000000e+00 0.000000000000000000e+00
