0.000000000000000000e+00 0.000000000000000000e+00
0.000000000000000000e+00 3.262630000004928377e+01
-1.479999999987046877e+01 7.551030000008117327e+01
-5.012199999843147680e+00 -4.970769999990130827e+01
0.000000000000000000e+00 0.000000000000000000e+00
0.000000000000000000e+00 0.000000000000000000e+00
0.000000000000000000e+00 3.868920000009712368e+01
4.088770000019169970e+01 -3.124089999979595689e+01
9.409580000014904044e+01 -1.358259999999278307e+02
0.000000000000000000e+00 0.000000000000000000e+00
