0.000000000000000000e+00 0.000000000000000000e+00
0.000000000000000000e+00 4.761359999987389813e+01
-3.630919999995096958e+01 8.221869999982531851e+01
1.586099999983943576e+00 -1.749880000008198522e+01
0.000000000000000000e+00 0.000000000000000000e+00
0.000000000000000000e+00 0.000000000000000000e+00
0.000000000000000000e+00 1.219169999993053466e+01
1.338499999996578183e+01 -1.149553999999497336e+02
6.311580000000204649e+01 -1.388190000000344355e+02
0.000000000000000000e+00 0.000000000000000000e+00
