0.000000000000000000e+00 0.000000000000000000e+00
0.000000000000000000e+00 1.124400000196423832e+00
-1.760090000002545096e+01 2.176089000000436329e+02
-3.271289999997595288e+01 3.715434000000516335e+02
0.000000000000000000e+00 0.000000000000000000e+00
0.000000000000000000e+00 0.000000000000000000e+00
0.000000000000000000e+00 -2.420520000006032291e+01
1.988999999968932730e+00 4.047500000092796313e+00
5.991000001870361302e-01 -8.581770000000153686e+01
0.000000000000000000e+00 0.000000000000000000e+00
