0.000000000000000000e+00 0.000000000000000000e+00
0.000000000000000000e+00 2.632179999992877129e+01
-1.740099999998356495e+01 -2.297529999986115001e+01
-8.176000000137406687e-01 -5.655110000006845894e+01
0.000000000000000000e+00 0.000000000000000000e+00
0.000000000000000000e+00 0.000000000000000000e+00
0.000000000000000000e+00 -6.360389999997551058e+01
-2.750809999998437760e+01 -1.761546000000002437e+02
-1.280250000004201461e+01 -1.738216999999542054e+02
0.000000000000000000e+00 0.000000000000000000e+00
