0.000000000000000000e+00 0.000000000000000000e+00
0.000000000000000000e+00 -9.783199999890968002e+00
2.829150000007718546e+01 1.900849999996178497e+01
-2.432649999983826561e+01 -2.296239999979300705e+01
0.000000000000000000e+00 0.000000000000000000e+00
0.000000000000000000e+00 0.000000000000000000e+00
0.000000000000000000e+00 -4.017600000016940953e+00
1.378660000013187492e+01 2.829800000059279341e+00
2.209850000003399018e+01 -1.319394999999223614e+02
0.000000000000000000e+00 0.000000000000000000e+00
