0.000000000000000000e+00 0.000000000000000000e+00
0.000000000000000000e+00 4.522199999998920816e+01
6.429700000005756522e+01 -5.297240000010638994e+01
2.318699999999117267e+01 -5.403589999999346105e+01
0.000000000000000000e+00 0.000000000000000000e+00
0.000000000000000000e+00 0.000000000000000000e+00
0.000000000000000000e+00 -1.180959999997899956e+01
2.048999999992861376e+01 -5.975590000011354874e+01
-1.640560000006896146e+01 -2.400137999999384988e+02
0.000000000000000000e+00 0.000000000000000000e+00
