0.000000000000000000e+00 0.000000000000000000e+00
0.000000000000000000e+00 2.573040000006798067e+01
1.919860000005879641e+01 4.693010000011989291e+01
1.798720000019126530e+01 -5.738599999860497292e+00
0.000000000000000000e+00 0.000000000000000000e+00
0.000000000000000000e+00 0.000000000000000000e+00
0.000000000000000000e+00 -3.260809999987568375e+01
3.128960000027269928e+01 -7.785259999972814171e+01
-6.629939999975852061e+01 -1.071739999982668223e+01
0.000000000000000000e+00 0.000000000000000000e+00
