0.000000000000000000e+00 0.000000000000000000e+00
0.000000000000000000e+00 1.021890000014735733e+01
-1.389889999983129165e+01 7.202300000026528437e+01
1.498669999999702007e+01 -4.194609999990103688e+01
0.000000000000000000e+00 0.000000000000000000e+00
0.000000000000000000e+00 0.000000000000000000e+00
0.000000000000000000e+00 -3.542059999983582230e+01
-2.310099999869308363e+00 -1.985710000000918285e+01
1.990650000012194809e+01 5.457800000026048792e+01
0.000000000000000000e+00 0.000000000000000000e+00
