0.000000000000000000e+00 0.000000000000000000e+00
0.000000000000000000e+00 3.582620000011081629e+01
7.493700000082980317e+00 6.463230000020026011e+01
1.999110000014958644e+01 1.107655000001983296e+02
0.000000000000000000e+00 0.000000000000000000e+00
0.000000000000000000e+00 0.000000000000000000e+00
0.000000000000000000e+00 -1.721729999990539284e+01
-3.113999999881931657e+00 -8.505119999990816382e+01
-7.970999999384885681e-01 -1.084174999998577249e+02
0.000000000000000000e+00 0.000000000000000000e+00
