0.000000000000000000e+00 0.000000000000000000e+00
0.000000000000000000e+00 -7.697990000008481104e+01
-4.091109999995179436e+01 -1.027027999999097005e+02
-1.831639999994027690e+01 -7.906630000003023895e+01
0.000000000000000000e+00 0.000000000000000000e+00
0.000000000000000000e+00 0.000000000000000000e+00
0.000000000000000000e+00 -9.022309999997534646e+01
-2.741960000001153119e+01 9.537299999995418887e+00
6.922999999936507720e-01 -1.184260000001158062e+02
0.000000000000000000e+00 0.000000000000000000e+00
