0.000000000000000000e+00 0.000000000000000000e+00
0.000000000000000000e+00 1.510909999988818342e+01
3.199320000006888876e+01 1.301500000061579954e+00
7.887460000000066884e+01 1.491469999990167139e+01
0.000000000000000000e+00 0.000000000000000000e+00
0.000000000000000000e+00 0.000000000000000000e+00
0.000000000000000000e+00 -5.071639999982835434e+01
8.586100000074203820e+00 -4.445330000004686610e+01
4.129720000010106418e+01 -8.418599999915329590e+00
0.000000000000000000e+00 0.000000000000000000e+00
