0.000000000000000000e+00 0.000000000000000000e+00
0.000000000000000000e+00 4.293329999940399822e-07
1.860525999985984669e-06 8.990670000003780915e-06
3.896076000001191808e-06 8.929359999992891872e-06
0.000000000000000000e+00 0.000000000000000000e+00
0.000000000000000000e+00 0.000000000000000000e+00
0.000000000000000000e+00 1.937259999978610536e-07
2.746710000001151286e-07 1.320415000002211903e-06
3.924882000003182547e-06 4.118363999999416492e-06
0.000000000000000000e+00 0.000000000000000000e+00
