0.000000000000000000e+00 0.000000000000000000e+00
0.000000000000000000e+00 6.711339999998510564e+01
3.218839999985512179e+01 5.700159999983968362e+01
5.438199999996395206e+01 1.896333000000582842e+02
0.000000000000000000e+00 0.000000000000000000e+00
0.000000000000000000e+00 0.000000000000000000e+00
0.000000000000000000e+00 6.886780000001645874e+01
3.727839999980719199e+01 1.262203999999655792e+02
2.389309999990540589e+01 2.606200000003778428e+01
0.000000000000000000e+00 0.000000000000000000e+00
