0.000000000000000000e+00 0.000000000000000000e+00
0.000000000000000000e+00 1.295143999998416007e+02
-5.030120000009130621e+01 -2.113700000012651969e+01
3.358339999979253321e+01 -5.751440000008045672e+01
0.000000000000000000e+00 0.000000000000000000e+00
0.000000000000000000e+00 0.000000000000000000e+00
0.000000000000000000e+00 -3.582860000015396906e+01
6.098709999982076368e+01 -8.366500000021036954e+01
6.169899999972638227e+01 -1.237332000002089245e+02
0.000000000000000000e+00 0.000000000000000000e+00
