0.000000000000000000e+00 0.000000000000000000e+00
0.000000000000000000e+00 5.884410000010125222e-06
3.683409000004855827e-06 4.392046999986132239e-06
-3.334600000293175270e-08 9.912397000004860570e-06
0.000000000000000000e+00 0.000000000000000000e+00
0.000000000000000000e+00 0.000000000000000000e+00
0.000000000000000000e+00 -6.401264000005513211e-06
2.718259999867633780e-07 -5.180006000009979017e-06
-4.707168000002426300e-06 3.867569999994532881e-06
0.000000000000000000e+00 0.000000000000000000e+00
