0.000000000000000000e+00 0.000000000000000000e+00
0.000000000000000000e+00 2.396438000014941908e-06
6.628370000094641057e-07 2.952281999996780870e-06
-1.415879999980274029e-07 -1.052776000001753864e-06
0.000000000000000000e+00 0.000000000000000000e+00
0.000000000000000000e+00 0.000000000000000000e+00
0.000000000000000000e+00 1.180680999999638575e-05
5.016160000148595088e-07 1.487093899999944457e-05
5.124809000021934846e-06 1.404192900002210198e-05
0.000000000000000000e+00 0.000000000000000000e+00
