0.000000000000000000e+00 0.000000000000000000e+00
0.000000000000000000e+00 3.845629999994494597e+01
-3.620429999997564607e+01 3.204830000009818036e+01
5.842999999989827842e+01 1.598498000000114416e+02
0.000000000000000000e+00 0.000000000000000000e+00
0.000000000000000000e+00 0.000000000000000000e+00
0.000000000000000000e+00 -2.242850000009343603e+01
-3.014800000000761315e+00 -6.205649999986295029e+01
8.500999999894176540e+00 -2.207178999999115376e+02
0.000000000000000000e+00 0.000000000000000000e+00
