0.000000000000000000e+00 0.000000000000000000e+00
0.000000000000000000e+00 -3.649339999980404059e+01
4.294100000135083306e+00 -2.979669999989553730e+01
-9.617600000044749464e+00 3.141180000005849138e+01
0.000000000000000000e+00 0.000000000000000000e+00
0.000000000000000000e+00 0.000000000000000000e+00
0.000000000000000000e+00 3.156970000002257137e+01
-4.061169999978186951e+01 2.754730000025241310e+01
3.599780000018703419e+01 -8.991869999983582318e+01
0.000000000000000000e+00 0.000000000000000000e+00
