0.000000000000000000e+00 0.000000000000000000e+00
0.000000000000000000e+00 0.000000000000000000e+00
0.000000000000000000e+00 -0.000000000000000000e+00
-0.000000000000000000e+00 0.000000000000000000e+00
0.000000000000000000e+00 0.000000000000000000e+00
0.000000000000000000e+00 0.000000000000000000e+00
0.000000000000000000e+00 -0.000000000000000000e+00
-0.000000000000000000e+00 -0.000000000000000000e+00
0.000000000000000000e+00 -2.288444000000250389e-05
0.000000000000000000e+00 0.000000000000000000e+00
