0.000000000000000000e+00 0.000000000000000000e+00
0.000000000000000000e+00 7.950739999997844620e+01
4.029630000013106894e+01 7.425870000012935179e+01
5.658040000011687454e+01 2.011247000000659568e+02
0.000000000000000000e+00 0.000000000000000000e+00
0.000000000000000000e+00 0.000000000000000000e+00
0.000000000000000000e+00 -1.564129999997997800e+01
-3.315699999806298592e+00 -8.006939999993798551e+01
4.998000000533409093e-01 -1.919076999999491591e+02
0.000000000000000000e+00 0.000000000000000000e+00
