0.000000000000000000e+00 0.000000000000000000e+00
0.000000000000000000e+00 -6.148489999990846400e+01
-2.600590000003677105e+01 2.540849999999039710e+01
6.785199999992387987e+00 6.413950000003774221e+01
0.000000000000000000e+00 0.000000000000000000e+00
0.000000000000000000e+00 0.000000000000000000e+00
0.000000000000000000e+00 -3.994529999995499736e+01
6.683099999982287542e+00 -1.222663999999040527e+02
3.019770000016741562e+01 -1.515290999999363351e+02
0.000000000000000000e+00 0.000000000000000000e+00
