0.000000000000000000e+00 0.000000000000000000e+00
0.000000000000000000e+00 -7.789350000009243047e+01
-1.940810000009562586e+01 -3.179020000010357450e+01
1.308839999984989610e+01 -4.626239999998559682e+01
0.000000000000000000e+00 0.000000000000000000e+00
0.000000000000000000e+00 0.000000000000000000e+00
0.000000000000000000e+00 1.515029999978878550e+01
-3.175000001132135541e-01 -5.746009999996192619e+01
2.059949999986265823e+01 -2.007279000001860254e+02
0.000000000000000000e+00 0.000000000000000000e+00
