0.000000000000000000e+00 0.000000000000000000e+00
0.000000000000000000e+00 -1.318610000000663263e+01
-6.706600000194741895e+00 3.959680000000798827e+01
-3.332709999992466976e+01 6.673239999996917504e+01
0.000000000000000000e+00 0.000000000000000000e+00
0.000000000000000000e+00 0.000000000000000000e+00
0.000000000000000000e+00 -1.796629999999411353e+01
-5.802410000002033286e+01 1.962619999988925201e+01
9.796799999906014023e+00 -1.405348000001138189e+02
0.000000000000000000e+00 0.000000000000000000e+00
