0.000000000000000000e+00 0.000000000000000000e+00
0.000000000000000000e+00 2.202229999996862375e+01
-1.499599999998931565e+00 3.221199999994263408e+01
-4.990800000004291093e+01 1.048415000000302086e+02
0.000000000000000000e+00 0.000000000000000000e+00
0.000000000000000000e+00 0.000000000000000000e+00
0.000000000000000000e+00 -3.525840000007108443e+01
3.898450000003883531e+01 1.171338000000687600e+02
2.380349999995256738e+01 5.741939999996947108e+01
0.000000000000000000e+00 0.000000000000000000e+00
