0.000000000000000000e+00 0.000000000000000000e+00
0.000000000000000000e+00 3.039871999997446039e+01
7.895316000011142421e+01 -3.254859000004218217e+01
5.155816999988238081e+01 7.695144000006703777e+01
0.000000000000000000e+00 0.000000000000000000e+00
0.000000000000000000e+00 0.000000000000000000e+00
0.000000000000000000e+00 4.887009000004161408e+01
2.563067999991064028e+01 1.227376999999474378e+02
1.846901999989491827e+01 1.089651699999305663e+02
0.000000000000000000e+00 0.000000000000000000e+00
