0.000000000000000000e+00 0.000000000000000000e+00
0.000000000000000000e+00 6.372649999986100511e+01
-7.700900000107145260e+00 -1.014838000001461182e+02
1.989899999932378094e+00 4.694470000006222676e+01
0.000000000000000000e+00 0.000000000000000000e+00
0.000000000000000000e+00 0.000000000000000000e+00
0.000000000000000000e+00 -6.816740000006315370e+01
-6.214600000076231368e+00 -8.806200000015527962e+01
7.002399999933571983e+00 -1.482199000001127445e+02
0.000000000000000000e+00 0.000000000000000000e+00
