0.000000000000000000e+00 0.000000000000000000e+00
0.000000000000000000e+00 -4.147660000011210713e+01
-4.960639999997962235e+01 -9.668619999987359392e+01
-1.971739999995225645e+01 -1.269522000000077924e+02
0.000000000000000000e+00 0.000000000000000000e+00
0.000000000000000000e+00 0.000000000000000000e+00
0.000000000000000000e+00 -4.937610000002034383e+01
5.898390000000919287e+01 -1.351698999999095747e+02
2.650109999995375532e+01 -1.666298000000398929e+02
0.000000000000000000e+00 0.000000000000000000e+00
