0.000000000000000000e+00 0.000000000000000000e+00
0.000000000000000000e+00 -3.071899999995693520e+00
-6.360790000001780697e+01 5.941849999981930353e+01
-1.304129999998959590e+02 -9.434570000002025836e+01
0.000000000000000000e+00 0.000000000000000000e+00
0.000000000000000000e+00 0.000000000000000000e+00
0.000000000000000000e+00 9.572890000006938749e+01
1.517690000001347883e+01 -9.687049999997918803e+01
-2.910870000005782998e+01 -2.387306000000144195e+02
0.000000000000000000e+00 0.000000000000000000e+00
