0.000000000000000000e+00 0.000000000000000000e+00
0.000000000000000000e+00 -1.127429999983053932e+01
-2.281369999996840292e+01 9.551450000007122298e+01
-6.019899999998301610e+00 2.164879999995150683e+01
0.000000000000000000e+00 0.000000000000000000e+00
0.000000000000000000e+00 0.000000000000000000e+00
0.000000000000000000e+00 -3.867849999996674626e+01
-1.240999999874149440e-01 -9.536939999992276285e+01
-2.929940000000463485e+01 -2.534316999999174982e+02
0.000000000000000000e+00 0.000000000000000000e+00
