0.000000000000000000e+00 0.000000000000000000e+00
0.000000000000000000e+00 -3.017560000004859688e+01
5.892199999912863362e+00 -4.998470000010524217e+01
-1.271470000012708645e+01 5.574369999992165958e+01
0.000000000000000000e+00 0.000000000000000000e+00
0.000000000000000000e+00 0.000000000000000000e+00
0.000000000000000000e+00 -2.198759999998411274e+01
-1.512049999994324700e+01 -8.777639999995034259e+01
-9.003200000035072037e+00 -1.105351999999948305e+02
0.000000000000000000e+00 0.000000000000000000e+00
