0.000000000000000000e+00 0.000000000000000000e+00
0.000000000000000000e+00 3.071519999988670691e+01
-5.830940000015604596e+01 4.488940000000330599e+01
-1.244590000002432362e+01 -7.833000000156971510e+00
0.000000000000000000e+00 0.000000000000000000e+00
0.000000000000000000e+00 0.000000000000000000e+00
0.000000000000000000e+00 -3.231310000015862727e+01
-4.425200000146566559e+00 -1.928890000015837103e+01
1.969649999988831723e+01 -2.093230000015378778e+01
0.000000000000000000e+00 0.000000000000000000e+00
