0.000000000000000000e+00 0.000000000000000000e+00
0.000000000000000000e+00 -4.467530000000773782e+01
-6.207499999999476437e+00 4.251150000009751295e+01
-3.381289999988545958e+01 9.145830000003572025e+01
0.000000000000000000e+00 0.000000000000000000e+00
0.000000000000000000e+00 0.000000000000000000e+00
0.000000000000000000e+00 -4.691039999997759224e+01
-7.125699999899204329e+00 -6.978319999999536094e+01
-6.101399999991484080e+00 -2.033308000000122320e+02
0.000000000000000000e+00 0.000000000000000000e+00
