0.000000000000000000e+00 0.000000000000000000e+00
0.000000000000000000e+00 -2.123220000007069314e-06
-4.531580000133317299e-07 5.889599998670780323e-08
-9.945479999967643536e-07 5.794962999988717556e-06
0.000000000000000000e+00 0.000000000000000000e+00
0.000000000000000000e+00 0.000000000000000000e+00
0.000000000000000000e+00 2.099199999071321709e-08
-1.618800000158238106e-07 -1.597125100000554299e-05
2.268837000003742776e-06 -5.127201599999190590e-05
0.000000000000000000e+00 0.000000000000000000e+00
