0.000000000000000000e+00 0.000000000000000000e+00
0.000000000000000000e+00 -2.189130000007642707e+01
3.791699999999843307e+00 5.839450000011404995e+01
-2.516499999827281897e+00 4.624200000136198696e+00
0.000000000000000000e+00 0.000000000000000000e+00
0.000000000000000000e+00 0.000000000000000000e+00
0.000000000000000000e+00 -7.561819999992724206e+01
-2.342509999988528691e+01 -3.478209999991932477e+01
-1.801799999778808115e+00 -1.825298999998281317e+02
0.000000000000000000e+00 0.000000000000000000e+00
