0.000000000000000000e+00 0.000000000000000000e+00
0.000000000000000000e+00 -4.098180000011718960e+01
1.299599999982081400e+01 1.670789999985711916e+01
-1.231280000009160602e+01 -3.137210000003776145e+01
0.000000000000000000e+00 0.000000000000000000e+00
0.000000000000000000e+00 0.000000000000000000e+00
0.000000000000000000e+00 -6.381670000010774402e+01
1.675299999814860552e+00 -6.327400000007976644e+01
4.605599999774057096e+00 -1.930219000000787446e+02
0.000000000000000000e+00 0.000000000000000000e+00
