0.000000000000000000e+00 0.000000000000000000e+00
0.000000000000000000e+00 3.771819999980328930e+01
-3.630950000004240508e+01 -6.849039999996530526e+01
-4.481809999998808536e+01 -3.347540000009365713e+01
0.000000000000000000e+00 0.000000000000000000e+00
0.000000000000000000e+00 0.000000000000000000e+00
0.000000000000000000e+00 7.578319999996807610e+01
9.775599999861665168e+00 -9.767619999998532876e+01
3.320240000002083747e+01 -9.812460000000466209e+01
0.000000000000000000e+00 0.000000000000000000e+00
