0.000000000000000000e+00 0.000000000000000000e+00
0.000000000000000000e+00 -9.085599999814071737e+00
3.478940000019025547e+01 1.068299000001049279e+02
3.297980000009913937e+01 4.192850000019896584e+01
0.000000000000000000e+00 0.000000000000000000e+00
0.000000000000000000e+00 0.000000000000000000e+00
0.000000000000000000e+00 9.188410000009470480e+01
-1.825499999963397624e+00 4.851699999994796997e+01
1.849890000007459179e+01 -5.472900000003112098e+01
0.000000000000000000e+00 0.000000000000000000e+00
