0.000000000000000000e+00 0.000000000000000000e+00
0.000000000000000000e+00 8.781878999982727407e+01
2.890226000002993345e+01 1.892303999995736774e+01
7.452904999993847923e+01 1.287863299998637387e+02
0.000000000000000000e+00 0.000000000000000000e+00
0.000000000000000000e+00 0.000000000000000000e+00
0.000000000000000000e+00 5.961075999992292651e+01
-1.331923000013057568e+01 -5.772660000014640502e+01
2.765627999999353648e+01 -4.725953000013771543e+01
0.000000000000000000e+00 0.000000000000000000e+00
