0.000000000000000000e+00 0.000000000000000000e+00
0.000000000000000000e+00 3.631799999994633055e+01
-1.621279999994840182e+01 7.909309999996060014e+01
1.187479999988916290e+01 9.061620000001545350e+01
0.000000000000000000e+00 0.000000000000000000e+00
0.000000000000000000e+00 0.000000000000000000e+00
0.000000000000000000e+00 -1.432949999988774437e+01
5.107410000007028117e+01 -2.678759999992230334e+01
4.479780000004040375e+01 -1.103360999999525234e+02
0.000000000000000000e+00 0.000000000000000000e+00
