0.000000000000000000e+00 0.000000000000000000e+00
0.000000000000000000e+00 -9.925200000007183121e+01
-1.480760000023284562e+01 -5.827290000013361748e+01
2.310659999991138136e+01 9.794209999987035076e+01
0.000000000000000000e+00 0.000000000000000000e+00
0.000000000000000000e+00 0.000000000000000000e+00
0.000000000000000000e+00 -2.990130000006807620e+01
2.577659999998260787e+01 -5.306400000004707351e+01
5.410050000003163717e+01 -1.435014000001455372e+02
0.000000000000000000e+00 0.000000000000000000e+00
