0.000000000000000000e+00 0.000000000000000000e+00
0.000000000000000000e+00 -8.657140000014605619e+01
7.859240000012145799e+01 6.510489999993484389e+01
6.368019999996032254e+01 1.455307999999266713e+02
0.000000000000000000e+00 0.000000000000000000e+00
0.000000000000000000e+00 0.000000000000000000e+00
0.000000000000000000e+00 -1.072609999988038254e+01
3.857230000008370752e+01 -3.876999999041856881e-01
1.800059999996772575e+01 -1.652270999999760761e+02
0.000000000000000000e+00 0.000000000000000000e+00
