0.000000000000000000e+00 0.000000000000000000e+00
0.000000000000000000e+00 -3.847890000014952250e+01
1.049410000002470866e+01 8.360349999998462067e+01
3.348760000001504977e+01 1.111327999999023177e+02
0.000000000000000000e+00 0.000000000000000000e+00
0.000000000000000000e+00 0.000000000000000000e+00
0.000000000000000000e+00 1.473940000003005224e+01
-3.553199999990486191e+01 -1.829479999988503636e+01
-1.900160000014583517e+01 -2.043251999999995121e+02
0.000000000000000000e+00 0.000000000000000000e+00
