0.000000000000000000e+00 0.000000000000000000e+00
0.000000000000000000e+00 2.282560000002041534e+01
-2.220840000013435045e+01 -3.498760000002486947e+01
1.708859999989265432e+01 -8.506000001018207968e-01
0.000000000000000000e+00 0.000000000000000000e+00
0.000000000000000000e+00 0.000000000000000000e+00
0.000000000000000000e+00 -8.535710000008299403e+01
-1.022950000015842953e+01 -2.239060000008841911e+01
1.450880000000154091e+01 -1.596033999999857258e+02
0.000000000000000000e+00 0.000000000000000000e+00
