0.000000000000000000e+00 0.000000000000000000e+00
0.000000000000000000e+00 -8.205758000013884157e+01
-1.265723000015706035e+01 -8.027038000007479468e+01
-4.170447000012566718e+01 -3.413575000015822525e+01
0.000000000000000000e+00 0.000000000000000000e+00
0.000000000000000000e+00 0.000000000000000000e+00
0.000000000000000000e+00 3.244521999990480055e+01
1.894352999983750507e+01 -2.415087000023351038e+01
4.445132999998934764e+01 1.756299999996491579e+01
0.000000000000000000e+00 0.000000000000000000e+00
