0.000000000000000000e+00 0.000000000000000000e+00
0.000000000000000000e+00 1.191669999993650464e+01
-2.330420000005161896e+01 -4.979679999992381312e+01
-5.209999999200580767e-01 1.920437000000551677e+02
0.000000000000000000e+00 0.000000000000000000e+00
0.000000000000000000e+00 0.000000000000000000e+00
0.000000000000000000e+00 -2.090569999997348916e+01
1.706709999997890748e+01 4.508380000003421628e+01
2.579989999993426153e+01 -1.593179999999085794e+01
0.000000000000000000e+00 0.000000000000000000e+00
