0.000000000000000000e+00 0.000000000000000000e+00
0.000000000000000000e+00 2.419599999936572488e+00
2.729339999993917942e+01 4.241139999994204857e+01
6.787499999827415920e+00 2.071257999999964454e+02
0.000000000000000000e+00 0.000000000000000000e+00
0.000000000000000000e+00 0.000000000000000000e+00
0.000000000000000000e+00 3.092400000070938404e+00
7.955599999842634773e+00 -3.821840000011179939e+01
3.698599999979457209e+00 -9.674369999992381963e+01
0.000000000000000000e+00 0.000000000000000000e+00
