0.000000000000000000e+00 0.000000000000000000e+00
0.000000000000000000e+00 -1.095777000000630608e+02
6.097099999902155787e+00 4.307309999986851778e+01
7.269099999989147420e+01 1.982649999991980394e+01
0.000000000000000000e+00 0.000000000000000000e+00
0.000000000000000000e+00 0.000000000000000000e+00
0.000000000000000000e+00 -3.550560000007418182e+01
4.665399999925769592e+00 -6.300180000011755510e+01
2.607999999848505723e+00 -2.771346000001173024e+02
0.000000000000000000e+00 0.000000000000000000e+00
