0.000000000000000000e+00 0.000000000000000000e+00
0.000000000000000000e+00 2.142470000008333386e+01
-1.520599999997873297e+01 1.004233000000187417e+02
4.568689999990826323e+01 6.105040000012883183e+01
0.000000000000000000e+00 0.000000000000000000e+00
0.000000000000000000e+00 0.000000000000000000e+00
0.000000000000000000e+00 -6.821959999998571789e+01
4.316120000005251711e+01 -8.501509999998545197e+01
2.139889999994703729e+01 -1.249353000000174916e+02
0.000000000000000000e+00 0.000000000000000000e+00
