0.000000000000000000e+00 0.000000000000000000e+00
0.000000000000000000e+00 -1.230909300002766202e-06
-3.234814699992760723e-06 -4.417241900010054900e-06
-1.321064799997273553e-06 9.146718800001965577e-06
0.000000000000000000e+00 0.000000000000000000e+00
0.000000000000000000e+00 0.000000000000000000e+00
0.000000000000000000e+00 4.773115400012913068e-06
3.529486700015738165e-06 1.068025599994248953e-06
3.120600799995376651e-06 -1.667826809996757892e-05
0.000000000000000000e+00 0.000000000000000000e+00
