0.000000000000000000e+00 0.000000000000000000e+00
0.000000000000000000e+00 1.949339999987032712e+01
-3.730570000002319375e+01 -2.610950000017098205e+01
-4.723719999992769658e+01 6.956219999993965075e+01
0.000000000000000000e+00 0.000000000000000000e+00
0.000000000000000000e+00 0.000000000000000000e+00
0.000000000000000000e+00 -8.332570000009198452e+01
-1.533640000010993809e+01 -2.462140000014657204e+01
1.460039999987561110e+01 -1.374880000000411258e+02
0.000000000000000000e+00 0.000000000000000000e+00
