0.000000000000000000e+00 0.000000000000000000e+00
0.000000000000000000e+00 4.710129999985213090e+01
5.694099999931089506e+00 8.248539999993198535e+01
1.998079999991908551e+01 1.693538999998800421e+02
0.000000000000000000e+00 0.000000000000000000e+00
0.000000000000000000e+00 0.000000000000000000e+00
0.000000000000000000e+00 7.309570000002541690e+01
3.106719999990125913e+01 1.430499999983680937e+01
8.449710000006936639e+01 -6.150580000012783444e+01
0.000000000000000000e+00 0.000000000000000000e+00
