0.000000000000000000e+00 0.000000000000000000e+00
0.000000000000000000e+00 6.740630000010573042e+01
4.750370000006221005e+01 1.154871000000667749e+02
5.057209999994593375e+01 1.844241000000134818e+02
0.000000000000000000e+00 0.000000000000000000e+00
0.000000000000000000e+00 0.000000000000000000e+00
0.000000000000000000e+00 -5.981769999989782605e+01
-2.113449999980865002e+01 2.328770000006309004e+01
1.240720000008632518e+01 -1.449333999999024911e+02
0.000000000000000000e+00 0.000000000000000000e+00
