0.000000000000000000e+00 0.000000000000000000e+00
0.000000000000000000e+00 -0.000000000000000000e+00
-0.000000000000000000e+00 0.000000000000000000e+00
-0.000000000000000000e+00 0.000000000000000000e+00
0.000000000000000000e+00 0.000000000000000000e+00
0.000000000000000000e+00 0.000000000000000000e+00
0.000000000000000000e+00 -0.000000000000000000e+00
0.000000000000000000e+00 -0.000000000000000000e+00
0.000000000000000000e+00 -3.707324000003925368e-05
0.000000000000000000e+00 0.000000000000000000e+00
