0.000000000000000000e+00 0.000000000000000000e+00
0.000000000000000000e+00 1.245050000000302930e+02
-1.920489999989171892e+01 8.588800000008943414e+01
1.052704000000348543e+02 2.910709999999649540e+02
0.000000000000000000e+00 0.000000000000000000e+00
0.000000000000000000e+00 0.000000000000000000e+00
0.000000000000000000e+00 2.023240000006421724e+01
2.625880000000080017e+01 -6.927599999961842059e+00
6.290240000002000897e+01 -1.858463999999448788e+02
0.000000000000000000e+00 0.000000000000000000e+00
