0.000000000000000000e+00 0.000000000000000000e+00
0.000000000000000000e+00 3.410000000025892319e+01
5.393400000008874429e+00 1.011875000001216449e+02
6.686840000009740947e+01 -7.681759999991211885e+01
0.000000000000000000e+00 0.000000000000000000e+00
0.000000000000000000e+00 0.000000000000000000e+00
0.000000000000000000e+00 9.632400000181291944e+00
2.375730000010456067e+01 -8.782419999977530267e+01
6.769470000012044864e+01 -1.682323999999013324e+02
0.000000000000000000e+00 0.000000000000000000e+00
