0.000000000000000000e+00 0.000000000000000000e+00
0.000000000000000000e+00 3.790669999995665762e+01
2.761570000001655956e+01 4.166169999991754480e+01
7.051449999994075313e+01 1.481054999999731479e+02
0.000000000000000000e+00 0.000000000000000000e+00
0.000000000000000000e+00 0.000000000000000000e+00
0.000000000000000000e+00 -2.607930000012581218e+01
2.460309999996468022e+01 -3.353750000008037802e+01
1.076239999996397678e+01 -1.610342000000541702e+02
0.000000000000000000e+00 0.000000000000000000e+00
