0.000000000000000000e+00 0.000000000000000000e+00
0.000000000000000000e+00 3.563160000000785743e+01
9.498200000113145691e+00 -1.993240000000005807e+01
5.017279999998125106e+01 1.749099000001085926e+02
0.000000000000000000e+00 0.000000000000000000e+00
0.000000000000000000e+00 0.000000000000000000e+00
0.000000000000000000e+00 1.055099999969222324e+00
4.363979999996158909e+01 4.122619999996634021e+01
5.210009999994102259e+01 -1.000073999999684133e+02
0.000000000000000000e+00 0.000000000000000000e+00
