0.000000000000000000e+00 0.000000000000000000e+00
0.000000000000000000e+00 -1.524207999999749177e+02
6.683999999923528890e-01 3.250840000004197350e+01
-1.037520000010116661e+01 8.344600000131919160e+00
0.000000000000000000e+00 0.000000000000000000e+00
0.000000000000000000e+00 0.000000000000000000e+00
0.000000000000000000e+00 -7.612649999992892447e+01
-1.013340000001194774e+01 -2.802119999997242417e+01
-8.994999999734041296e-01 -2.324365999999189398e+02
0.000000000000000000e+00 0.000000000000000000e+00
