0.000000000000000000e+00 0.000000000000000000e+00
0.000000000000000000e+00 4.983800000180060863e+00
6.494000000045742738e+00 -1.486150000000741045e+01
5.662300000053292592e+00 3.290000000003567493e+01
0.000000000000000000e+00 0.000000000000000000e+00
0.000000000000000000e+00 0.000000000000000000e+00
0.000000000000000000e+00 -6.350819999997312948e+01
-4.796299999831887817e+00 -2.328739999999829138e+02
-2.339779999996904536e+01 -4.361515999998788402e+02
0.000000000000000000e+00 0.000000000000000000e+00
