0.000000000000000000e+00 0.000000000000000000e+00
0.000000000000000000e+00 6.717240000000401778e+01
4.367989999995990757e+01 8.736220000009618047e+01
4.830499999941560318e+00 -4.488640000003260866e+01
0.000000000000000000e+00 0.000000000000000000e+00
0.000000000000000000e+00 0.000000000000000000e+00
0.000000000000000000e+00 7.965719999993847011e+01
7.304439999993306287e+01 -6.294049999994166456e+01
7.034119999996812567e+01 -1.227441000000495137e+02
0.000000000000000000e+00 0.000000000000000000e+00
