0.000000000000000000e+00 0.000000000000000000e+00
0.000000000000000000e+00 7.628399999994871905e+01
3.321639999999126047e+01 4.496130000000152904e+01
8.552599999944728637e+00 1.513654999999225481e+02
0.000000000000000000e+00 0.000000000000000000e+00
0.000000000000000000e+00 0.000000000000000000e+00
0.000000000000000000e+00 -6.368690000009280539e+01
2.871380000000200639e+01 -4.008060000011414559e+01
6.790550000008721554e+01 -1.608954000000384212e+02
0.000000000000000000e+00 0.000000000000000000e+00
