0.000000000000000000e+00 0.000000000000000000e+00
0.000000000000000000e+00 3.107900000143271058e+00
1.357460000017684898e+01 2.373990000000825518e+01
2.295730000012596861e+01 1.560454000001820987e+02
0.000000000000000000e+00 0.000000000000000000e+00
0.000000000000000000e+00 0.000000000000000000e+00
0.000000000000000000e+00 -4.828749999993275566e+01
6.124000000162777013e+00 -2.545259999992000033e+01
6.569180000010054243e+01 -1.229315999999758162e+02
0.000000000000000000e+00 0.000000000000000000e+00
