0.000000000000000000e+00 0.000000000000000000e+00
0.000000000000000000e+00 -4.692669999997178110e+01
3.265539999995903031e+01 7.291909999991297298e+01
-1.571670000016789004e+01 6.162730000001113240e+01
0.000000000000000000e+00 0.000000000000000000e+00
0.000000000000000000e+00 0.000000000000000000e+00
0.000000000000000000e+00 1.528070000003100404e+01
1.903500000022262384e+00 -7.030040000012282064e+01
5.126109999996630506e+01 -2.379964999999151019e+02
0.000000000000000000e+00 0.000000000000000000e+00
