0.000000000000000000e+00 0.000000000000000000e+00
0.000000000000000000e+00 3.739600000085559373e+00
4.829210000010241544e+01 5.482810000015936680e+01
7.559639999999977533e+01 2.143868999998965421e+02
0.000000000000000000e+00 0.000000000000000000e+00
0.000000000000000000e+00 0.000000000000000000e+00
0.000000000000000000e+00 9.674200000087125773e+00
5.163100000116215504e+00 -4.346480000002594579e+01
2.370100000126384554e+00 -1.470896999999138188e+02
0.000000000000000000e+00 0.000000000000000000e+00
