0.000000000000000000e+00 0.000000000000000000e+00
0.000000000000000000e+00 -3.503100000002977765e+01
1.539019999998725119e+01 -1.765760000000949503e+01
-1.930400000071942124e+00 1.764174000000173237e+02
0.000000000000000000e+00 0.000000000000000000e+00
0.000000000000000000e+00 0.000000000000000000e+00
0.000000000000000000e+00 -4.523910000003849774e+01
-1.582110000004632511e+01 -3.216810000000735670e+01
1.613820000001542354e+01 -1.683220000004980932e+01
0.000000000000000000e+00 0.000000000000000000e+00
