0.000000000000000000e+00 0.000000000000000000e+00
0.000000000000000000e+00 8.673609999999554532e+01
3.074040000002886330e+01 1.290949999999457418e+02
6.457159999991856125e+01 6.531429999985240897e+01
0.000000000000000000e+00 0.000000000000000000e+00
0.000000000000000000e+00 0.000000000000000000e+00
0.000000000000000000e+00 -3.424319999996150443e+01
2.282429999993507153e+01 -5.482340000010353265e+01
1.199316999998423228e+02 -9.795240000010085168e+01
0.000000000000000000e+00 0.000000000000000000e+00
