/*--------------------------------*- C++ -*----------------------------------*\
  =========                 |
  \\      /  F ield         | OpenFOAM: The Open Source CFD Toolbox
   \\    /   O peration     | Website:  https://openfoam.org
    \\  /    A nd           | Version:  9
     \\/     M anipulation  |
\*---------------------------------------------------------------------------*/
FoamFile
{
    format      ascii;
    class       volScalarField;
    location    "0.0025";
    object      nuTilda;
}
// * * * * * * * * * * * * * * * * * * * * * * * * * * * * * * * * * * * * * //

dimensions      [0 2 -1 0 0 0 0];

internalField   nonuniform List<scalar> 
6098
(
0.0125737
0.0126582
0.0127353
0.0128059
0.0128707
0.0129303
0.0129853
0.0130366
0.0130842
0.0131285
0.0131696
0.013208
0.0132438
0.0132774
0.0133088
0.0133383
0.013366
0.0133923
0.0134171
0.0134406
0.013463
0.0134843
0.0135046
0.013524
0.0135423
0.013559
0.0135744
0.0135884
0.0136006
0.0124392
0.0125281
0.0126093
0.0126839
0.012753
0.0128178
0.0128779
0.0129336
0.0129847
0.0130322
0.0130765
0.0131179
0.0131565
0.0131927
0.0132266
0.0132585
0.0132884
0.0133166
0.0133433
0.0133685
0.0133923
0.0134149
0.0134363
0.0134567
0.0134762
0.0134947
0.0135124
0.0135294
0.0135458
0.0122922
0.0123862
0.0124731
0.0125534
0.0126278
0.0126966
0.0127604
0.0128196
0.0128746
0.0129258
0.0129736
0.0130183
0.01306
0.0130992
0.0131359
0.0131704
0.013203
0.0132336
0.0132626
0.01329
0.0133159
0.0133405
0.0133638
0.0133859
0.0134069
0.0134269
0.0134458
0.0134639
0.013481
0.0121351
0.012232
0.0123221
0.012406
0.0124841
0.0125567
0.0126243
0.0126872
0.012746
0.0128008
0.0128521
0.0129002
0.0129452
0.0129874
0.0130272
0.0130646
0.0130999
0.0131332
0.0131647
0.0131945
0.0132227
0.0132496
0.0132751
0.0132993
0.0133224
0.0133444
0.0133653
0.0133854
0.0134046
0.0119712
0.0120702
0.012163
0.0122499
0.0123312
0.0124073
0.0124785
0.0125451
0.0126075
0.012666
0.0127208
0.0127723
0.0128207
0.0128663
0.0129092
0.0129496
0.0129878
0.013024
0.0130582
0.0130906
0.0131214
0.0131506
0.0131784
0.0132049
0.0132301
0.0132542
0.0132772
0.0132991
0.0133201
0.0118005
0.011901
0.0119958
0.0120851
0.0121691
0.0122483
0.0123227
0.0123927
0.0124586
0.0125206
0.0125789
0.0126339
0.0126857
0.0127346
0.0127807
0.0128243
0.0128656
0.0129046
0.0129416
0.0129768
0.0130102
0.0130419
0.0130721
0.0131009
0.0131284
0.0131546
0.0131797
0.0132037
0.0132267
0.0116235
0.0117247
0.0118207
0.0119117
0.0119979
0.0120796
0.0121568
0.0122299
0.0122989
0.0123642
0.0124259
0.0124843
0.0125395
0.0125917
0.0126412
0.012688
0.0127325
0.0127746
0.0128146
0.0128526
0.0128888
0.0129232
0.012956
0.0129873
0.0130171
0.0130457
0.013073
0.0130991
0.0131241
0.0114407
0.0115418
0.0116383
0.0117303
0.011818
0.0119015
0.0119811
0.0120567
0.0121285
0.0121968
0.0122616
0.0123232
0.0123816
0.0124371
0.0124898
0.01254
0.0125876
0.0126329
0.012676
0.012717
0.0127561
0.0127934
0.0128289
0.0128628
0.0128952
0.0129262
0.0129559
0.0129843
0.0130116
0.0112527
0.0113531
0.0114494
0.0115416
0.0116301
0.0117148
0.0117959
0.0118735
0.0119476
0.0120184
0.0120859
0.0121504
0.0122118
0.0122704
0.0123262
0.0123795
0.0124303
0.0124788
0.012525
0.0125691
0.0126113
0.0126515
0.01269
0.0127267
0.0127619
0.0127956
0.0128278
0.0128587
0.0128884
0.0110602
0.0111595
0.011255
0.0113468
0.0114353
0.0115204
0.0116024
0.0116813
0.0117571
0.0118298
0.0118996
0.0119664
0.0120305
0.0120918
0.0121504
0.0122066
0.0122604
0.0123118
0.0123611
0.0124083
0.0124535
0.0124967
0.0125382
0.0125779
0.012616
0.0126526
0.0126876
0.0127213
0.0127536
0.0108634
0.0109615
0.0110559
0.0111469
0.0112349
0.01132
0.0114022
0.0114817
0.0115586
0.0116327
0.0117042
0.0117729
0.0118391
0.0119026
0.0119637
0.0120223
0.0120787
0.0121328
0.0121849
0.0122348
0.0122829
0.012329
0.0123734
0.0124161
0.0124571
0.0124965
0.0125345
0.0125711
0.0126063
0.0107589
0.0108523
0.0109426
0.0110299
0.0111147
0.011197
0.0112769
0.0113546
0.0114299
0.0115028
0.0115732
0.011641
0.0117064
0.0117694
0.01183
0.0118885
0.0119448
0.0119991
0.0120514
0.0121018
0.0121505
0.0121974
0.0122426
0.0122863
0.0123284
0.0123691
0.0124084
0.0124463
0.0105511
0.0106435
0.010733
0.0108198
0.0109042
0.0109864
0.0110667
0.0111451
0.0112214
0.0112955
0.0113672
0.0114366
0.0115035
0.0115682
0.0116306
0.0116909
0.0117491
0.0118053
0.0118596
0.0119121
0.0119628
0.0120118
0.0120591
0.0121049
0.0121493
0.0121921
0.0122335
0.0122736
0.0103374
0.0104286
0.0105173
0.0106034
0.0106873
0.0107691
0.0108492
0.0109276
0.0110045
0.0110793
0.011152
0.0112225
0.0112907
0.0113568
0.0114207
0.0114826
0.0115424
0.0116004
0.0116564
0.0117107
0.0117632
0.011814
0.0118633
0.011911
0.0119573
0.0120021
0.0120455
0.0120875
0.0101171
0.0102072
0.0102948
0.0103802
0.0104634
0.0105446
0.0106241
0.0107021
0.0107789
0.010854
0.0109273
0.0109986
0.0110678
0.011135
0.0112002
0.0112633
0.0113246
0.011384
0.0114415
0.0114973
0.0115515
0.0116039
0.0116549
0.0117043
0.0117522
0.0117988
0.0118439
0.0118877
0.00989028
0.00997898
0.0100655
0.0101499
0.0102323
0.0103128
0.0103916
0.0104689
0.010545
0.0106199
0.0106934
0.0107651
0.010835
0.010903
0.0109691
0.0110333
0.0110957
0.0111562
0.0112151
0.0112722
0.0113277
0.0113816
0.011434
0.0114848
0.0115343
0.0115823
0.011629
0.0116743
0.00965677
0.00974391
0.00982914
0.00991245
0.0099939
0.0100736
0.0101516
0.0102281
0.0103033
0.0103776
0.0104507
0.0105224
0.0105926
0.010661
0.0107278
0.0107927
0.0108559
0.0109174
0.0109772
0.0110354
0.011092
0.0111471
0.0112007
0.0112528
0.0113035
0.0113528
0.0114008
0.0114475
0.00950219
0.00958583
0.00966784
0.0097482
0.00982692
0.00990406
0.00997973
0.0100541
0.0101274
0.0101997
0.0102709
0.010341
0.0104095
0.0104765
0.0105418
0.0106056
0.0106677
0.0107282
0.0107871
0.0108446
0.0109005
0.0109551
0.0110082
0.0110599
0.0111103
0.0111594
0.0112072
0.00925396
0.00933582
0.00941632
0.00949538
0.00957298
0.00964913
0.00972388
0.00979734
0.00986963
0.00994093
0.0100113
0.0100808
0.010149
0.0102159
0.0102812
0.0103451
0.0104075
0.0104684
0.0105278
0.0105857
0.0106423
0.0106974
0.0107512
0.0108037
0.0108548
0.0109047
0.0109534
0.0090001
0.00907984
0.0091585
0.00923597
0.00931219
0.00938714
0.00946082
0.00953328
0.00960459
0.00967488
0.00974425
0.00981274
0.00988025
0.0099466
0.0100116
0.0100753
0.0101376
0.0101984
0.0102579
0.010316
0.0103727
0.0104281
0.0104822
0.0105351
0.0105867
0.0106371
0.0106863
0.00874194
0.00881907
0.00889543
0.0089709
0.00904539
0.00911884
0.0091912
0.00926248
0.00933271
0.00940195
0.00947026
0.0095377
0.00960422
0.00966972
0.00973405
0.00979712
0.00985888
0.00991931
0.00997845
0.0100363
0.0100929
0.0101481
0.0102022
0.010255
0.0103066
0.010357
0.0104064
0.00855543
0.00862882
0.00870172
0.008774
0.00884553
0.00891624
0.00898607
0.009055
0.00912305
0.00919022
0.00925653
0.00932192
0.00938631
0.00944961
0.00951173
0.00957263
0.00963228
0.00969071
0.00974792
0.00980389
0.00985864
0.0099122
0.00996459
0.0100158
0.010066
0.010115
0.00829108
0.00836101
0.00843079
0.00850029
0.00856941
0.00863803
0.00870604
0.00877338
0.00883999
0.0089058
0.00897076
0.00903478
0.0090978
0.00915973
0.00922052
0.00928016
0.00933865
0.00939599
0.00945217
0.00950717
0.00956101
0.00961373
0.00966532
0.00971582
0.00976524
0.0098136
0.00802993
0.00809574
0.0081617
0.00822776
0.00829388
0.0083599
0.00842566
0.00849099
0.00855572
0.0086197
0.00868283
0.00874502
0.00880618
0.0088663
0.00892532
0.00898325
0.00904009
0.00909586
0.00915053
0.00920412
0.00925663
0.00930807
0.00935846
0.0094078
0.00945612
0.0095034
0.00783723
0.00789869
0.00796066
0.00802313
0.00808595
0.0081488
0.00821139
0.00827347
0.00833486
0.00839545
0.00845515
0.0085139
0.00857167
0.00862844
0.00868417
0.00873891
0.00879263
0.00884534
0.00889703
0.00894771
0.00899737
0.00904603
0.00909371
0.00914041
0.00918614
0.00758835
0.00764498
0.00770221
0.00776022
0.00781892
0.00787793
0.00793689
0.00799551
0.00805361
0.00811103
0.00816768
0.0082235
0.00827843
0.00833244
0.00838551
0.00843765
0.00848885
0.0085391
0.00858838
0.00863671
0.00868408
0.00873051
0.00877599
0.00882054
0.00886418
0.00740299
0.00745495
0.00750758
0.0075611
0.00761532
0.00766986
0.00772436
0.00777857
0.00783231
0.00788545
0.00793787
0.00798952
0.00804034
0.00809032
0.00813944
0.00818767
0.008235
0.00828141
0.00832691
0.00837149
0.00841516
0.00845792
0.00849978
0.00854076
0.00717392
0.00722088
0.00726807
0.00731579
0.00736426
0.00741346
0.00746309
0.00751279
0.00756232
0.00761146
0.00766009
0.00770807
0.00775534
0.00780187
0.00784761
0.00789252
0.00793658
0.00797977
0.00802208
0.00806351
0.00810405
0.0081437
0.00818247
0.00822037
0.00695788
0.00700062
0.00704319
0.00708574
0.00712847
0.00717159
0.0072153
0.00725958
0.00730414
0.0073487
0.00739302
0.00743693
0.00748029
0.00752304
0.00756512
0.00760645
0.007647
0.00768672
0.00772561
0.00776364
0.0078008
0.00783711
0.00787254
0.00790713
0.00679255
0.00683158
0.0068702
0.00690853
0.00694669
0.00698481
0.00702305
0.00706161
0.00710057
0.00713978
0.00717897
0.00721791
0.0072565
0.00729458
0.00733207
0.00736888
0.00740494
0.00744022
0.00747468
0.0075083
0.00754108
0.00757301
0.00760409
0.0065942
0.0066306
0.00666632
0.00670148
0.00673615
0.00677038
0.00680424
0.00683782
0.00687121
0.00690453
0.00693793
0.00697146
0.00700513
0.00703869
0.00707194
0.00710471
0.0071369
0.00716842
0.00719921
0.00722923
0.00725844
0.00728683
0.00731439
0.00643687
0.00647068
0.00650365
0.00653589
0.00656744
0.00659836
0.00662868
0.00665843
0.00668766
0.00671641
0.00674474
0.00677288
0.00680095
0.00682903
0.00685706
0.00688488
0.00691231
0.00693921
0.00696548
0.00699105
0.00701588
0.00703994
0.00624724
0.00627982
0.00631139
0.00634204
0.00637184
0.00640082
0.00642901
0.00645642
0.00648309
0.00650902
0.00653423
0.0065588
0.00658284
0.0066064
0.00662953
0.00665231
0.0066748
0.00669705
0.00671902
0.00674059
0.00676166
0.00678213
0.00608973
0.00612069
0.00615048
0.00617923
0.006207
0.00623383
0.00625973
0.00628473
0.00630888
0.00633221
0.00635472
0.00637645
0.00639744
0.00641767
0.00643719
0.00645604
0.00647428
0.00649201
0.00650922
0.00652594
0.00654219
0.00592791
0.00595742
0.00598564
0.00601269
0.00603864
0.00606355
0.00608743
0.00611032
0.00613226
0.00615327
0.00617334
0.00619252
0.00621084
0.00622825
0.00624488
0.0062609
0.00627627
0.00629091
0.00630484
0.00631808
0.0057303
0.0057598
0.00578786
0.00581462
0.00584014
0.0058645
0.00588769
0.00590976
0.00593075
0.00595068
0.00596953
0.0059875
0.00600469
0.00602101
0.00603644
0.00605099
0.00606468
0.00607747
0.00608941
0.00610052
0.005554
0.0055824
0.00560926
0.00563473
0.00565889
0.00568175
0.00570336
0.00572374
0.00574327
0.00576181
0.00577933
0.00579576
0.00581112
0.00582544
0.00583873
0.00585097
0.00586222
0.0058725
0.00588188
0.0053659
0.00539302
0.00541855
0.00544257
0.00546522
0.00548692
0.00550748
0.00552684
0.00554498
0.00556186
0.00557751
0.00559195
0.00560521
0.00561727
0.0056282
0.00563804
0.00564679
0.00565452
0.0051363
0.00516336
0.00518866
0.00521288
0.00523586
0.00525748
0.0052777
0.00529653
0.00531393
0.00532994
0.0053446
0.00535787
0.00536984
0.00538056
0.00539002
0.00539826
0.00540535
0.00541169
0.0049193
0.00494514
0.00496938
0.00499203
0.0050131
0.00503256
0.00505044
0.00506678
0.00508155
0.00509482
0.00510668
0.0051171
0.00512614
0.00513388
0.00514087
0.00514752
0.0051537
0.00468767
0.00471155
0.00473356
0.00475379
0.00477229
0.00478903
0.00480409
0.00481759
0.00482948
0.00483987
0.00484881
0.004857
0.00486491
0.00487218
0.00487846
0.00488372
0.00441669
0.0044398
0.00446099
0.00448025
0.00449768
0.00451325
0.00452713
0.00453944
0.00455011
0.0045599
0.00456944
0.00457811
0.00458565
0.00459188
0.00459659
0.00459972
0.00415687
0.00417747
0.00419606
0.00421284
0.00422798
0.00424139
0.00425345
0.00426484
0.00427523
0.00428417
0.00429132
0.00429658
0.00429986
0.00430108
0.00429966
0.00389422
0.00391292
0.00392949
0.00394393
0.00395699
0.00396898
0.00397923
0.00398747
0.00399348
0.00399722
0.00399861
0.00399701
0.00399191
0.00398384
0.00361822
0.003635
0.00364944
0.00366267
0.00367433
0.00368395
0.00369122
0.00369605
0.0036983
0.00369778
0.00369321
0.00368542
0.00367458
0.00366069
0.00335856
0.00337187
0.00338316
0.00339212
0.0033985
0.00340223
0.00340317
0.00340038
0.00339389
0.00338399
0.00337088
0.0033545
0.00333483
0.00309778
0.00310625
0.00311202
0.00311494
0.00311499
0.00311068
0.00310283
0.00309152
0.00307682
0.00305867
0.00303706
0.00301182
0.00283391
0.00283644
0.00283579
0.00283087
0.00282238
0.00281037
0.00279488
0.00277579
0.0027531
0.00272669
0.00269643
0.00256679
0.00256194
0.00255351
0.00254156
0.00252611
0.00250701
0.00248411
0.0024575
0.00242695
0.00239237
0.00229638
0.00228524
0.00227063
0.00225241
0.0022304
0.00220468
0.00217507
0.00214149
0.0021037
0.00202836
0.00201193
0.00199185
0.00196817
0.00194075
0.00190939
0.0018741
0.00183469
0.00178483
0.00176755
0.0017469
0.00172272
0.00169484
0.0016632
0.00162766
0.00158815
0.00152037
0.00149722
0.00147051
0.0014403
0.00140626
0.00136805
0.00129755
0.00127573
0.00125104
0.00122166
0.00118048
0.00111392
0.00109124
0.00106451
0.00103253
0.000878442
0.0136086
0.0136087
0.0136086
0.0136083
0.0136079
0.0136074
0.0136067
0.0136059
0.0136049
0.0136039
0.0136027
0.0136014
0.0136001
0.0135987
0.0135972
0.0135589
0.0135591
0.0135591
0.013559
0.0135587
0.0135583
0.0135578
0.0135571
0.0135563
0.0135553
0.0135543
0.0135531
0.0135518
0.0135505
0.013549
0.0134944
0.0134947
0.0134947
0.0134947
0.0134945
0.0134941
0.0134936
0.013493
0.0134923
0.0134914
0.0134905
0.0134894
0.0134882
0.013487
0.0134856
0.0134195
0.0134198
0.0134199
0.0134199
0.0134198
0.0134195
0.0134191
0.0134186
0.013418
0.0134173
0.0134165
0.0134156
0.0134146
0.0134134
0.0134122
0.0133362
0.0133365
0.0133367
0.0133368
0.0133367
0.0133366
0.0133363
0.013336
0.0133355
0.0133349
0.0133342
0.0133334
0.0133326
0.0133316
0.0133306
0.0132441
0.0132445
0.0132448
0.0132449
0.0132449
0.0132449
0.0132447
0.0132445
0.0132441
0.0132436
0.0132431
0.0132425
0.0132418
0.013241
0.0132401
0.0131429
0.0131433
0.0131436
0.0131439
0.013144
0.013144
0.0131439
0.0131438
0.0131435
0.0131432
0.0131428
0.0131423
0.0131417
0.013141
0.0131403
0.0130318
0.0130323
0.0130327
0.013033
0.0130332
0.0130333
0.0130333
0.0130332
0.0130331
0.0130328
0.0130325
0.0130322
0.0130317
0.0130312
0.0130306
0.0129101
0.0129107
0.0129111
0.0129115
0.0129118
0.012912
0.0129121
0.0129121
0.012912
0.0129119
0.0129117
0.0129114
0.0129111
0.0129106
0.0129101
0.0127771
0.0127777
0.0127782
0.0127786
0.012779
0.0127793
0.0127795
0.0127796
0.0127796
0.0127795
0.0127794
0.0127792
0.012779
0.0127787
0.0127783
0.0126317
0.0126323
0.0126329
0.0126335
0.0126339
0.0126343
0.0126346
0.0126348
0.0126349
0.0126349
0.0126348
0.0126347
0.0126346
0.0126344
0.0126341
0.0124734
0.0124741
0.0124748
0.0124754
0.0124759
0.0124764
0.0124767
0.012477
0.0124773
0.0124774
0.0124774
0.0124774
0.0124773
0.0124772
0.012477
0.0123019
0.0123027
0.0123035
0.0123041
0.0123047
0.0123053
0.0123057
0.0123061
0.0123064
0.0123066
0.0123068
0.0123068
0.0123067
0.0123066
0.0123065
0.0121169
0.0121178
0.0121186
0.0121193
0.01212
0.0121206
0.0121211
0.0121215
0.0121219
0.0121222
0.0121224
0.0121225
0.0121225
0.0121224
0.0121223
0.011918
0.011919
0.0119199
0.0119206
0.0119214
0.011922
0.0119226
0.011923
0.0119235
0.0119238
0.0119241
0.0119242
0.0119242
0.0119242
0.0119241
0.0117054
0.0117064
0.0117073
0.0117082
0.011709
0.0117096
0.0117102
0.0117108
0.0117112
0.0117116
0.0117119
0.011712
0.0117121
0.011712
0.0117119
0.0114793
0.0114803
0.0114813
0.0114822
0.011483
0.0114838
0.0114844
0.0114849
0.0114854
0.0114858
0.0114861
0.0114862
0.0114862
0.0114861
0.011486
0.0112394
0.0112406
0.0112416
0.0112426
0.0112434
0.0112442
0.0112448
0.0112454
0.0112458
0.0112462
0.0112464
0.0112464
0.0112464
0.0112463
0.0112461
0.010986
0.0109872
0.0109883
0.0109893
0.0109901
0.0109909
0.0109916
0.0109921
0.0109925
0.0109928
0.0109929
0.0109929
0.0109928
0.0109926
0.0109924
0.0107189
0.0107202
0.0107214
0.0107224
0.0107233
0.010724
0.0107247
0.0107252
0.0107256
0.0107257
0.0107257
0.0107256
0.0107254
0.0107252
0.0107249
0.0104388
0.0104402
0.0104414
0.0104425
0.0104434
0.0104441
0.0104448
0.0104452
0.0104455
0.0104455
0.0104454
0.0104452
0.010445
0.0104447
0.0104443
0.010147
0.0101485
0.0101497
0.0101508
0.0101518
0.0101525
0.0101531
0.0101536
0.0101537
0.0101537
0.0101535
0.0101533
0.010153
0.0101525
0.010152
0.00984499
0.00984648
0.0098478
0.00984892
0.00984987
0.00985065
0.00985125
0.00985159
0.00985162
0.00985153
0.00985133
0.00985104
0.00985065
0.00985016
0.00984956
0.00953389
0.00953545
0.00953681
0.00953798
0.00953895
0.00953974
0.00954034
0.00954061
0.00954059
0.00954045
0.00954022
0.00953987
0.00953942
0.00953887
0.00953819
0.00921547
0.0092171
0.00921851
0.00921972
0.00922072
0.00922153
0.00922212
0.00922234
0.0092223
0.00922215
0.00922188
0.00922151
0.00922102
0.00922044
0.00921971
0.00889201
0.00889369
0.00889516
0.00889641
0.00889746
0.0088983
0.00889892
0.00889917
0.00889914
0.00889899
0.00889873
0.00889836
0.00889788
0.0088973
0.00889662
0.00856676
0.00856849
0.00857001
0.00857133
0.00857246
0.00857339
0.00857414
0.00857456
0.00857464
0.00857456
0.00857438
0.00857411
0.00857373
0.00857326
0.00857269
0.0082443
0.00824606
0.00824765
0.00824906
0.00825029
0.00825136
0.00825227
0.00825299
0.00825342
0.00825358
0.00825355
0.00825344
0.00825324
0.00825297
0.00825262
0.00792885
0.00793065
0.00793231
0.00793383
0.00793521
0.00793646
0.00793758
0.00793857
0.00793945
0.00794016
0.00794066
0.00794097
0.0079411
0.00794109
0.00794103
0.00762352
0.00762534
0.00762707
0.0076287
0.00763025
0.0076317
0.00763307
0.00763436
0.00763556
0.00763669
0.00763774
0.00763872
0.00763964
0.00764049
0.00764124
0.00733154
0.00733338
0.00733519
0.00733697
0.00733872
0.00734043
0.00734211
0.00734375
0.00734537
0.00734695
0.00734851
0.00735003
0.00735153
0.007353
0.00735444
0.00705485
0.00705671
0.00705861
0.00706054
0.0070625
0.00706448
0.0070665
0.00706853
0.00707059
0.00707266
0.00707476
0.00707687
0.007079
0.00708114
0.0070833
0.00679484
0.0067967
0.00679869
0.00680077
0.00680296
0.00680524
0.00680761
0.00681007
0.0068126
0.00681521
0.0068179
0.00682064
0.00682345
0.00682632
0.00682924
0.00655234
0.00655418
0.00655621
0.00655842
0.00656081
0.00656336
0.00656607
0.00656892
0.00657192
0.00657504
0.00657829
0.00658166
0.00658513
0.0065887
0.00659237
0.00632614
0.00632784
0.00632982
0.00633206
0.00633454
0.00633725
0.00634019
0.00634333
0.00634667
0.00635019
0.00635389
0.00635775
0.00636176
0.00636592
0.0063702
0.00610716
0.00610881
0.00611078
0.00611307
0.00611566
0.00611854
0.00612168
0.00612508
0.00612871
0.00613256
0.00613663
0.00614089
0.00614533
0.00614994
0.00615471
0.00588734
0.00588895
0.00589093
0.00589327
0.00589595
0.00589895
0.00590225
0.00590583
0.00590967
0.00591377
0.00591809
0.00592263
0.00592737
0.00593229
0.00593738
0.0056589
0.00566049
0.00566249
0.00566487
0.00566761
0.00567069
0.00567408
0.00567777
0.00568174
0.00568598
0.00569045
0.00569515
0.00570005
0.00570515
0.00571042
0.00541554
0.0054172
0.00541927
0.00542173
0.00542457
0.00542774
0.00543124
0.00543503
0.00543911
0.00544344
0.00544802
0.00545281
0.00545781
0.005463
0.00546835
0.00515734
0.00515911
0.00516129
0.00516385
0.00516677
0.00517001
0.00517356
0.0051774
0.0051815
0.00518584
0.00519041
0.00519519
0.00520015
0.00520529
0.00521057
0.00488654
0.00488817
0.00489037
0.00489292
0.00489582
0.00489903
0.00490253
0.0049063
0.00491032
0.00491457
0.00491902
0.00492367
0.00492849
0.00493345
0.00493856
0.00460074
0.00460178
0.00460365
0.0046061
0.00460888
0.00461197
0.00461535
0.00461899
0.00462287
0.00462698
0.00463128
0.00463577
0.00464043
0.00464523
0.00465017
0.00429603
0.00429629
0.00429748
0.00429949
0.00430217
0.00430517
0.00430847
0.00431204
0.00431586
0.0043199
0.00432415
0.00432859
0.0043332
0.00433796
0.00434286
0.00397517
0.00397504
0.00397574
0.00397738
0.00397983
0.00398292
0.00398632
0.00399002
0.00399398
0.00399819
0.00400261
0.00400723
0.00401204
0.004017
0.0040221
0.00364715
0.00364679
0.00364702
0.00364836
0.00365064
0.00365371
0.00365726
0.00366112
0.00366526
0.00366965
0.00367426
0.00367907
0.00368406
0.00368921
0.0036945
0.00331613
0.00331551
0.00331541
0.00331645
0.00331859
0.00332163
0.00332537
0.00332943
0.0033338
0.00333842
0.00334328
0.00334835
0.0033536
0.00335901
0.00336456
0.00298811
0.00298723
0.00298697
0.00298781
0.00298995
0.00299312
0.00299712
0.00300147
0.00300615
0.0030111
0.0030163
0.00302172
0.00302733
0.00303309
0.00303901
0.00266802
0.00266691
0.00266654
0.00266741
0.00266979
0.00267334
0.00267771
0.00268247
0.00268758
0.002693
0.00269867
0.00270457
0.00271066
0.00271691
0.0027233
0.00235981
0.0023585
0.00235812
0.00235929
0.00236217
0.00236634
0.00237117
0.00237645
0.0023821
0.00238807
0.0023943
0.00240077
0.00240742
0.00241423
0.00242118
0.002068
0.00206657
0.00206628
0.00206805
0.0020717
0.00207652
0.00208193
0.00208782
0.00209411
0.00210072
0.0021076
0.00211469
0.00212197
0.00212939
0.00213693
0.00179731
0.00179586
0.00179578
0.00179836
0.00180291
0.00180829
0.00181431
0.00182084
0.00182777
0.00183504
0.00184256
0.00185029
0.00185818
0.0018662
0.00187433
0.00155047
0.00154911
0.0015496
0.00155309
0.00155821
0.00156418
0.00157081
0.00157796
0.00158552
0.0015934
0.00160152
0.00160983
0.00161829
0.00162686
0.00163551
0.00133167
0.00133047
0.00133165
0.00133584
0.00134127
0.00134757
0.00135454
0.00136203
0.00136991
0.00137811
0.00138655
0.00139518
0.00140394
0.00141283
0.00142179
0.001148
0.00114717
0.00114901
0.00115326
0.00115851
0.00116452
0.00117109
0.00117808
0.00118543
0.00119311
0.00120111
0.00120936
0.00121782
0.00122646
0.00123523
0.00100209
0.00100148
0.00100343
0.00100732
0.00101198
0.00101726
0.00102306
0.00102929
0.00103582
0.00104257
0.00104949
0.00105653
0.00106368
0.00107097
0.00107839
0.000865246
0.000870154
0.000878436
0.00088768
0.000896961
0.000905825
0.000914033
0.000921513
0.000928337
0.000934588
0.000940345
0.000945704
0.000950771
0.000955673
0.000960623
0.000757478
0.000776661
0.000796636
0.000816581
0.000835981
0.000852598
0.000866482
0.000877883
0.000887091
0.000894425
0.000725372
0.000748152
0.000770446
0.000790121
0.013595
0.0135922
0.0135895
0.013587
0.0135846
0.0135467
0.0135438
0.013541
0.0135383
0.0135356
0.0134834
0.0134807
0.013478
0.0134753
0.0134727
0.0134102
0.0134077
0.0134053
0.0134028
0.0134004
0.0133288
0.0133266
0.0133243
0.0133222
0.01332
0.0132385
0.0132366
0.0132346
0.0132327
0.0132307
0.0131389
0.0131372
0.0131355
0.0131338
0.0131321
0.0130293
0.0130279
0.0130264
0.0130249
0.0130234
0.0129091
0.0129078
0.0129066
0.0129053
0.012904
0.0127774
0.0127763
0.0127753
0.0127742
0.012773
0.0126333
0.0126325
0.0126316
0.0126307
0.0126298
0.0124763
0.0124757
0.012475
0.0124743
0.0124736
0.0123059
0.0123055
0.012305
0.0123045
0.0123039
0.0121219
0.0121215
0.0121211
0.0121206
0.0121201
0.0119236
0.0119233
0.0119229
0.0119225
0.011922
0.0117115
0.0117111
0.0117107
0.0117103
0.0117098
0.0114855
0.011485
0.0114846
0.0114841
0.0114836
0.0112455
0.0112449
0.0112443
0.0112437
0.0112431
0.0109915
0.0109907
0.01099
0.0109892
0.0109884
0.0107238
0.0107227
0.0107217
0.0107207
0.0107197
0.0104429
0.0104416
0.0104403
0.010439
0.0104378
0.0101505
0.0101488
0.0101472
0.0101457
0.0101443
0.00984775
0.00984581
0.00984395
0.0098422
0.00984055
0.00953621
0.00953402
0.00953196
0.00953004
0.00952826
0.00921764
0.00921533
0.00921319
0.00921122
0.00920938
0.00889461
0.00889241
0.00889038
0.00888848
0.00888672
0.00857113
0.00856932
0.00856767
0.00856618
0.00856484
0.00825181
0.0082507
0.00824975
0.00824896
0.00824833
0.00794084
0.00794068
0.00794066
0.007941
0.0079417
0.00764249
0.00764472
0.00764708
0.00764958
0.00765223
0.00735716
0.00736166
0.00736605
0.00737036
0.00737461
0.00708762
0.00709437
0.00710084
0.00710705
0.00711305
0.00683529
0.00684445
0.00685309
0.00686129
0.00686909
0.0066001
0.00661159
0.00662232
0.00663239
0.00664187
0.00637935
0.00639281
0.00640529
0.00641692
0.0064278
0.00616497
0.00617997
0.00619382
0.00620668
0.00621867
0.0059484
0.00596446
0.00597927
0.00599299
0.00600578
0.00572185
0.00573852
0.0057539
0.00576818
0.00578152
0.00547997
0.00549696
0.00551268
0.00552733
0.00554109
0.00522203
0.0052389
0.00525459
0.00526933
0.00528329
0.00494961
0.00496609
0.00498165
0.00499647
0.00501072
0.00466083
0.00467713
0.00469286
0.00470817
0.00472317
0.00435344
0.00437012
0.00438669
0.00440318
0.00441961
0.00403309
0.00405083
0.0040687
0.00408664
0.00410463
0.00370581
0.00372446
0.00374352
0.00376286
0.0037824
0.00337633
0.00339612
0.00341659
0.00343753
0.00345878
0.00305139
0.00307254
0.00309464
0.00311733
0.00314042
0.00273648
0.00275932
0.0027833
0.00280797
0.00283307
0.00243527
0.00245996
0.00248596
0.00251271
0.00253988
0.00215193
0.00217852
0.0022066
0.00223544
0.00226466
0.00189014
0.00191852
0.00194854
0.00197938
0.00201055
0.001652
0.00168202
0.00171387
0.00174652
0.00177946
0.00143855
0.00146972
0.00150297
0.00153714
0.00157162
0.00125143
0.00128257
0.00131622
0.00135107
0.00138644
0.00109204
0.00112077
0.00115299
0.00118716
0.00122247
0.000970265
0.00099211
0.00101798
0.00104729
0.00107946
0.00090511
0.000914916
0.000924521
0.000939499
0.000961082
0.000820897
0.000837987
0.000836609
0.000835912
0.000846256
0.000717012
0.000725671
0.000715506
0.000716997
0.000419236
0.000452398
0.000464537
0.0135785
0.013572
0.0135682
0.0135664
0.0135662
0.013567
0.0135687
0.0135709
0.0135736
0.0135766
0.0135799
0.0135834
0.0135871
0.0135911
0.0135953
0.0135998
0.0136044
0.0136093
0.0136145
0.0136198
0.0136255
0.0136314
0.0136375
0.0136439
0.0136507
0.0136577
0.013665
0.0136726
0.0136805
0.0136887
0.0136973
0.0137062
0.0137154
0.013725
0.0137351
0.0137455
0.0137564
0.0137677
0.0137796
0.0137919
0.0138046
0.0138178
0.0138312
0.0138449
0.0138587
0.0138727
0.013887
0.0139018
0.0139173
0.0139344
0.0139537
0.0139751
0.013997
0.0140209
0.0140567
0.0140928
0.014118
0.0141143
0.0140765
0.0140312
0.0135278
0.0135191
0.0135138
0.013511
0.0135103
0.0135109
0.0135126
0.0135152
0.0135184
0.013522
0.013526
0.0135303
0.0135349
0.0135398
0.0135449
0.0135504
0.0135562
0.0135623
0.0135686
0.0135752
0.013582
0.0135891
0.0135965
0.0136042
0.0136122
0.0136205
0.0136291
0.013638
0.0136472
0.0136567
0.0136665
0.0136767
0.0136871
0.0136979
0.0137091
0.0137206
0.0137326
0.0137451
0.0137581
0.0137715
0.0137855
0.0137999
0.0138148
0.01383
0.0138451
0.0138601
0.0138748
0.0138893
0.013904
0.0139201
0.013939
0.0139616
0.0139841
0.014007
0.0140388
0.0140771
0.0141105
0.0141175
0.0140848
0.0140355
0.0134644
0.0134554
0.0134501
0.0134476
0.0134472
0.0134485
0.0134509
0.0134541
0.0134579
0.0134621
0.0134666
0.0134716
0.0134769
0.0134826
0.0134887
0.0134951
0.0135019
0.013509
0.0135164
0.0135242
0.0135323
0.0135407
0.0135496
0.0135587
0.0135682
0.0135781
0.0135883
0.0135989
0.0136099
0.0136211
0.0136328
0.0136447
0.013657
0.0136696
0.0136825
0.0136957
0.0137093
0.0137232
0.0137374
0.0137521
0.0137672
0.0137829
0.0137994
0.0138161
0.0138328
0.0138496
0.0138657
0.0138811
0.0138958
0.013911
0.0139285
0.0139497
0.013973
0.0139968
0.0140232
0.0140611
0.0140996
0.014116
0.0140899
0.01404
0.0133921
0.0133831
0.013378
0.0133761
0.0133762
0.0133785
0.0133818
0.013386
0.0133909
0.0133964
0.0134023
0.0134087
0.0134155
0.0134226
0.0134301
0.013438
0.0134462
0.0134548
0.0134638
0.0134732
0.013483
0.0134931
0.0135036
0.0135146
0.0135258
0.0135375
0.0135495
0.0135619
0.0135746
0.0135877
0.0136011
0.0136148
0.0136288
0.0136431
0.0136576
0.0136724
0.0136874
0.0137027
0.0137182
0.0137339
0.0137499
0.0137661
0.0137826
0.0137996
0.0138172
0.0138356
0.0138536
0.0138707
0.0138865
0.0139015
0.0139179
0.0139388
0.0139626
0.013987
0.0140111
0.0140468
0.0140883
0.0141126
0.0140936
0.0140434
0.0133119
0.0133033
0.0132988
0.0132977
0.013299
0.0133023
0.0133067
0.0133122
0.0133185
0.0133254
0.0133328
0.0133407
0.013349
0.0133578
0.0133669
0.0133765
0.0133865
0.0133969
0.0134078
0.0134191
0.0134308
0.0134429
0.0134555
0.0134684
0.0134818
0.0134955
0.0135097
0.0135241
0.0135389
0.0135541
0.0135695
0.0135852
0.0136011
0.0136173
0.0136337
0.0136502
0.0136669
0.0136838
0.0137008
0.0137179
0.0137351
0.0137524
0.0137699
0.0137876
0.0138055
0.0138239
0.013843
0.0138617
0.0138791
0.013895
0.0139107
0.0139299
0.0139537
0.013979
0.014004
0.0140346
0.0140772
0.0141078
0.0140958
0.0140461
0.0132229
0.0132149
0.0132112
0.0132108
0.0132135
0.0132181
0.013224
0.0132311
0.013239
0.0132476
0.0132568
0.0132664
0.0132766
0.0132872
0.0132984
0.01331
0.0133221
0.0133346
0.0133477
0.0133612
0.0133752
0.0133897
0.0134046
0.01342
0.0134357
0.0134519
0.0134684
0.0134852
0.0135024
0.0135199
0.0135376
0.0135555
0.0135736
0.0135919
0.0136103
0.0136288
0.0136474
0.013666
0.0136846
0.0137032
0.0137218
0.0137403
0.0137589
0.0137775
0.0137962
0.0138149
0.0138339
0.0138535
0.0138725
0.0138898
0.0139057
0.0139237
0.0139461
0.0139718
0.0139972
0.0140244
0.014067
0.0141022
0.014097
0.0140478
0.0131246
0.0131172
0.0131145
0.0131152
0.0131193
0.0131254
0.0131332
0.0131421
0.013152
0.0131625
0.0131737
0.0131855
0.0131978
0.0132107
0.0132241
0.0132381
0.0132526
0.0132677
0.0132834
0.0132995
0.0133162
0.0133333
0.013351
0.013369
0.0133875
0.0134064
0.0134257
0.0134452
0.0134651
0.0134851
0.0135054
0.0135258
0.0135463
0.0135669
0.0135875
0.0136081
0.0136286
0.0136491
0.0136694
0.0136896
0.0137096
0.0137295
0.0137492
0.0137689
0.0137884
0.0138079
0.0138273
0.0138468
0.0138666
0.0138853
0.0139022
0.0139196
0.0139401
0.0139656
0.0139914
0.0140162
0.0140578
0.0140963
0.0140972
0.0140489
0.0130164
0.0130098
0.013008
0.0130106
0.0130162
0.0130241
0.0130339
0.0130449
0.0130569
0.0130698
0.0130833
0.0130975
0.0131124
0.0131278
0.013144
0.0131607
0.0131781
0.0131961
0.0132147
0.0132338
0.0132535
0.0132738
0.0132945
0.0133157
0.0133373
0.0133593
0.0133816
0.0134042
0.013427
0.0134499
0.013473
0.0134961
0.0135192
0.0135423
0.0135652
0.0135881
0.0136107
0.0136331
0.0136552
0.0136771
0.0136986
0.0137198
0.0137407
0.0137614
0.0137818
0.013802
0.0138221
0.013842
0.0138618
0.0138814
0.0138994
0.0139169
0.0139364
0.0139604
0.0139868
0.0140116
0.0140498
0.0140904
0.0140967
0.0140492
0.0128974
0.0128918
0.0128909
0.0128955
0.0129032
0.0129133
0.0129254
0.0129389
0.0129535
0.012969
0.0129853
0.0130023
0.01302
0.0130385
0.0130577
0.0130777
0.0130983
0.0131196
0.0131416
0.0131641
0.0131873
0.013211
0.0132353
0.0132599
0.013285
0.0133105
0.0133362
0.0133621
0.0133882
0.0134143
0.0134405
0.0134665
0.0134924
0.0135182
0.0135436
0.0135688
0.0135936
0.013618
0.013642
0.0136656
0.0136886
0.0137111
0.0137332
0.0137548
0.0137761
0.0137971
0.0138178
0.0138382
0.0138583
0.0138782
0.0138972
0.0139149
0.0139339
0.013956
0.0139828
0.0140083
0.0140429
0.0140846
0.0140958
0.0140491
0.012767
0.0127625
0.0127629
0.0127696
0.0127797
0.0127926
0.0128075
0.0128239
0.0128415
0.01286
0.0128795
0.0128997
0.0129208
0.0129428
0.0129655
0.012989
0.0130133
0.0130384
0.0130641
0.0130906
0.0131176
0.0131453
0.0131734
0.013202
0.013231
0.0132602
0.0132897
0.0133192
0.0133489
0.0133785
0.0134079
0.0134371
0.0134661
0.0134946
0.0135227
0.0135503
0.0135774
0.0136038
0.0136297
0.013655
0.0136795
0.0137034
0.0137266
0.0137492
0.0137713
0.013793
0.0138143
0.0138352
0.0138557
0.0138758
0.0138954
0.0139136
0.0139322
0.013953
0.0139792
0.0140054
0.014037
0.0140793
0.0140945
0.0140485
0.0126244
0.012621
0.0126241
0.0126331
0.0126457
0.0126617
0.0126798
0.0126995
0.0127205
0.0127425
0.0127656
0.0127896
0.0128145
0.0128404
0.0128672
0.0128948
0.0129232
0.0129525
0.0129825
0.0130133
0.0130447
0.0130766
0.0131091
0.013142
0.0131752
0.0132087
0.0132422
0.0132758
0.0133092
0.0133425
0.0133755
0.0134081
0.0134402
0.0134717
0.0135025
0.0135327
0.013562
0.0135906
0.0136183
0.0136453
0.0136713
0.0136965
0.0137208
0.0137443
0.0137672
0.0137895
0.0138113
0.0138327
0.0138536
0.013874
0.0138939
0.0139126
0.0139311
0.0139512
0.0139761
0.0140023
0.0140321
0.0140743
0.0140929
0.0140477
0.012469
0.0124667
0.012473
0.0124847
0.0125005
0.0125199
0.0125417
0.0125652
0.0125901
0.0126162
0.0126434
0.0126717
0.012701
0.0127314
0.0127627
0.012795
0.0128281
0.0128622
0.012897
0.0129325
0.0129687
0.0130055
0.0130427
0.0130803
0.0131182
0.0131561
0.0131941
0.0132319
0.0132695
0.0133067
0.0133435
0.0133796
0.013415
0.0134496
0.0134832
0.0135159
0.0135476
0.0135782
0.0136079
0.0136364
0.013664
0.0136904
0.0137158
0.0137402
0.0137638
0.0137867
0.013809
0.0138307
0.013852
0.0138727
0.0138928
0.0139119
0.0139304
0.0139499
0.0139736
0.0139996
0.0140281
0.0140698
0.0140913
0.0140466
0.0123
0.0122992
0.0123085
0.0123237
0.0123433
0.0123668
0.0123928
0.0124207
0.0124501
0.0124808
0.0125128
0.0125459
0.0125802
0.0126156
0.0126521
0.0126896
0.0127281
0.0127674
0.0128076
0.0128484
0.0128899
0.012932
0.0129744
0.0130171
0.01306
0.0131028
0.0131455
0.0131879
0.0132298
0.0132712
0.0133119
0.0133517
0.0133905
0.0134283
0.0134648
0.0135001
0.0135341
0.0135668
0.0135983
0.0136284
0.0136574
0.013685
0.0137114
0.0137367
0.0137609
0.0137843
0.013807
0.0138291
0.0138507
0.0138717
0.0138919
0.0139114
0.01393
0.0139491
0.0139717
0.0139973
0.0140248
0.0140658
0.0140897
0.0140454
0.012117
0.0121179
0.0121305
0.0121496
0.0121737
0.0122019
0.0122327
0.0122656
0.0123002
0.0123362
0.0123735
0.0124122
0.0124521
0.0124932
0.0125355
0.0125789
0.0126232
0.0126685
0.0127145
0.0127613
0.0128086
0.0128564
0.0129045
0.0129527
0.013001
0.0130491
0.0130968
0.013144
0.0131905
0.0132362
0.0132809
0.0133245
0.0133669
0.0134079
0.0134473
0.0134852
0.0135216
0.0135563
0.0135895
0.0136212
0.0136515
0.0136803
0.0137076
0.0137337
0.0137585
0.0137824
0.0138055
0.0138279
0.0138497
0.0138709
0.0138913
0.013911
0.0139298
0.0139486
0.0139704
0.0139954
0.0140221
0.0140622
0.014088
0.0140441
0.0119191
0.0119226
0.0119387
0.0119619
0.0119913
0.0120249
0.0120613
0.0120998
0.0121402
0.0121821
0.0122255
0.0122704
0.0123166
0.0123642
0.012413
0.0124628
0.0125137
0.0125656
0.0126181
0.0126714
0.0127251
0.0127792
0.0128334
0.0128875
0.0129416
0.0129952
0.0130482
0.0131004
0.0131517
0.0132019
0.0132508
0.0132983
0.0133442
0.0133884
0.0134308
0.0134714
0.01351
0.0135467
0.0135816
0.0136148
0.0136463
0.0136761
0.0137044
0.0137312
0.0137566
0.0137809
0.0138043
0.0138269
0.0138489
0.0138703
0.0138909
0.0139107
0.0139296
0.0139483
0.0139696
0.0139938
0.0140208
0.0140591
0.0140864
0.0140427
0.0117068
0.0117133
0.0117332
0.0117613
0.0117964
0.0118359
0.0118784
0.0119232
0.01197
0.0120186
0.0120688
0.0121206
0.0121739
0.0122286
0.0122846
0.0123417
0.0123999
0.012459
0.0125187
0.012579
0.0126397
0.0127005
0.0127613
0.0128218
0.012882
0.0129414
0.013
0.0130575
0.0131137
0.0131685
0.0132217
0.0132731
0.0133226
0.01337
0.0134153
0.0134584
0.0134993
0.0135379
0.0135745
0.013609
0.0136417
0.0136725
0.0137016
0.013729
0.013755
0.0137796
0.0138033
0.0138261
0.0138483
0.0138698
0.0138906
0.0139104
0.0139296
0.0139481
0.0139692
0.0139924
0.01402
0.0140563
0.0140849
0.0140414
0.0114802
0.0114894
0.0115137
0.0115472
0.0115885
0.0116346
0.0116839
0.0117358
0.0117898
0.0118458
0.0119036
0.0119631
0.0120242
0.0120868
0.0121507
0.0122159
0.012282
0.012349
0.0124166
0.0124845
0.0125527
0.0126208
0.0126887
0.012756
0.0128225
0.0128881
0.0129525
0.0130154
0.0130767
0.0131362
0.0131936
0.013249
0.013302
0.0133527
0.0134008
0.0134464
0.0134894
0.0135299
0.013568
0.0136039
0.0136376
0.0136693
0.0136992
0.0137272
0.0137537
0.0137787
0.0138025
0.0138256
0.0138479
0.0138695
0.0138904
0.0139103
0.0139296
0.0139481
0.013969
0.0139913
0.0140195
0.0140538
0.0140835
0.01404
0.0112389
0.0112507
0.0112799
0.0113196
0.0113677
0.0114211
0.011478
0.0115376
0.0115996
0.0116638
0.0117299
0.0117979
0.0118676
0.0119389
0.0120116
0.0120855
0.0121604
0.012236
0.0123121
0.0123884
0.0124646
0.0125405
0.0126159
0.0126903
0.0127637
0.0128356
0.0129058
0.0129743
0.0130408
0.013105
0.0131668
0.013226
0.0132826
0.0133364
0.0133873
0.0134354
0.0134805
0.0135227
0.0135623
0.0135993
0.013634
0.0136666
0.0136971
0.0137257
0.0137526
0.0137779
0.013802
0.0138252
0.0138475
0.0138693
0.0138903
0.0139102
0.0139296
0.013948
0.0139689
0.0139905
0.014019
0.0140517
0.0140821
0.0140388
0.0109829
0.0109974
0.011032
0.0110788
0.0111346
0.0111959
0.011261
0.0113291
0.0113998
0.0114729
0.0115481
0.0116255
0.0117047
0.0117855
0.0118677
0.0119511
0.0120354
0.0121204
0.0122057
0.0122909
0.0123758
0.01246
0.0125432
0.0126252
0.0127055
0.012784
0.0128604
0.0129345
0.0130062
0.0130751
0.0131412
0.0132043
0.0132644
0.0133212
0.0133748
0.0134252
0.0134722
0.0135162
0.0135571
0.0135953
0.0136309
0.0136642
0.0136953
0.0137244
0.0137517
0.0137773
0.0138016
0.0138248
0.0138473
0.0138691
0.0138902
0.0139102
0.0139297
0.013948
0.0139688
0.0139902
0.0140184
0.0140498
0.0140809
0.0140376
0.0107125
0.0107298
0.0107704
0.0108254
0.0108898
0.0109598
0.0110337
0.011111
0.011191
0.0112738
0.0113589
0.0114464
0.0115358
0.0116269
0.0117195
0.0118132
0.0119077
0.0120027
0.0120978
0.0121926
0.0122866
0.0123796
0.0124712
0.0125609
0.0126485
0.0127337
0.0128163
0.0128962
0.012973
0.0130466
0.013117
0.0131839
0.0132472
0.0133071
0.0133632
0.0134158
0.0134648
0.0135103
0.0135525
0.0135917
0.0136282
0.0136622
0.0136938
0.0137234
0.013751
0.0137768
0.0138013
0.0138246
0.0138472
0.013869
0.0138902
0.0139102
0.0139298
0.0139481
0.0139689
0.01399
0.0140176
0.0140481
0.0140796
0.0140364
0.0104289
0.0104499
0.0104969
0.0105609
0.0106342
0.0107134
0.0107969
0.0108839
0.010974
0.0110671
0.0111629
0.0112612
0.0113616
0.0114639
0.0115676
0.0116723
0.0117777
0.0118835
0.011989
0.0120938
0.0121976
0.0122998
0.0124
0.0124978
0.0125929
0.012685
0.0127739
0.0128594
0.0129414
0.0130196
0.0130941
0.0131646
0.0132313
0.0132939
0.0133526
0.0134072
0.013458
0.0135049
0.0135483
0.0135885
0.0136258
0.0136604
0.0136926
0.0137225
0.0137504
0.0137765
0.013801
0.0138245
0.0138471
0.013869
0.0138902
0.0139102
0.0139298
0.0139482
0.013969
0.0139899
0.0140168
0.0140466
0.0140783
0.0140354
0.010134
0.0101597
0.0102141
0.0102867
0.0103693
0.0104581
0.0105515
0.0106488
0.0107496
0.0108538
0.0109609
0.0110708
0.0111829
0.011297
0.0114126
0.0115291
0.0116462
0.0117632
0.0118798
0.0119953
0.0121091
0.0122209
0.01233
0.0124361
0.0125388
0.0126379
0.0127331
0.0128243
0.0129114
0.0129941
0.0130726
0.0131467
0.0132164
0.0132817
0.0133427
0.0133994
0.0134518
0.0135001
0.0135447
0.0135857
0.0136237
0.0136588
0.0136915
0.0137217
0.0137499
0.0137762
0.0138009
0.0138244
0.013847
0.013869
0.0138902
0.0139103
0.0139299
0.0139482
0.0139684
0.0139889
0.0140161
0.0140453
0.014077
0.0140344
0.0098289
0.00986035
0.00992249
0.0100042
0.0100964
0.0101951
0.0102988
0.0104069
0.0105189
0.0106347
0.0107538
0.010876
0.0110006
0.0111272
0.0112553
0.0113843
0.0115136
0.0116427
0.0117708
0.0118973
0.0120217
0.0121434
0.0122616
0.0123762
0.0124866
0.0125927
0.0126943
0.0127911
0.0128831
0.0129702
0.0130525
0.01313
0.0132026
0.0132705
0.0133337
0.0133922
0.0134462
0.0134958
0.0135414
0.0135832
0.0136218
0.0136575
0.0136905
0.0137211
0.0137495
0.013776
0.0138008
0.0138244
0.013847
0.013869
0.0138902
0.0139103
0.0139299
0.0139483
0.0139677
0.013988
0.0140155
0.0140441
0.0140758
0.0140336
0.00951563
0.00955387
0.00962455
0.00971562
0.00981745
0.00992622
0.0100405
0.0101596
0.0102833
0.0104111
0.0105427
0.0106777
0.0108154
0.0109553
0.0110966
0.0112387
0.0113809
0.0115224
0.0116626
0.0118005
0.0119357
0.0120674
0.0121951
0.0123182
0.0124365
0.0125496
0.0126573
0.0127596
0.0128564
0.0129478
0.0130338
0.0131144
0.0131899
0.0132601
0.0133254
0.0133857
0.0134411
0.0134919
0.0135384
0.013581
0.0136202
0.0136563
0.0136897
0.0137206
0.0137492
0.0137758
0.0138007
0.0138244
0.013847
0.013869
0.0138903
0.0139104
0.0139298
0.0139485
0.0139669
0.0139869
0.0140149
0.014043
0.0140746
0.0140328
0.00919645
0.00924227
0.00932265
0.00942328
0.00953473
0.00965349
0.00977833
0.00990873
0.0100442
0.0101844
0.0103289
0.0104772
0.0106285
0.0107822
0.0109373
0.0110931
0.0112486
0.0114031
0.0115557
0.0117054
0.0118517
0.0119936
0.0121307
0.0122624
0.0123885
0.0125085
0.0126224
0.01273
0.0128315
0.0129269
0.0130164
0.0131001
0.0131781
0.0132506
0.0133178
0.0133797
0.0134365
0.0134884
0.0135358
0.0135791
0.0136188
0.0136553
0.013689
0.0137201
0.0137489
0.0137757
0.0138007
0.0138244
0.013847
0.0138691
0.0138903
0.0139105
0.0139298
0.0139486
0.0139662
0.0139859
0.0140144
0.0140419
0.0140734
0.014032
0.00887464
0.00892831
0.00901987
0.00912999
0.00925069
0.0093792
0.00951444
0.00965597
0.00980341
0.0099562
0.0101139
0.0102758
0.0104412
0.0106091
0.0107784
0.0109483
0.0111176
0.0112854
0.0114507
0.0116124
0.0117698
0.0119221
0.0120687
0.012209
0.0123427
0.0124696
0.0125894
0.0127023
0.0128082
0.0129075
0.0130003
0.0130868
0.0131673
0.0132419
0.0133108
0.0133743
0.0134323
0.0134852
0.0135334
0.0135773
0.0136175
0.0136545
0.0136884
0.0137197
0.0137487
0.0137756
0.0138007
0.0138245
0.0138471
0.0138691
0.0138904
0.0139106
0.0139297
0.0139488
0.0139654
0.013985
0.014014
0.014041
0.0140723
0.0140314
0.00855615
0.00861953
0.00872045
0.00883898
0.00896818
0.00910579
0.00925106
0.00940351
0.00956273
0.00972809
0.00989905
0.0100748
0.0102545
0.010437
0.0106208
0.0108051
0.0109885
0.01117
0.0113481
0.0115219
0.0116906
0.0118532
0.0120092
0.0121581
0.0122993
0.0124328
0.0125584
0.0126763
0.0127866
0.0128895
0.0129854
0.0130746
0.0131573
0.0132339
0.0133045
0.0133693
0.0134285
0.0134824
0.0135313
0.0135758
0.0136164
0.0136537
0.0136879
0.0137194
0.0137485
0.0137756
0.0138007
0.0138245
0.0138471
0.0138692
0.0138905
0.0139107
0.0139296
0.013949
0.0139646
0.013984
0.014014
0.01404
0.0140712
0.0140308
0.00824508
0.00831858
0.00842748
0.0085533
0.00869007
0.00883601
0.00899056
0.00915342
0.00932408
0.00950179
0.00968596
0.00987566
0.0100697
0.0102669
0.0104655
0.0106644
0.0108622
0.0110573
0.0112484
0.0114344
0.0116143
0.0117873
0.0119526
0.0121097
0.0122583
0.0123982
0.0125295
0.0126521
0.0127665
0.0128729
0.0129717
0.0130634
0.0131482
0.0132265
0.0132987
0.0133648
0.0134251
0.0134798
0.0135294
0.0135744
0.0136155
0.013653
0.0136874
0.0137191
0.0137484
0.0137755
0.0138007
0.0138246
0.0138472
0.0138693
0.0138905
0.0139108
0.0139295
0.0139492
0.0139639
0.0139831
0.0140138
0.0140392
0.0140702
0.0140302
0.00794676
0.00802849
0.00814395
0.00827592
0.00841924
0.00857257
0.00873555
0.00890797
0.00908947
0.00927911
0.00947619
0.00967965
0.0098881
0.0101
0.0103135
0.0105271
0.0107393
0.010948
0.011152
0.0113502
0.0115412
0.0117243
0.0118987
0.012064
0.0122197
0.0123658
0.0125024
0.0126296
0.0127479
0.0128576
0.0129591
0.0130531
0.0131399
0.0132198
0.0132934
0.0133607
0.013422
0.0134775
0.0135277
0.0135732
0.0136146
0.0136524
0.013687
0.0137189
0.0137483
0.0137755
0.0138007
0.0138246
0.0138472
0.0138693
0.0138906
0.0139109
0.0139295
0.0139494
0.0139632
0.0139822
0.0140134
0.0140383
0.0140692
0.0140298
0.00766457
0.00775192
0.00787257
0.00800961
0.00815846
0.00831814
0.00848853
0.00866956
0.00886093
0.00906183
0.0092713
0.00948816
0.00971083
0.00993722
0.0101656
0.0103939
0.0106202
0.0108426
0.0110595
0.0112696
0.0114716
0.0116646
0.0118478
0.0120209
0.0121834
0.0123355
0.0124772
0.0126088
0.0127307
0.0128434
0.0129476
0.0130437
0.0131322
0.0132137
0.0132885
0.013357
0.0134192
0.0134754
0.0135261
0.0135721
0.0136138
0.0136519
0.0136867
0.0137187
0.0137482
0.0137755
0.0138007
0.0138247
0.0138473
0.0138694
0.0138906
0.013911
0.0139294
0.0139496
0.0139625
0.0139814
0.0140131
0.0140376
0.0140683
0.0140295
0.00739745
0.00749027
0.00761544
0.00775674
0.00791019
0.00807519
0.00825187
0.00844038
0.00864058
0.00885171
0.00907283
0.00930249
0.00953886
0.00977957
0.0100226
0.0102654
0.0105057
0.0107415
0.0109711
0.0111928
0.0114055
0.0116081
0.0117999
0.0119804
0.0121496
0.0123073
0.0124538
0.0125895
0.0127148
0.0128304
0.012937
0.0130351
0.0131253
0.0132081
0.0132841
0.0133535
0.0134166
0.0134735
0.0135248
0.0135711
0.0136131
0.0136514
0.0136864
0.0137185
0.0137481
0.0137755
0.0138008
0.0138247
0.0138473
0.0138695
0.0138907
0.0139111
0.0139293
0.0139497
0.0139618
0.0139806
0.0140127
0.0140368
0.0140674
0.0140292
0.00714663
0.00724472
0.00737403
0.0075191
0.00767648
0.00784586
0.00802771
0.00822247
0.00843022
0.00865046
0.00888228
0.00912395
0.00937335
0.00962793
0.00988516
0.010142
0.0103961
0.010645
0.0108869
0.01112
0.011343
0.0115548
0.0117548
0.0119426
0.012118
0.012281
0.0124321
0.0125716
0.0127002
0.0128185
0.0129272
0.0130272
0.0131189
0.013203
0.0132801
0.0133504
0.0134143
0.0134718
0.0135235
0.0135702
0.0136125
0.013651
0.0136861
0.0137184
0.013748
0.0137754
0.0138008
0.0138248
0.0138474
0.0138695
0.0138907
0.0139112
0.0139293
0.0139499
0.0139612
0.0139798
0.0140123
0.0140362
0.0140666
0.0140291
0.00691158
0.00701557
0.00714896
0.00729774
0.00745873
0.00763184
0.00781784
0.00801764
0.00823155
0.00845961
0.0087009
0.00895363
0.00921513
0.00948293
0.00975375
0.0100243
0.0102917
0.0105535
0.0108073
0.0110513
0.0112842
0.0115049
0.0117127
0.0119073
0.0120886
0.0122567
0.0124121
0.0125552
0.0126868
0.0128076
0.0129184
0.01302
0.0131131
0.0131984
0.0132764
0.0133476
0.0134122
0.0134702
0.0135224
0.0135694
0.013612
0.0136506
0.0136859
0.0137182
0.0137479
0.0137754
0.0138008
0.0138248
0.0138474
0.0138696
0.0138908
0.0139113
0.0139293
0.0139501
0.0139606
0.0139791
0.0140119
0.0140355
0.0140659
0.014029
0.00669154
0.00680258
0.00693996
0.00709283
0.00725768
0.00743423
0.00762357
0.00782709
0.00804588
0.00828031
0.0085297
0.00879222
0.00906503
0.00934523
0.00962893
0.00991262
0.0101929
0.0104669
0.0107322
0.0109867
0.011229
0.0114581
0.0116734
0.0118744
0.0120613
0.0122342
0.0123936
0.0125401
0.0126744
0.0127975
0.0129102
0.0130134
0.0131078
0.0131942
0.0132731
0.013345
0.0134102
0.0134688
0.0135214
0.0135687
0.0136115
0.0136503
0.0136857
0.0137181
0.0137479
0.0137754
0.0138008
0.0138249
0.0138474
0.0138696
0.0138908
0.0139114
0.0139293
0.0139502
0.0139601
0.0139784
0.0140116
0.014035
0.0140652
0.0140289
0.00648278
0.00660425
0.0067459
0.00690373
0.00707327
0.00725358
0.00744586
0.00765217
0.00787439
0.00811358
0.00836957
0.00864052
0.0089235
0.00921506
0.00951102
0.0098072
0.0100998
0.0103855
0.0106616
0.0109261
0.0111775
0.0114146
0.0116368
0.011844
0.012036
0.0122134
0.0123765
0.0125261
0.0126631
0.0127884
0.0129028
0.0130074
0.013103
0.0131903
0.01327
0.0133427
0.0134085
0.0134676
0.0135205
0.013568
0.013611
0.01365
0.0136855
0.013718
0.0137478
0.0137754
0.0138008
0.0138249
0.0138475
0.0138697
0.0138909
0.0139115
0.0139293
0.0139504
0.0139595
0.0139778
0.0140112
0.0140344
0.0140645
0.0140289
0.00627712
0.00641406
0.00656448
0.00672898
0.00690475
0.00708968
0.0072849
0.00749323
0.00771756
0.00795992
0.00822077
0.00849875
0.00879076
0.00909281
0.00940018
0.00970812
0.0100123
0.0103091
0.0105956
0.0108696
0.0111294
0.011374
0.0116029
0.0118157
0.0120127
0.0121942
0.0123608
0.0125134
0.0126528
0.01278
0.012896
0.013002
0.0130986
0.0131868
0.0132673
0.0133405
0.0134069
0.0134664
0.0135196
0.0135675
0.0136106
0.0136497
0.0136853
0.0137179
0.0137478
0.0137754
0.0138009
0.0138249
0.0138475
0.0138697
0.0138909
0.0139115
0.0139293
0.0139504
0.0139591
0.0139773
0.0140109
0.0140339
0.0140639
0.0140289
0.00606603
0.00622465
0.0063913
0.00656661
0.00675075
0.00694177
0.00714038
0.00735026
0.00757559
0.0078197
0.00808394
0.00836739
0.00866714
0.00897861
0.0092965
0.00961541
0.00993053
0.0102378
0.010534
0.0108169
0.0110847
0.0113365
0.0115715
0.0117897
0.0119912
0.0121766
0.0123464
0.0125017
0.0126433
0.0127723
0.0128899
0.012997
0.0130946
0.0131836
0.0132647
0.0133386
0.0134054
0.0134654
0.0135189
0.0135669
0.0136103
0.0136495
0.0136851
0.0137178
0.0137477
0.0137754
0.0138009
0.013825
0.0138475
0.0138698
0.0138909
0.0139116
0.0139293
0.0139504
0.0139586
0.0139767
0.0140105
0.0140335
0.0140634
0.0140289
0.00584204
0.00602996
0.00622067
0.00641393
0.0066095
0.00680864
0.00701157
0.00722287
0.00744829
0.00769278
0.00795881
0.00824645
0.00855267
0.00887245
0.00919991
0.00952899
0.00985431
0.0101714
0.0104768
0.010768
0.0110434
0.0113017
0.0115425
0.0117657
0.0119714
0.0121604
0.0123332
0.012491
0.0126346
0.0127653
0.0128842
0.0129925
0.013091
0.0131807
0.0132624
0.0133368
0.0134041
0.0134644
0.0135182
0.0135665
0.0136099
0.0136492
0.013685
0.0137177
0.0137477
0.0137754
0.0138009
0.013825
0.0138476
0.0138698
0.0138909
0.0139117
0.0139293
0.0139504
0.0139582
0.0139762
0.0140102
0.014033
0.0140629
0.0140289
0.00559943
0.00582547
0.0060476
0.00626728
0.00647893
0.00668874
0.00689736
0.00711029
0.00733513
0.00757868
0.00784533
0.00813579
0.0084472
0.0087742
0.00911028
0.0094487
0.00978351
0.0101097
0.0104237
0.0107227
0.0110051
0.0112696
0.0115158
0.0117435
0.0119533
0.0121455
0.0123212
0.0124812
0.0126267
0.012759
0.0128791
0.0129884
0.0130877
0.0131781
0.0132604
0.0133351
0.0134029
0.0134635
0.0135176
0.013566
0.0136096
0.013649
0.0136848
0.0137176
0.0137476
0.0137754
0.0138009
0.013825
0.0138476
0.0138698
0.013891
0.0139117
0.0139293
0.0139504
0.0139578
0.0139758
0.0140099
0.0140326
0.0140624
0.0140289
0.0053386
0.00560889
0.00586841
0.00612287
0.00635702
0.00658083
0.00679679
0.00701167
0.00723541
0.00747708
0.00774311
0.00803507
0.00835047
0.0086836
0.00902739
0.00937435
0.00971792
0.0100527
0.0103746
0.0106809
0.0109698
0.01124
0.0114912
0.0117232
0.0119366
0.0121319
0.0123101
0.0124722
0.0126195
0.0127532
0.0128745
0.0129846
0.0130847
0.0131757
0.0132584
0.0133337
0.0134018
0.0134627
0.013517
0.0135656
0.0136093
0.0136488
0.0136847
0.0137175
0.0137476
0.0137754
0.0138009
0.013825
0.0138476
0.0138698
0.013891
0.0139118
0.0139293
0.0139503
0.0139574
0.0139754
0.0140096
0.0140323
0.0140619
0.014029
0.0050637
0.00538034
0.00568158
0.00597777
0.00624142
0.00648283
0.00670819
0.00692582
0.00714829
0.00738735
0.00765158
0.00794384
0.00826208
0.00860034
0.00895096
0.00930569
0.00965732
0.00999994
0.0103293
0.0106423
0.0109372
0.0112128
0.0114686
0.0117046
0.0119213
0.0121194
0.0123
0.0124641
0.012613
0.0127479
0.0128702
0.0129812
0.013082
0.0131735
0.0132567
0.0133323
0.0134008
0.013462
0.0135165
0.0135653
0.0136091
0.0136487
0.0136846
0.0137174
0.0137475
0.0137753
0.0138009
0.013825
0.0138476
0.0138698
0.013891
0.0139118
0.0139293
0.0139503
0.0139571
0.013975
0.0140094
0.014032
0.0140615
0.014029
0.00477499
0.0051414
0.00548815
0.0058304
0.00612975
0.00639281
0.00662969
0.00685122
0.00707273
0.00730857
0.00757002
0.00786152
0.00818159
0.00852407
0.00888068
0.00924244
0.00960147
0.00995135
0.0102875
0.0106068
0.0109073
0.0111878
0.0114478
0.0116875
0.0119073
0.0121081
0.0122908
0.0124567
0.012607
0.0127431
0.0128664
0.0129781
0.0130795
0.0131716
0.0132551
0.0133311
0.0133998
0.0134614
0.013516
0.0135649
0.0136089
0.0136485
0.0136845
0.0137174
0.0137475
0.0137753
0.0138008
0.013825
0.0138476
0.0138698
0.013891
0.0139118
0.0139293
0.0139502
0.0139568
0.0139747
0.0140091
0.0140317
0.0140612
0.014029
0.00447232
0.00489403
0.00529072
0.00568045
0.0060203
0.00630898
0.00655998
0.00678676
0.00700759
0.00723975
0.00749766
0.00778751
0.00810852
0.00845436
0.00881621
0.0091843
0.0095501
0.00990667
0.0102492
0.0105742
0.0108799
0.0111649
0.0114288
0.0116719
0.0118945
0.0120977
0.0122824
0.0124499
0.0126015
0.0127387
0.0128629
0.0129753
0.0130773
0.0131698
0.0132537
0.0133299
0.013399
0.0134607
0.0135156
0.0135646
0.0136086
0.0136484
0.0136844
0.0137173
0.0137474
0.0137753
0.0138008
0.013825
0.0138476
0.0138698
0.013891
0.0139118
0.0139293
0.0139501
0.0139565
0.0139744
0.0140089
0.0140314
0.0140608
0.0140291
0.00415827
0.00463982
0.00509123
0.00552864
0.00591102
0.00622946
0.00649789
0.00673117
0.00695172
0.00717993
0.00743369
0.00772116
0.00804235
0.00839081
0.0087572
0.00913097
0.00950293
0.00986564
0.010214
0.0105443
0.0108547
0.0111439
0.0114115
0.0116576
0.0118829
0.0120882
0.0122747
0.0124437
0.0125966
0.0127348
0.0128597
0.0129728
0.0130752
0.0131681
0.0132524
0.0133289
0.0133982
0.0134602
0.0135152
0.0135643
0.0136084
0.0136482
0.0136843
0.0137172
0.0137474
0.0137752
0.0138008
0.013825
0.0138476
0.0138698
0.013891
0.0139117
0.0139293
0.0139501
0.0139562
0.0139741
0.0140087
0.0140311
0.0140605
0.0140291
0.00383671
0.00438073
0.00489128
0.0053762
0.00580229
0.00615333
0.00644222
0.00668324
0.006904
0.00712813
0.00737732
0.00766182
0.00798254
0.00833297
0.00870327
0.00908213
0.0094597
0.00982804
0.0101817
0.010517
0.0108317
0.0111247
0.0113956
0.0116446
0.0118722
0.0120796
0.0122677
0.0124381
0.0125921
0.0127312
0.0128568
0.0129705
0.0130734
0.0131666
0.0132512
0.0133279
0.0133975
0.0134597
0.0135148
0.0135641
0.0136082
0.0136481
0.0136842
0.0137171
0.0137473
0.0137752
0.0138008
0.0138249
0.0138476
0.0138697
0.013891
0.0139117
0.0139292
0.01395
0.013956
0.0139738
0.0140085
0.0140309
0.0140602
0.0140292
0.00351388
0.00411983
0.00469323
0.00522658
0.00569539
0.00608064
0.00639192
0.00664183
0.00686338
0.00708341
0.00732774
0.00760884
0.00792858
0.00828042
0.00865406
0.00903747
0.00942014
0.00979361
0.0101522
0.0104919
0.0108107
0.0111072
0.0113811
0.0116327
0.0118625
0.0120717
0.0122614
0.012433
0.012588
0.0127279
0.0128542
0.0129683
0.0130717
0.0131653
0.0132501
0.013327
0.0133968
0.0134592
0.0135145
0.0135638
0.0136081
0.0136479
0.0136841
0.0137171
0.0137473
0.0137752
0.0138007
0.0138248
0.0138475
0.0138696
0.013891
0.0139116
0.0139291
0.0139499
0.0139558
0.0139736
0.0140083
0.0140307
0.0140599
0.0140292
0.00319645
0.0038637
0.00449883
0.00508022
0.00559073
0.00601116
0.00634606
0.00660593
0.00682887
0.00704489
0.00728422
0.00756162
0.00787996
0.00823274
0.00860924
0.0089967
0.00938398
0.00976215
0.0101252
0.010469
0.0107914
0.0110912
0.0113679
0.0116218
0.0118537
0.0120645
0.0122556
0.0124284
0.0125843
0.0127249
0.0128518
0.0129664
0.0130701
0.013164
0.0132491
0.0133262
0.0133961
0.0134587
0.0135142
0.0135636
0.0136079
0.0136478
0.013684
0.013717
0.0137472
0.0137751
0.0138007
0.0138247
0.0138474
0.0138694
0.0138909
0.0139115
0.013929
0.0139498
0.0139556
0.0139733
0.0140082
0.0140305
0.0140597
0.0140293
0.00289033
0.0036182
0.00430983
0.00493829
0.00548966
0.00594476
0.00630393
0.00657465
0.00679961
0.00701178
0.00724606
0.00751956
0.00783619
0.00818953
0.00856844
0.00895951
0.00935098
0.00973341
0.0101005
0.0104481
0.0107739
0.0110766
0.0113559
0.011612
0.0118457
0.012058
0.0122504
0.0124242
0.0125809
0.0127222
0.0128497
0.0129647
0.0130687
0.0131629
0.0132481
0.0133255
0.0133956
0.0134583
0.0135139
0.0135634
0.0136077
0.0136477
0.0136839
0.0137169
0.0137471
0.013775
0.0138006
0.0138246
0.0138473
0.0138693
0.0138908
0.0139114
0.0139289
0.0139498
0.0139554
0.0139731
0.014008
0.0140303
0.0140595
0.0140293
0.00259831
0.00338351
0.00412802
0.00480127
0.00539272
0.00588139
0.00626495
0.00654719
0.00677482
0.00698335
0.00721263
0.00748212
0.00779683
0.00815039
0.00853135
0.00892564
0.00932088
0.00970721
0.0100781
0.0104291
0.0107579
0.0110633
0.0113449
0.011603
0.0118384
0.0120521
0.0122456
0.0124203
0.0125779
0.0127198
0.0128477
0.0129631
0.0130674
0.0131618
0.0132473
0.0133248
0.013395
0.0134579
0.0135136
0.0135632
0.0136076
0.0136476
0.0136838
0.0137168
0.0137471
0.0137749
0.0138005
0.0138245
0.0138472
0.0138692
0.0138907
0.0139113
0.0139288
0.0139497
0.0139552
0.013973
0.0140079
0.0140302
0.0140593
0.0140294
0.00232416
0.00316076
0.00395441
0.00467052
0.00530022
0.00582101
0.00622867
0.0065229
0.00675381
0.00695894
0.00718334
0.00744882
0.00776144
0.00811499
0.00849766
0.0088948
0.00929345
0.00968332
0.0100576
0.0104117
0.0107434
0.0110512
0.0113349
0.0115948
0.0118317
0.0120468
0.0122413
0.0124169
0.0125751
0.0127176
0.0128459
0.0129617
0.0130663
0.0131609
0.0132465
0.0133241
0.0133945
0.0134575
0.0135133
0.013563
0.0136074
0.0136474
0.0136837
0.0137167
0.013747
0.0137748
0.0138003
0.0138243
0.0138471
0.013869
0.0138906
0.0139112
0.0139287
0.0139496
0.0139551
0.0139728
0.0140078
0.01403
0.0140591
0.0140294
0.00207098
0.00295163
0.00378979
0.00454671
0.00521236
0.00576362
0.00619476
0.0065012
0.00673598
0.00693801
0.00715768
0.00741919
0.00772965
0.00808297
0.00846707
0.00886676
0.00926849
0.00966157
0.0100389
0.010396
0.0107302
0.0110402
0.0113259
0.0115874
0.0118257
0.0120419
0.0122374
0.0124137
0.0125726
0.0127156
0.0128443
0.0129604
0.0130652
0.01316
0.0132458
0.0133235
0.013394
0.0134572
0.0135131
0.0135628
0.0136073
0.0136473
0.0136836
0.0137166
0.0137468
0.0137746
0.0138002
0.0138242
0.0138469
0.0138689
0.0138905
0.0139111
0.0139286
0.0139495
0.0139549
0.0139726
0.0140077
0.0140299
0.0140589
0.0140295
0.0018406
0.00275735
0.00363606
0.00443031
0.0051293
0.00570923
0.00616298
0.00648167
0.00672078
0.00692004
0.0071352
0.00739284
0.00770108
0.00805403
0.00843933
0.00884127
0.00924578
0.00964179
0.010022
0.0103816
0.0107181
0.0110302
0.0113176
0.0115807
0.0118202
0.0120375
0.0122338
0.0124109
0.0125703
0.0127137
0.0128428
0.0129592
0.0130642
0.0131592
0.0132451
0.0133229
0.0133935
0.0134568
0.0135128
0.0135626
0.0136072
0.0136472
0.0136835
0.0137165
0.0137467
0.0137745
0.0138
0.013824
0.0138468
0.0138688
0.0138904
0.013911
0.0139285
0.0139494
0.0139548
0.0139725
0.0140076
0.0140298
0.0140588
0.0140296
0.00163319
0.00257856
0.00349352
0.0043215
0.00505112
0.00565784
0.00613313
0.00646394
0.00670774
0.00690462
0.00711549
0.00736939
0.00767542
0.00802788
0.00841418
0.00881813
0.00922514
0.0096238
0.0100065
0.0103685
0.0107072
0.0110212
0.0113102
0.0115746
0.0118153
0.0120334
0.0122306
0.0124083
0.0125682
0.0127121
0.0128415
0.0129581
0.0130633
0.0131585
0.0132445
0.0133224
0.0133931
0.0134565
0.0135126
0.0135625
0.013607
0.0136471
0.0136833
0.0137163
0.0137465
0.0137743
0.0137999
0.0138239
0.0138467
0.0138687
0.0138903
0.0139109
0.0139284
0.0139493
0.0139547
0.0139724
0.0140075
0.0140297
0.0140586
0.0140296
0.00144771
0.00241582
0.00336209
0.00422031
0.00497784
0.00560945
0.00610508
0.00644777
0.00669643
0.00689138
0.0070982
0.00734851
0.00765237
0.00800426
0.00839138
0.00879711
0.00920638
0.00960744
0.0099925
0.0103567
0.0106972
0.0110129
0.0113034
0.011569
0.0118108
0.0120298
0.0122277
0.012406
0.0125664
0.0127106
0.0128403
0.0129571
0.0130625
0.0131578
0.0132439
0.0133219
0.0133926
0.0134562
0.0135124
0.0135623
0.0136069
0.013647
0.0136832
0.0137161
0.0137464
0.0137741
0.0137997
0.0138238
0.0138466
0.0138686
0.0138901
0.0139108
0.0139283
0.0139492
0.0139546
0.0139723
0.0140074
0.0140296
0.0140585
0.0140297
0.00128259
0.00226845
0.00324146
0.00412658
0.0049094
0.00556404
0.00607871
0.00643294
0.0066865
0.00688
0.00708302
0.00732993
0.00763166
0.00798293
0.00837073
0.00877805
0.00918935
0.00959259
0.00997977
0.0103459
0.0106882
0.0110054
0.0112972
0.011564
0.0118067
0.0120265
0.012225
0.0124038
0.0125647
0.0127092
0.0128392
0.0129562
0.0130618
0.0131571
0.0132434
0.0133214
0.0133922
0.0134559
0.0135122
0.0135621
0.0136067
0.0136468
0.013683
0.013716
0.0137462
0.013774
0.0137996
0.0138236
0.0138464
0.0138684
0.01389
0.0139106
0.0139282
0.0139491
0.0139545
0.0139722
0.0140073
0.0140295
0.0140584
0.0140297
0.00113475
0.00213559
0.00313115
0.00404008
0.00484571
0.00552157
0.00605392
0.00641933
0.00667767
0.00687021
0.00706968
0.00731337
0.00761306
0.00796368
0.00835203
0.00876076
0.00917389
0.00957911
0.0099682
0.0103361
0.01068
0.0109986
0.0112916
0.0115594
0.011803
0.0120235
0.0122226
0.0124019
0.0125632
0.012708
0.0128382
0.0129554
0.0130611
0.0131566
0.0132428
0.0133209
0.0133918
0.0134556
0.013512
0.013562
0.0136066
0.0136466
0.0136828
0.0137158
0.013746
0.0137738
0.0137995
0.0138235
0.0138463
0.0138683
0.0138899
0.0139105
0.0139281
0.013949
0.0139544
0.0139721
0.0140072
0.0140295
0.0140583
0.0140298
0.00100467
0.00201663
0.00303056
0.00396047
0.00478662
0.00548199
0.00603064
0.00640683
0.00666973
0.00686179
0.00705795
0.00729861
0.00759635
0.0079463
0.0083351
0.00874509
0.00915987
0.00956688
0.00995771
0.0103272
0.0106726
0.0109925
0.0112866
0.0115553
0.0117996
0.0120208
0.0122204
0.0124002
0.0125618
0.0127069
0.0128373
0.0129547
0.0130604
0.013156
0.0132424
0.0133205
0.0133914
0.0134553
0.0135117
0.0135618
0.0136064
0.0136465
0.0136826
0.0137156
0.0137458
0.0137737
0.0137993
0.0138234
0.0138462
0.0138682
0.0138898
0.0139104
0.013928
0.0139489
0.0139543
0.013972
0.0140072
0.0140294
0.0140582
0.0140298
0.000880582
0.00191019
0.00293904
0.00388737
0.00473193
0.00544521
0.00600879
0.00639533
0.00666252
0.00685453
0.00704762
0.00728546
0.00758133
0.00793061
0.00831978
0.00873088
0.00914715
0.00955578
0.00994818
0.0103192
0.0106658
0.0109869
0.011282
0.0115515
0.0117966
0.0120184
0.0122185
0.0123986
0.0125605
0.0127059
0.0128365
0.012954
0.0130599
0.0131555
0.0132419
0.0133201
0.013391
0.0134549
0.0135115
0.0135616
0.0136062
0.0136463
0.0136824
0.0137154
0.0137457
0.0137735
0.0137992
0.0138232
0.0138461
0.0138681
0.0138897
0.0139103
0.0139279
0.0139488
0.0139542
0.0139719
0.0140071
0.0140293
0.0140581
0.0140299
0.00077043
0.00181498
0.00285591
0.00382039
0.00468144
0.00541114
0.00598829
0.00638476
0.00665591
0.00684828
0.00703852
0.00727372
0.00756783
0.00791644
0.00830591
0.00871801
0.00913561
0.00954571
0.00993955
0.0103119
0.0106597
0.0109818
0.0112778
0.0115481
0.0117938
0.0120161
0.0122167
0.0123972
0.0125594
0.012705
0.0128358
0.0129534
0.0130593
0.013155
0.0132414
0.0133197
0.0133906
0.0134546
0.0135113
0.0135614
0.013606
0.0136461
0.0136822
0.0137152
0.0137455
0.0137734
0.013799
0.0138231
0.013846
0.013868
0.0138896
0.0139102
0.0139278
0.0139487
0.0139542
0.0139719
0.0140071
0.0140293
0.0140581
0.0140299
0.000666453
0.0017299
0.00278042
0.00375909
0.00463488
0.00537964
0.00596891
0.00637486
0.00664966
0.00684283
0.00703049
0.00726324
0.00755569
0.00790366
0.00829336
0.00870634
0.00912515
0.00953658
0.00993171
0.0103052
0.0106542
0.0109772
0.011274
0.0115451
0.0117913
0.0120141
0.0122151
0.0123959
0.0125583
0.0127042
0.0128351
0.0129528
0.0130588
0.0131545
0.013241
0.0133192
0.0133902
0.0134543
0.0135111
0.0135612
0.0136058
0.0136459
0.0136821
0.0137151
0.0137454
0.0137732
0.0137989
0.013823
0.0138458
0.0138678
0.0138895
0.0139101
0.0139277
0.0139486
0.0139541
0.0139718
0.014007
0.0139485
0.0139275
0.01391
0.0138893
0.0138677
0.0138676
0.0138457
0.0138456
0.0138228
0.0138227
0.0137988
0.0137986
0.0137731
0.013773
0.0137452
0.0137451
0.0137149
0.0137148
0.0136819
0.0136818
0.0136817
0.0136457
0.0136456
0.0136455
0.0136057
0.0136056
0.0136055
0.013561
0.013561
0.0135609
0.0135109
0.0135108
0.0135107
0.013454
0.0134539
0.0134537
0.0133898
0.0133897
0.0133895
0.0133189
0.0133187
0.0133186
0.0132407
0.0132405
0.0132404
0.0131541
0.013154
0.0131539
0.0130584
0.0130582
0.0130581
0.0129523
0.0129521
0.012952
0.0128345
0.0128343
0.0128342
0.0127034
0.0127033
0.0127031
0.0125575
0.0125572
0.0125571
0.0123948
0.0123945
0.0123943
0.0122138
0.0122134
0.0122131
0.0120125
0.012012
0.0120116
0.0117893
0.0117886
0.0117881
0.0115426
0.0115417
0.0115411
0.0112711
0.0112699
0.0112691
0.0112685
0.0109737
0.0109723
0.0109712
0.0109704
0.0106499
0.0106482
0.0106468
0.0106458
0.0103002
0.010298
0.0102964
0.010295
0.00992574
0.00992318
0.00992113
0.00991947
0.00952964
0.00952661
0.00952416
0.00952213
0.00911723
0.00911371
0.00911082
0.00910841
0.00869753
0.00869356
0.00869028
0.0086875
0.0082839
0.00827959
0.00827603
0.008273
0.00789404
0.00788966
0.00788606
0.00788301
0.00754655
0.00754249
0.00753921
0.00753649
0.0072553
0.00725198
0.00724947
0.00724752
0.00702379
0.00702138
0.0070199
0.00701904
0.00683771
0.00683669
0.0068366
0.00683759
0.00664367
0.00664299
0.00664315
0.00664429
0.0063655
0.00636375
0.00636295
0.00636276
0.0059519
0.00594687
0.00594327
0.00594066
0.00535328
0.00534345
0.00533601
0.00533003
0.0045964
0.00458056
0.00456805
0.00455745
0.00370875
0.00368756
0.00367042
0.00365542
0.00271759
0.00269208
0.00267168
0.00265371
0.00165725
0.00163055
0.0016102
0.00159216
0.000572215
0.000538639
0.000524399
0.000512449
)
;

boundaryField
{
    down
    {
        type            freestream;
        freestreamValue nonuniform List<scalar> 0();
        value           nonuniform List<scalar> 0();
    }
    right
    {
        type            freestream;
        freestreamValue uniform 0.014;
        value           nonuniform List<scalar> 
109
(
0.0125737
0.0126582
0.0127353
0.0128059
0.0128707
0.0129303
0.0129853
0.0130366
0.0130842
0.0131285
0.0131696
0.013208
0.0132438
0.0132774
0.0133088
0.0133383
0.013366
0.0133923
0.0134171
0.0134406
0.013463
0.0134843
0.0135046
0.013524
0.0135423
0.013559
0.0135744
0.0135884
0.0136006
0.0136086
0.0136087
0.0136086
0.0136083
0.0136079
0.0136074
0.0136067
0.0136059
0.0136049
0.0136039
0.0136027
0.0136014
0.0136001
0.0135987
0.0135972
0.013595
0.0135922
0.0135895
0.013587
0.0135846
0.0135785
0.013572
0.0135682
0.0135664
0.0135662
0.013567
0.0135687
0.0135709
0.0135736
0.0135766
0.0135799
0.0135834
0.0135871
0.0135911
0.0135953
0.0135998
0.0136044
0.0136093
0.0136145
0.0136198
0.0136255
0.0136314
0.0136375
0.0136439
0.0136507
0.0136577
0.013665
0.0136726
0.0136805
0.0136887
0.0136973
0.0137062
0.0137154
0.013725
0.0137351
0.0137455
0.0137564
0.0137677
0.0137796
0.0137919
0.0138046
0.0138178
0.0138312
0.0138449
0.0138587
0.0138727
0.013887
0.0139018
0.0139173
0.0139344
0.0139537
0.0139751
0.013997
0.0140209
0.0140567
0.0140928
0.014118
0.0141143
0.0140765
0.0140312
)
;
    }
    up
    {
        type            freestream;
        freestreamValue uniform 0.014;
        value           uniform 0.014;
    }
    meanFlow
    {
        type            freestream;
        freestreamValue nonuniform List<scalar> 0();
        value           nonuniform List<scalar> 0();
    }
    surface
    {
        type            fixedValue;
        value           uniform 0;
    }
    surfaceInner
    {
        type            fixedValue;
        value           nonuniform List<scalar> 0();
    }
    coandaInlet
    {
        type            freestream;
        freestreamValue nonuniform List<scalar> 0();
        value           nonuniform List<scalar> 0();
    }
    defaultFaces
    {
        type            empty;
    }
    procBoundary5to2
    {
        type            processor;
        value           nonuniform List<scalar> 
106
(
0.0124809
0.0123417
0.0121904
0.012031
0.0118654
0.0116939
0.0115168
0.0113346
0.0111478
0.0109567
0.0107615
0.0106622
0.0106622
0.0104557
0.0102432
0.0100245
0.00979918
0.00956737
0.00941672
0.00941672
0.00917051
0.00891906
0.00866368
0.00848135
0.00848135
0.00822077
0.00796396
0.00777598
0.00777598
0.00753201
0.00735142
0.00735142
0.00712706
0.006915
0.00675318
0.00675318
0.00655734
0.00640237
0.00640237
0.0062139
0.00605788
0.00605788
0.0058973
0.0058973
0.00569964
0.00552434
0.00552434
0.00533734
0.00533734
0.00510774
0.00489226
0.00489226
0.0046621
0.0046621
0.00439177
0.00413445
0.00413445
0.00387347
0.00387347
0.00359904
0.00334415
0.00334415
0.00308679
0.00308679
0.00282847
0.00282847
0.00256745
0.00256745
0.00230401
0.00230401
0.00204127
0.00204127
0.00179867
0.00155686
0.00154018
0.00154018
0.00131684
0.00131684
0.00112563
0.00112563
0.000935739
0.000917243
0.000897511
0.000897511
0.000719897
0.000669586
0.000677815
0.000694044
0.000714836
0.000736536
0.000736536
0.000546297
0.000577811
0.000610517
0.000642784
0.000673376
0.000701171
0.000701171
0.000479345
0.000518383
0.000555719
0.000587912
0.000638662
0.000638662
0.000303585
0.000303585
)
;
    }
    procBoundary5to4
    {
        type            processor;
        value           nonuniform List<scalar> 
65
(
0.0140293
0.014058
0.01403
0.013954
0.0139717
0.0140293
0.014007
0.013954
0.0139484
0.0139274
0.0139098
0.0138892
0.0138892
0.0138674
0.0138454
0.0138226
0.0137985
0.0137728
0.0137449
0.0137146
0.0137146
0.0136815
0.0136453
0.0136053
0.0135607
0.0135105
0.0134535
0.0133893
0.0133184
0.0132402
0.0131537
0.0130581
0.012952
0.0128342
0.0127031
0.012557
0.0123942
0.0122129
0.0120114
0.0117878
0.0115406
0.0115406
0.0112681
0.0109698
0.0106449
0.010294
0.0099181
0.00952042
0.00910634
0.00868509
0.00827035
0.00788035
0.00753418
0.00724601
0.00701871
0.00683934
0.00664611
0.00636337
0.00593885
0.00532506
0.00454807
0.0036417
0.00263713
0.00157571
0.000501584
)
;
    }
}


// ************************************************************************* //
