/*--------------------------------*- C++ -*----------------------------------*\
  =========                 |
  \\      /  F ield         | OpenFOAM: The Open Source CFD Toolbox
   \\    /   O peration     | Website:  https://openfoam.org
    \\  /    A nd           | Version:  9
     \\/     M anipulation  |
\*---------------------------------------------------------------------------*/
FoamFile
{
    format      ascii;
    class       volScalarField;
    location    "0.0075";
    object      alphat;
}
// * * * * * * * * * * * * * * * * * * * * * * * * * * * * * * * * * * * * * //

dimensions      [1 -1 -1 0 0 0 0];

internalField   nonuniform List<scalar> 
6098
(
0.0144382
0.0145473
0.0146478
0.0147405
0.014826
0.0149047
0.0149772
0.0150442
0.0151062
0.0151637
0.0152172
0.0152669
0.0153132
0.0153565
0.0153969
0.0154347
0.0154702
0.0155035
0.0155347
0.0155641
0.0155918
0.0156179
0.0156426
0.0156659
0.0156881
0.0157091
0.0157293
0.0157487
0.0157672
0.014275
0.014387
0.0144907
0.0145867
0.0146757
0.0147582
0.0148348
0.0149058
0.0149719
0.0150334
0.0150908
0.0151444
0.0151945
0.0152415
0.0152855
0.0153269
0.0153658
0.0154025
0.0154371
0.0154697
0.0155005
0.0155297
0.0155573
0.0155835
0.0156084
0.015632
0.0156544
0.0156757
0.015696
0.0140963
0.0142097
0.0143164
0.0144163
0.0145094
0.0145962
0.014677
0.0147523
0.0148226
0.0148882
0.0149496
0.0150071
0.015061
0.0151117
0.0151593
0.0152041
0.0152464
0.0152863
0.015324
0.0153596
0.0153934
0.0154254
0.0154558
0.0154846
0.0155121
0.0155382
0.0155631
0.0155868
0.0156094
0.0139166
0.0140329
0.0141426
0.014246
0.014343
0.0144337
0.0145185
0.0145979
0.0146722
0.0147419
0.0148072
0.0148686
0.0149263
0.0149806
0.0150318
0.0150801
0.0151257
0.0151689
0.0152097
0.0152483
0.015285
0.0153198
0.0153529
0.0153843
0.0154142
0.0154427
0.0154699
0.0154958
0.0155206
0.0137299
0.0138484
0.0139603
0.0140665
0.0141668
0.0142612
0.0143498
0.0144331
0.0145113
0.0145849
0.0146541
0.0147193
0.0147807
0.0148387
0.0148935
0.0149453
0.0149944
0.0150408
0.0150849
0.0151267
0.0151664
0.0152041
0.01524
0.0152742
0.0153068
0.0153379
0.0153675
0.0153959
0.0154229
0.0135353
0.0136556
0.0137694
0.0138778
0.0139809
0.0140785
0.0141706
0.0142575
0.0143395
0.0144168
0.0144898
0.0145587
0.0146238
0.0146855
0.0147439
0.0147992
0.0148517
0.0149015
0.0149488
0.0149938
0.0150366
0.0150773
0.0151162
0.0151533
0.0151886
0.0152224
0.0152547
0.0152855
0.0153151
0.0133324
0.0134541
0.0135695
0.0136795
0.0137849
0.0138853
0.0139805
0.0140708
0.0141562
0.0142371
0.0143137
0.0143862
0.014455
0.0145202
0.0145822
0.014641
0.0146969
0.0147501
0.0148007
0.0148489
0.0148949
0.0149388
0.0149806
0.0150206
0.0150588
0.0150954
0.0151304
0.0151639
0.015196
0.0131213
0.0132438
0.0133605
0.0134718
0.0135789
0.0136815
0.0137795
0.0138727
0.0139613
0.0140455
0.0141255
0.0142015
0.0142737
0.0143425
0.0144079
0.0144701
0.0145295
0.014586
0.01464
0.0146915
0.0147406
0.0147876
0.0148325
0.0148755
0.0149167
0.0149561
0.0149938
0.0150301
0.0150648
0.0129018
0.0130248
0.0131422
0.0132546
0.0133627
0.013467
0.0135672
0.0136631
0.0137545
0.0138417
0.0139248
0.0140041
0.0140796
0.0141517
0.0142205
0.0142861
0.0143488
0.0144087
0.0144659
0.0145207
0.014573
0.0146232
0.0146712
0.0147172
0.0147613
0.0148036
0.0148443
0.0148833
0.0149208
0.0126742
0.0127971
0.0129147
0.0130277
0.0131366
0.013242
0.0133439
0.0134418
0.0135357
0.0136256
0.0137116
0.0137938
0.0138724
0.0139476
0.0140196
0.0140884
0.0141543
0.0142174
0.0142779
0.0143359
0.0143914
0.0144447
0.0144958
0.0145448
0.014592
0.0146372
0.0146807
0.0147226
0.0147629
0.0124386
0.0125608
0.0126782
0.0127914
0.0129007
0.0130066
0.0131096
0.0132091
0.013305
0.0133971
0.0134856
0.0135704
0.0136518
0.0137299
0.0138048
0.0138767
0.0139456
0.0140118
0.0140754
0.0141364
0.0141951
0.0142514
0.0143056
0.0143577
0.0144078
0.014456
0.0145024
0.0145471
0.0145902
0.0123162
0.012433
0.0125458
0.0126551
0.0127611
0.0128645
0.0129651
0.0130624
0.0131564
0.0132469
0.013334
0.0134178
0.0134985
0.013576
0.0136506
0.0137224
0.0137914
0.0138579
0.0139219
0.0139835
0.0140428
0.0140999
0.0141549
0.014208
0.0142591
0.0143084
0.014356
0.0144018
0.0120636
0.0121792
0.0122913
0.0124001
0.0125059
0.0126092
0.0127101
0.0128084
0.0129036
0.0129958
0.0130847
0.0131705
0.0132533
0.0133332
0.0134102
0.0134845
0.0135562
0.0136253
0.0136919
0.0137563
0.0138183
0.0138783
0.0139361
0.013992
0.0140459
0.014098
0.0141483
0.0141969
0.0118037
0.0119176
0.0120283
0.0121362
0.0122413
0.012344
0.0124447
0.0125433
0.0126393
0.0127325
0.0128228
0.0129102
0.0129948
0.0130765
0.0131556
0.0132321
0.013306
0.0133774
0.0134465
0.0135133
0.0135779
0.0136403
0.0137007
0.0137592
0.0138158
0.0138705
0.0139235
0.0139747
0.011537
0.0116487
0.0117576
0.0118639
0.0119679
0.0120697
0.0121696
0.0122678
0.0123639
0.0124577
0.0125488
0.0126373
0.0127231
0.0128064
0.0128871
0.0129653
0.013041
0.0131145
0.0131856
0.0132545
0.0133213
0.013386
0.0134488
0.0135096
0.0135685
0.0136257
0.0136811
0.0137348
0.0112645
0.0113733
0.0114799
0.0115842
0.0116865
0.0117869
0.0118856
0.0119828
0.0120784
0.0121721
0.0122635
0.0123525
0.0124391
0.0125233
0.0126051
0.0126846
0.0127618
0.0128367
0.0129095
0.0129802
0.0130488
0.0131154
0.0131802
0.013243
0.013304
0.0133633
0.0134208
0.0134767
0.0109871
0.0110926
0.0111963
0.0112981
0.0113982
0.0114966
0.0115936
0.0116893
0.0117838
0.0118767
0.0119678
0.0120568
0.0121436
0.0122282
0.0123106
0.0123909
0.012469
0.012545
0.0126189
0.0126909
0.0127609
0.012829
0.0128952
0.0129597
0.0130224
0.0130834
0.0131427
0.0132004
0.0108079
0.0109081
0.0110068
0.0111041
0.0112001
0.0112948
0.0113885
0.0114812
0.0115728
0.0116629
0.0117513
0.0118377
0.0119222
0.0120046
0.0120851
0.0121636
0.0122401
0.0123147
0.0123874
0.0124583
0.0125274
0.0125947
0.0126604
0.0127243
0.0127865
0.0128472
0.0129064
0.0105208
0.010617
0.010712
0.010806
0.0108989
0.0109908
0.011082
0.0111724
0.011262
0.0113505
0.0114375
0.011523
0.0116067
0.0116886
0.0117687
0.011847
0.0119234
0.0119981
0.0120711
0.0121423
0.0122119
0.0122798
0.012346
0.0124107
0.0124737
0.0125353
0.0125954
0.0102332
0.0103248
0.0104156
0.0105056
0.0105949
0.0106834
0.0107714
0.0108589
0.0109459
0.0110321
0.0111172
0.011201
0.0112834
0.0113641
0.0114432
0.0115207
0.0115965
0.0116707
0.0117433
0.0118143
0.0118837
0.0119516
0.012018
0.0120828
0.0121461
0.012208
0.0122686
0.00994711
0.0100336
0.0101197
0.0102052
0.0102903
0.0103748
0.010459
0.010543
0.0106266
0.0107099
0.0107925
0.010874
0.0109543
0.0110332
0.0111107
0.0111868
0.0112613
0.0113344
0.011406
0.0114761
0.0115449
0.0116121
0.0116779
0.0117423
0.0118053
0.011867
0.0119274
0.0097459
0.00982673
0.00990728
0.00998754
0.0100675
0.0101474
0.0102271
0.0103068
0.0103864
0.0104657
0.0105443
0.0106219
0.0106984
0.0107736
0.0108476
0.0109203
0.0109915
0.0110615
0.0111302
0.0111975
0.0112634
0.0113281
0.0113914
0.0114535
0.0115143
0.0115738
0.00946383
0.00953915
0.00961434
0.00968938
0.00976431
0.00983919
0.0099141
0.00998916
0.0100644
0.0101396
0.0102145
0.0102888
0.0103622
0.0104346
0.0105058
0.0105759
0.0106449
0.0107126
0.0107792
0.0108444
0.0109085
0.0109714
0.011033
0.0110934
0.0111527
0.0112108
0.0091895
0.0092592
0.00932883
0.0093984
0.00946792
0.00953744
0.00960704
0.00967684
0.00974695
0.00981736
0.00988783
0.00995804
0.0100277
0.0100965
0.0101645
0.0102314
0.0102974
0.0103622
0.010426
0.0104887
0.0105502
0.0106107
0.01067
0.0107282
0.0107854
0.0108414
0.0089887
0.0090528
0.00911684
0.00918084
0.00924482
0.00930885
0.00937303
0.00943747
0.0095023
0.00956751
0.00963287
0.00969806
0.00976278
0.00982683
0.00989008
0.00995246
0.0100139
0.0100744
0.0101339
0.0101923
0.0102498
0.0103061
0.0103615
0.0104158
0.0104691
0.00872894
0.0087877
0.00884638
0.00890497
0.00896349
0.00902197
0.00908047
0.00913909
0.00919795
0.00925718
0.00931683
0.00937673
0.00943659
0.00949612
0.00955509
0.0096134
0.00967095
0.00972764
0.00978343
0.00983828
0.00989219
0.00994513
0.0099971
0.0100481
0.0100981
0.0085343
0.00858797
0.00864148
0.00869482
0.00874802
0.0088011
0.00885411
0.00890715
0.0089603
0.00901371
0.00906747
0.00912157
0.00917577
0.00922985
0.00928355
0.0093367
0.00938915
0.00944083
0.00949167
0.00954164
0.00959071
0.00963887
0.0096861
0.00973243
0.00829255
0.00834174
0.00839065
0.00843929
0.00848766
0.00853577
0.00858365
0.00863135
0.00867891
0.00872642
0.00877398
0.00882171
0.0088697
0.008918
0.00896638
0.00901455
0.0090623
0.00910946
0.00915593
0.00920163
0.00924651
0.00929054
0.00933369
0.00937598
0.0080616
0.00810697
0.00815193
0.00819647
0.0082406
0.00828434
0.00832769
0.00837067
0.00841332
0.00845566
0.00849775
0.00853966
0.00858147
0.00862343
0.00866562
0.00870802
0.00875041
0.00879255
0.00883426
0.00887537
0.00891581
0.00895548
0.00899434
0.00903238
0.0078821
0.00792385
0.00796503
0.00800565
0.00804573
0.00808526
0.00812426
0.00816274
0.00820073
0.00823824
0.00827531
0.00831197
0.00834839
0.00838465
0.00842086
0.00845713
0.00849347
0.00852977
0.00856584
0.00860147
0.00863654
0.00867094
0.0087046
0.0076647
0.00770406
0.0077427
0.00778062
0.00781782
0.00785432
0.00789014
0.00792527
0.00795973
0.00799355
0.00802672
0.00805928
0.00809133
0.00812291
0.00815408
0.00818492
0.0082155
0.00824592
0.00827624
0.00830645
0.00833644
0.00836605
0.00839518
0.00748946
0.00752637
0.0075624
0.00759755
0.00763184
0.00766528
0.00769788
0.00772965
0.00776061
0.00779077
0.00782014
0.00784881
0.0078768
0.00790415
0.0079309
0.0079571
0.00798279
0.00800804
0.00803291
0.00805745
0.0080817
0.00810572
0.00727641
0.00731238
0.0073473
0.00738118
0.00741404
0.00744589
0.00747675
0.00750662
0.00753553
0.00756349
0.0075905
0.00761662
0.0076419
0.00766638
0.00769007
0.007713
0.00773521
0.00775673
0.00777762
0.0077979
0.00781759
0.0078368
0.0070967
0.0071312
0.0071645
0.00719663
0.00722758
0.00725739
0.00728607
0.00731363
0.00734012
0.00736557
0.00738998
0.00741338
0.00743581
0.00745726
0.00747777
0.00749738
0.00751612
0.00753406
0.00755119
0.00756752
0.0075833
0.00690993
0.00694321
0.00697515
0.00700578
0.00703509
0.00706315
0.00708995
0.00711554
0.00713995
0.00716321
0.00718532
0.00720633
0.00722625
0.00724507
0.00726298
0.0072801
0.00729638
0.00731175
0.00732618
0.00733975
0.0066795
0.00671316
0.00674533
0.00677602
0.00680527
0.00683312
0.00685957
0.00688465
0.00690841
0.00693088
0.00695203
0.00697212
0.00699125
0.00700931
0.00702628
0.00704218
0.00705702
0.00707079
0.00708346
0.00709513
0.00647046
0.00650309
0.00653411
0.00656355
0.00659144
0.00661778
0.0066426
0.00666594
0.00668822
0.0067093
0.0067291
0.00674758
0.00676475
0.00678063
0.00679526
0.00680865
0.0068208
0.00683172
0.00684151
0.00624496
0.00627627
0.00630589
0.00633377
0.00636006
0.00638517
0.00640888
0.00643111
0.00645183
0.00647101
0.00648867
0.00650484
0.00651955
0.0065328
0.00654466
0.00655518
0.00656427
0.00657206
0.00596861
0.00599994
0.00602942
0.00605765
0.00608439
0.00610947
0.00613285
0.00615452
0.00617444
0.00619263
0.00620915
0.00622397
0.00623716
0.00624877
0.00625883
0.0062674
0.00627435
0.00628017
0.00570506
0.00573493
0.00576303
0.00578927
0.00581361
0.00583599
0.00585645
0.005875
0.00589162
0.00590637
0.00591935
0.00593051
0.00593991
0.00594768
0.00595434
0.00596024
0.00596561
0.00542309
0.00545042
0.00547563
0.00549872
0.00551973
0.00553859
0.00555538
0.0055702
0.00558301
0.00559392
0.00560298
0.00561083
0.00561823
0.00562496
0.00563032
0.00563446
0.00509574
0.00512185
0.00514576
0.00516736
0.00518673
0.00520385
0.00521887
0.00523191
0.00524288
0.00525252
0.00526169
0.00526995
0.00527702
0.00528261
0.00528621
0.00528802
0.00478228
0.00480502
0.00482543
0.00484369
0.00485996
0.00487417
0.00488658
0.00489813
0.00490874
0.00491776
0.00492471
0.00492953
0.00493206
0.00493185
0.00492819
0.00446655
0.004487
0.00450511
0.00452079
0.00453468
0.00454748
0.00455832
0.00456683
0.00457271
0.00457591
0.00457644
0.00457323
0.00456572
0.00455497
0.00414034
0.00415875
0.00417439
0.00418849
0.00420093
0.00421106
0.00421846
0.004223
0.00422449
0.00422255
0.00421606
0.0042058
0.00419162
0.00417416
0.00383408
0.00384824
0.00386023
0.00386956
0.0038759
0.00387916
0.00387917
0.00387466
0.00386592
0.00385334
0.00383699
0.00381644
0.00379253
0.00352802
0.00353671
0.00354232
0.00354464
0.00354357
0.0035375
0.0035273
0.00351312
0.00349518
0.00347315
0.00344674
0.00341681
0.00322003
0.00322186
0.00322002
0.00321334
0.00320256
0.00318772
0.00316893
0.00314614
0.00311909
0.00308744
0.00305225
0.0029096
0.00290302
0.00289243
0.00287783
0.00285921
0.0028365
0.00280961
0.00277828
0.00274227
0.00270267
0.00259688
0.00258331
0.00256582
0.00254425
0.00251851
0.0024886
0.00245409
0.00241511
0.00237239
0.00228843
0.00226906
0.00224564
0.00221825
0.00218662
0.00215051
0.00211032
0.00206606
0.00200978
0.00198969
0.00196589
0.00193818
0.00190632
0.00187047
0.00183062
0.00178653
0.00170796
0.00168172
0.00165165
0.00161788
0.00158018
0.0015378
0.00145533
0.00143112
0.00140376
0.00137174
0.00132647
0.00124902
0.00122397
0.00119477
0.00115986
0.000986334
0.0157821
0.0157825
0.0157828
0.0157831
0.0157834
0.0157837
0.015784
0.0157843
0.0157846
0.0157849
0.0157852
0.0157855
0.0157858
0.015786
0.0157863
0.0157121
0.0157125
0.0157129
0.0157132
0.0157136
0.0157139
0.0157142
0.0157146
0.0157149
0.0157152
0.0157155
0.0157158
0.0157162
0.0157165
0.0157168
0.0156272
0.0156276
0.015628
0.0156284
0.0156288
0.0156292
0.0156295
0.0156299
0.0156303
0.0156306
0.015631
0.0156314
0.0156317
0.015632
0.0156324
0.0155399
0.0155403
0.0155408
0.0155412
0.0155416
0.0155421
0.0155425
0.0155429
0.0155433
0.0155437
0.0155441
0.0155445
0.0155449
0.0155453
0.0155457
0.0154437
0.0154442
0.0154447
0.0154452
0.0154457
0.0154462
0.0154466
0.0154471
0.0154476
0.015448
0.0154484
0.0154489
0.0154493
0.0154498
0.0154502
0.0153376
0.0153381
0.0153386
0.0153392
0.0153397
0.0153402
0.0153408
0.0153413
0.0153418
0.0153423
0.0153428
0.0153433
0.0153437
0.0153442
0.0153447
0.0152202
0.0152208
0.0152214
0.015222
0.0152226
0.0152231
0.0152237
0.0152243
0.0152248
0.0152254
0.0152259
0.0152265
0.015227
0.0152275
0.0152281
0.0150907
0.0150914
0.015092
0.0150927
0.0150933
0.015094
0.0150946
0.0150952
0.0150958
0.0150964
0.015097
0.0150976
0.0150982
0.0150988
0.0150994
0.0149484
0.0149491
0.0149498
0.0149505
0.0149512
0.0149519
0.0149526
0.0149533
0.014954
0.0149547
0.0149553
0.014956
0.0149567
0.0149573
0.014958
0.0147922
0.014793
0.0147938
0.0147946
0.0147954
0.0147961
0.0147969
0.0147976
0.0147984
0.0147991
0.0147999
0.0148006
0.0148013
0.014802
0.0148028
0.0146213
0.0146221
0.014623
0.0146238
0.0146247
0.0146255
0.0146264
0.0146272
0.014628
0.0146288
0.0146296
0.0146304
0.0146312
0.014632
0.0146328
0.0144346
0.0144355
0.0144364
0.0144374
0.0144383
0.0144392
0.0144401
0.014441
0.0144419
0.0144428
0.0144437
0.0144445
0.0144454
0.0144463
0.0144471
0.0142313
0.0142323
0.0142333
0.0142343
0.0142353
0.0142363
0.0142373
0.0142383
0.0142392
0.0142402
0.0142412
0.0142421
0.0142431
0.014244
0.014245
0.0140105
0.0140117
0.0140128
0.0140139
0.0140149
0.014016
0.0140171
0.0140182
0.0140192
0.0140203
0.0140213
0.0140224
0.0140234
0.0140244
0.0140254
0.0137719
0.0137731
0.0137743
0.0137755
0.0137767
0.0137778
0.013779
0.0137802
0.0137813
0.0137825
0.0137836
0.0137847
0.0137858
0.0137869
0.0137881
0.013515
0.0135163
0.0135176
0.0135189
0.0135202
0.0135214
0.0135227
0.0135239
0.0135252
0.0135264
0.0135276
0.0135288
0.0135301
0.0135313
0.0135325
0.0132397
0.0132411
0.0132425
0.0132439
0.0132452
0.0132466
0.0132479
0.0132493
0.0132506
0.0132519
0.0132533
0.0132546
0.0132559
0.0132572
0.0132585
0.0129463
0.0129478
0.0129493
0.0129507
0.0129522
0.0129536
0.0129551
0.0129565
0.012958
0.0129594
0.0129608
0.0129622
0.0129636
0.012965
0.0129664
0.0126356
0.0126372
0.0126388
0.0126404
0.0126419
0.0126435
0.012645
0.0126465
0.0126481
0.0126496
0.0126511
0.0126526
0.0126541
0.0126556
0.0126571
0.0123088
0.0123105
0.0123122
0.0123138
0.0123155
0.0123171
0.0123188
0.0123204
0.012322
0.0123236
0.0123252
0.0123268
0.0123284
0.01233
0.0123315
0.0119673
0.011969
0.0119708
0.0119726
0.0119743
0.011976
0.0119777
0.0119794
0.0119812
0.0119828
0.0119845
0.0119862
0.0119879
0.0119896
0.0119912
0.011613
0.0116148
0.0116167
0.0116185
0.0116203
0.0116221
0.0116239
0.0116257
0.0116275
0.0116293
0.0116311
0.0116328
0.0116346
0.0116363
0.0116381
0.0112488
0.0112507
0.0112526
0.0112545
0.0112564
0.0112583
0.0112601
0.011262
0.0112639
0.0112657
0.0112675
0.0112694
0.0112712
0.011273
0.0112748
0.0108778
0.0108798
0.0108817
0.0108837
0.0108856
0.0108876
0.0108895
0.0108915
0.0108934
0.0108953
0.0108972
0.0108991
0.010901
0.0109028
0.0109047
0.0105036
0.0105056
0.0105077
0.0105097
0.0105117
0.0105137
0.0105156
0.0105176
0.0105196
0.0105215
0.0105235
0.0105254
0.0105274
0.0105293
0.0105312
0.0101303
0.0101324
0.0101344
0.0101365
0.0101385
0.0101405
0.0101426
0.0101446
0.0101466
0.0101486
0.0101505
0.0101525
0.0101545
0.0101564
0.0101584
0.00976208
0.00976415
0.00976622
0.00976828
0.00977033
0.00977237
0.0097744
0.00977643
0.00977844
0.00978045
0.00978245
0.00978444
0.00978643
0.00978841
0.00979039
0.00940291
0.00940498
0.00940705
0.0094091
0.00941115
0.0094132
0.00941523
0.00941725
0.00941927
0.00942128
0.00942328
0.00942527
0.00942726
0.00942924
0.00943122
0.00905651
0.00905855
0.00906061
0.00906265
0.00906468
0.00906671
0.00906873
0.00907074
0.00907274
0.00907473
0.00907672
0.0090787
0.00908067
0.00908264
0.00908461
0.00872588
0.00872789
0.00872991
0.00873192
0.00873393
0.00873592
0.00873791
0.00873989
0.00874186
0.00874383
0.00874579
0.00874774
0.00874968
0.00875162
0.00875357
0.0084136
0.00841556
0.00841753
0.0084195
0.00842146
0.00842341
0.00842535
0.00842728
0.00842921
0.00843114
0.00843305
0.00843496
0.00843687
0.00843877
0.00844068
0.00812109
0.00812296
0.00812486
0.00812675
0.00812863
0.0081305
0.00813237
0.00813423
0.00813609
0.00813794
0.00813979
0.00814163
0.00814347
0.00814531
0.00814715
0.00784899
0.00785075
0.00785254
0.00785432
0.0078561
0.00785787
0.00785964
0.0078614
0.00786316
0.00786491
0.00786666
0.00786841
0.00787015
0.00787189
0.00787364
0.00759317
0.00759485
0.00759656
0.00759827
0.00759998
0.00760168
0.00760338
0.00760508
0.00760677
0.00760845
0.00761014
0.00761182
0.0076135
0.00761518
0.00761686
0.00734811
0.00734968
0.00735131
0.00735295
0.00735458
0.00735621
0.00735785
0.00735948
0.00736112
0.00736276
0.0073644
0.00736604
0.00736768
0.00736932
0.00737097
0.00710226
0.00710378
0.00710537
0.00710698
0.00710859
0.00711021
0.00711184
0.00711348
0.00711512
0.00711677
0.00711842
0.00712008
0.00712175
0.00712342
0.00712511
0.00684742
0.00684889
0.00685047
0.00685207
0.00685368
0.00685532
0.00685697
0.00685863
0.00686032
0.00686202
0.00686373
0.00686545
0.00686719
0.00686895
0.00687073
0.00657671
0.00657814
0.0065797
0.00658131
0.00658295
0.00658462
0.00658633
0.00658806
0.00658983
0.00659162
0.00659343
0.00659527
0.00659714
0.00659902
0.00660095
0.006284
0.00628529
0.00628682
0.00628848
0.00629024
0.00629205
0.0062939
0.0062958
0.00629774
0.00629972
0.00630173
0.00630378
0.00630585
0.00630797
0.00631013
0.00596919
0.00597049
0.00597209
0.00597388
0.00597579
0.00597783
0.00597994
0.00598211
0.00598432
0.00598659
0.0059889
0.00599126
0.00599365
0.00599609
0.00599858
0.00563713
0.00563821
0.0056397
0.00564146
0.00564342
0.00564556
0.00564787
0.0056503
0.00565279
0.00565535
0.00565798
0.00566066
0.00566339
0.00566618
0.00566904
0.00528873
0.00528921
0.00529027
0.00529174
0.00529352
0.00529561
0.00529795
0.00530052
0.00530328
0.00530613
0.00530907
0.00531209
0.00531519
0.00531836
0.00532162
0.00492345
0.00492328
0.00492383
0.00492498
0.00492659
0.00492864
0.00493105
0.00493379
0.00493682
0.00494003
0.00494335
0.00494679
0.00495032
0.00495395
0.00495769
0.00454483
0.00454442
0.00454455
0.00454548
0.00454706
0.00454921
0.00455186
0.00455493
0.00455836
0.004562
0.00456579
0.00456972
0.00457377
0.00457794
0.00458223
0.00415839
0.00415773
0.00415764
0.00415836
0.00415994
0.00416227
0.00416521
0.00416868
0.00417257
0.00417669
0.00418097
0.00418542
0.00419001
0.00419474
0.0041996
0.00377096
0.00377003
0.00376979
0.00377032
0.00377197
0.00377453
0.00377786
0.0037818
0.00378618
0.00379079
0.00379561
0.00380061
0.00380579
0.00381111
0.00381658
0.00338969
0.00338849
0.00338812
0.0033886
0.00339046
0.00339342
0.00339728
0.00340183
0.00340673
0.00341189
0.0034173
0.00342292
0.00342872
0.00343469
0.0034408
0.00301993
0.00301852
0.00301808
0.00301873
0.00302104
0.00302464
0.00302924
0.00303439
0.00303991
0.00304573
0.00305182
0.00305814
0.00306467
0.00307136
0.0030782
0.00266577
0.00266418
0.00266377
0.00266492
0.00266796
0.00267242
0.00267777
0.00268359
0.00268982
0.00269638
0.00270323
0.00271031
0.00271761
0.00272507
0.00273268
0.00233196
0.00233026
0.00232999
0.00233193
0.00233595
0.00234137
0.00234743
0.00235401
0.00236102
0.00236839
0.00237605
0.00238395
0.00239205
0.00240031
0.00240871
0.00202388
0.00202225
0.00202224
0.00202517
0.00203028
0.00203636
0.00204315
0.00205049
0.00205829
0.00206644
0.00207488
0.00208355
0.00209241
0.00210141
0.00211052
0.00174403
0.00174257
0.00174321
0.0017472
0.00175304
0.00175981
0.00176732
0.0017754
0.00178393
0.00179281
0.00180197
0.00181134
0.00182086
0.00183052
0.00184027
0.00149666
0.00149541
0.00149685
0.00150164
0.00150781
0.00151496
0.00152285
0.00153132
0.00154024
0.0015495
0.00155903
0.00156876
0.00157866
0.00158868
0.0015988
0.00128949
0.00128862
0.00129079
0.00129566
0.00130166
0.00130848
0.00131592
0.00132381
0.0013321
0.00134077
0.00134978
0.00135907
0.0013686
0.00137833
0.00138822
0.00112471
0.0011241
0.00112644
0.00113091
0.00113626
0.0011423
0.00114892
0.001156
0.00116344
0.00117111
0.00117897
0.00118697
0.00119509
0.00120335
0.00121176
0.000970397
0.000975766
0.000984982
0.000995305
0.00100567
0.0010156
0.00102481
0.00103322
0.00104092
0.00104798
0.0010545
0.00106058
0.00106634
0.00107191
0.00107748
0.000852907
0.000874144
0.000896192
0.000918197
0.000939633
0.000957978
0.000973262
0.00098578
0.00099587
0.00100388
0.000817353
0.000842353
0.000866858
0.000888379
0.0157867
0.0157872
0.0157877
0.0157882
0.0157886
0.0157171
0.0157177
0.0157182
0.0157188
0.0157193
0.0156328
0.0156334
0.0156341
0.0156347
0.0156353
0.0155461
0.0155468
0.0155476
0.0155483
0.015549
0.0154507
0.0154515
0.0154524
0.0154532
0.015454
0.0153453
0.0153462
0.0153472
0.0153481
0.015349
0.0152287
0.0152298
0.0152309
0.0152319
0.015233
0.0151001
0.0151014
0.0151026
0.0151038
0.0151049
0.0149587
0.0149601
0.0149615
0.0149628
0.0149642
0.0148036
0.0148052
0.0148067
0.0148082
0.0148097
0.0146338
0.0146355
0.0146372
0.0146389
0.0146406
0.0144482
0.0144502
0.0144521
0.014454
0.0144559
0.0142462
0.0142483
0.0142505
0.0142526
0.0142547
0.0140268
0.0140292
0.0140316
0.014034
0.0140363
0.0137895
0.0137922
0.0137949
0.0137975
0.0138002
0.0135341
0.0135371
0.01354
0.013543
0.0135458
0.0132603
0.0132636
0.0132668
0.01327
0.0132732
0.0129684
0.012972
0.0129755
0.0129791
0.0129826
0.0126592
0.0126631
0.012667
0.0126709
0.0126747
0.0123339
0.0123381
0.0123423
0.0123465
0.0123507
0.0119938
0.0119983
0.0120029
0.0120074
0.0120118
0.0116408
0.0116457
0.0116506
0.0116554
0.0116601
0.0112778
0.011283
0.0112881
0.0112932
0.0112983
0.0109079
0.0109133
0.0109187
0.0109241
0.0109294
0.0105345
0.0105402
0.0105459
0.0105515
0.010557
0.0101618
0.0101677
0.0101736
0.0101794
0.0101851
0.00979392
0.00979994
0.00980593
0.00981187
0.00981778
0.00943483
0.00944094
0.00944702
0.00945307
0.00945907
0.00908827
0.00909443
0.00910055
0.00910665
0.0091127
0.00875725
0.0087634
0.00876952
0.00877562
0.00878168
0.00844435
0.00845044
0.00845652
0.00846258
0.00846862
0.00815076
0.00815672
0.00816268
0.00816864
0.00817459
0.0078771
0.00788283
0.00788856
0.0078943
0.00790004
0.00762024
0.00762581
0.00763139
0.00763698
0.00764258
0.00737433
0.00737988
0.00738548
0.00739111
0.00739679
0.00712858
0.00713434
0.00714019
0.00714612
0.00715214
0.00687441
0.00688058
0.00688691
0.00689337
0.00689999
0.00660496
0.00661178
0.00661882
0.00662605
0.00663351
0.00631467
0.00632242
0.00633047
0.00633879
0.0063474
0.00600386
0.00601285
0.00602222
0.00603192
0.00604195
0.00567514
0.00568554
0.00569646
0.0057078
0.00571955
0.00532861
0.00534066
0.0053534
0.0053667
0.00538052
0.00496574
0.00497975
0.00499464
0.00501023
0.00502644
0.00459146
0.00460757
0.00462471
0.00464264
0.00466122
0.00421
0.00422823
0.00424763
0.00426792
0.0042889
0.0038282
0.00384862
0.00387037
0.00389308
0.00391651
0.00345365
0.00347631
0.00350045
0.00352558
0.00355145
0.00309236
0.00311742
0.00314405
0.00317172
0.00320011
0.00274816
0.00277565
0.00280483
0.00283502
0.0028659
0.00242544
0.00245533
0.00248702
0.00251968
0.00255295
0.00212829
0.00216033
0.00219431
0.00222928
0.00226477
0.00185888
0.00189284
0.00192889
0.0019659
0.00200336
0.00161775
0.00165304
0.00169071
0.00172944
0.00176861
0.00140652
0.00144177
0.00147991
0.00151943
0.0015596
0.00122721
0.00125974
0.0012962
0.00133485
0.00137481
0.00108848
0.00111329
0.00114259
0.00117572
0.0012121
0.00101565
0.00102674
0.00103774
0.00105496
0.00107957
0.000921741
0.000940218
0.00093895
0.000938994
0.000951141
0.000793097
0.000802227
0.000792467
0.000794868
0.000446509
0.000482941
0.00049584
0.0157899
0.0157922
0.0157946
0.0157972
0.0158
0.0158029
0.015806
0.0158093
0.0158128
0.0158164
0.0158203
0.0158245
0.0158288
0.0158334
0.0158382
0.0158433
0.0158487
0.0158543
0.0158602
0.0158664
0.0158729
0.0158798
0.0158869
0.0158944
0.0159022
0.0159103
0.0159188
0.0159276
0.0159368
0.0159464
0.0159563
0.0159666
0.0159772
0.0159883
0.0159998
0.0160116
0.016024
0.0160368
0.0160501
0.0160639
0.016078
0.0160926
0.0161076
0.016123
0.0161388
0.016155
0.016172
0.0161903
0.0162108
0.0162339
0.0162598
0.0162891
0.0163212
0.0163587
0.0164077
0.0164563
0.0164881
0.0164809
0.0164293
0.0163688
0.0157204
0.0157234
0.0157266
0.0157299
0.0157333
0.015737
0.0157409
0.015745
0.0157493
0.0157539
0.0157587
0.0157637
0.0157691
0.0157747
0.0157806
0.0157868
0.0157934
0.0158002
0.0158074
0.0158149
0.0158228
0.015831
0.0158396
0.0158485
0.0158578
0.0158675
0.0158775
0.0158879
0.0158987
0.0159098
0.0159213
0.0159331
0.0159453
0.0159578
0.0159707
0.0159838
0.0159974
0.0160115
0.0160262
0.0160414
0.0160569
0.0160729
0.0160893
0.0161061
0.016123
0.01614
0.0161571
0.0161748
0.0161938
0.0162154
0.0162401
0.0162695
0.0163014
0.0163355
0.0163825
0.0164353
0.0164786
0.0164856
0.0164406
0.0163744
0.0156368
0.0156403
0.0156441
0.0156482
0.0156525
0.015657
0.0156618
0.0156668
0.0156722
0.0156778
0.0156837
0.01569
0.0156966
0.0157035
0.0157108
0.0157184
0.0157264
0.0157348
0.0157436
0.0157528
0.0157624
0.0157723
0.0157827
0.0157936
0.0158048
0.0158164
0.0158285
0.0158409
0.0158538
0.015867
0.0158806
0.0158947
0.015909
0.0159238
0.0159388
0.0159543
0.01597
0.0159861
0.0160026
0.0160193
0.0160364
0.0160539
0.0160719
0.0160904
0.0161092
0.0161275
0.0161456
0.0161634
0.0161818
0.0162027
0.0162262
0.0162542
0.0162854
0.016319
0.0163598
0.0164133
0.0164642
0.016484
0.0164477
0.0163802
0.0155509
0.0155554
0.0155602
0.0155652
0.0155705
0.0155761
0.015582
0.0155883
0.0155948
0.0156018
0.015609
0.0156167
0.0156247
0.0156332
0.0156421
0.0156513
0.015661
0.0156712
0.0156818
0.0156928
0.0157043
0.0157162
0.0157286
0.0157415
0.0157548
0.0157685
0.0157826
0.0157972
0.0158122
0.0158275
0.0158433
0.0158594
0.0158758
0.0158925
0.0159096
0.0159269
0.0159445
0.0159623
0.0159804
0.0159987
0.0160173
0.016036
0.0160549
0.0160741
0.0160934
0.0161129
0.0161326
0.0161522
0.0161721
0.0161928
0.0162153
0.0162406
0.0162712
0.0163049
0.0163414
0.0163936
0.0164492
0.0164799
0.0164533
0.0163848
0.0154564
0.0154619
0.0154678
0.015474
0.0154806
0.0154874
0.0154947
0.0155023
0.0155104
0.0155189
0.0155278
0.0155371
0.0155469
0.0155572
0.0155679
0.0155791
0.0155909
0.0156031
0.0156158
0.015629
0.0156427
0.015657
0.0156717
0.0156869
0.0157026
0.0157187
0.0157353
0.0157523
0.0157697
0.0157875
0.0158056
0.0158241
0.0158428
0.0158618
0.015881
0.0159005
0.0159201
0.0159398
0.0159597
0.0159798
0.0159999
0.0160202
0.0160405
0.016061
0.0160815
0.0161022
0.0161228
0.0161436
0.0161643
0.0161854
0.0162075
0.0162316
0.0162596
0.0162933
0.0163275
0.0163764
0.0164343
0.0164738
0.0164568
0.0163886
0.015352
0.0153588
0.015366
0.0153736
0.0153816
0.0153901
0.015399
0.0154083
0.0154182
0.0154285
0.0154393
0.0154507
0.0154626
0.015475
0.015488
0.0155015
0.0155156
0.0155303
0.0155455
0.0155613
0.0155776
0.0155945
0.0156119
0.0156298
0.0156482
0.0156671
0.0156865
0.0157062
0.0157263
0.0157468
0.0157676
0.0157887
0.01581
0.0158315
0.0158531
0.0158748
0.0158966
0.0159184
0.0159403
0.0159621
0.0159839
0.0160057
0.0160275
0.0160493
0.016071
0.0160928
0.0161145
0.0161361
0.0161577
0.0161794
0.0162016
0.0162252
0.0162518
0.0162839
0.0163186
0.0163618
0.0164203
0.0164665
0.0164587
0.0163913
0.0152366
0.015245
0.0152537
0.015263
0.0152728
0.0152831
0.0152939
0.0153053
0.0153173
0.0153298
0.015343
0.0153567
0.0153711
0.0153861
0.0154017
0.015418
0.0154349
0.0154524
0.0154706
0.0154893
0.0155087
0.0155286
0.0155491
0.0155702
0.0155917
0.0156137
0.0156361
0.015659
0.0156821
0.0157056
0.0157294
0.0157533
0.0157774
0.0158016
0.0158258
0.01585
0.0158741
0.0158981
0.015922
0.0159457
0.0159692
0.0159926
0.0160158
0.0160389
0.0160618
0.0160846
0.0161072
0.0161298
0.0161522
0.0161745
0.016197
0.0162205
0.0162461
0.016276
0.0163111
0.0163496
0.0164077
0.0164586
0.0164594
0.0163931
0.0151095
0.0151195
0.0151301
0.0151414
0.0151532
0.0151657
0.0151789
0.0151927
0.0152072
0.0152223
0.0152382
0.0152548
0.0152721
0.0152901
0.0153088
0.0153282
0.0153484
0.0153692
0.0153908
0.015413
0.0154358
0.0154593
0.0154833
0.0155079
0.0155329
0.0155584
0.0155844
0.0156106
0.0156372
0.015664
0.0156909
0.015718
0.0157451
0.0157721
0.0157991
0.0158259
0.0158525
0.0158788
0.0159048
0.0159304
0.0159557
0.0159807
0.0160053
0.0160296
0.0160537
0.0160775
0.016101
0.0161244
0.0161475
0.0161704
0.0161934
0.0162169
0.016242
0.0162704
0.0163045
0.0163397
0.0163965
0.0164505
0.0164592
0.0163942
0.0149697
0.0149817
0.0149945
0.0150081
0.0150224
0.0150375
0.0150534
0.01507
0.0150874
0.0151056
0.0151246
0.0151445
0.0151651
0.0151866
0.0152089
0.015232
0.0152559
0.0152806
0.015306
0.0153321
0.015359
0.0153864
0.0154144
0.015443
0.015472
0.0155015
0.0155313
0.0155613
0.0155916
0.015622
0.0156524
0.0156828
0.0157131
0.0157433
0.0157732
0.0158027
0.0158319
0.0158606
0.0158887
0.0159164
0.0159434
0.0159699
0.0159959
0.0160215
0.0160466
0.0160713
0.0160957
0.0161198
0.0161435
0.016167
0.0161904
0.0162141
0.016239
0.0162667
0.0162994
0.0163335
0.0163868
0.0164427
0.0164582
0.0163947
0.0148163
0.0148307
0.0148461
0.0148624
0.0148796
0.0148978
0.0149168
0.0149367
0.0149575
0.0149793
0.015002
0.0150256
0.0150501
0.0150756
0.015102
0.0151293
0.0151574
0.0151865
0.0152163
0.0152469
0.0152782
0.0153101
0.0153426
0.0153757
0.0154091
0.0154429
0.015477
0.0155112
0.0155455
0.0155798
0.015614
0.015648
0.0156818
0.0157151
0.015748
0.0157804
0.0158122
0.0158434
0.0158737
0.0159034
0.0159322
0.0159603
0.0159877
0.0160144
0.0160405
0.0160661
0.0160912
0.0161159
0.0161402
0.0161642
0.016188
0.0162119
0.0162367
0.0162638
0.0162953
0.0163291
0.0163785
0.0164352
0.0164568
0.0163946
0.0146485
0.0146656
0.014684
0.0147035
0.0147241
0.0147458
0.0147685
0.0147922
0.014817
0.0148429
0.0148698
0.0148978
0.0149268
0.0149569
0.014988
0.0150201
0.0150531
0.015087
0.0151218
0.0151573
0.0151936
0.0152306
0.0152681
0.0153061
0.0153444
0.015383
0.0154217
0.0154605
0.0154992
0.0155377
0.0155759
0.0156137
0.0156511
0.0156878
0.0157238
0.0157591
0.0157936
0.0158272
0.0158598
0.0158914
0.0159221
0.0159517
0.0159804
0.0160082
0.0160353
0.0160617
0.0160875
0.0161127
0.0161375
0.0161619
0.016186
0.0162102
0.016235
0.0162618
0.0162926
0.0163257
0.0163715
0.0164283
0.016455
0.0163942
0.0144652
0.0144855
0.0145073
0.0145306
0.0145551
0.0145808
0.0146078
0.014636
0.0146654
0.014696
0.0147278
0.0147608
0.014795
0.0148303
0.0148667
0.0149042
0.0149427
0.0149822
0.0150226
0.0150637
0.0151056
0.0151481
0.0151911
0.0152345
0.0152782
0.015322
0.0153657
0.0154094
0.0154528
0.0154958
0.0155382
0.0155801
0.0156212
0.0156614
0.0157007
0.0157389
0.0157761
0.0158121
0.015847
0.0158805
0.0159129
0.015944
0.015974
0.0160028
0.0160308
0.016058
0.0160844
0.0161101
0.0161353
0.01616
0.0161844
0.0162088
0.0162337
0.0162602
0.0162909
0.0163231
0.0163656
0.016422
0.016453
0.0163935
0.0142657
0.0142896
0.0143154
0.0143429
0.0143719
0.0144024
0.0144343
0.0144676
0.0145023
0.0145383
0.0145757
0.0146144
0.0146544
0.0146957
0.0147382
0.0147818
0.0148265
0.0148722
0.0149188
0.0149662
0.0150143
0.0150629
0.0151119
0.0151612
0.0152107
0.0152602
0.0153093
0.0153582
0.0154065
0.0154543
0.0155012
0.0155472
0.0155922
0.015636
0.0156786
0.0157198
0.0157597
0.0157981
0.0158351
0.0158706
0.0159046
0.0159372
0.0159683
0.0159982
0.016027
0.0160548
0.0160818
0.016108
0.0161335
0.0161585
0.0161831
0.0162077
0.0162327
0.0162589
0.0162897
0.0163207
0.0163606
0.0164163
0.0164509
0.0163926
0.0140491
0.0140771
0.0141074
0.0141398
0.014174
0.0142099
0.0142475
0.0142866
0.0143273
0.0143695
0.0144132
0.0144584
0.0145051
0.0145531
0.0146024
0.0146529
0.0147045
0.0147572
0.0148107
0.014865
0.0149199
0.0149752
0.0150309
0.0150866
0.0151423
0.0151978
0.0152528
0.0153072
0.0153608
0.0154134
0.015465
0.0155154
0.0155643
0.0156118
0.0156576
0.0157019
0.0157444
0.0157852
0.0158243
0.0158616
0.0158972
0.0159311
0.0159634
0.0159943
0.0160238
0.0160522
0.0160797
0.0161062
0.0161321
0.0161573
0.0161821
0.0162068
0.0162319
0.0162578
0.0162888
0.0163186
0.0163565
0.0164112
0.0164488
0.0163915
0.0138149
0.0138474
0.013883
0.0139209
0.013961
0.014003
0.0140469
0.0140926
0.0141401
0.0141893
0.0142402
0.0142927
0.0143468
0.0144024
0.0144593
0.0145176
0.0145769
0.0146373
0.0146985
0.0147604
0.0148228
0.0148855
0.0149483
0.015011
0.0150734
0.0151353
0.0151964
0.0152566
0.0153157
0.0153735
0.0154298
0.0154846
0.0155376
0.0155887
0.0156379
0.0156851
0.0157302
0.0157734
0.0158144
0.0158535
0.0158906
0.0159258
0.0159592
0.0159909
0.0160211
0.0160501
0.0160779
0.0161049
0.0161309
0.0161563
0.0161813
0.0162061
0.0162314
0.016257
0.0162882
0.0163172
0.0163532
0.0164066
0.0164468
0.0163903
0.0135627
0.0136004
0.0136417
0.0136859
0.0137325
0.0137814
0.0138325
0.0138856
0.0139407
0.0139977
0.0140566
0.0141173
0.0141797
0.0142437
0.0143092
0.014376
0.0144439
0.0145128
0.0145825
0.0146527
0.0147233
0.014794
0.0148645
0.0149347
0.0150042
0.0150729
0.0151405
0.0152067
0.0152715
0.0153346
0.0153958
0.015455
0.0155121
0.0155669
0.0156194
0.0156695
0.0157172
0.0157625
0.0158055
0.0158462
0.0158847
0.0159211
0.0159555
0.015988
0.0160188
0.0160483
0.0160765
0.0161037
0.01613
0.0161556
0.0161806
0.0162055
0.0162309
0.0162562
0.0162878
0.0163163
0.0163505
0.0164026
0.0164448
0.0163891
0.0132924
0.0133357
0.0133834
0.0134345
0.0134885
0.0135451
0.0136042
0.0136655
0.0137291
0.0137948
0.0138627
0.0139324
0.0140041
0.0140774
0.0141523
0.0142285
0.0143059
0.0143842
0.0144631
0.0145424
0.0146218
0.0147011
0.0147799
0.0148581
0.0149352
0.015011
0.0150853
0.0151579
0.0152284
0.0152969
0.0153631
0.0154268
0.0154879
0.0155464
0.0156021
0.015655
0.0157052
0.0157526
0.0157974
0.0158397
0.0158795
0.015917
0.0159523
0.0159855
0.0160169
0.0160468
0.0160754
0.0161029
0.0161294
0.016155
0.0161802
0.016205
0.0162306
0.0162556
0.0162875
0.0163158
0.0163492
0.016399
0.0164428
0.0163879
0.0130042
0.0130535
0.0131083
0.013167
0.0132292
0.0132942
0.0133621
0.0134325
0.0135055
0.0135809
0.0136585
0.0137384
0.0138202
0.0139038
0.013989
0.0140755
0.0141632
0.0142517
0.0143406
0.0144298
0.0145187
0.0146073
0.014695
0.0147815
0.0148666
0.0149499
0.0150312
0.0151102
0.0151867
0.0152607
0.0153318
0.0154
0.0154651
0.0155271
0.015586
0.0156417
0.0156942
0.0157437
0.0157902
0.0158339
0.0158749
0.0159134
0.0159495
0.0159834
0.0160154
0.0160456
0.0160745
0.0161022
0.0161288
0.0161545
0.0161798
0.0162046
0.0162304
0.0162551
0.0162873
0.0163153
0.0163483
0.0163958
0.0164408
0.0163868
0.0126987
0.0127546
0.012817
0.0128842
0.0129551
0.0130294
0.0131068
0.0131871
0.0132703
0.0133562
0.0134447
0.0135355
0.0136285
0.0137233
0.0138198
0.0139176
0.0140164
0.0141159
0.0142157
0.0143154
0.0144146
0.0145129
0.01461
0.0147054
0.0147988
0.0148899
0.0149783
0.015064
0.0151466
0.015226
0.015302
0.0153746
0.0154437
0.0155092
0.0155711
0.0156294
0.0156842
0.0157355
0.0157837
0.0158287
0.0158709
0.0159103
0.0159472
0.0159817
0.016014
0.0160446
0.0160738
0.0161016
0.0161284
0.0161542
0.0161795
0.0162043
0.0162303
0.0162546
0.0162872
0.016315
0.0163476
0.016393
0.0164388
0.0163856
0.0123772
0.0124401
0.0125107
0.0125867
0.0126671
0.0127513
0.0128391
0.0129302
0.0130244
0.0131217
0.0132218
0.0133245
0.0134296
0.0135366
0.0136453
0.0137552
0.0138661
0.0139774
0.0140888
0.0141998
0.0143098
0.0144186
0.0145255
0.0146302
0.0147322
0.0148312
0.014927
0.0150194
0.015108
0.0151929
0.0152739
0.0153508
0.0154237
0.0154925
0.0155573
0.0156181
0.015675
0.0157282
0.0157778
0.0158241
0.0158673
0.0159076
0.0159451
0.0159802
0.016013
0.0160439
0.0160732
0.0161012
0.0161282
0.016154
0.0161793
0.0162041
0.0162302
0.0162542
0.0162871
0.0163148
0.016347
0.0163905
0.0164368
0.0163845
0.0120408
0.012111
0.0121902
0.0122758
0.0123663
0.0124611
0.0125599
0.0126624
0.0127686
0.0128781
0.0129907
0.0131062
0.0132243
0.0133444
0.0134662
0.0135892
0.0137129
0.0138369
0.0139607
0.0140836
0.0142051
0.0143247
0.0144419
0.0145561
0.0146669
0.0147741
0.0148774
0.0149765
0.0150713
0.0151616
0.0152473
0.0153285
0.015405
0.0154771
0.0155446
0.0156078
0.0156668
0.0157216
0.0157726
0.01582
0.0158641
0.0159052
0.0159433
0.0159789
0.016012
0.0160432
0.0160728
0.0161009
0.0161279
0.0161538
0.0161792
0.0162039
0.0162302
0.0162538
0.0162871
0.0163146
0.0163465
0.0163883
0.0164347
0.0163834
0.0116914
0.0117691
0.0118574
0.011953
0.0120541
0.01216
0.0122704
0.0123851
0.0125039
0.0126264
0.0127525
0.0128816
0.0130135
0.0131476
0.0132834
0.0134203
0.0135577
0.0136952
0.0138319
0.0139673
0.0141008
0.0142317
0.0143595
0.0144835
0.0146034
0.014719
0.0148298
0.0149356
0.0150364
0.015132
0.0152224
0.0153076
0.0153877
0.0154628
0.015533
0.0155984
0.0156592
0.0157157
0.0157679
0.0158164
0.0158614
0.0159031
0.0159418
0.0159778
0.0160113
0.0160427
0.0160724
0.0161007
0.0161278
0.0161537
0.0161791
0.0162037
0.0162302
0.0162535
0.0162864
0.0163136
0.016346
0.0163863
0.0164328
0.0163825
0.0113316
0.0114168
0.0115144
0.0116201
0.0117321
0.0118496
0.0119722
0.0120996
0.0122316
0.0123679
0.0125081
0.0126518
0.0127984
0.0129472
0.0130978
0.0132494
0.0134013
0.0135528
0.0137032
0.0138517
0.0139976
0.0141402
0.0142788
0.0144128
0.014542
0.0146659
0.0147842
0.0148967
0.0150034
0.0151042
0.0151991
0.0152882
0.0153717
0.0154497
0.0155223
0.0155899
0.0156524
0.0157103
0.0157638
0.0158132
0.0158589
0.0159013
0.0159405
0.0159769
0.0160107
0.0160423
0.0160721
0.0161005
0.0161277
0.0161536
0.016179
0.0162036
0.0162303
0.0162532
0.0162855
0.0163124
0.0163453
0.0163845
0.0164309
0.0163815
0.0109645
0.0110571
0.0111639
0.0112798
0.0114028
0.011532
0.0116671
0.0118076
0.0119533
0.0121038
0.0122588
0.0124176
0.0125797
0.0127442
0.0129104
0.0130774
0.0132445
0.0134108
0.0135754
0.0137373
0.013896
0.0140505
0.0142001
0.0143444
0.0144828
0.014615
0.0147408
0.0148599
0.0149723
0.0150781
0.0151774
0.0152703
0.0153569
0.0154376
0.0155126
0.0155821
0.0156463
0.0157055
0.01576
0.0158103
0.0158568
0.0158997
0.0159394
0.0159761
0.0160101
0.0160419
0.0160719
0.0161004
0.0161277
0.0161536
0.016179
0.0162035
0.0162303
0.016253
0.0162845
0.0163112
0.0163447
0.0163828
0.016429
0.0163807
0.0105936
0.0106932
0.0108089
0.0109349
0.0110687
0.0112096
0.0113572
0.0115111
0.0116708
0.011836
0.0120063
0.0121808
0.012359
0.0125398
0.0127222
0.0129054
0.0130882
0.0132698
0.013449
0.0136249
0.0137966
0.0139632
0.014124
0.0142785
0.0144261
0.0145666
0.0146996
0.0148252
0.0149432
0.0150538
0.0151572
0.0152537
0.0153433
0.0154266
0.0155037
0.015575
0.0156407
0.0157011
0.0157567
0.0158078
0.0158548
0.0158983
0.0159384
0.0159754
0.0160097
0.0160417
0.0160718
0.0161003
0.0161276
0.0161536
0.016179
0.0162034
0.0162304
0.0162528
0.0162835
0.0163101
0.0163441
0.0163812
0.0164273
0.0163799
0.0102226
0.0103288
0.0104529
0.0105884
0.0107328
0.0108851
0.011045
0.0112122
0.0113861
0.0115663
0.0117522
0.0119429
0.0121377
0.0123353
0.0125345
0.0127343
0.0129334
0.0131307
0.0133249
0.0135149
0.0136997
0.0138786
0.0140506
0.0142153
0.014372
0.0145206
0.0146608
0.0147925
0.0149159
0.0150312
0.0151386
0.0152383
0.0153308
0.0154165
0.0154956
0.0155685
0.0156356
0.0156972
0.0157537
0.0158055
0.0158532
0.015897
0.0159375
0.0159748
0.0160093
0.0160415
0.0160717
0.0161002
0.0161276
0.0161536
0.016179
0.0162033
0.0162304
0.0162527
0.0162826
0.0163089
0.0163436
0.0163798
0.0164257
0.0163791
0.0098558
0.00996789
0.0100998
0.010244
0.0103981
0.0105613
0.0107332
0.0109134
0.0111014
0.0112966
0.0114982
0.0117054
0.0119171
0.0121319
0.0123483
0.012565
0.0127808
0.0129941
0.0132035
0.0134078
0.013606
0.0137971
0.0139803
0.0141549
0.0143206
0.0144771
0.0146242
0.014762
0.0148905
0.0150102
0.0151213
0.0152242
0.0153194
0.0154072
0.0154882
0.0155627
0.0156311
0.0156937
0.015751
0.0158035
0.0158517
0.015896
0.0159368
0.0159743
0.016009
0.0160413
0.0160716
0.0161002
0.0161276
0.0161536
0.016179
0.0162032
0.0162304
0.0162526
0.0162816
0.0163078
0.0163435
0.0163785
0.0164241
0.0163785
0.00949718
0.00961443
0.00975312
0.00990521
0.0100682
0.0102414
0.0104245
0.0106172
0.010819
0.0110289
0.0112462
0.01147
0.0116987
0.0119309
0.0121648
0.0123988
0.0126314
0.0128608
0.0130855
0.0133042
0.0135157
0.0137189
0.0139131
0.0140976
0.0142721
0.0144362
0.0145899
0.0147334
0.0148669
0.0149908
0.0151054
0.0152112
0.0153089
0.0153988
0.0154815
0.0155574
0.0156269
0.0156905
0.0157486
0.0158017
0.0158504
0.015895
0.0159361
0.0159739
0.0160088
0.0160412
0.0160715
0.0161002
0.0161277
0.0161536
0.016179
0.0162032
0.0162304
0.0162525
0.0162807
0.0163068
0.0163434
0.0163772
0.0164226
0.0163778
0.00915049
0.00927214
0.0094167
0.00957558
0.00974639
0.00992853
0.0101219
0.0103262
0.010541
0.0107652
0.010998
0.0112382
0.0114839
0.0117336
0.011985
0.0122365
0.0124861
0.0127316
0.0129716
0.0132045
0.0134292
0.0136444
0.0138493
0.0140434
0.0142263
0.0143978
0.0145579
0.0147069
0.014845
0.0149728
0.0150907
0.0151994
0.0152993
0.0153911
0.0154754
0.0155526
0.0156232
0.0156877
0.0157465
0.0158001
0.0158492
0.0158942
0.0159355
0.0159736
0.0160086
0.0160411
0.0160715
0.0161002
0.0161277
0.0161537
0.0161791
0.0162031
0.0162303
0.0162525
0.0162799
0.0163057
0.016343
0.0163761
0.0164213
0.0163773
0.00881877
0.0089442
0.00909374
0.00925839
0.00943588
0.00962583
0.00982826
0.0100431
0.0102699
0.0105078
0.0107555
0.0110116
0.0112743
0.0115412
0.0118102
0.012079
0.0123453
0.012607
0.0128621
0.0131092
0.0133467
0.0135736
0.013789
0.0139924
0.0141834
0.0143619
0.0145281
0.0146822
0.0148248
0.0149562
0.0150772
0.0151885
0.0152905
0.0153841
0.0154698
0.0155482
0.0156198
0.0156851
0.0157445
0.0157987
0.0158481
0.0158934
0.015935
0.0159733
0.0160084
0.016041
0.0160714
0.0161002
0.0161277
0.0161537
0.0161791
0.0162031
0.0162302
0.0162525
0.016279
0.0163048
0.0163426
0.0163751
0.01642
0.0163767
0.00850401
0.00863306
0.00878691
0.00895645
0.00913957
0.00933613
0.0095464
0.0097705
0.0100082
0.0102585
0.0105203
0.0107918
0.0110709
0.0113548
0.0116412
0.0119271
0.01221
0.0124875
0.0127575
0.0130184
0.0132685
0.0135067
0.0137322
0.0139444
0.0141432
0.0143284
0.0145004
0.0146594
0.0148061
0.014941
0.0150649
0.0151785
0.0152825
0.0153777
0.0154648
0.0155443
0.0156168
0.0156828
0.0157428
0.0157974
0.0158472
0.0158928
0.0159346
0.015973
0.0160082
0.0160409
0.0160714
0.0161002
0.0161278
0.0161538
0.0161792
0.0162031
0.0162301
0.0162525
0.0162783
0.0163038
0.0163421
0.0163741
0.0164188
0.0163762
0.00820794
0.00834036
0.00849805
0.00867189
0.00885983
0.00906194
0.00927875
0.00951071
0.0097578
0.0100194
0.0102942
0.0105802
0.010875
0.0111755
0.0114787
0.0117813
0.0120804
0.0123735
0.0126581
0.0129323
0.0131945
0.0134436
0.0136788
0.0138996
0.0141057
0.0142973
0.0144747
0.0146383
0.0147888
0.014927
0.0150535
0.0151694
0.0152752
0.0153719
0.0154602
0.0155407
0.015614
0.0156807
0.0157412
0.0157963
0.0158464
0.0158922
0.0159342
0.0159728
0.0160081
0.0160408
0.0160714
0.0161002
0.0161278
0.0161538
0.0161792
0.0162031
0.01623
0.0162525
0.0162775
0.016303
0.0163417
0.0163732
0.0164178
0.0163758
0.00793073
0.00806674
0.00822797
0.00840598
0.00859837
0.00880521
0.00902737
0.00926581
0.00952077
0.00979212
0.0100787
0.0103782
0.0106876
0.0110039
0.0113234
0.0116422
0.0119572
0.0122653
0.0125639
0.012851
0.0131249
0.0133845
0.0136289
0.0138577
0.0140708
0.0142684
0.0144509
0.0146188
0.014773
0.0149141
0.0150432
0.015161
0.0152686
0.0153666
0.015456
0.0155374
0.0156115
0.0156788
0.0157398
0.0157953
0.0158457
0.0158917
0.0159339
0.0159726
0.016008
0.0160408
0.0160714
0.0161002
0.0161278
0.0161539
0.0161792
0.0162031
0.0162298
0.0162525
0.0162768
0.0163022
0.0163412
0.0163724
0.0164168
0.0163754
0.00767105
0.00781223
0.00797648
0.00815906
0.00835606
0.00856723
0.0087938
0.00903724
0.00929863
0.00957818
0.00987493
0.0101866
0.0105097
0.010841
0.0111758
0.0115103
0.0118405
0.012163
0.0124751
0.0127746
0.0130597
0.0133292
0.0135824
0.0138188
0.0140385
0.0142417
0.014429
0.0146009
0.0147584
0.0149023
0.0150337
0.0151534
0.0152625
0.0153618
0.0154523
0.0155345
0.0156093
0.0156771
0.0157386
0.0157943
0.015845
0.0158912
0.0159336
0.0159724
0.0160079
0.0160408
0.0160714
0.0161003
0.0161279
0.0161539
0.0161793
0.0162031
0.0162297
0.0162526
0.0162762
0.0163014
0.0163408
0.0163717
0.0164158
0.0163751
0.00742418
0.00757418
0.00774229
0.00793045
0.00813296
0.00834878
0.00857926
0.0088266
0.00909276
0.00937871
0.00968397
0.0100062
0.0103418
0.0106869
0.0110364
0.0113857
0.0117304
0.0120668
0.0123918
0.012703
0.0129987
0.0132776
0.0135391
0.0137827
0.0140086
0.0142171
0.0144087
0.0145844
0.014745
0.0148916
0.015025
0.0151465
0.015257
0.0153575
0.0154488
0.0155318
0.0156072
0.0156755
0.0157374
0.0157935
0.0158444
0.0158908
0.0159333
0.0159722
0.0160079
0.0160407
0.0160714
0.0161003
0.0161279
0.0161539
0.0161793
0.0162031
0.0162295
0.0162526
0.0162755
0.0163007
0.0163404
0.016371
0.016415
0.0163747
0.00717967
0.00734501
0.00752288
0.00771864
0.00792838
0.00814973
0.00838402
0.00863433
0.00890376
0.0091943
0.00950613
0.00983737
0.0101842
0.0105421
0.0109053
0.0112687
0.0116272
0.0119766
0.0123138
0.0126362
0.0129419
0.0132297
0.0134989
0.0137493
0.0139809
0.0141943
0.0143902
0.0145693
0.0147328
0.0148817
0.0150171
0.0151402
0.015252
0.0153535
0.0154457
0.0155294
0.0156054
0.0156742
0.0157364
0.0157928
0.0158439
0.0158905
0.0159331
0.0159721
0.0160078
0.0160407
0.0160714
0.0161003
0.0161279
0.016154
0.0161794
0.0162031
0.0162294
0.0162527
0.016275
0.0163001
0.01634
0.0163704
0.0164142
0.0163744
0.00692873
0.00711766
0.0073137
0.00752158
0.0077409
0.00796934
0.00820786
0.00846054
0.00873193
0.00902542
0.00934217
0.00968067
0.0100373
0.0104067
0.0107827
0.0111592
0.0115306
0.0118925
0.0122412
0.012574
0.0128891
0.0131853
0.0134618
0.0137184
0.0139555
0.0141734
0.0143731
0.0145555
0.0147216
0.0148727
0.0150099
0.0151344
0.0152474
0.0153499
0.0154429
0.0155273
0.0156037
0.0156729
0.0157355
0.0157921
0.0158434
0.0158901
0.0159329
0.015972
0.0160077
0.0160407
0.0160714
0.0161003
0.016128
0.016154
0.0161794
0.0162031
0.0162293
0.0162527
0.0162744
0.0162995
0.0163396
0.0163698
0.0164135
0.0163742
0.00666442
0.00688561
0.00710858
0.0073364
0.00756862
0.00780634
0.00805005
0.00830485
0.0085771
0.00887198
0.00919179
0.00953612
0.00990111
0.0102808
0.0106684
0.0110571
0.0114406
0.0118141
0.0121736
0.0125163
0.0128402
0.0131442
0.0134275
0.01369
0.013932
0.0141542
0.0143574
0.0145428
0.0147114
0.0148645
0.0150033
0.0151292
0.0152433
0.0153467
0.0154404
0.0155253
0.0156022
0.0156718
0.0157347
0.0157915
0.015843
0.0158898
0.0159327
0.0159719
0.0160077
0.0160407
0.0160714
0.0161004
0.016128
0.0161541
0.0161794
0.0162031
0.0162291
0.0162527
0.0162739
0.0162989
0.0163393
0.0163692
0.0164128
0.0163739
0.00638153
0.0066439
0.00690193
0.00715914
0.00740932
0.00765911
0.00790943
0.00816648
0.00843873
0.00873345
0.00905499
0.00940357
0.00977544
0.0101642
0.0105624
0.0109623
0.0113571
0.0117414
0.012111
0.0124629
0.012795
0.0131062
0.0133958
0.0136638
0.0139105
0.0141366
0.0143431
0.0145312
0.014702
0.014857
0.0149973
0.0151244
0.0152395
0.0153437
0.0154381
0.0155235
0.0156008
0.0156708
0.0157339
0.015791
0.0158426
0.0158896
0.0159325
0.0159718
0.0160076
0.0160407
0.0160715
0.0161004
0.016128
0.0161541
0.0161795
0.0162031
0.016229
0.0162528
0.0162735
0.0162984
0.016339
0.0163688
0.0164122
0.0163737
0.0060799
0.00638983
0.00668962
0.0069856
0.00726065
0.0075261
0.00778482
0.00804442
0.00831606
0.00860951
0.00893135
0.00928267
0.00966002
0.0100566
0.0104643
0.0108744
0.0112797
0.0116741
0.0120531
0.0124135
0.0127533
0.0130713
0.0133668
0.0136398
0.0138907
0.0141205
0.01433
0.0145206
0.0146935
0.0148501
0.0149919
0.0151201
0.0152361
0.015341
0.015436
0.0155219
0.0155996
0.0156698
0.0157332
0.0157905
0.0158423
0.0158894
0.0159324
0.0159717
0.0160076
0.0160407
0.0160715
0.0161004
0.0161281
0.0161541
0.0161795
0.0162032
0.016229
0.0162527
0.0162731
0.0162979
0.0163386
0.0163683
0.0164117
0.0163735
0.00576171
0.00612325
0.00646991
0.0068126
0.00712041
0.00740538
0.00767468
0.00793754
0.00820819
0.00849948
0.00882023
0.00917287
0.00955441
0.00995771
0.0103738
0.0107933
0.0112082
0.0116119
0.0119996
0.012368
0.012715
0.0130391
0.01334
0.0136177
0.0138726
0.0141057
0.014318
0.0145109
0.0146857
0.0148439
0.014987
0.0151162
0.015233
0.0153386
0.0154341
0.0155204
0.0155985
0.015669
0.0157326
0.01579
0.015842
0.0158891
0.0159322
0.0159716
0.0160076
0.0160407
0.0160715
0.0161004
0.0161281
0.0161542
0.0161795
0.0162032
0.016229
0.0162527
0.0162727
0.0162975
0.0163384
0.0163679
0.0164112
0.0163733
0.00542752
0.00584586
0.00624387
0.00663812
0.00698585
0.0072947
0.00757681
0.00784411
0.00811402
0.00840233
0.00872082
0.00907357
0.0094581
0.00986699
0.0102906
0.0107186
0.0111424
0.0115546
0.0119504
0.0123262
0.0126797
0.0130096
0.0133156
0.0135975
0.0138561
0.0140922
0.0143071
0.0145021
0.0146786
0.0148383
0.0149825
0.0151126
0.0152302
0.0153364
0.0154324
0.0155191
0.0155975
0.0156682
0.0157321
0.0157897
0.0158417
0.015889
0.0159321
0.0159716
0.0160076
0.0160407
0.0160715
0.0161005
0.0161281
0.0161542
0.0161795
0.0162032
0.016229
0.0162525
0.0162723
0.0162971
0.0163381
0.0163675
0.0164107
0.0163731
0.00507845
0.00555982
0.00601438
0.00646191
0.00685499
0.00719212
0.00748977
0.0077629
0.00803224
0.00831697
0.00863227
0.00898405
0.00937052
0.00978402
0.0102142
0.01065
0.0110818
0.011502
0.0119052
0.0122878
0.0126473
0.0129826
0.0132931
0.013579
0.013841
0.0140799
0.0142971
0.0144941
0.0146722
0.0148331
0.0149784
0.0151094
0.0152276
0.0153344
0.0154308
0.0155179
0.0155966
0.0156676
0.0157316
0.0157893
0.0158415
0.0158888
0.015932
0.0159715
0.0160075
0.0160407
0.0160715
0.0161005
0.0161281
0.0161542
0.0161795
0.0162032
0.016229
0.0162524
0.016272
0.0162968
0.0163378
0.0163672
0.0164103
0.016373
0.00471744
0.0052668
0.00578346
0.00628464
0.00672545
0.00709552
0.00741224
0.00769246
0.00796154
0.00824228
0.00855364
0.00890357
0.00929108
0.00970831
0.0101443
0.010587
0.0110262
0.0114537
0.0118638
0.0122525
0.0126177
0.0129579
0.0132726
0.0135622
0.0138272
0.0140687
0.0142881
0.0144867
0.0146664
0.0148285
0.0149747
0.0151065
0.0152253
0.0153326
0.0154294
0.0155168
0.0155957
0.015667
0.0157311
0.015789
0.0158412
0.0158886
0.0159319
0.0159714
0.0160075
0.0160407
0.0160715
0.0161005
0.0161281
0.0161543
0.0161796
0.0162032
0.016229
0.0162523
0.0162717
0.0162964
0.0163376
0.0163669
0.0164099
0.0163729
0.0043488
0.00496894
0.00555283
0.00610757
0.00659749
0.00700377
0.00734285
0.00763139
0.00790064
0.00817715
0.00848403
0.0088314
0.00921917
0.00963935
0.0100803
0.0105293
0.0109752
0.0114094
0.0118258
0.0122203
0.0125906
0.0129352
0.0132539
0.0135468
0.0138146
0.0140585
0.0142798
0.0144801
0.014661
0.0148242
0.0149713
0.0151038
0.0152232
0.0153309
0.0154281
0.0155158
0.015595
0.0156664
0.0157307
0.0157887
0.015841
0.0158885
0.0159318
0.0159714
0.0160075
0.0160407
0.0160715
0.0161005
0.0161282
0.0161543
0.0161796
0.0162032
0.0162291
0.0162522
0.0162714
0.0162961
0.0163374
0.0163666
0.0164096
0.0163728
0.00397957
0.00466965
0.00532508
0.00593444
0.00647243
0.00691679
0.00728035
0.00757841
0.00784834
0.00812052
0.00842252
0.0087668
0.00915418
0.00957665
0.010022
0.0104766
0.0109286
0.0113689
0.011791
0.0121908
0.0125658
0.0129146
0.0132368
0.0135327
0.0138031
0.0140492
0.0142723
0.0144741
0.0146562
0.0148204
0.0149682
0.0151014
0.0152213
0.0153295
0.015427
0.0155149
0.0155943
0.0156659
0.0157304
0.0157884
0.0158409
0.0158884
0.0159318
0.0159714
0.0160075
0.0160407
0.0160715
0.0161005
0.0161282
0.0161543
0.0161796
0.0162032
0.0162291
0.0162522
0.0162711
0.0162959
0.0163372
0.0163664
0.0164093
0.0163727
0.00361728
0.00437623
0.00510211
0.00576567
0.00635061
0.00683422
0.00722367
0.00753232
0.00780351
0.00807137
0.00836827
0.00870904
0.00909553
0.0095197
0.00996882
0.0104284
0.010886
0.0113318
0.0117592
0.0121638
0.0125431
0.0128957
0.0132212
0.0135199
0.0137927
0.0140407
0.0142654
0.0144686
0.0146518
0.0148169
0.0149655
0.0150992
0.0152196
0.0153281
0.0154259
0.0155141
0.0155937
0.0156654
0.01573
0.0157882
0.0158407
0.0158883
0.0159317
0.0159713
0.0160075
0.0160407
0.0160715
0.0161005
0.0161282
0.0161543
0.0161796
0.0162032
0.0162291
0.0162521
0.0162709
0.0162956
0.016337
0.0163661
0.016409
0.0163726
0.00326869
0.00409569
0.00488584
0.00560252
0.00623345
0.00675582
0.00717191
0.00749209
0.00776513
0.00802876
0.00832045
0.00865745
0.00904265
0.00946805
0.00992041
0.0103845
0.0108471
0.011298
0.0117302
0.0121393
0.0125225
0.0128785
0.013207
0.0135083
0.0137832
0.014033
0.0142592
0.0144636
0.0146478
0.0148137
0.014963
0.0150972
0.0152181
0.0153269
0.015425
0.0155134
0.0155932
0.015665
0.0157297
0.015788
0.0158405
0.0158882
0.0159316
0.0159713
0.0160075
0.0160407
0.0160715
0.0161006
0.0161282
0.0161543
0.0161796
0.0162033
0.0162291
0.016252
0.0162707
0.0162954
0.0163368
0.0163659
0.0164088
0.0163726
0.00293684
0.00382814
0.00467818
0.00544546
0.00612147
0.00668142
0.00712434
0.00745677
0.00773228
0.00799185
0.00827834
0.0086114
0.00899501
0.00942125
0.00987639
0.0103445
0.0108117
0.0112672
0.0117038
0.0121169
0.0125037
0.0128629
0.0131941
0.0134977
0.0137745
0.014026
0.0142536
0.0144591
0.0146442
0.0148108
0.0149607
0.0150954
0.0152167
0.0153258
0.0154241
0.0155128
0.0155927
0.0156647
0.0157295
0.0157878
0.0158404
0.0158881
0.0159316
0.0159713
0.0160075
0.0160407
0.0160716
0.0161006
0.0161282
0.0161544
0.0161796
0.0162033
0.016229
0.0162519
0.0162705
0.0162952
0.0163367
0.0163657
0.0164085
0.0163726
0.00262579
0.00357474
0.00448022
0.00529595
0.00601495
0.00661088
0.00708038
0.00742558
0.00770417
0.00795988
0.00824126
0.00857032
0.00895212
0.00937886
0.00983639
0.0103081
0.0107794
0.0112391
0.0116797
0.0120965
0.0124866
0.0128486
0.0131823
0.013488
0.0137667
0.0140196
0.0142484
0.0144549
0.0146409
0.0148082
0.0149586
0.0150938
0.0152154
0.0153248
0.0154234
0.0155122
0.0155922
0.0156643
0.0157292
0.0157876
0.0158403
0.015888
0.0159315
0.0159712
0.0160074
0.0160407
0.0160716
0.0161006
0.0161282
0.0161544
0.0161797
0.0162033
0.016229
0.0162519
0.0162703
0.016295
0.0163366
0.0163655
0.0164083
0.0163726
0.00233886
0.00333721
0.00429274
0.00515465
0.00591406
0.00654413
0.00703957
0.00739784
0.00768006
0.00793219
0.0082086
0.00853367
0.00891352
0.0093405
0.00980007
0.010275
0.01075
0.0112135
0.0116578
0.0120779
0.012471
0.0128357
0.0131717
0.0134793
0.0137596
0.0140139
0.0142438
0.0144512
0.014638
0.0148059
0.0149567
0.0150923
0.0152142
0.0153239
0.0154227
0.0155116
0.0155918
0.015664
0.015729
0.0157875
0.0158402
0.0158879
0.0159315
0.0159712
0.0160074
0.0160407
0.0160716
0.0161006
0.0161282
0.0161544
0.0161797
0.0162033
0.0162289
0.0162518
0.0162702
0.0162948
0.0163364
0.0163654
0.0164081
0.0163725
0.00207813
0.00311688
0.0041179
0.00502199
0.00581886
0.00648109
0.00700155
0.00737299
0.00765935
0.00790818
0.00817982
0.00850097
0.00887879
0.0093058
0.00976712
0.0102449
0.0107232
0.0111903
0.0116379
0.012061
0.0124568
0.0128239
0.013162
0.0134713
0.0137531
0.0140086
0.0142396
0.0144478
0.0146353
0.0148037
0.0149551
0.015091
0.0152132
0.0153231
0.015422
0.0155112
0.0155915
0.0156638
0.0157288
0.0157873
0.0158401
0.0158879
0.0159315
0.0159712
0.0160074
0.0160407
0.0160716
0.0161006
0.0161282
0.0161544
0.0161797
0.0162033
0.0162289
0.0162517
0.01627
0.0162947
0.0163363
0.0163652
0.0164079
0.0163725
0.00184369
0.00291446
0.00395601
0.00489819
0.00572944
0.00642171
0.00696606
0.00735059
0.00764145
0.00788735
0.00815445
0.00847179
0.00884754
0.00927443
0.00973723
0.0102175
0.010699
0.0111691
0.0116197
0.0120457
0.012444
0.0128132
0.0131531
0.0134641
0.0137472
0.0140039
0.0142358
0.0144448
0.0146328
0.0148018
0.0149535
0.0150898
0.0152122
0.0153223
0.0154215
0.0155107
0.0155911
0.0156635
0.0157286
0.0157872
0.01584
0.0158878
0.0159314
0.0159712
0.0160074
0.0160407
0.0160716
0.0161006
0.0161283
0.0161544
0.0161797
0.0162033
0.0162288
0.0162517
0.0162699
0.0162945
0.0163362
0.0163651
0.0164078
0.0163725
0.00163415
0.00273046
0.00380688
0.00478321
0.00564577
0.00636595
0.00693286
0.00733028
0.00762589
0.00786926
0.00813206
0.00844574
0.00881943
0.00924608
0.00971014
0.0101927
0.0106769
0.0111499
0.0116033
0.0120317
0.0124323
0.0128035
0.0131451
0.0134576
0.0137419
0.0139996
0.0142323
0.014442
0.0146306
0.0148
0.0149521
0.0150887
0.0152114
0.0153217
0.0154209
0.0155103
0.0155908
0.0156633
0.0157285
0.0157871
0.0158399
0.0158878
0.0159314
0.0159712
0.0160074
0.0160407
0.0160716
0.0161006
0.0161283
0.0161544
0.0161797
0.0162033
0.0162288
0.0162516
0.0162698
0.0162944
0.0163361
0.016365
0.0164076
0.0163725
0.00144732
0.00256388
0.00367009
0.00467682
0.00556774
0.00631372
0.00690178
0.00731181
0.00761223
0.00785351
0.00811228
0.00842247
0.00879414
0.00922045
0.0096856
0.0101702
0.0106568
0.0111325
0.0115883
0.0120191
0.0124217
0.0127947
0.0131379
0.0134517
0.0137371
0.0139957
0.0142292
0.0144395
0.0146286
0.0147984
0.0149509
0.0150877
0.0152106
0.0153211
0.0154205
0.01551
0.0155906
0.0156631
0.0157283
0.015787
0.0158399
0.0158877
0.0159314
0.0159711
0.0160074
0.0160407
0.0160716
0.0161006
0.0161283
0.0161544
0.0161797
0.0162033
0.0162288
0.0162516
0.0162697
0.0162943
0.016336
0.0163649
0.0164075
0.0163725
0.00128006
0.00241401
0.00354513
0.00457872
0.00549521
0.00626496
0.00687266
0.00729494
0.00760012
0.00783979
0.00809479
0.00840169
0.00877139
0.0091973
0.00966337
0.0101498
0.0106387
0.0111166
0.0115747
0.0120076
0.0124121
0.0127868
0.0131313
0.0134463
0.0137327
0.0139921
0.0142263
0.0144372
0.0146268
0.014797
0.0149498
0.0150868
0.0152099
0.0153205
0.0154201
0.0155096
0.0155903
0.0156629
0.0157282
0.0157869
0.0158398
0.0158877
0.0159313
0.0159711
0.0160074
0.0160407
0.0160716
0.0161006
0.0161283
0.0161544
0.0161797
0.0162033
0.0162287
0.0162516
0.0162696
0.0162942
0.0163359
0.0163648
0.0164074
0.0163725
0.00113318
0.00227992
0.00343133
0.00448855
0.00542803
0.00621959
0.00684542
0.00727955
0.00758929
0.00782783
0.00807932
0.00838311
0.00875092
0.0091764
0.00964324
0.0101313
0.0106222
0.0111023
0.0115624
0.0119972
0.0124033
0.0127795
0.0131253
0.0134414
0.0137287
0.0139889
0.0142237
0.0144352
0.0146252
0.0147957
0.0149487
0.015086
0.0152093
0.01532
0.0154197
0.0155093
0.0155901
0.0156627
0.0157281
0.0157868
0.0158397
0.0158876
0.0159313
0.0159711
0.0160074
0.0160407
0.0160716
0.0161006
0.0161283
0.0161544
0.0161797
0.0162033
0.0162287
0.0162515
0.0162695
0.0162941
0.0163359
0.0163647
0.0164073
0.0163725
0.00099276
0.00215959
0.00332776
0.00440579
0.0053659
0.00617749
0.00681993
0.00726549
0.00757953
0.00781737
0.0080656
0.00836649
0.0087325
0.00915751
0.00962502
0.0101145
0.0106072
0.0110893
0.0115513
0.0119877
0.0123954
0.012773
0.0131199
0.013437
0.0137252
0.013986
0.0142214
0.0144333
0.0146237
0.0147945
0.0149478
0.0150853
0.0152087
0.0153196
0.0154193
0.0155091
0.0155899
0.0156626
0.015728
0.0157867
0.0158397
0.0158876
0.0159313
0.0159711
0.0160074
0.0160407
0.0160716
0.0161006
0.0161283
0.0161544
0.0161797
0.0162033
0.0162287
0.0162515
0.0162694
0.016294
0.0163358
0.0163646
0.0164072
0.0163725
0.000867214
0.00205222
0.00323355
0.00432986
0.00530846
0.0061384
0.00679597
0.00725253
0.00757057
0.00780817
0.00805339
0.00835159
0.00871589
0.00914043
0.00960851
0.0100993
0.0105937
0.0110775
0.0115411
0.0119792
0.0123883
0.012767
0.013115
0.013433
0.0137219
0.0139834
0.0142193
0.0144316
0.0146223
0.0147935
0.014947
0.0150846
0.0152082
0.0153192
0.015419
0.0155088
0.0155897
0.0156625
0.0157279
0.0157867
0.0158396
0.0158876
0.0159313
0.0159711
0.0160074
0.0160407
0.0160716
0.0161006
0.0161283
0.0161545
0.0161797
0.0162033
0.0162286
0.0162515
0.0162693
0.0162939
0.0163357
0.0163646
0.0164071
0.0163725
0.000749365
0.00195682
0.00314831
0.00426058
0.00525563
0.00610236
0.00677336
0.00724046
0.00756216
0.00780005
0.00804253
0.00833823
0.00870092
0.00912499
0.00959356
0.0100856
0.0105814
0.0110667
0.011532
0.0119714
0.0123817
0.0127616
0.0131106
0.0134293
0.013719
0.013981
0.0142174
0.0144301
0.0146211
0.0147925
0.0149462
0.015084
0.0152077
0.0153188
0.0154187
0.0155086
0.0155895
0.0156623
0.0157278
0.0157866
0.0158396
0.0158875
0.0159312
0.0159711
0.0160074
0.0160407
0.0160716
0.0161007
0.0161283
0.0161545
0.0161797
0.0162033
0.0162286
0.0162514
0.0162692
0.0162938
0.0163357
0.0162514
0.0162286
0.0162033
0.0161797
0.0161545
0.0161545
0.0161283
0.0161283
0.0161007
0.0161007
0.0160716
0.0160716
0.0160407
0.0160407
0.0160074
0.0160074
0.0159711
0.0159711
0.0159312
0.0159312
0.0159313
0.0158875
0.0158875
0.0158876
0.0158396
0.0158395
0.0158396
0.0157865
0.0157865
0.0157866
0.0157277
0.0157277
0.0157277
0.0156622
0.0156622
0.0156623
0.0155894
0.0155894
0.0155894
0.0155084
0.0155084
0.0155084
0.0154185
0.0154184
0.0154184
0.0153185
0.0153184
0.0153184
0.0152073
0.0152072
0.0152072
0.0150835
0.0150834
0.0150833
0.0149455
0.0149454
0.0149453
0.0147917
0.0147914
0.0147913
0.0146201
0.0146198
0.0146196
0.0144288
0.0144284
0.0144282
0.0142158
0.0142153
0.014215
0.0139791
0.0139785
0.013978
0.0137166
0.0137158
0.0137152
0.0134265
0.0134254
0.0134247
0.0131072
0.0131058
0.0131048
0.0131041
0.0127575
0.0127558
0.0127545
0.0127536
0.0123768
0.0123747
0.0123732
0.0123719
0.0119655
0.011963
0.011961
0.0119595
0.011525
0.011522
0.0115196
0.0115177
0.0110587
0.0110551
0.0110523
0.0110499
0.0105721
0.010568
0.0105646
0.0105618
0.0100752
0.0100705
0.0100667
0.0100635
0.00958236
0.00957723
0.009573
0.00956942
0.00911345
0.00910815
0.00910379
0.00910009
0.00868974
0.00868467
0.00868057
0.00867712
0.00832824
0.00832391
0.00832054
0.00831784
0.00803382
0.0080304
0.00802806
0.00802645
0.00779305
0.00779104
0.00779019
0.00779012
0.00755455
0.00755311
0.00755267
0.00755323
0.00722944
0.00722705
0.00722582
0.00722535
0.00675386
0.00674788
0.00674361
0.00674052
0.00607253
0.00606132
0.00605293
0.0060462
0.00521222
0.0051944
0.00518045
0.00516867
0.0042039
0.00418027
0.00416127
0.0041447
0.00307762
0.00304925
0.00302668
0.00300686
0.00187566
0.00184622
0.00182393
0.00180421
0.000641616
0.000603836
0.000587885
0.000574527
)
;

boundaryField
{
    down
    {
        type            calculated;
        value           nonuniform List<scalar> 0();
    }
    right
    {
        type            calculated;
        value           nonuniform List<scalar> 
109
(
0.0144383
0.0145474
0.014648
0.0147407
0.0148262
0.0149049
0.0149775
0.0150445
0.0151065
0.015164
0.0152175
0.0152672
0.0153135
0.0153568
0.0153973
0.0154351
0.0154706
0.0155039
0.0155351
0.0155646
0.0155923
0.0156184
0.015643
0.0156664
0.0156886
0.0157097
0.0157298
0.0157492
0.0157678
0.0157827
0.015783
0.0157834
0.0157837
0.015784
0.0157843
0.0157846
0.0157849
0.0157852
0.0157855
0.0157858
0.015786
0.0157863
0.0157866
0.0157869
0.0157873
0.0157878
0.0157882
0.0157887
0.0157892
0.0157904
0.0157927
0.0157952
0.0157978
0.0158005
0.0158034
0.0158066
0.0158098
0.0158133
0.015817
0.0158209
0.015825
0.0158294
0.015834
0.0158388
0.0158439
0.0158492
0.0158549
0.0158608
0.015867
0.0158735
0.0158804
0.0158875
0.015895
0.0159028
0.0159109
0.0159194
0.0159282
0.0159374
0.0159469
0.0159568
0.0159671
0.0159778
0.0159888
0.0160003
0.0160121
0.0160245
0.0160373
0.0160506
0.0160643
0.0160785
0.016093
0.016108
0.0161234
0.0161392
0.0161553
0.0161723
0.0161906
0.0162111
0.0162342
0.01626
0.0162893
0.0163214
0.0163589
0.0164079
0.0164564
0.0164882
0.016481
0.0164294
0.0163688
)
;
    }
    up
    {
        type            calculated;
        value           nonuniform List<scalar> 
59
(
0.0163292
0.0163292
0.0163292
0.0163292
0.0163292
0.0163292
0.0163292
0.0163292
0.0163292
0.0163292
0.0163292
0.0163292
0.0163292
0.0163292
0.0163292
0.0163292
0.0163292
0.0163292
0.0163292
0.0163292
0.0163292
0.0163292
0.0163292
0.0163292
0.0163292
0.0163292
0.0163292
0.0163292
0.0163292
0.0163292
0.0163292
0.0163292
0.0163292
0.0163292
0.0163292
0.0163292
0.0163292
0.0163292
0.0163292
0.0163292
0.0163292
0.0163292
0.0163292
0.0163292
0.0163292
0.0163292
0.0163292
0.0163292
0.0163292
0.0163292
0.0163292
0.0163292
0.0163292
0.0163292
0.0163292
0.0163292
0.0163292
0.0163292
0.0163292
)
;
    }
    meanFlow
    {
        type            calculated;
        value           nonuniform List<scalar> 0();
    }
    surface
    {
        type            compressible::alphatWallFunction;
        Prt             0.85;
        value           nonuniform List<scalar> 7(0.000151308 0.000149752 0.000147234 0.000145007 1.17498e-06 5.61762e-06 1.44607e-05);
    }
    surfaceInner
    {
        type            compressible::alphatWallFunction;
        Prt             0.85;
        value           nonuniform List<scalar> 0();
    }
    coandaInlet
    {
        type            calculated;
        value           nonuniform List<scalar> 0();
    }
    defaultFaces
    {
        type            empty;
    }
    procBoundary5to2
    {
        type            processor;
        value           nonuniform List<scalar> 
106
(
0.0143195
0.0141531
0.0139744
0.0137922
0.0136035
0.0134075
0.0132036
0.0129922
0.0127729
0.012546
0.0123116
0.0121952
0.0121952
0.0119444
0.0116866
0.0114227
0.0111534
0.0108798
0.0107063
0.0107063
0.0104236
0.0101409
0.00986013
0.00966479
0.00966479
0.00938838
0.00911976
0.00892456
0.00892456
0.00867008
0.00848046
0.00848046
0.00824308
0.00801581
0.00783977
0.00783977
0.00762459
0.00745165
0.00745165
0.00723938
0.00706099
0.00706099
0.0068753
0.0068753
0.00664434
0.00643622
0.00643622
0.00621191
0.00621191
0.00593543
0.00567365
0.00567365
0.00539372
0.00539372
0.0050674
0.00475729
0.00475729
0.00444374
0.00444374
0.00411914
0.00381869
0.00381869
0.00351644
0.00351644
0.00321484
0.00321484
0.00291145
0.00291145
0.00260653
0.00260653
0.0023039
0.0023039
0.00202609
0.00174976
0.00173057
0.00173057
0.0014768
0.0014768
0.00126152
0.00126152
0.00104954
0.00102922
0.0010073
0.0010073
0.000809894
0.000754038
0.0007635
0.000781814
0.000805184
0.000829513
0.000829513
0.000617104
0.00065248
0.00068923
0.000725432
0.00075965
0.000790617
0.000790617
0.000530718
0.000574491
0.000616091
0.000651689
0.000706882
0.000706882
0.000312097
0.000312097
)
;
    }
    procBoundary5to4
    {
        type            processor;
        value           nonuniform List<scalar> 
65
(
0.0163645
0.016407
0.0163725
0.0162692
0.0162937
0.0163645
0.0163356
0.0162692
0.0162514
0.0162286
0.0162033
0.0161797
0.0161797
0.0161545
0.0161283
0.0161007
0.0160716
0.0160407
0.0160074
0.0159711
0.0159711
0.0159313
0.0158876
0.0158396
0.0157867
0.0157278
0.0156623
0.0155895
0.0155085
0.0154185
0.0153185
0.0152072
0.0150834
0.0149453
0.0147913
0.0146195
0.0144281
0.0142148
0.0139777
0.0137148
0.0134241
0.0134241
0.0131036
0.0127529
0.012371
0.0119583
0.0115162
0.011048
0.0105595
0.0100607
0.0095663
0.00909686
0.00867415
0.0083156
0.00802534
0.00779095
0.00755453
0.00722539
0.00673821
0.00604049
0.00515818
0.00412951
0.00298856
0.00178624
0.000562354
)
;
    }
}


// ************************************************************************* //
