/*--------------------------------*- C++ -*----------------------------------*\
  =========                 |
  \\      /  F ield         | OpenFOAM: The Open Source CFD Toolbox
   \\    /   O peration     | Website:  https://openfoam.org
    \\  /    A nd           | Version:  9
     \\/     M anipulation  |
\*---------------------------------------------------------------------------*/
FoamFile
{
    format      ascii;
    class       volScalarField;
    location    "0.0075";
    object      nut;
}
// * * * * * * * * * * * * * * * * * * * * * * * * * * * * * * * * * * * * * //

dimensions      [0 2 -1 0 0 0 0];

internalField   nonuniform List<scalar> 
6098
(
0.0123786
0.0124721
0.0125583
0.0126378
0.0127111
0.0127786
0.0128408
0.0128982
0.0129514
0.0130007
0.0130465
0.0130892
0.0131289
0.013166
0.0132007
0.0132331
0.0132636
0.0132921
0.0133189
0.0133441
0.0133679
0.0133903
0.0134114
0.0134314
0.0134504
0.0134685
0.0134858
0.0135024
0.0135183
0.0122385
0.0123346
0.0124235
0.0125058
0.0125822
0.0126529
0.0127185
0.0127795
0.0128361
0.0128889
0.0129381
0.012984
0.013027
0.0130673
0.0131051
0.0131406
0.0131739
0.0132054
0.013235
0.013263
0.0132895
0.0133145
0.0133382
0.0133606
0.013382
0.0134022
0.0134214
0.0134397
0.0134571
0.0120855
0.0121827
0.0122742
0.0123598
0.0124397
0.0125142
0.0125834
0.012648
0.0127083
0.0127646
0.0128173
0.0128666
0.0129128
0.0129563
0.0129972
0.0130356
0.0130719
0.0131061
0.0131384
0.013169
0.013198
0.0132254
0.0132515
0.0132763
0.0132998
0.0133222
0.0133436
0.0133639
0.0133833
0.0119314
0.0120311
0.0121253
0.0122139
0.0122971
0.0123749
0.0124477
0.0125157
0.0125795
0.0126392
0.0126953
0.0127479
0.0127974
0.012844
0.012888
0.0129294
0.0129685
0.0130055
0.0130405
0.0130737
0.0131052
0.013135
0.0131634
0.0131904
0.0132161
0.0132405
0.0132638
0.0132861
0.0133073
0.0117714
0.011873
0.011969
0.0120601
0.0121461
0.0122271
0.0123031
0.0123745
0.0124416
0.0125047
0.0125641
0.01262
0.0126728
0.0127225
0.0127695
0.012814
0.0128561
0.0128959
0.0129337
0.0129696
0.0130037
0.0130361
0.0130669
0.0130962
0.0131242
0.0131509
0.0131763
0.0132006
0.0132239
0.0116046
0.0117078
0.0118054
0.0118984
0.0119868
0.0120705
0.0121496
0.0122241
0.0122944
0.0123607
0.0124233
0.0124825
0.0125384
0.0125913
0.0126414
0.0126888
0.0127338
0.0127766
0.0128172
0.0128558
0.0128925
0.0129275
0.0129609
0.0129927
0.013023
0.013052
0.0130797
0.0131062
0.0131316
0.0114307
0.0115351
0.0116341
0.0117285
0.0118188
0.011905
0.0119867
0.0120641
0.0121374
0.0122068
0.0122724
0.0123347
0.0123937
0.0124497
0.0125028
0.0125533
0.0126013
0.0126469
0.0126904
0.0127318
0.0127712
0.0128089
0.0128448
0.0128792
0.012912
0.0129434
0.0129734
0.0130022
0.0130297
0.0112497
0.0113549
0.0114549
0.0115505
0.0116422
0.0117303
0.0118143
0.0118943
0.0119704
0.0120426
0.0121112
0.0121764
0.0122384
0.0122974
0.0123535
0.012407
0.0124579
0.0125064
0.0125527
0.0125969
0.0126391
0.0126795
0.012718
0.0127549
0.0127903
0.0128241
0.0128565
0.0128876
0.0129175
0.0110617
0.0111671
0.0112678
0.0113642
0.011457
0.0115465
0.0116325
0.0117147
0.0117931
0.011868
0.0119393
0.0120073
0.0120721
0.012134
0.012193
0.0122493
0.0123031
0.0123546
0.0124037
0.0124507
0.0124956
0.0125387
0.0125799
0.0126194
0.0126573
0.0126936
0.0127285
0.012762
0.0127942
0.0108666
0.0109719
0.0110729
0.0111698
0.0112632
0.0113537
0.0114411
0.0115251
0.0116057
0.0116828
0.0117566
0.0118271
0.0118946
0.0119591
0.0120209
0.01208
0.0121365
0.0121907
0.0122426
0.0122924
0.0123401
0.0123858
0.0124297
0.0124718
0.0125123
0.0125511
0.0125885
0.0126244
0.012659
0.0106646
0.0107694
0.0108702
0.0109673
0.011061
0.0111519
0.0112402
0.0113257
0.0114079
0.011487
0.0115629
0.0116357
0.0117056
0.0117726
0.0118369
0.0118986
0.0119577
0.0120146
0.0120691
0.0121216
0.0121719
0.0122203
0.0122668
0.0123115
0.0123545
0.0123959
0.0124358
0.0124742
0.0125112
0.0105597
0.0106599
0.0107568
0.0108505
0.0109415
0.0110302
0.0111165
0.0112001
0.0112807
0.0113584
0.0114332
0.0115051
0.0115743
0.0116409
0.0117049
0.0117665
0.0118258
0.0118829
0.0119378
0.0119907
0.0120416
0.0120907
0.0121379
0.0121834
0.0122273
0.0122697
0.0123105
0.0123499
0.0103433
0.0104425
0.0105386
0.010632
0.0107228
0.0108114
0.010898
0.0109824
0.0110641
0.0111432
0.0112195
0.0112932
0.0113643
0.0114328
0.011499
0.0115627
0.0116242
0.0116836
0.0117408
0.0117961
0.0118494
0.0119008
0.0119505
0.0119984
0.0120448
0.0120895
0.0121327
0.0121745
0.0101205
0.0102182
0.0103133
0.0104058
0.010496
0.0105842
0.0106706
0.0107552
0.0108376
0.0109176
0.0109951
0.0110701
0.0111427
0.0112129
0.0112808
0.0113464
0.0114099
0.0114712
0.0115306
0.0115879
0.0116434
0.011697
0.0117489
0.0117991
0.0118477
0.0118947
0.0119402
0.0119842
0.00989197
0.00998775
0.0100812
0.0101725
0.0102617
0.0103491
0.0104348
0.0105191
0.0106017
0.0106821
0.0107603
0.0108363
0.01091
0.0109815
0.0110507
0.0111179
0.0111829
0.011246
0.0113071
0.0113663
0.0114236
0.0114792
0.0115331
0.0115853
0.011636
0.011685
0.0117326
0.0117787
0.00965838
0.00975178
0.00984325
0.00993282
0.0100206
0.0101067
0.0101914
0.0102749
0.010357
0.0104374
0.0105159
0.0105923
0.0106667
0.010739
0.0108092
0.0108774
0.0109437
0.0110081
0.0110706
0.0111313
0.0111902
0.0112474
0.011303
0.011357
0.0114094
0.0114603
0.0115098
0.0115578
0.00942069
0.00951124
0.00960021
0.00968763
0.00977353
0.00985802
0.00994125
0.0100234
0.0101045
0.0101843
0.0102625
0.0103389
0.0104135
0.0104861
0.0105569
0.0106258
0.0106929
0.0107582
0.0108217
0.0108835
0.0109436
0.0110021
0.011059
0.0111144
0.0111682
0.0112206
0.0112716
0.0113212
0.00926728
0.00935328
0.00943805
0.00952159
0.00960397
0.0096853
0.00976573
0.00984535
0.009924
0.0100014
0.0100772
0.0101514
0.010224
0.0102948
0.0103639
0.0104313
0.010497
0.0105611
0.0106235
0.0106844
0.0107438
0.0108017
0.010858
0.0109129
0.0109664
0.0110186
0.0110694
0.00902129
0.00910384
0.00918545
0.00926613
0.00934591
0.00942486
0.0095031
0.00958072
0.00965766
0.00973366
0.00980844
0.00988182
0.0099537
0.0100241
0.0100928
0.0101601
0.0102258
0.0102899
0.0103526
0.0104138
0.0104736
0.0105319
0.0105888
0.0106444
0.0106986
0.0107514
0.0108031
0.00877488
0.00885351
0.00893149
0.0090088
0.00908546
0.00916152
0.00923707
0.00931218
0.00938688
0.00946094
0.00953407
0.00960606
0.00967677
0.00974612
0.00981408
0.00988063
0.00994577
0.0100095
0.0100719
0.0101329
0.0101926
0.0102509
0.0103079
0.0103636
0.010418
0.0104712
0.0105232
0.00852983
0.00860413
0.00867803
0.00875149
0.00882453
0.00889717
0.0089695
0.00904158
0.00911346
0.00918501
0.00925593
0.00932597
0.00939495
0.00946276
0.00952934
0.00959467
0.00965873
0.0097215
0.00978303
0.00984332
0.00990236
0.00996015
0.0100167
0.0100721
0.0101262
0.0101792
0.0102311
0.00835769
0.00842713
0.00849631
0.00856526
0.00863398
0.00870256
0.00877105
0.00883954
0.00890796
0.00897607
0.00904358
0.00911026
0.00917599
0.00924066
0.00930422
0.00936665
0.00942792
0.00948807
0.00954708
0.00960492
0.00966161
0.00971718
0.00977162
0.00982497
0.00987723
0.00992843
0.00811615
0.00818087
0.00824546
0.00830994
0.00837432
0.00843866
0.00850303
0.00856753
0.00863218
0.00869684
0.00876121
0.00882504
0.00888811
0.00895032
0.00901157
0.00907182
0.00913108
0.00918932
0.00924652
0.00930265
0.00935772
0.00941175
0.00946475
0.00951671
0.00956767
0.00961762
0.00788129
0.00794118
0.00800102
0.00806081
0.00812056
0.00818031
0.00824014
0.00830013
0.0083604
0.00842092
0.0084815
0.00854185
0.00860171
0.00866091
0.00871933
0.00877689
0.00883358
0.00888936
0.0089442
0.00899809
0.00905102
0.009103
0.00915402
0.00920409
0.00925322
0.0093014
0.00770966
0.00776476
0.00781981
0.00787483
0.00792984
0.0079849
0.00804007
0.00809548
0.00815123
0.0082073
0.0082635
0.00831956
0.00837522
0.0084303
0.00848469
0.00853835
0.0085912
0.00864322
0.00869438
0.00874466
0.00879406
0.00884256
0.00889018
0.00893692
0.00898279
0.00748738
0.00753792
0.00758838
0.00763877
0.0076891
0.0077394
0.00778972
0.00784014
0.00789077
0.00794172
0.00799303
0.00804457
0.00809606
0.00814727
0.008198
0.00824817
0.00829768
0.00834646
0.00839447
0.00844167
0.00848805
0.00853361
0.00857833
0.00862223
0.0086653
0.00732116
0.00736733
0.00741337
0.00745927
0.00750504
0.00755072
0.00759635
0.00764199
0.00768773
0.0077337
0.00777998
0.00782653
0.00787319
0.00791973
0.00796596
0.0080117
0.00805685
0.00810134
0.0081451
0.00818812
0.00823037
0.00827183
0.00831251
0.0083524
0.00711445
0.00715679
0.00719889
0.00724076
0.00728241
0.00732383
0.00736506
0.00740613
0.00744709
0.00748801
0.00752897
0.00757008
0.00761141
0.00765301
0.00769467
0.00773616
0.00777728
0.00781791
0.00785793
0.0078973
0.00793596
0.00797389
0.00801107
0.00804751
0.00691705
0.00695613
0.00699485
0.00703322
0.00707124
0.00710892
0.00714628
0.00718332
0.00722007
0.00725656
0.00729284
0.00732896
0.00736501
0.00740117
0.00743754
0.00747408
0.00751062
0.00754695
0.0075829
0.00761834
0.0076532
0.0076874
0.00772091
0.00775372
0.00676402
0.0068
0.0068355
0.00687053
0.00690508
0.00693917
0.0069728
0.007006
0.00703876
0.00707112
0.00710311
0.00713474
0.00716617
0.00719746
0.00722871
0.00726001
0.00729137
0.00732269
0.00735381
0.00738456
0.00741483
0.00744452
0.00747358
0.00657838
0.00661233
0.00664566
0.00667838
0.00671048
0.00674199
0.0067729
0.00680324
0.006833
0.0068622
0.00689086
0.00691899
0.00694668
0.00697397
0.0070009
0.00702755
0.00705399
0.00708028
0.00710648
0.00713259
0.00715851
0.00718412
0.0072093
0.00642917
0.00646104
0.00649215
0.00652251
0.00655213
0.00658103
0.00660921
0.00663668
0.00666345
0.00668953
0.00671494
0.00673975
0.00676398
0.00678765
0.00681081
0.0068335
0.00685575
0.00687762
0.00689915
0.00692041
0.00694144
0.00696225
0.00624739
0.00627847
0.00630865
0.00633794
0.00636636
0.00639392
0.00642062
0.00644648
0.00647152
0.00649573
0.00651914
0.00654178
0.0065637
0.00658493
0.00660549
0.00662539
0.00664467
0.00666336
0.0066815
0.00669912
0.00671626
0.00673297
0.00609452
0.00612436
0.00615318
0.006181
0.00620781
0.00623364
0.0062585
0.0062824
0.00630538
0.00632747
0.00634867
0.006369
0.0063885
0.00640715
0.006425
0.00644208
0.0064584
0.00647403
0.00648898
0.00650326
0.00651706
0.0059357
0.00596453
0.00599221
0.00601876
0.0060442
0.00606855
0.00609183
0.00611407
0.0061353
0.00615554
0.0061748
0.0061931
0.00621047
0.0062269
0.00624255
0.00625751
0.00627174
0.0062852
0.00629789
0.00630984
0.00573922
0.00576841
0.00579632
0.00582296
0.00584838
0.00587259
0.0058956
0.00591743
0.00593813
0.00595772
0.00597619
0.00599374
0.00601047
0.00602628
0.00604115
0.0060551
0.00606814
0.00608025
0.00609147
0.00610184
0.00556148
0.00558982
0.00561679
0.0056424
0.00566668
0.00568963
0.00571128
0.00573166
0.00575113
0.00576957
0.00578691
0.00580312
0.0058182
0.00583218
0.00584508
0.00585689
0.00586766
0.00587742
0.00588624
0.00536972
0.00539698
0.00542277
0.00544709
0.00547005
0.00549199
0.00551272
0.00553219
0.00555037
0.00556722
0.00558277
0.00559703
0.00561005
0.0056218
0.00563236
0.00564176
0.00565001
0.00565716
0.00513399
0.00516131
0.00518704
0.0052117
0.00523509
0.00525705
0.00527755
0.00529658
0.00531411
0.00533016
0.00534477
0.00535792
0.00536968
0.00538009
0.00538914
0.00539689
0.00540338
0.00540891
0.00490972
0.00493583
0.00496043
0.00498343
0.0050048
0.0050245
0.00504253
0.00505894
0.00507369
0.00508684
0.00509846
0.00510852
0.00511709
0.00512421
0.00513036
0.00513601
0.00514123
0.00466971
0.0046937
0.00471586
0.00473621
0.00475477
0.00477149
0.00478643
0.00479969
0.00481122
0.00482111
0.00482942
0.0048367
0.00484357
0.00484982
0.0048551
0.00485934
0.00439023
0.00441321
0.00443431
0.00445342
0.00447064
0.00448591
0.00449939
0.00451116
0.00452116
0.00453002
0.00453848
0.00454618
0.00455281
0.00455815
0.004562
0.00456429
0.00412321
0.00414337
0.00416152
0.00417782
0.00419243
0.00420526
0.00421656
0.00422711
0.00423685
0.00424524
0.00425188
0.00425663
0.00425939
0.00426005
0.00425765
0.00385433
0.00387258
0.00388881
0.00390295
0.00391557
0.00392724
0.00393724
0.00394523
0.00395099
0.00395444
0.00395554
0.0039534
0.00394784
0.00393932
0.00357578
0.00359232
0.00360647
0.00361931
0.00363072
0.00364015
0.00364723
0.00365185
0.00365387
0.00365293
0.00364798
0.00363979
0.00362852
0.00361417
0.00331504
0.00332797
0.00333902
0.0033478
0.003354
0.00335755
0.00335828
0.00335514
0.00334835
0.00333813
0.00332469
0.00330795
0.00328792
0.0030544
0.00306265
0.00306825
0.00307101
0.00307084
0.00306632
0.00305827
0.00304675
0.00303185
0.0030135
0.00299169
0.00296627
0.00279196
0.00279432
0.00279347
0.00278843
0.00277983
0.00276773
0.00275217
0.00273302
0.00271029
0.00268387
0.00265365
0.00252712
0.00252215
0.00251369
0.00250174
0.00248631
0.00246725
0.00244443
0.00241794
0.00238757
0.00235321
0.00225976
0.00224864
0.0022341
0.00221598
0.00219413
0.0021686
0.00213923
0.00210595
0.0020685
0.00199533
0.00197903
0.00195914
0.0019357
0.00190856
0.00187755
0.00184266
0.00180372
0.00175554
0.00173844
0.00171802
0.00169413
0.00166659
0.00163536
0.0016003
0.00156134
0.00149524
0.00147239
0.00144604
0.00141626
0.00138274
0.0013451
0.00127614
0.00125462
0.00123025
0.00120147
0.00116095
0.00109592
0.00107348
0.00104712
0.00101556
0.00086401
0.0135311
0.0135314
0.0135317
0.013532
0.0135322
0.0135325
0.0135328
0.013533
0.0135333
0.0135335
0.0135338
0.013534
0.0135342
0.0135345
0.0135347
0.0134709
0.0134713
0.0134716
0.0134719
0.0134722
0.0134725
0.0134727
0.013473
0.0134733
0.0134736
0.0134739
0.0134741
0.0134744
0.0134746
0.0134749
0.0133986
0.0133989
0.0133993
0.0133996
0.0133999
0.0134003
0.0134006
0.0134009
0.0134012
0.0134015
0.0134018
0.0134022
0.0134025
0.0134027
0.013403
0.0133239
0.0133242
0.0133246
0.013325
0.0133254
0.0133257
0.0133261
0.0133265
0.0133268
0.0133272
0.0133275
0.0133278
0.0133282
0.0133285
0.0133288
0.0132417
0.0132422
0.0132426
0.013243
0.0132434
0.0132438
0.0132442
0.0132446
0.013245
0.0132454
0.0132458
0.0132461
0.0132465
0.0132469
0.0132472
0.0131509
0.0131514
0.0131518
0.0131523
0.0131527
0.0131532
0.0131536
0.0131541
0.0131545
0.0131549
0.0131554
0.0131558
0.0131562
0.0131566
0.013157
0.0130505
0.013051
0.0130515
0.013052
0.0130525
0.013053
0.0130535
0.013054
0.0130545
0.0130549
0.0130554
0.0130559
0.0130563
0.0130568
0.0130572
0.0129397
0.0129403
0.0129408
0.0129414
0.0129419
0.0129425
0.012943
0.0129435
0.0129441
0.0129446
0.0129451
0.0129456
0.0129462
0.0129467
0.0129472
0.0128179
0.0128185
0.0128191
0.0128197
0.0128203
0.0128209
0.0128215
0.0128221
0.0128227
0.0128233
0.0128238
0.0128244
0.012825
0.0128255
0.0128261
0.0126842
0.0126849
0.0126856
0.0126862
0.0126869
0.0126876
0.0126882
0.0126889
0.0126895
0.0126901
0.0126908
0.0126914
0.012692
0.0126926
0.0126932
0.0125379
0.0125386
0.0125393
0.0125401
0.0125408
0.0125415
0.0125422
0.0125429
0.0125436
0.0125443
0.012545
0.0125457
0.0125464
0.0125471
0.0125477
0.012378
0.0123788
0.0123796
0.0123804
0.0123812
0.012382
0.0123828
0.0123836
0.0123843
0.0123851
0.0123858
0.0123866
0.0123873
0.0123881
0.0123888
0.012204
0.0122048
0.0122057
0.0122066
0.0122074
0.0122083
0.0122091
0.01221
0.0122108
0.0122116
0.0122125
0.0122133
0.0122141
0.0122149
0.0122157
0.012015
0.0120159
0.0120169
0.0120178
0.0120187
0.0120197
0.0120206
0.0120215
0.0120224
0.0120233
0.0120242
0.0120251
0.012026
0.0120269
0.0120278
0.0118106
0.0118117
0.0118127
0.0118137
0.0118147
0.0118157
0.0118167
0.0118177
0.0118187
0.0118197
0.0118207
0.0118216
0.0118226
0.0118235
0.0118245
0.0115907
0.0115918
0.0115929
0.011594
0.0115951
0.0115962
0.0115972
0.0115983
0.0115994
0.0116004
0.0116015
0.0116025
0.0116036
0.0116046
0.0116056
0.0113549
0.0113561
0.0113573
0.0113585
0.0113597
0.0113608
0.011362
0.0113631
0.0113643
0.0113654
0.0113665
0.0113677
0.0113688
0.0113699
0.011371
0.0111037
0.0111049
0.0111062
0.0111075
0.0111087
0.01111
0.0111112
0.0111125
0.0111137
0.0111149
0.0111161
0.0111173
0.0111185
0.0111197
0.0111209
0.0108377
0.010839
0.0108404
0.0108417
0.0108431
0.0108444
0.0108457
0.010847
0.0108483
0.0108496
0.0108509
0.0108522
0.0108535
0.0108548
0.010856
0.0105578
0.0105593
0.0105607
0.0105621
0.0105635
0.0105649
0.0105664
0.0105677
0.0105691
0.0105705
0.0105719
0.0105733
0.0105746
0.010576
0.0105773
0.0102654
0.0102669
0.0102684
0.0102699
0.0102714
0.0102729
0.0102744
0.0102758
0.0102773
0.0102788
0.0102802
0.0102817
0.0102831
0.0102845
0.0102859
0.00996205
0.00996364
0.00996522
0.00996679
0.00996835
0.00996991
0.00997146
0.009973
0.00997453
0.00997606
0.00997758
0.00997909
0.00998059
0.00998209
0.00998359
0.00965023
0.00965188
0.00965352
0.00965516
0.00965678
0.0096584
0.00966001
0.00966161
0.00966321
0.0096648
0.00966638
0.00966795
0.00966952
0.00967108
0.00967264
0.00933267
0.00933437
0.00933607
0.00933775
0.00933943
0.0093411
0.00934277
0.00934442
0.00934607
0.00934771
0.00934935
0.00935097
0.0093526
0.00935421
0.00935582
0.00901241
0.00901415
0.00901589
0.00901762
0.00901934
0.00902105
0.00902276
0.00902445
0.00902614
0.00902783
0.0090295
0.00903117
0.00903284
0.00903449
0.00903614
0.00869296
0.00869474
0.0086965
0.00869826
0.00870001
0.00870175
0.00870348
0.0087052
0.00870692
0.00870863
0.00871034
0.00871204
0.00871373
0.00871541
0.00871709
0.00837789
0.00837967
0.00838145
0.00838322
0.00838498
0.00838674
0.00838849
0.00839023
0.00839196
0.00839368
0.0083954
0.00839711
0.00839882
0.00840052
0.00840221
0.00807066
0.00807245
0.00807423
0.008076
0.00807776
0.00807951
0.00808126
0.008083
0.00808474
0.00808646
0.00808818
0.00808989
0.0080916
0.0080933
0.008095
0.00777447
0.00777624
0.007778
0.00777976
0.00778151
0.00778325
0.00778498
0.00778671
0.00778843
0.00779015
0.00779185
0.00779356
0.00779525
0.00779694
0.00779863
0.00749189
0.00749363
0.00749537
0.0074971
0.00749882
0.00750054
0.00750225
0.00750395
0.00750565
0.00750734
0.00750902
0.0075107
0.00751237
0.00751404
0.0075157
0.00722515
0.00722685
0.00722855
0.00723024
0.00723192
0.0072336
0.00723527
0.00723694
0.0072386
0.00724025
0.0072419
0.00724354
0.00724518
0.00724682
0.00724845
0.00697549
0.00697712
0.00697875
0.00698037
0.00698199
0.0069836
0.00698521
0.00698682
0.00698841
0.00699001
0.0069916
0.00699318
0.00699477
0.00699635
0.00699792
0.00674346
0.00674501
0.00674654
0.00674808
0.00674961
0.00675113
0.00675265
0.00675417
0.00675568
0.00675719
0.0067587
0.0067602
0.0067617
0.0067632
0.00676469
0.00652555
0.00652703
0.0065285
0.00652998
0.00653145
0.00653291
0.00653437
0.00653583
0.00653729
0.00653874
0.00654019
0.00654164
0.00654308
0.00654453
0.00654597
0.00631701
0.00631841
0.00631981
0.00632122
0.00632263
0.00632403
0.00632544
0.00632685
0.00632826
0.00632967
0.00633108
0.00633249
0.0063339
0.00633532
0.00633673
0.00610793
0.0061093
0.00611067
0.00611206
0.00611344
0.00611484
0.00611624
0.00611765
0.00611906
0.00612048
0.00612191
0.00612334
0.00612477
0.00612621
0.00612766
0.00589127
0.0058926
0.00589396
0.00589534
0.00589673
0.00589813
0.00589955
0.00590099
0.00590244
0.0059039
0.00590538
0.00590686
0.00590836
0.00590987
0.00591139
0.00566108
0.0056624
0.00566375
0.00566513
0.00566654
0.00566798
0.00566945
0.00567094
0.00567246
0.005674
0.00567557
0.00567715
0.00567875
0.00568038
0.00568202
0.0054121
0.00541331
0.00541464
0.00541606
0.00541757
0.00541912
0.00542072
0.00542235
0.00542402
0.00542572
0.00542745
0.00542921
0.005431
0.00543282
0.00543466
0.00514418
0.00514542
0.0051468
0.00514832
0.00514997
0.00515172
0.00515354
0.0051554
0.0051573
0.00515925
0.00516124
0.00516326
0.00516532
0.00516741
0.00516954
0.00486147
0.00486252
0.00486381
0.0048653
0.00486698
0.00486882
0.00487081
0.00487289
0.00487503
0.00487723
0.00487949
0.00488179
0.00488414
0.00488653
0.00488897
0.0045647
0.00456524
0.00456614
0.00456738
0.00456891
0.00457069
0.0045727
0.0045749
0.00457727
0.00457972
0.00458224
0.00458483
0.00458749
0.00459021
0.00459299
0.00425331
0.00425328
0.00425375
0.0042547
0.00425608
0.00425782
0.00425988
0.00426223
0.00426482
0.00426757
0.00427042
0.00427337
0.00427641
0.00427952
0.00428272
0.00393026
0.00393003
0.00393011
0.00393087
0.0039322
0.00393403
0.00393629
0.00393892
0.00394186
0.00394498
0.00394823
0.00395161
0.00395508
0.00395866
0.00396233
0.00360019
0.00359974
0.00359962
0.00360019
0.00360151
0.00360349
0.003606
0.00360896
0.0036123
0.00361582
0.0036195
0.00362332
0.00362726
0.00363132
0.00363548
0.00326887
0.00326818
0.00326792
0.00326831
0.00326968
0.00327186
0.00327469
0.00327806
0.00328181
0.00328576
0.0032899
0.00329419
0.00329864
0.00330321
0.0033079
0.00294239
0.00294146
0.00294107
0.0029414
0.00294295
0.00294547
0.00294875
0.00295265
0.00295684
0.00296127
0.00296591
0.00297073
0.00297571
0.00298083
0.00298608
0.00262527
0.00262412
0.00262366
0.00262414
0.00262607
0.00262913
0.00263305
0.00263747
0.00264219
0.00264719
0.00265241
0.00265784
0.00266345
0.0026692
0.00267508
0.00232085
0.00231952
0.00231908
0.00231997
0.00232253
0.00232633
0.00233091
0.0023359
0.00234124
0.00234687
0.00235276
0.00235885
0.00236512
0.00237154
0.00237809
0.00203311
0.00203167
0.00203135
0.00203293
0.00203634
0.00204098
0.00204617
0.00205182
0.00205785
0.00206419
0.00207079
0.00207759
0.00208457
0.00209169
0.00209892
0.00176677
0.00176534
0.00176523
0.00176767
0.00177203
0.00177725
0.00178308
0.0017894
0.00179612
0.00180315
0.00181043
0.00181791
0.00182556
0.00183332
0.00184119
0.00152416
0.00152282
0.00152327
0.00152665
0.00153165
0.00153747
0.00154393
0.0015509
0.00155826
0.00156593
0.00157384
0.00158193
0.00159017
0.00159851
0.00160694
0.00130925
0.00130808
0.00130923
0.00131332
0.00131863
0.0013248
0.00133161
0.00133893
0.00134664
0.00135465
0.00136289
0.00137131
0.00137988
0.00138855
0.0013973
0.00112901
0.00112818
0.00112998
0.00113414
0.00113928
0.00114515
0.00115156
0.00115837
0.00116553
0.00117303
0.00118083
0.00118888
0.00119714
0.00120557
0.00121415
0.000985545
0.000984944
0.000986877
0.000990697
0.000995281
0.00100046
0.00100616
0.00101225
0.00101864
0.00102523
0.00103198
0.00103885
0.00104583
0.00105293
0.00106017
0.000850847
0.000855687
0.00086386
0.000872974
0.000882109
0.000890817
0.000898864
0.000906187
0.000912857
0.000918958
0.000924571
0.00092979
0.000934722
0.000939494
0.000944316
0.000744953
0.000763912
0.000783644
0.000803335
0.000822471
0.000838826
0.000852454
0.000863612
0.000872589
0.000879709
0.000713705
0.000736242
0.000758306
0.000777667
0.013535
0.0135355
0.0135359
0.0135363
0.0135367
0.0134752
0.0134757
0.0134762
0.0134766
0.0134771
0.0134034
0.0134039
0.0134045
0.013405
0.0134056
0.0133292
0.0133299
0.0133305
0.0133311
0.0133317
0.0132477
0.0132484
0.0132491
0.0132498
0.0132505
0.0131575
0.0131583
0.0131591
0.0131599
0.0131607
0.0130578
0.0130587
0.0130596
0.0130605
0.0130614
0.0129478
0.0129488
0.0129499
0.0129509
0.0129519
0.0128268
0.012828
0.0128291
0.0128303
0.0128314
0.012694
0.0126953
0.0126966
0.012698
0.0126992
0.0125486
0.0125501
0.0125516
0.012553
0.0125545
0.0123897
0.0123914
0.0123931
0.0123947
0.0123963
0.0122167
0.0122186
0.0122205
0.0122223
0.0122241
0.0120289
0.012031
0.0120331
0.0120351
0.0120371
0.0118258
0.0118281
0.0118304
0.0118326
0.0118349
0.011607
0.0116096
0.0116121
0.0116146
0.0116171
0.0113726
0.0113754
0.0113782
0.0113809
0.0113837
0.0111226
0.0111257
0.0111288
0.0111318
0.0111348
0.0108579
0.0108613
0.0108646
0.0108679
0.0108712
0.0105793
0.010583
0.0105866
0.0105902
0.0105937
0.0102881
0.0102921
0.010296
0.0102998
0.0103037
0.00998595
0.00999016
0.00999433
0.00999846
0.0100026
0.00967516
0.00967963
0.00968405
0.00968844
0.00969279
0.0093585
0.0093632
0.00936785
0.00937247
0.00937705
0.00903896
0.00904386
0.00904872
0.00905354
0.00905833
0.00872003
0.00872509
0.00873012
0.0087351
0.00874006
0.00840525
0.00841043
0.00841558
0.00842069
0.00842577
0.0080981
0.00810337
0.0081086
0.00811379
0.00811896
0.00780178
0.00780708
0.00781235
0.00781759
0.0078228
0.00751887
0.00752417
0.00752944
0.00753468
0.0075399
0.0072516
0.00725686
0.00726209
0.0072673
0.00727249
0.00700102
0.00700616
0.0070113
0.00701642
0.00702153
0.00676768
0.00677261
0.00677755
0.00678248
0.00678742
0.00654888
0.00655368
0.00655848
0.00656329
0.0065681
0.00633962
0.00634441
0.00634923
0.00635407
0.00635894
0.00613064
0.00613561
0.00614065
0.00614575
0.00615089
0.00591456
0.00591988
0.00592533
0.00593089
0.00593653
0.00568547
0.00569135
0.00569741
0.00570364
0.00571
0.00543857
0.00544524
0.00545218
0.00545934
0.00546667
0.00517408
0.00518182
0.00518989
0.00519823
0.00520679
0.0048942
0.00490317
0.00491257
0.00492231
0.00493234
0.00459899
0.00460936
0.00462032
0.00463175
0.00464357
0.00428962
0.00430167
0.00431449
0.00432789
0.00434175
0.00397024
0.0039841
0.00399885
0.00401425
0.00403014
0.0036444
0.00366007
0.00367676
0.00369419
0.00371214
0.00331786
0.00333541
0.00335412
0.00337362
0.00339367
0.0029971
0.00301658
0.00303733
0.00305892
0.00308105
0.00268722
0.00270876
0.00273168
0.00275545
0.00277974
0.00239138
0.00241503
0.00244016
0.00246612
0.00249256
0.0021133
0.00213906
0.00216638
0.0021945
0.00222303
0.0018565
0.00188415
0.0019135
0.00194367
0.00197417
0.00162298
0.00165233
0.00168351
0.0017155
0.00174777
0.00141365
0.00144415
0.00147674
0.00151024
0.00154405
0.00122995
0.00126047
0.00129348
0.00132768
0.00136239
0.00107345
0.00110158
0.00113319
0.00116673
0.0012014
0.000953714
0.000975084
0.00100044
0.00102921
0.00106082
0.000890015
0.000899323
0.000908501
0.000923113
0.000944268
0.000807799
0.00082413
0.000822414
0.000821444
0.000831335
0.000705266
0.000713183
0.000702775
0.000703825
0.000406718
0.000440248
0.000452145
0.0135378
0.0135397
0.0135418
0.013544
0.0135464
0.0135489
0.0135516
0.0135544
0.0135574
0.0135606
0.0135639
0.0135674
0.0135711
0.0135751
0.0135792
0.0135836
0.0135882
0.013593
0.0135981
0.0136034
0.013609
0.0136148
0.013621
0.0136274
0.0136341
0.013641
0.0136483
0.0136559
0.0136638
0.0136719
0.0136804
0.0136892
0.0136984
0.0137078
0.0137177
0.0137278
0.0137384
0.0137494
0.0137608
0.0137726
0.0137847
0.0137972
0.01381
0.0138232
0.0138367
0.0138506
0.0138651
0.0138809
0.0138984
0.0139182
0.0139404
0.0139654
0.0139929
0.0140251
0.0140672
0.0141088
0.0141362
0.0141301
0.0140859
0.0140339
0.013478
0.0134806
0.0134833
0.0134861
0.0134891
0.0134923
0.0134956
0.0134991
0.0135028
0.0135067
0.0135108
0.0135152
0.0135198
0.0135246
0.0135297
0.013535
0.0135406
0.0135465
0.0135526
0.0135591
0.0135658
0.0135729
0.0135802
0.0135879
0.0135959
0.0136042
0.0136128
0.0136217
0.0136309
0.0136405
0.0136503
0.0136605
0.013671
0.0136817
0.0136927
0.013704
0.0137156
0.0137277
0.0137403
0.0137533
0.0137667
0.0137803
0.0137944
0.0138088
0.0138233
0.0138379
0.0138525
0.0138677
0.013884
0.0139024
0.0139236
0.0139488
0.0139761
0.0140053
0.0140456
0.0140908
0.014128
0.0141341
0.0140956
0.0140388
0.0134068
0.0134099
0.0134131
0.0134166
0.0134203
0.0134241
0.0134282
0.0134326
0.0134372
0.013442
0.0134471
0.0134525
0.0134581
0.0134641
0.0134703
0.0134769
0.0134837
0.0134909
0.0134985
0.0135063
0.0135146
0.0135231
0.013532
0.0135413
0.0135509
0.0135609
0.0135713
0.0135819
0.013593
0.0136043
0.013616
0.013628
0.0136404
0.013653
0.0136659
0.0136792
0.0136927
0.0137065
0.0137205
0.0137349
0.0137496
0.0137645
0.0137799
0.0137958
0.0138119
0.0138276
0.013843
0.0138583
0.013874
0.0138919
0.013912
0.013936
0.0139627
0.0139914
0.0140264
0.0140722
0.0141158
0.0141329
0.0141017
0.0140437
0.0133333
0.0133372
0.0133413
0.0133456
0.0133502
0.013355
0.0133601
0.0133654
0.013371
0.013377
0.0133832
0.0133898
0.0133967
0.013404
0.0134116
0.0134195
0.0134278
0.0134366
0.0134456
0.0134551
0.013465
0.0134752
0.0134859
0.0134969
0.0135083
0.0135201
0.0135322
0.0135447
0.0135576
0.0135707
0.0135842
0.013598
0.0136121
0.0136265
0.0136411
0.013656
0.0136711
0.0136864
0.0137019
0.0137176
0.0137335
0.0137495
0.0137657
0.0137821
0.0137987
0.0138154
0.0138322
0.013849
0.013866
0.0138837
0.0139029
0.0139246
0.0139507
0.0139795
0.0140107
0.0140554
0.014103
0.0141294
0.0141066
0.0140477
0.0132526
0.0132573
0.0132624
0.0132677
0.0132733
0.0132792
0.0132855
0.013292
0.0132989
0.0133062
0.0133138
0.0133219
0.0133303
0.0133391
0.0133483
0.0133579
0.013368
0.0133785
0.0133894
0.0134007
0.0134125
0.0134247
0.0134374
0.0134504
0.0134639
0.0134777
0.013492
0.0135065
0.0135215
0.0135367
0.0135523
0.0135681
0.0135842
0.0136005
0.013617
0.0136337
0.0136505
0.0136675
0.0136845
0.0137017
0.013719
0.0137363
0.0137537
0.0137713
0.0137888
0.0138065
0.0138242
0.0138419
0.0138596
0.0138776
0.0138965
0.0139171
0.0139409
0.0139697
0.013999
0.0140408
0.0140904
0.0141242
0.0141096
0.014051
0.0131633
0.0131691
0.0131753
0.0131818
0.0131887
0.013196
0.0132036
0.0132116
0.0132201
0.0132289
0.0132382
0.013248
0.0132582
0.0132689
0.01328
0.0132917
0.0133038
0.0133164
0.0133294
0.013343
0.013357
0.0133715
0.0133864
0.0134018
0.0134176
0.0134338
0.0134504
0.0134674
0.0134846
0.0135022
0.0135201
0.0135382
0.0135565
0.0135749
0.0135934
0.0136121
0.0136308
0.0136495
0.0136682
0.0136869
0.0137056
0.0137243
0.0137429
0.0137616
0.0137802
0.0137988
0.0138173
0.0138358
0.0138542
0.0138727
0.0138917
0.0139118
0.0139345
0.0139619
0.0139915
0.0140284
0.0140784
0.014118
0.0141113
0.0140533
0.0130646
0.0130717
0.0130793
0.0130872
0.0130956
0.0131045
0.0131138
0.0131236
0.0131338
0.0131446
0.0131559
0.0131677
0.01318
0.0131929
0.0132063
0.0132203
0.0132348
0.0132499
0.0132655
0.0132816
0.0132982
0.0133153
0.0133329
0.013351
0.0133695
0.0133883
0.0134076
0.0134272
0.0134471
0.0134673
0.0134876
0.0135082
0.0135289
0.0135496
0.0135704
0.0135912
0.0136118
0.0136324
0.0136529
0.0136732
0.0136934
0.0137134
0.0137332
0.013753
0.0137726
0.0137921
0.0138114
0.0138307
0.0138498
0.0138688
0.013888
0.013908
0.0139298
0.0139553
0.0139852
0.014018
0.0140677
0.0141113
0.0141119
0.0140549
0.0129558
0.0129644
0.0129735
0.0129832
0.0129934
0.0130041
0.0130154
0.0130273
0.0130397
0.0130527
0.0130663
0.0130806
0.0130954
0.0131109
0.0131269
0.0131436
0.0131609
0.0131788
0.0131973
0.0132164
0.013236
0.0132562
0.0132768
0.0132979
0.0133194
0.0133413
0.0133636
0.0133861
0.0134089
0.0134319
0.0134551
0.0134783
0.0135015
0.0135248
0.0135479
0.0135709
0.0135937
0.0136163
0.0136386
0.0136605
0.0136822
0.0137035
0.0137246
0.0137454
0.013766
0.0137863
0.0138064
0.0138263
0.013846
0.0138655
0.0138851
0.0139051
0.0139264
0.0139506
0.0139797
0.0140096
0.0140582
0.0141044
0.0141118
0.0140559
0.0128361
0.0128465
0.0128575
0.0128692
0.0128815
0.0128944
0.012908
0.0129223
0.0129372
0.0129529
0.0129692
0.0129862
0.013004
0.0130224
0.0130416
0.0130614
0.0130819
0.0131031
0.013125
0.0131474
0.0131705
0.013194
0.0132181
0.0132426
0.0132676
0.0132929
0.0133184
0.0133443
0.0133702
0.0133963
0.0134225
0.0134486
0.0134746
0.0135005
0.0135261
0.0135515
0.0135765
0.0136011
0.0136252
0.0136489
0.013672
0.0136947
0.013717
0.0137388
0.0137603
0.0137814
0.0138022
0.0138227
0.0138429
0.0138629
0.0138828
0.0139029
0.013924
0.0139476
0.0139754
0.0140045
0.0140499
0.0140977
0.014111
0.0140563
0.0127049
0.0127173
0.0127305
0.0127445
0.0127593
0.0127748
0.0127912
0.0128083
0.0128262
0.0128449
0.0128643
0.0128846
0.0129057
0.0129276
0.0129502
0.0129737
0.0129979
0.0130228
0.0130484
0.0130747
0.0131016
0.013129
0.0131569
0.0131853
0.013214
0.0132431
0.0132723
0.0133017
0.0133312
0.0133606
0.01339
0.0134192
0.0134481
0.0134768
0.013505
0.0135328
0.01356
0.0135867
0.0136128
0.0136381
0.0136628
0.0136868
0.0137102
0.0137331
0.0137554
0.0137772
0.0137986
0.0138197
0.0138403
0.0138607
0.0138809
0.0139012
0.0139223
0.0139453
0.013972
0.0140008
0.0140429
0.0140914
0.0141097
0.0140563
0.0125612
0.0125759
0.0125917
0.0126085
0.0126262
0.0126448
0.0126643
0.0126847
0.012706
0.0127282
0.0127513
0.0127754
0.0128003
0.0128261
0.0128528
0.0128804
0.0129087
0.0129378
0.0129677
0.0129983
0.0130295
0.0130612
0.0130934
0.0131261
0.013159
0.0131921
0.0132254
0.0132587
0.0132919
0.0133249
0.0133578
0.0133902
0.0134223
0.0134538
0.0134847
0.013515
0.0135445
0.0135733
0.0136012
0.0136283
0.0136545
0.0136798
0.0137043
0.0137281
0.0137512
0.0137737
0.0137957
0.0138172
0.0138382
0.0138589
0.0138794
0.0138999
0.013921
0.0139437
0.0139698
0.013998
0.0140369
0.0140855
0.0141082
0.0140559
0.0124043
0.0124218
0.0124405
0.0124605
0.0124815
0.0125036
0.0125268
0.012551
0.0125763
0.0126026
0.0126299
0.0126582
0.0126876
0.0127179
0.0127492
0.0127814
0.0128145
0.0128484
0.0128831
0.0129184
0.0129544
0.0129909
0.0130278
0.0130651
0.0131027
0.0131403
0.0131778
0.0132153
0.0132526
0.0132895
0.0133259
0.0133619
0.0133971
0.0134316
0.0134653
0.0134981
0.01353
0.0135608
0.0135906
0.0136194
0.013647
0.0136736
0.0136992
0.0137239
0.0137477
0.0137708
0.0137933
0.0138152
0.0138366
0.0138575
0.0138782
0.0138989
0.01392
0.0139424
0.0139685
0.0139958
0.0140319
0.0140801
0.0141065
0.0140553
0.0122335
0.012254
0.0122762
0.0122998
0.0123248
0.012351
0.0123784
0.012407
0.0124367
0.0124677
0.0124998
0.0125331
0.0125674
0.0126029
0.0126394
0.0126769
0.0127153
0.0127545
0.0127945
0.0128352
0.0128765
0.0129183
0.0129604
0.0130028
0.0130453
0.0130877
0.01313
0.0131719
0.0132134
0.0132544
0.0132947
0.0133342
0.0133728
0.0134104
0.0134468
0.0134822
0.0135164
0.0135493
0.0135809
0.0136113
0.0136403
0.0136682
0.0136948
0.0137202
0.0137447
0.0137684
0.0137913
0.0138136
0.0138352
0.0138564
0.0138773
0.0138981
0.0139192
0.0139414
0.0139675
0.0139938
0.0140277
0.0140753
0.0141047
0.0140546
0.0120481
0.0120721
0.0120982
0.012126
0.0121554
0.0121862
0.0122185
0.0122521
0.012287
0.0123233
0.0123608
0.0123997
0.0124397
0.012481
0.0125233
0.0125667
0.0126111
0.0126563
0.0127023
0.0127489
0.0127961
0.0128436
0.0128914
0.0129393
0.0129872
0.0130348
0.013082
0.0131287
0.0131747
0.0132199
0.0132642
0.0133074
0.0133494
0.0133901
0.0134294
0.0134673
0.0135037
0.0135386
0.0135721
0.013604
0.0136344
0.0136633
0.0136909
0.0137171
0.0137423
0.0137664
0.0137897
0.0138123
0.0138342
0.0138555
0.0138766
0.0138974
0.0139187
0.0139406
0.0139668
0.0139921
0.0140242
0.0140709
0.0141029
0.0140537
0.0118476
0.0118755
0.011906
0.0119386
0.011973
0.0120091
0.0120468
0.0120861
0.0121269
0.0121691
0.0122129
0.012258
0.0123045
0.0123522
0.0124011
0.0124511
0.0125021
0.012554
0.0126066
0.0126598
0.0127134
0.0127672
0.0128212
0.012875
0.0129286
0.0129818
0.0130342
0.0130859
0.0131366
0.0131862
0.0132346
0.0132815
0.013327
0.0133708
0.013413
0.0134534
0.013492
0.0135289
0.013564
0.0135974
0.0136291
0.0136591
0.0136876
0.0137145
0.0137402
0.0137648
0.0137885
0.0138113
0.0138334
0.0138549
0.013876
0.0138969
0.0139183
0.01394
0.0139664
0.013991
0.0140214
0.014067
0.0141012
0.0140527
0.0116316
0.011664
0.0116994
0.0117374
0.0117775
0.0118195
0.0118634
0.011909
0.0119563
0.0120053
0.0120559
0.012108
0.0121617
0.0122166
0.0122729
0.0123303
0.0123886
0.0124478
0.0125077
0.012568
0.0126286
0.0126893
0.0127499
0.0128102
0.0128699
0.0129289
0.0129869
0.0130437
0.0130993
0.0131534
0.0132059
0.0132567
0.0133057
0.0133526
0.0133976
0.0134405
0.0134813
0.01352
0.0135568
0.0135916
0.0136244
0.0136554
0.0136847
0.0137123
0.0137385
0.0137635
0.0137875
0.0138105
0.0138328
0.0138544
0.0138756
0.0138965
0.013918
0.0139394
0.0139661
0.0139903
0.0140192
0.0140636
0.0140995
0.0140517
0.0114002
0.0114373
0.0114783
0.0115222
0.0115687
0.0116173
0.011668
0.0117207
0.0117753
0.0118318
0.01189
0.01195
0.0120115
0.0120745
0.0121389
0.0122044
0.0122708
0.0123381
0.0124058
0.012474
0.0125422
0.0126103
0.012678
0.0127451
0.0128113
0.0128764
0.0129402
0.0130024
0.013063
0.0131217
0.0131785
0.0132331
0.0132855
0.0133356
0.0133833
0.0134286
0.0134714
0.013512
0.0135503
0.0135863
0.0136203
0.0136522
0.0136822
0.0137105
0.0137372
0.0137625
0.0137867
0.01381
0.0138324
0.013854
0.0138753
0.0138962
0.0139178
0.013939
0.0139659
0.0139898
0.0140181
0.0140605
0.0140978
0.0140507
0.0111534
0.0111958
0.0112428
0.0112933
0.0113467
0.0114026
0.0114608
0.0115214
0.0115841
0.0116488
0.0117155
0.0117841
0.0118544
0.0119262
0.0119994
0.0120738
0.0121491
0.0122251
0.0123015
0.0123781
0.0124545
0.0125305
0.0126058
0.0126801
0.0127532
0.0128247
0.0128944
0.0129622
0.0130279
0.0130913
0.0131522
0.0132107
0.0132665
0.0133196
0.0133699
0.0134176
0.0134625
0.0135047
0.0135444
0.0135817
0.0136167
0.0136494
0.0136801
0.0137089
0.013736
0.0137617
0.0137861
0.0138095
0.013832
0.0138537
0.013875
0.013896
0.0139177
0.0139386
0.0139658
0.0139895
0.0140173
0.0140578
0.0140961
0.0140497
0.0108919
0.0109399
0.0109935
0.0110512
0.0111121
0.0111759
0.0112424
0.0113114
0.0113829
0.0114567
0.0115327
0.0116107
0.0116906
0.0117721
0.0118549
0.0119389
0.0120238
0.0121093
0.012195
0.0122807
0.0123658
0.0124503
0.0125336
0.0126155
0.0126957
0.0127738
0.0128497
0.0129232
0.012994
0.0130621
0.0131273
0.0131895
0.0132486
0.0133047
0.0133576
0.0134075
0.0134543
0.0134981
0.0135392
0.0135776
0.0136135
0.013647
0.0136783
0.0137076
0.0137351
0.013761
0.0137857
0.0138092
0.0138318
0.0138536
0.0138749
0.0138958
0.0139177
0.0139382
0.0139657
0.0139893
0.0140167
0.0140554
0.0140943
0.0140487
0.0106166
0.0106706
0.0107312
0.0107966
0.0108657
0.010938
0.0110134
0.0110916
0.0111726
0.0112562
0.0113422
0.0114305
0.0115207
0.0116126
0.011706
0.0118004
0.0118956
0.0119913
0.012087
0.0121822
0.0122767
0.0123701
0.0124619
0.0125517
0.0126392
0.0127242
0.0128064
0.0128856
0.0129616
0.0130344
0.0131037
0.0131696
0.013232
0.0132909
0.0133463
0.0133983
0.0134469
0.0134922
0.0135345
0.013574
0.0136107
0.0136449
0.0136768
0.0137065
0.0137343
0.0137605
0.0137853
0.013809
0.0138317
0.0138535
0.0138748
0.0138957
0.0139177
0.0139379
0.0139657
0.0139891
0.0140162
0.0140533
0.0140926
0.0140477
0.0103286
0.0103888
0.010457
0.0105305
0.0106082
0.0106897
0.0107746
0.0108627
0.0109538
0.0110479
0.0111447
0.0112439
0.0113453
0.0114485
0.0115531
0.0116588
0.0117651
0.0118716
0.0119778
0.0120833
0.0121876
0.0122903
0.0123909
0.0124889
0.012584
0.012676
0.0127646
0.0128495
0.0129308
0.0130081
0.0130815
0.013151
0.0132165
0.0132781
0.0133359
0.0133898
0.0134401
0.0134869
0.0135304
0.0135707
0.0136083
0.0136431
0.0136755
0.0137056
0.0137337
0.0137601
0.0137851
0.0138088
0.0138316
0.0138534
0.0138747
0.0138956
0.0139177
0.0139376
0.0139657
0.013989
0.0140158
0.0140514
0.0140908
0.0140468
0.0100294
0.0100962
0.0101721
0.0102542
0.0103411
0.0104321
0.010527
0.0106255
0.0107275
0.0108328
0.0109411
0.0110521
0.0111653
0.0112806
0.0113971
0.0115147
0.0116328
0.0117508
0.0118682
0.0119844
0.012099
0.0122114
0.012321
0.0124274
0.0125303
0.0126294
0.0127244
0.0128151
0.0129015
0.0129833
0.0130607
0.0131336
0.0132022
0.0132663
0.0133263
0.0133822
0.013434
0.0134821
0.0135267
0.0135679
0.0136061
0.0136415
0.0136744
0.0137049
0.0137332
0.0137598
0.0137849
0.0138087
0.0138316
0.0138534
0.0138747
0.0138955
0.0139178
0.0139374
0.0139651
0.0139881
0.0140154
0.0140497
0.0140891
0.014046
0.00972144
0.00979464
0.00987852
0.00996936
0.0100656
0.0101666
0.0102719
0.0103814
0.0104948
0.0106118
0.0107323
0.0108557
0.0109816
0.0111095
0.0112388
0.011369
0.0114994
0.0116296
0.0117587
0.0118861
0.0120113
0.0121337
0.0122526
0.0123676
0.0124784
0.0125846
0.012686
0.0127824
0.0128738
0.0129601
0.0130413
0.0131175
0.0131889
0.0132555
0.0133176
0.0133752
0.0134285
0.0134778
0.0135233
0.0135654
0.0136042
0.0136402
0.0136734
0.0137042
0.0137328
0.0137595
0.0137847
0.0138087
0.0138316
0.0138534
0.0138747
0.0138954
0.0139179
0.0139372
0.0139644
0.0139872
0.0140149
0.0140482
0.0140875
0.0140452
0.00940724
0.0094868
0.00957859
0.00967822
0.0097839
0.00989493
0.010011
0.0101317
0.0102569
0.0103862
0.0105193
0.0106558
0.010795
0.0109363
0.011079
0.0112224
0.0113659
0.0115086
0.0116499
0.0117889
0.011925
0.0120576
0.012186
0.0123097
0.0124283
0.0125417
0.0126494
0.0127514
0.0128477
0.0129383
0.0130232
0.0131026
0.0131767
0.0132456
0.0133096
0.0133688
0.0134235
0.013474
0.0135204
0.0135631
0.0136026
0.013639
0.0136726
0.0137037
0.0137325
0.0137594
0.0137847
0.0138086
0.0138316
0.0138534
0.0138748
0.0138954
0.0139179
0.013937
0.0139635
0.0139862
0.0140143
0.0140467
0.0140859
0.0140445
0.00908974
0.00917539
0.00927486
0.00938312
0.00949816
0.00961923
0.009746
0.00987821
0.0100155
0.0101574
0.0103036
0.0104536
0.0106066
0.0107619
0.0109185
0.0110758
0.0112327
0.0113886
0.0115424
0.0116933
0.0118407
0.0119835
0.0121215
0.0122539
0.0123804
0.0125008
0.0126147
0.0127222
0.0128233
0.0129179
0.0130064
0.0130888
0.0131654
0.0132365
0.0133023
0.013363
0.013419
0.0134705
0.0135178
0.0135612
0.0136011
0.0136379
0.0136719
0.0137033
0.0137322
0.0137592
0.0137846
0.0138086
0.0138317
0.0138535
0.0138748
0.0138953
0.013918
0.0139369
0.0139627
0.0139852
0.0140138
0.0140454
0.0140844
0.0140438
0.00877232
0.00886362
0.00897034
0.00908677
0.00921085
0.00934176
0.00947915
0.00962275
0.00977223
0.00992702
0.0100867
0.0102505
0.0104177
0.0105874
0.0107585
0.01093
0.0111009
0.0112702
0.0114369
0.0115999
0.0117584
0.0119118
0.0120593
0.0122004
0.0123347
0.012462
0.012582
0.0126948
0.0128004
0.012899
0.0129908
0.013076
0.0131551
0.0132282
0.0132956
0.0133578
0.0134149
0.0134674
0.0135154
0.0135594
0.0135998
0.013637
0.0136713
0.0137029
0.013732
0.0137591
0.0137846
0.0138087
0.0138317
0.0138535
0.0138749
0.0138953
0.0139181
0.0139368
0.0139619
0.0139842
0.0140134
0.0140442
0.014083
0.0140432
0.0084585
0.00855489
0.00866825
0.00879222
0.00892469
0.00906495
0.00921266
0.00936747
0.00952902
0.00969666
0.00986985
0.0100478
0.0102295
0.010414
0.0105998
0.0107858
0.010971
0.011154
0.0113337
0.0115089
0.0116788
0.0118427
0.0119997
0.0121494
0.0122913
0.0124253
0.0125513
0.0126691
0.0127791
0.0128815
0.0129764
0.0130643
0.0131456
0.0132205
0.0132896
0.0133531
0.0134113
0.0134646
0.0135133
0.0135579
0.0135987
0.0136363
0.0136708
0.0137026
0.0137319
0.0137591
0.0137846
0.0138087
0.0138318
0.0138536
0.0138749
0.0138953
0.0139181
0.0139368
0.0139612
0.0139833
0.0140133
0.0140431
0.0140817
0.0140426
0.00815177
0.00825261
0.00837184
0.00850258
0.00864267
0.0087915
0.00894884
0.00911443
0.00928775
0.00946806
0.00965475
0.00984688
0.0100433
0.0102426
0.0104434
0.0106442
0.0108438
0.0110407
0.0112334
0.0114209
0.0116022
0.0117764
0.0119429
0.0121009
0.0122503
0.0123908
0.0125224
0.0126452
0.0127593
0.0128652
0.0129631
0.0130536
0.0131369
0.0132136
0.0132841
0.0133487
0.0134079
0.013462
0.0135114
0.0135565
0.0135977
0.0136356
0.0136703
0.0137023
0.0137317
0.013759
0.0137846
0.0138087
0.0138318
0.0138537
0.013875
0.0138953
0.0139181
0.0139367
0.0139604
0.0139824
0.0140132
0.014042
0.0140804
0.0140421
0.00785535
0.00795997
0.00808426
0.00822085
0.00836766
0.0085242
0.00869034
0.00886587
0.00905042
0.00924301
0.00944294
0.00964912
0.00986014
0.0100744
0.0102902
0.010506
0.0107201
0.0109307
0.0111365
0.0113363
0.0115288
0.0117133
0.0118888
0.0120551
0.0122117
0.0123584
0.0124955
0.0126229
0.012741
0.0128502
0.0129509
0.0130437
0.013129
0.0132073
0.0132791
0.0133448
0.0134049
0.0134598
0.0135097
0.0135553
0.0135968
0.013635
0.01367
0.0137021
0.0137316
0.013759
0.0137846
0.0138088
0.0138319
0.0138537
0.013875
0.0138953
0.0139181
0.0139367
0.0139597
0.0139816
0.0140129
0.0140411
0.0140793
0.0140416
0.00757185
0.00767973
0.00780832
0.00794987
0.00810243
0.00826567
0.00843962
0.00862418
0.00881904
0.00902328
0.00923598
0.00945589
0.00968142
0.00991047
0.0101413
0.0103719
0.0106004
0.0108247
0.0110435
0.0112553
0.0114588
0.0116532
0.0118378
0.0120119
0.0121754
0.0123282
0.0124703
0.0126022
0.012724
0.0128363
0.0129397
0.0130346
0.0131217
0.0132015
0.0132745
0.0133413
0.0134022
0.0134577
0.0135082
0.0135542
0.0135961
0.0136344
0.0136696
0.0137019
0.0137315
0.013759
0.0137846
0.0138088
0.013832
0.0138538
0.0138751
0.0138953
0.013918
0.0139367
0.013959
0.0139807
0.0140125
0.0140402
0.0140782
0.0140411
0.00730298
0.007414
0.0075463
0.00769205
0.00784945
0.00801837
0.00819903
0.00839153
0.00859567
0.00881062
0.00903537
0.00926845
0.009508
0.00975163
0.00999732
0.0102426
0.0104852
0.0107231
0.0109546
0.0111781
0.0113924
0.0115965
0.0117896
0.0119713
0.0121414
0.0122999
0.012447
0.012583
0.0127083
0.0128236
0.0129294
0.0130263
0.0131151
0.0131963
0.0132704
0.0133381
0.0133998
0.0134559
0.0135069
0.0135532
0.0135954
0.013634
0.0136693
0.0137017
0.0137315
0.013759
0.0137847
0.0138089
0.013832
0.0138539
0.0138752
0.0138953
0.0139179
0.0139368
0.0139583
0.0139799
0.0140122
0.0140394
0.0140772
0.0140407
0.00705027
0.00716419
0.00729979
0.00744924
0.00761077
0.00778443
0.00797068
0.00816991
0.00838211
0.00860668
0.00884259
0.0090881
0.00934103
0.00959883
0.00985897
0.0101185
0.0103749
0.0106261
0.0108701
0.011105
0.0113297
0.0115431
0.0117444
0.0119334
0.0121098
0.0122737
0.0124254
0.0125653
0.0126939
0.0128119
0.0129199
0.0130188
0.0131091
0.0131915
0.0132667
0.0133352
0.0133975
0.0134542
0.0135056
0.0135523
0.0135948
0.0136335
0.0136691
0.0137016
0.0137314
0.013759
0.0137847
0.0138089
0.0138321
0.0138539
0.0138752
0.0138953
0.0139178
0.0139368
0.0139577
0.0139792
0.0140118
0.0140386
0.0140762
0.0140403
0.00681386
0.00693088
0.00706951
0.00722253
0.00738784
0.00756554
0.00775636
0.00796113
0.00818003
0.00841296
0.00865889
0.00891592
0.00918135
0.00945269
0.00972667
0.01
0.01027
0.0105341
0.01079
0.011036
0.0112706
0.0114929
0.0117021
0.011898
0.0120803
0.0122493
0.0124054
0.0125489
0.0126806
0.0128011
0.0129113
0.0130118
0.0131036
0.0131871
0.0132633
0.0133326
0.0133955
0.0134527
0.0135045
0.0135515
0.0135942
0.0136332
0.0136688
0.0137015
0.0137314
0.013759
0.0137847
0.013809
0.0138321
0.013854
0.0138753
0.0138953
0.0139177
0.0139368
0.0139571
0.0139785
0.0140114
0.0140379
0.0140754
0.01404
0.00659261
0.00671408
0.0068553
0.0070122
0.00718145
0.00736284
0.0075574
0.00776639
0.00799074
0.00823064
0.00848525
0.0087526
0.00902977
0.00931385
0.00960098
0.00988769
0.0101707
0.0104471
0.0107145
0.0109711
0.0112152
0.011446
0.0116627
0.011865
0.012053
0.0122268
0.0123869
0.0125338
0.0126684
0.0127913
0.0129034
0.0130055
0.0130985
0.0131832
0.0132602
0.0133302
0.0133937
0.0134513
0.0135035
0.0135508
0.0135937
0.0136328
0.0136686
0.0137014
0.0137313
0.013759
0.0137848
0.013809
0.0138322
0.0138541
0.0138753
0.0138953
0.0139176
0.0139369
0.0139565
0.0139779
0.014011
0.0140373
0.0140746
0.0140397
0.0063825
0.00651154
0.00665604
0.0068177
0.00699166
0.00717697
0.00737479
0.00758705
0.00781541
0.00806071
0.00832255
0.0085989
0.00888673
0.00918255
0.00948222
0.00978163
0.010077
0.0103653
0.0106437
0.0109102
0.0111634
0.0114022
0.011626
0.0118345
0.0120277
0.012206
0.0123698
0.01252
0.0126572
0.0127823
0.0128962
0.0129998
0.013094
0.0131796
0.0132574
0.013328
0.0133921
0.0134501
0.0135027
0.0135502
0.0135933
0.0136326
0.0136685
0.0137013
0.0137313
0.013759
0.0137848
0.0138091
0.0138323
0.0138541
0.0138754
0.0138953
0.0139175
0.0139369
0.013956
0.0139773
0.0140107
0.0140367
0.0140738
0.0140394
0.00617453
0.00631675
0.0064696
0.00663777
0.00681783
0.0070078
0.00720879
0.00742349
0.00765455
0.00790369
0.00817107
0.00845507
0.00875245
0.00905918
0.00937057
0.00968195
0.00998913
0.0102885
0.0105774
0.0108534
0.0111152
0.0113616
0.011592
0.0118062
0.0120043
0.0121868
0.0123542
0.0125073
0.0126469
0.012774
0.0128896
0.0129945
0.0130898
0.0131763
0.0132548
0.0133261
0.0133906
0.013449
0.0135019
0.0135496
0.0135929
0.0136323
0.0136683
0.0137012
0.0137313
0.013759
0.0137848
0.0138091
0.0138323
0.0138542
0.0138754
0.0138954
0.0139174
0.0139369
0.0139555
0.0139767
0.0140104
0.0140362
0.0140732
0.0140392
0.00596114
0.00612365
0.00629207
0.00647057
0.00665876
0.0068547
0.00705919
0.00727579
0.0075084
0.00775995
0.00803144
0.00832157
0.00862727
0.00894386
0.00926609
0.00958866
0.00990691
0.0102169
0.0105156
0.0108006
0.0110704
0.0113239
0.0115605
0.01178
0.0119828
0.0121691
0.0123398
0.0124956
0.0126375
0.0127665
0.0128835
0.0129898
0.0130861
0.0131734
0.0132525
0.0133243
0.0133893
0.013448
0.0135011
0.0135491
0.0135926
0.0136321
0.0136682
0.0137012
0.0137313
0.0137591
0.0137849
0.0138092
0.0138324
0.0138542
0.0138755
0.0138954
0.0139173
0.013937
0.0139551
0.0139762
0.0140101
0.0140357
0.0140726
0.0140389
0.00573635
0.00592665
0.00611812
0.00631366
0.00651278
0.00671656
0.00692535
0.00714361
0.0073768
0.00762941
0.00790341
0.00819844
0.0085112
0.00883658
0.00916872
0.00950169
0.00983029
0.0101502
0.0104581
0.0107515
0.0110288
0.011289
0.0115314
0.0117559
0.0119629
0.0121529
0.0123266
0.0124849
0.0126289
0.0127596
0.0128781
0.0129854
0.0130826
0.0131707
0.0132504
0.0133227
0.013388
0.0134471
0.0135005
0.0135487
0.0135922
0.0136319
0.013668
0.0137011
0.0137313
0.0137591
0.0137849
0.0138092
0.0138324
0.0138543
0.0138755
0.0138954
0.0139172
0.013937
0.0139546
0.0139758
0.0140098
0.0140352
0.014072
0.0140387
0.0054957
0.00572141
0.0059429
0.0061636
0.00637799
0.00659196
0.00680625
0.00702627
0.00725929
0.00751161
0.00778697
0.00808554
0.00840413
0.00873721
0.00907834
0.00942089
0.00975912
0.0100883
0.0104048
0.0107061
0.0109904
0.0112567
0.0115045
0.0117338
0.0119447
0.012138
0.0123145
0.0124752
0.0126211
0.0127533
0.0128731
0.0129814
0.0130795
0.0131682
0.0132486
0.0133212
0.0133869
0.0134463
0.0134999
0.0135482
0.013592
0.0136317
0.0136679
0.0137011
0.0137313
0.0137591
0.0137849
0.0138093
0.0138324
0.0138543
0.0138755
0.0138954
0.0139171
0.0139371
0.0139543
0.0139753
0.0140095
0.0140348
0.0140715
0.0140385
0.00523899
0.00550557
0.00576283
0.00601676
0.00625232
0.00647957
0.00670086
0.00692287
0.0071552
0.00740626
0.00768175
0.00798256
0.00830577
0.00864551
0.00899471
0.00934605
0.00969319
0.0100309
0.0103555
0.0106641
0.010955
0.0112271
0.0114799
0.0117134
0.011928
0.0121244
0.0123034
0.0124662
0.0126139
0.0127476
0.0128685
0.0129779
0.0130767
0.013166
0.0132468
0.0133199
0.013386
0.0134456
0.0134994
0.0135479
0.0135917
0.0136315
0.0136678
0.013701
0.0137313
0.0137591
0.013785
0.0138093
0.0138325
0.0138544
0.0138756
0.0138954
0.0139171
0.0139371
0.0139539
0.0139749
0.0140092
0.0140344
0.014071
0.0140384
0.00496803
0.00527897
0.00557636
0.00587035
0.00613385
0.00637768
0.00660784
0.00683245
0.00706374
0.00731279
0.0075872
0.00788905
0.00821576
0.00856116
0.00891757
0.00927692
0.00963228
0.00997798
0.01031
0.0106254
0.0109223
0.0111998
0.0114572
0.0116947
0.0119127
0.0121119
0.0122933
0.0124581
0.0126074
0.0127424
0.0128644
0.0129746
0.0130741
0.013164
0.0132453
0.0133187
0.0133851
0.0134449
0.0134989
0.0135475
0.0135915
0.0136314
0.0136678
0.013701
0.0137313
0.0137591
0.013785
0.0138093
0.0138325
0.0138544
0.0138756
0.0138955
0.0139171
0.013937
0.0139536
0.0139746
0.014009
0.0140341
0.0140706
0.0140382
0.00468322
0.00504301
0.00538435
0.0057226
0.00602018
0.00628435
0.00652528
0.0067535
0.00698397
0.00723029
0.00750265
0.00780447
0.00813367
0.00848381
0.0088466
0.00921323
0.00957614
0.00992919
0.0102681
0.0105898
0.0108923
0.0111747
0.0114364
0.0116776
0.0118987
0.0121005
0.0122841
0.0124507
0.0126014
0.0127376
0.0128606
0.0129716
0.0130718
0.0131622
0.0132439
0.0133176
0.0133843
0.0134443
0.0134985
0.0135472
0.0135913
0.0136312
0.0136677
0.0137009
0.0137313
0.0137591
0.013785
0.0138094
0.0138325
0.0138544
0.0138756
0.0138955
0.0139171
0.0139369
0.0139533
0.0139742
0.0140087
0.0140338
0.0140702
0.0140381
0.00438542
0.0047995
0.00518921
0.00557324
0.00590959
0.00619786
0.00645194
0.00668495
0.00691475
0.00715784
0.00742733
0.00772822
0.00805902
0.00841306
0.00878147
0.00915468
0.0095245
0.00988432
0.0102296
0.0105571
0.0108648
0.0111517
0.0114174
0.0116619
0.0118859
0.0120901
0.0122757
0.0124439
0.012596
0.0127333
0.0128572
0.0129689
0.0130697
0.0131606
0.0132426
0.0133167
0.0133835
0.0134438
0.0134981
0.013547
0.0135911
0.0136311
0.0136676
0.0137009
0.0137313
0.0137591
0.013785
0.0138094
0.0138326
0.0138545
0.0138757
0.0138955
0.0139171
0.0139368
0.013953
0.0139739
0.0140085
0.0140335
0.0140698
0.0140379
0.00407705
0.00454981
0.00499265
0.00542278
0.00579998
0.00611638
0.00638666
0.00662557
0.00685497
0.00709448
0.00736047
0.00765968
0.0079913
0.00834848
0.00872181
0.00910095
0.00947708
0.00984313
0.0101942
0.0105271
0.0108396
0.0111307
0.0114
0.0116476
0.0118742
0.0120806
0.012268
0.0124377
0.0125911
0.0127294
0.0128541
0.0129665
0.0130678
0.0131591
0.0132415
0.0133158
0.0133829
0.0134433
0.0134977
0.0135467
0.0135909
0.013631
0.0136676
0.0137009
0.0137313
0.0137592
0.0137851
0.0138094
0.0138326
0.0138545
0.0138757
0.0138955
0.0139171
0.0139367
0.0139527
0.0139737
0.0140083
0.0140332
0.0140695
0.0140378
0.00376172
0.00429567
0.00479612
0.00527226
0.00569156
0.00603893
0.00632827
0.00657414
0.00680354
0.00703926
0.00730129
0.00759821
0.00792999
0.00828966
0.00866727
0.00905174
0.00943363
0.00980537
0.0101619
0.0104996
0.0108165
0.0111114
0.011384
0.0116345
0.0118635
0.012072
0.0122611
0.0124321
0.0125866
0.0127259
0.0128513
0.0129643
0.013066
0.0131577
0.0132404
0.013315
0.0133823
0.0134429
0.0134974
0.0135465
0.0135908
0.0136309
0.0136675
0.0137009
0.0137313
0.0137592
0.0137851
0.0138094
0.0138326
0.0138545
0.0138757
0.0138955
0.0139171
0.0139366
0.0139525
0.0139734
0.0140081
0.014033
0.0140692
0.0140378
0.00344542
0.00403995
0.00460179
0.00512492
0.00558545
0.00596545
0.00627569
0.00652956
0.00675941
0.00699127
0.00724901
0.00754318
0.00787458
0.00823616
0.00861749
0.00900675
0.00939386
0.00977082
0.0101322
0.0104745
0.0107954
0.0110939
0.0113695
0.0116226
0.0118538
0.0120641
0.0122547
0.012427
0.0125825
0.0127226
0.0128488
0.0129623
0.0130645
0.0131565
0.0132395
0.0133143
0.0133817
0.0134425
0.0134971
0.0135463
0.0135907
0.0136308
0.0136675
0.0137008
0.0137313
0.0137592
0.0137851
0.0138095
0.0138326
0.0138545
0.0138757
0.0138955
0.0139172
0.0139366
0.0139523
0.0139732
0.014008
0.0140327
0.0140689
0.0140377
0.00313457
0.0037889
0.0044113
0.0049811
0.00548195
0.0058956
0.00622799
0.00649082
0.00672162
0.00694963
0.0072029
0.00749398
0.00782456
0.00818757
0.00857211
0.00896565
0.00935751
0.00973923
0.0101052
0.0104515
0.0107761
0.0110778
0.0113563
0.0116117
0.0118449
0.0120569
0.0122489
0.0124224
0.0125788
0.0127197
0.0128464
0.0129604
0.013063
0.0131554
0.0132386
0.0133136
0.0133812
0.0134421
0.0134969
0.0135461
0.0135905
0.0136308
0.0136674
0.0137008
0.0137313
0.0137592
0.0137851
0.0138095
0.0138326
0.0138546
0.0138757
0.0138956
0.0139172
0.0139365
0.0139521
0.013973
0.0140078
0.0140325
0.0140687
0.0140376
0.00283494
0.00354855
0.00422628
0.00484187
0.00538228
0.00582918
0.00618441
0.00645701
0.00668929
0.00691356
0.00716228
0.00745004
0.00777947
0.00814349
0.00853079
0.00892816
0.00932433
0.00971039
0.0100804
0.0104306
0.0107586
0.0110632
0.0113442
0.0116019
0.0118369
0.0120504
0.0122437
0.0124182
0.0125755
0.012717
0.0128443
0.0129588
0.0130617
0.0131544
0.0132378
0.013313
0.0133808
0.0134418
0.0134966
0.013546
0.0135904
0.0136307
0.0136674
0.0137008
0.0137313
0.0137592
0.0137851
0.0138095
0.0138327
0.0138546
0.0138758
0.0138956
0.0139171
0.0139364
0.0139519
0.0139728
0.0140077
0.0140324
0.0140685
0.0140376
0.00254919
0.00331896
0.00404839
0.00470763
0.00528688
0.00576606
0.00614433
0.00642735
0.00666166
0.00688232
0.0071265
0.00741081
0.00773883
0.00810353
0.00849321
0.00889401
0.00929407
0.00968408
0.0100579
0.0104115
0.0107426
0.0110499
0.0113332
0.0115929
0.0118296
0.0120445
0.0122389
0.0124144
0.0125725
0.0127146
0.0128424
0.0129573
0.0130606
0.0131535
0.0132371
0.0133125
0.0133804
0.0134415
0.0134964
0.0135458
0.0135903
0.0136306
0.0136673
0.0137008
0.0137313
0.0137592
0.0137851
0.0138095
0.0138327
0.0138546
0.0138758
0.0138956
0.0139171
0.0139364
0.0139517
0.0139726
0.0140075
0.0140322
0.0140683
0.0140376
0.00228088
0.0031011
0.00387858
0.00457964
0.00519602
0.00570613
0.00610724
0.00640115
0.00663803
0.00685529
0.007095
0.00737581
0.00770225
0.00806735
0.00845905
0.00886292
0.0092665
0.00966011
0.0100374
0.0103941
0.010728
0.0110378
0.0113232
0.0115847
0.0118229
0.0120391
0.0122346
0.0124109
0.0125697
0.0127124
0.0128407
0.0129559
0.0130595
0.0131527
0.0132365
0.013312
0.01338
0.0134412
0.0134962
0.0135457
0.0135903
0.0136306
0.0136673
0.0137008
0.0137313
0.0137592
0.0137852
0.0138095
0.0138327
0.0138546
0.0138758
0.0138956
0.0139171
0.0139363
0.0139516
0.0139724
0.0140074
0.0140321
0.0140681
0.0140376
0.00203304
0.00289656
0.00371759
0.00445854
0.00510985
0.00564933
0.00607278
0.00637784
0.00661779
0.00683187
0.00706726
0.00734459
0.00766932
0.0080346
0.00842804
0.00883464
0.00924141
0.00963829
0.0100187
0.0103783
0.0107147
0.0110268
0.0113142
0.0115773
0.0118169
0.0120342
0.0122307
0.0124078
0.0125672
0.0127105
0.0128391
0.0129547
0.0130586
0.0131519
0.0132359
0.0133116
0.0133797
0.013441
0.0134961
0.0135456
0.0135902
0.0136305
0.0136673
0.0137008
0.0137313
0.0137592
0.0137852
0.0138095
0.0138327
0.0138546
0.0138758
0.0138956
0.013917
0.0139363
0.0139514
0.0139723
0.0140073
0.0140319
0.0140679
0.0140376
0.00180742
0.00270655
0.00356729
0.00434473
0.00502847
0.00559563
0.00604063
0.00635695
0.00660041
0.00681159
0.00704282
0.00731673
0.00763968
0.00800497
0.00839989
0.00880893
0.00921859
0.00961844
0.0100017
0.0103639
0.0107027
0.0110168
0.0113059
0.0115705
0.0118114
0.0120298
0.0122271
0.0124049
0.0125649
0.0127087
0.0128377
0.0129536
0.0130577
0.0131513
0.0132354
0.0133112
0.0133794
0.0134408
0.0134959
0.0135455
0.0135901
0.0136305
0.0136673
0.0137008
0.0137313
0.0137592
0.0137852
0.0138096
0.0138327
0.0138547
0.0138758
0.0138956
0.013917
0.0139362
0.0139513
0.0139721
0.0140072
0.0140318
0.0140678
0.0140376
0.00160417
0.00253166
0.00342795
0.00423838
0.00495193
0.00554499
0.00601058
0.00633811
0.00658541
0.00679399
0.00702128
0.00729187
0.00761302
0.00797818
0.00837437
0.00878559
0.00919784
0.0096004
0.0099862
0.0103508
0.0106917
0.0110077
0.0112984
0.0115644
0.0118064
0.0120257
0.0122239
0.0124024
0.0125629
0.012707
0.0128365
0.0129526
0.0130569
0.0131506
0.013235
0.0133108
0.0133791
0.0134406
0.0134958
0.0135454
0.01359
0.0136304
0.0136672
0.0137008
0.0137313
0.0137592
0.0137852
0.0138096
0.0138327
0.0138547
0.0138758
0.0138956
0.013917
0.0139362
0.0139512
0.013972
0.0140071
0.0140317
0.0140677
0.0140375
0.00142228
0.00237247
0.00329946
0.00413949
0.00488024
0.00549736
0.00598244
0.00632103
0.00657237
0.00677871
0.00700227
0.00726968
0.00758904
0.00795396
0.00835123
0.00876439
0.009179
0.009584
0.00997215
0.0103389
0.0106817
0.0109994
0.0112916
0.0115588
0.0118019
0.0120221
0.0122209
0.0124
0.012561
0.0127056
0.0128353
0.0129517
0.0130562
0.0131501
0.0132345
0.0133105
0.0133789
0.0134404
0.0134956
0.0135453
0.01359
0.0136304
0.0136672
0.0137008
0.0137313
0.0137593
0.0137852
0.0138096
0.0138327
0.0138547
0.0138758
0.0138956
0.0139169
0.0139361
0.0139511
0.0139719
0.014007
0.0140316
0.0140675
0.0140375
0.00126021
0.00222829
0.00318152
0.00404792
0.00481332
0.00545272
0.00595605
0.00630547
0.00656092
0.00676543
0.00698548
0.00724986
0.00756746
0.00793207
0.00833026
0.00874516
0.00916189
0.00956911
0.0099594
0.0103281
0.0106727
0.0109919
0.0112854
0.0115538
0.0117978
0.0120188
0.0122183
0.0123979
0.0125593
0.0127042
0.0128342
0.0129509
0.0130556
0.0131496
0.0132342
0.0133102
0.0133787
0.0134402
0.0134955
0.0135452
0.0135899
0.0136304
0.0136672
0.0137007
0.0137313
0.0137593
0.0137852
0.0138096
0.0138327
0.0138547
0.0138758
0.0138956
0.0139169
0.0139361
0.013951
0.0139718
0.014007
0.0140315
0.0140674
0.0140375
0.00111496
0.0020983
0.00307366
0.0039634
0.00475108
0.005411
0.00593132
0.00629126
0.00655079
0.00675385
0.00697063
0.00723215
0.00754804
0.0079123
0.00831127
0.00872773
0.00914636
0.0095556
0.00994782
0.0103183
0.0106645
0.0109851
0.0112799
0.0115492
0.0117941
0.0120158
0.0122159
0.012396
0.0125578
0.012703
0.0128333
0.0129501
0.013055
0.0131491
0.0132338
0.01331
0.0133785
0.0134401
0.0134954
0.0135451
0.0135899
0.0136303
0.0136672
0.0137007
0.0137313
0.0137593
0.0137852
0.0138096
0.0138328
0.0138547
0.0138758
0.0138956
0.0139169
0.0139361
0.0139509
0.0139717
0.0140069
0.0140314
0.0140673
0.0140375
0.000986985
0.00198188
0.0029753
0.00388562
0.00469334
0.00537213
0.00590813
0.00627826
0.00654171
0.00674376
0.00695749
0.00721631
0.00753056
0.00789444
0.00829407
0.00871192
0.00913228
0.00954334
0.00993732
0.0103094
0.0106571
0.0109789
0.0112748
0.0115451
0.0117907
0.0120131
0.0122137
0.0123942
0.0125564
0.0127019
0.0128324
0.0129495
0.0130545
0.0131487
0.0132335
0.0133097
0.0133783
0.01344
0.0134953
0.0135451
0.0135898
0.0136303
0.0136672
0.0137007
0.0137313
0.0137593
0.0137852
0.0138096
0.0138328
0.0138547
0.0138758
0.0138956
0.0139168
0.0139361
0.0139508
0.0139717
0.0140068
0.0140313
0.0140672
0.0140375
0.000864938
0.00187769
0.0028858
0.0038142
0.00463991
0.00533603
0.0058864
0.00626636
0.00653352
0.00673494
0.00694585
0.00720215
0.00751483
0.0078783
0.0082785
0.00869759
0.00911951
0.00953223
0.00992779
0.0103014
0.0106503
0.0109734
0.0112702
0.0115413
0.0117877
0.0120106
0.0122117
0.0123927
0.0125552
0.012701
0.0128317
0.0129488
0.013054
0.0131484
0.0132332
0.0133095
0.0133781
0.0134398
0.0134953
0.013545
0.0135898
0.0136303
0.0136672
0.0137007
0.0137313
0.0137593
0.0137852
0.0138096
0.0138328
0.0138547
0.0138759
0.0138956
0.0139168
0.013936
0.0139508
0.0139716
0.0140068
0.0140313
0.0140671
0.0140375
0.000756333
0.00178448
0.00280448
0.00374876
0.0045906
0.00530259
0.00586603
0.00625546
0.00652604
0.00672721
0.00693551
0.00718947
0.00750067
0.00786372
0.0082644
0.00868462
0.00910793
0.00952215
0.00991916
0.0102941
0.0106442
0.0109683
0.011266
0.0115379
0.0117849
0.0120084
0.0122099
0.0123913
0.0125541
0.0127001
0.012831
0.0129483
0.0130535
0.013148
0.013233
0.0133093
0.013378
0.0134397
0.0134952
0.013545
0.0135898
0.0136303
0.0136671
0.0137007
0.0137313
0.0137593
0.0137852
0.0138096
0.0138328
0.0138547
0.0138759
0.0138957
0.0139168
0.013936
0.0139507
0.0139715
0.0140067
0.0140312
0.0140671
0.0140376
0.00065356
0.00170118
0.00273065
0.00368886
0.00454512
0.00527166
0.00584678
0.00624529
0.00651901
0.00672041
0.00692632
0.00717811
0.00748792
0.00785055
0.00825164
0.00867286
0.00909744
0.00951302
0.00991133
0.0102875
0.0106387
0.0109637
0.0112622
0.0115348
0.0117824
0.0120064
0.0122083
0.01239
0.012553
0.0126993
0.0128303
0.0129478
0.0130532
0.0131477
0.0132327
0.0133091
0.0133779
0.0134396
0.0134951
0.0135449
0.0135897
0.0136303
0.0136671
0.0137007
0.0137313
0.0137593
0.0137852
0.0138096
0.0138328
0.0138547
0.0138759
0.0138957
0.0139168
0.013936
0.0139507
0.0139715
0.0140067
0.013936
0.0139168
0.0138957
0.0138759
0.0138547
0.0138547
0.0138328
0.0138328
0.0138096
0.0138096
0.0137852
0.0137852
0.0137593
0.0137593
0.0137313
0.0137313
0.0137007
0.0137007
0.0136671
0.0136671
0.0136672
0.0136302
0.0136302
0.0136303
0.0135897
0.0135897
0.0135897
0.0135449
0.0135449
0.0135449
0.013495
0.013495
0.0134951
0.0134395
0.0134395
0.0134396
0.0133777
0.0133777
0.0133778
0.013309
0.0133089
0.013309
0.0132325
0.0132325
0.0132325
0.0131474
0.0131474
0.0131474
0.0130528
0.0130527
0.0130527
0.0129473
0.0129472
0.0129472
0.0128298
0.0128296
0.0128296
0.0126986
0.0126984
0.0126983
0.0125522
0.0125519
0.0125518
0.0123889
0.0123886
0.0123884
0.012207
0.0122066
0.0122063
0.0120048
0.0120042
0.0120039
0.0117804
0.0117797
0.0117792
0.0115324
0.0115315
0.0115309
0.0112593
0.0112582
0.0112573
0.0112567
0.0109601
0.0109587
0.0109577
0.0109569
0.0106344
0.0106327
0.0106314
0.0106303
0.0102824
0.0102803
0.0102787
0.0102774
0.00990536
0.00990283
0.00990081
0.00989919
0.00950607
0.00950307
0.00950064
0.00949866
0.00908949
0.00908598
0.00908313
0.00908075
0.00866397
0.00865999
0.00865671
0.00865396
0.00824202
0.00823765
0.00823405
0.008231
0.00784063
0.00783612
0.0078324
0.00782925
0.00747831
0.007474
0.0074705
0.00746757
0.00716953
0.00716585
0.00716299
0.00716069
0.00691884
0.00691595
0.00691397
0.00691262
0.00671438
0.0067127
0.006712
0.00671196
0.00651244
0.00651126
0.00651091
0.00651141
0.00623574
0.00623372
0.00623268
0.00623228
0.00582989
0.00582476
0.00582107
0.0058184
0.00524581
0.00523613
0.00522882
0.00522293
0.00450747
0.00449203
0.00447986
0.00446956
0.00363961
0.00361898
0.00360232
0.00358775
0.00266913
0.00264428
0.00262444
0.00260697
0.00163
0.00160399
0.00158417
0.00156663
0.000559845
0.00052642
0.000512253
0.000500339
)
;

boundaryField
{
    down
    {
        type            freestream;
        freestreamValue nonuniform List<scalar> 0();
        value           nonuniform List<scalar> 0();
    }
    right
    {
        type            freestream;
        freestreamValue uniform 0.014;
        value           nonuniform List<scalar> 
109
(
0.0123786
0.0124721
0.0125583
0.0126378
0.0127111
0.0127786
0.0128408
0.0128982
0.0129514
0.0130007
0.0130465
0.0130892
0.0131289
0.013166
0.0132007
0.0132331
0.0132636
0.0132921
0.0133189
0.0133441
0.0133679
0.0133903
0.0134114
0.0134314
0.0134504
0.0134685
0.0134858
0.0135024
0.0135183
0.0135311
0.0135314
0.0135317
0.013532
0.0135322
0.0135325
0.0135328
0.013533
0.0135333
0.0135335
0.0135338
0.013534
0.0135342
0.0135345
0.0135347
0.013535
0.0135355
0.0135359
0.0135363
0.0135367
0.0135378
0.0135397
0.0135418
0.013544
0.0135464
0.0135489
0.0135516
0.0135544
0.0135574
0.0135606
0.0135639
0.0135674
0.0135711
0.0135751
0.0135792
0.0135836
0.0135882
0.013593
0.0135981
0.0136034
0.013609
0.0136148
0.013621
0.0136274
0.0136341
0.013641
0.0136483
0.0136559
0.0136638
0.0136719
0.0136804
0.0136892
0.0136984
0.0137078
0.0137177
0.0137278
0.0137384
0.0137494
0.0137608
0.0137726
0.0137847
0.0137972
0.01381
0.0138232
0.0138367
0.0138506
0.0138651
0.0138809
0.0138984
0.0139182
0.0139404
0.0139654
0.0139929
0.0140251
0.0140672
0.0141088
0.0141362
0.0141301
0.0140859
0.0140339
)
;
    }
    up
    {
        type            freestream;
        freestreamValue uniform 0.014;
        value           uniform 0.014;
    }
    meanFlow
    {
        type            freestream;
        freestreamValue nonuniform List<scalar> 0();
        value           nonuniform List<scalar> 0();
    }
    surface
    {
        type            nutUSpaldingWallFunction;
        Cmu             0.09;
        kappa           0.41;
        E               9.8;
        value           nonuniform List<scalar> 7(0.00011222 0.000110969 0.000109049 0.00010734 9.09733e-07 4.35287e-06 1.12084e-05);
    }
    surfaceInner
    {
        type            nutUSpaldingWallFunction;
        Cmu             0.09;
        kappa           0.41;
        E               9.8;
        value           nonuniform List<scalar> 0();
    }
    coandaInlet
    {
        type            freestream;
        freestreamValue nonuniform List<scalar> 0();
        value           nonuniform List<scalar> 0();
    }
    defaultFaces
    {
        type            empty;
    }
    procBoundary5to2
    {
        type            processor;
        value           nonuniform List<scalar> 
106
(
0.0122767
0.012134
0.0119809
0.0118248
0.011663
0.011495
0.0113203
0.011139
0.0109511
0.0107566
0.0105556
0.010456
0.010456
0.010241
0.0100201
0.00979384
0.00956304
0.00932859
0.00918006
0.00918006
0.00893785
0.00869563
0.00845514
0.00828803
0.00828803
0.00805134
0.00782136
0.00765452
0.00765452
0.00743678
0.00727484
0.00727484
0.00707187
0.00687762
0.00672754
0.00672754
0.00654379
0.00639653
0.00639653
0.0062154
0.00606364
0.00606364
0.00590571
0.00590571
0.00570875
0.00553175
0.00553175
0.00534097
0.00534097
0.00510509
0.00488229
0.00488229
0.00464398
0.00464398
0.00436534
0.00410115
0.00410115
0.00383407
0.00383407
0.00355685
0.00330106
0.00330106
0.00304367
0.00304367
0.00278671
0.00278671
0.00252796
0.00252796
0.00226744
0.00226744
0.0020082
0.0020082
0.00176927
0.00153129
0.00151481
0.00151481
0.00129519
0.00129519
0.00110739
0.00110739
0.000920821
0.000902494
0.000882945
0.000882945
0.000707537
0.000657629
0.000665866
0.000682073
0.000702722
0.00072422
0.00072422
0.000535261
0.000566799
0.000599476
0.00063165
0.000662099
0.000689719
0.000689719
0.000468055
0.000507491
0.000545032
0.000577271
0.000627736
0.000627736
0.000284364
0.000284364
)
;
    }
    procBoundary5to4
    {
        type            processor;
        value           nonuniform List<scalar> 
65
(
0.0140312
0.014067
0.0140376
0.0139506
0.0139714
0.0140312
0.0140066
0.0139506
0.0139359
0.0139167
0.0138957
0.0138759
0.0138759
0.0138548
0.0138328
0.0138097
0.0137853
0.0137593
0.0137313
0.0137007
0.0137007
0.0136672
0.0136303
0.0135898
0.013545
0.0134952
0.0134397
0.0133778
0.0133091
0.0132326
0.0131475
0.0130528
0.0129473
0.0128296
0.0126983
0.0125517
0.0123883
0.0122062
0.0120036
0.0117789
0.0115304
0.0115304
0.0112563
0.0109563
0.0106296
0.0102763
0.00989787
0.00949701
0.00907874
0.0086516
0.00822835
0.0078265
0.00746504
0.00715879
0.00691169
0.00671271
0.00651255
0.00623231
0.00581639
0.00521793
0.00446036
0.00357437
0.00259082
0.00155065
0.0004895
)
;
    }
}


// ************************************************************************* //
