/*--------------------------------*- C++ -*----------------------------------*\
  =========                 |
  \\      /  F ield         | OpenFOAM: The Open Source CFD Toolbox
   \\    /   O peration     | Website:  https://openfoam.org
    \\  /    A nd           | Version:  9
     \\/     M anipulation  |
\*---------------------------------------------------------------------------*/
FoamFile
{
    format      ascii;
    class       volScalarField;
    location    "0.0025";
    object      alphat;
}
// * * * * * * * * * * * * * * * * * * * * * * * * * * * * * * * * * * * * * //

dimensions      [1 -1 -1 0 0 0 0];

internalField   nonuniform List<scalar> 
6352
(
0.0153077
0.0152349
0.0152368
0.0152742
0.0153272
0.0153849
0.015442
0.015496
0.015546
0.0155916
0.0156332
0.0156711
0.0157058
0.0157376
0.0157672
0.0157948
0.0158207
0.0158451
0.0158679
0.015889
0.0159083
0.0159252
0.0159401
0.0159529
0.0159631
0.0152225
0.0151526
0.0151511
0.0151841
0.0152338
0.01529
0.015347
0.0154023
0.0154543
0.0155023
0.0155464
0.0155867
0.0156235
0.0156571
0.0156879
0.0157164
0.0157434
0.0157693
0.0157929
0.0158146
0.0158347
0.0158534
0.0158711
0.0158879
0.0159039
0.0150664
0.0150643
0.0150945
0.015141
0.0151945
0.0152503
0.0153055
0.0153587
0.0154089
0.0154559
0.0154994
0.0155396
0.0155765
0.0156105
0.0156417
0.0156706
0.0156972
0.0157219
0.0157449
0.0157663
0.0157864
0.0158053
0.0158232
0.0158401
0.0149756
0.0149743
0.0150017
0.0150444
0.0150945
0.0151476
0.0152013
0.0152541
0.0153049
0.0153533
0.0153988
0.0154414
0.0154811
0.0155178
0.0155518
0.0155832
0.0156123
0.0156393
0.0156643
0.0156877
0.0157097
0.0157303
0.0157497
0.015768
0.0148818
0.0148834
0.0149093
0.0149487
0.0149953
0.0150453
0.0150965
0.0151477
0.0151978
0.0152464
0.0152931
0.0153374
0.0153793
0.0154187
0.0154554
0.0154896
0.0155214
0.0155508
0.0155782
0.0156037
0.0156276
0.0156499
0.0156708
0.0156906
0.014784
0.0147904
0.0148163
0.0148536
0.0148971
0.014944
0.0149923
0.0150409
0.0150891
0.0151365
0.0151828
0.0152277
0.0152709
0.0153121
0.0153513
0.0153882
0.0154228
0.015455
0.0154851
0.0155131
0.0155392
0.0155635
0.0155864
0.0156078
0.0146813
0.0146938
0.0147214
0.0147577
0.0147992
0.0148435
0.0148891
0.0149352
0.014981
0.0150262
0.0150707
0.0151144
0.0151572
0.015199
0.0152397
0.0152787
0.0153159
0.0153511
0.0153841
0.0154149
0.0154437
0.0154705
0.0154956
0.0155191
0.0145727
0.0145923
0.0146227
0.0146595
0.0147001
0.0147428
0.0147866
0.0148307
0.0148744
0.0149176
0.01496
0.0150016
0.0150423
0.0150824
0.0151223
0.0151619
0.0152007
0.0152382
0.015274
0.0153078
0.0153397
0.0153695
0.0153974
0.0154236
0.0144574
0.0144843
0.0145183
0.0145566
0.0145974
0.0146397
0.0146826
0.0147256
0.0147683
0.0148104
0.0148517
0.014892
0.0149314
0.0149699
0.0150078
0.0150458
0.0150838
0.0151212
0.0151577
0.0151929
0.0152268
0.0152593
0.0152903
0.0153199
0.0143345
0.0143685
0.0144067
0.0144472
0.014489
0.0145314
0.0145741
0.0146168
0.014659
0.0147007
0.0147416
0.0147817
0.0148207
0.0148588
0.0148959
0.0149323
0.0149686
0.0150053
0.0150417
0.0150775
0.0151124
0.0151462
0.0151787
0.01521
0.0142036
0.0142443
0.0142866
0.0143296
0.0143729
0.0144161
0.0144592
0.0145018
0.014544
0.0145856
0.0146264
0.0146664
0.0147055
0.0147437
0.0147808
0.014817
0.0148523
0.014887
0.0149219
0.0149571
0.0149921
0.0150265
0.01506
0.0150925
0.0140642
0.0141109
0.0141572
0.014203
0.0142481
0.0142924
0.0143361
0.0143792
0.0144216
0.0144632
0.0145041
0.0145443
0.0145835
0.0146219
0.0146594
0.0146959
0.0147315
0.0147662
0.0148001
0.0148335
0.0148669
0.0149007
0.0149345
0.0149677
0.0139681
0.014018
0.0140665
0.0141135
0.0141593
0.014204
0.0142476
0.0142904
0.0143323
0.0143734
0.0144137
0.0144531
0.0144917
0.0145294
0.0145663
0.0146023
0.0146375
0.0146718
0.0147053
0.0147381
0.0147703
0.0148024
0.0148354
0.0138146
0.013868
0.0139192
0.0139684
0.0140158
0.0140617
0.0141063
0.0141497
0.014192
0.0142333
0.0142738
0.0143133
0.014352
0.0143898
0.0144268
0.014463
0.0144984
0.0145329
0.0145667
0.0145997
0.014632
0.0146637
0.014695
0.0136501
0.0137067
0.0137606
0.013812
0.0138613
0.0139087
0.0139544
0.0139986
0.0140415
0.0140833
0.014124
0.0141638
0.0142026
0.0142405
0.0142775
0.0143137
0.0143491
0.0143837
0.0144176
0.0144506
0.014483
0.0145146
0.0145456
0.0134737
0.0135333
0.0135898
0.0136435
0.0136948
0.0137438
0.0137909
0.0138362
0.01388
0.0139225
0.0139637
0.0140038
0.0140428
0.0140809
0.014118
0.0141543
0.0141897
0.0142243
0.0142582
0.0142912
0.0143236
0.0143552
0.0143862
0.0132847
0.0133469
0.013406
0.013462
0.0135153
0.0135661
0.0136148
0.0136615
0.0137064
0.0137498
0.0137917
0.0138323
0.0138718
0.0139101
0.0139475
0.0139838
0.0140193
0.0140539
0.0140877
0.0141207
0.014153
0.0141845
0.0142154
0.0131471
0.0132082
0.0132664
0.0133218
0.0133746
0.0134251
0.0134733
0.0135196
0.0135641
0.013607
0.0136484
0.0136884
0.0137272
0.0137648
0.0138014
0.013837
0.0138717
0.0139055
0.0139384
0.0139706
0.014002
0.0140327
0.0129311
0.0129948
0.0130554
0.0131131
0.0131681
0.0132206
0.0132706
0.0133185
0.0133643
0.0134083
0.0134507
0.0134915
0.0135309
0.013569
0.013606
0.0136418
0.0136766
0.0137104
0.0137434
0.0137754
0.0138066
0.0138371
0.0126985
0.0127648
0.012828
0.0128882
0.0129455
0.0130001
0.0130522
0.0131018
0.0131493
0.0131947
0.0132382
0.01328
0.0133202
0.013359
0.0133964
0.0134325
0.0134675
0.0135014
0.0135344
0.0135664
0.0135974
0.0136277
0.0125172
0.0125827
0.0126455
0.0127053
0.0127624
0.0128168
0.0128685
0.0129179
0.0129649
0.0130099
0.0130528
0.013094
0.0131335
0.0131715
0.0132081
0.0132433
0.0132774
0.0133103
0.0133422
0.0133731
0.0134031
0.012248
0.0123168
0.0123827
0.0124457
0.0125057
0.0125629
0.0126172
0.0126688
0.0127179
0.0127646
0.0128091
0.0128515
0.012892
0.0129307
0.0129678
0.0130033
0.0130375
0.0130705
0.0131022
0.0131327
0.0131623
0.0119557
0.012028
0.0120975
0.0121642
0.0122277
0.0122883
0.0123458
0.0124003
0.0124521
0.0125011
0.0125476
0.0125917
0.0126336
0.0126734
0.0127113
0.0127474
0.0127818
0.0128148
0.0128464
0.0128765
0.0129056
0.011714
0.0117868
0.0118572
0.0119249
0.0119895
0.012051
0.0121093
0.0121645
0.0122167
0.0122661
0.0123128
0.0123568
0.0123984
0.0124377
0.0124749
0.0125101
0.0125435
0.0125752
0.0126053
0.0126339
0.0113722
0.0114471
0.0115212
0.0115934
0.0116628
0.0117288
0.0117915
0.0118508
0.011907
0.0119602
0.0120105
0.0120579
0.0121025
0.0121445
0.0121839
0.012221
0.0122558
0.0122884
0.012319
0.0123478
0.0111281
0.0111964
0.0112635
0.0113289
0.0113925
0.0114541
0.0115137
0.0115712
0.0116265
0.0116797
0.0117307
0.0117795
0.0118258
0.0118694
0.0119104
0.0119487
0.0119845
0.0120179
0.0120491
0.0108415
0.0109077
0.0109727
0.011036
0.0110975
0.0111571
0.0112147
0.0112703
0.0113237
0.0113749
0.011424
0.0114708
0.0115156
0.0115583
0.0115991
0.0116381
0.0116752
0.0117104
0.011744
0.0106307
0.0106941
0.0107561
0.0108164
0.0108748
0.010931
0.0109851
0.011037
0.0110867
0.0111341
0.0111794
0.0112226
0.0112637
0.0113028
0.0113399
0.0113751
0.0114082
0.0114395
0.0104139
0.0104745
0.0105337
0.0105912
0.0106467
0.0107
0.0107511
0.0107998
0.0108463
0.0108904
0.0109323
0.0109719
0.0110093
0.0110444
0.0110774
0.0111081
0.0111368
0.0101329
0.0101905
0.0102474
0.0103032
0.0103574
0.0104099
0.0104603
0.0105085
0.0105545
0.0105981
0.0106393
0.0106782
0.0107146
0.0107488
0.0107806
0.0108099
0.010837
0.00991461
0.00996631
0.0100177
0.0100685
0.0101182
0.0101666
0.0102134
0.0102583
0.0103011
0.0103418
0.0103802
0.0104163
0.0104501
0.0104815
0.0105106
0.0105379
0.00970265
0.00974432
0.00978758
0.00983166
0.00987555
0.0099186
0.00996047
0.0100008
0.0100394
0.010076
0.0101108
0.010144
0.0101755
0.0102049
0.0102323
0.00944922
0.00948981
0.00952796
0.00956397
0.00959815
0.00963071
0.0096629
0.009695
0.00972723
0.00975924
0.00979067
0.00982102
0.00984991
0.00987705
0.00990228
0.00917915
0.00921977
0.00925818
0.0092946
0.00932887
0.00936094
0.00939066
0.00941804
0.00944309
0.0094658
0.00948606
0.00950398
0.00952037
0.00953555
0.00882689
0.00886744
0.00890479
0.00893883
0.00896955
0.00899697
0.00902101
0.00904174
0.00905927
0.00907436
0.00908762
0.00909906
0.00910858
0.00835639
0.00839677
0.00843311
0.00846537
0.00849346
0.00851743
0.00853734
0.00855357
0.00856743
0.00857888
0.0085876
0.00859378
0.00859741
0.00785488
0.00788848
0.00791722
0.00794104
0.00796002
0.00797536
0.00798799
0.00799752
0.00800371
0.00800627
0.00800547
0.00799841
0.00727662
0.00729948
0.00731665
0.00733039
0.00734071
0.0073471
0.00734925
0.00734591
0.00733448
0.00731667
0.0072933
0.00661887
0.00663025
0.00663744
0.00663964
0.00663508
0.00662102
0.00659928
0.00657046
0.0065348
0.00649392
0.00590062
0.00589725
0.00588364
0.00586097
0.0058303
0.00579243
0.00574733
0.00569658
0.00564165
0.0051363
0.00511152
0.00508006
0.00504193
0.00499929
0.00495229
0.00489853
0.00483734
0.00439244
0.00436755
0.00433727
0.00430118
0.00425722
0.00420392
0.00414002
0.00406615
0.00368257
0.00364996
0.00360772
0.0035548
0.00348976
0.00341192
0.00332181
0.00295359
0.00289017
0.0028132
0.00272181
0.00261505
0.00228045
0.00219356
0.00208968
0.00196707
0.00169882
0.00157573
0.00143264
0.0159699
0.01597
0.01597
0.01597
0.0159699
0.0159698
0.0159696
0.0159694
0.0159692
0.0159689
0.0159686
0.0159682
0.0159678
0.0159674
0.0159669
0.0159663
0.0159658
0.0159652
0.0159645
0.0159638
0.0159164
0.0159165
0.0159166
0.0159166
0.0159165
0.0159163
0.0159161
0.0159158
0.0159155
0.0159151
0.0159146
0.0159141
0.0159135
0.0159128
0.0159121
0.0159114
0.0159106
0.0159097
0.0159088
0.0159078
0.0158532
0.0158534
0.0158534
0.0158534
0.0158533
0.0158531
0.0158528
0.0158524
0.015852
0.0158514
0.0158508
0.0158502
0.0158494
0.0158486
0.0158477
0.0158468
0.0158458
0.0158447
0.0158436
0.0158424
0.0157821
0.0157822
0.0157823
0.0157822
0.015782
0.0157818
0.0157814
0.015781
0.0157804
0.0157798
0.0157791
0.0157782
0.0157773
0.0157764
0.0157753
0.0157742
0.015773
0.0157717
0.0157703
0.0157689
0.0157054
0.0157055
0.0157056
0.0157055
0.0157053
0.015705
0.0157045
0.015704
0.0157034
0.0157026
0.0157018
0.0157008
0.0156997
0.0156986
0.0156974
0.015696
0.0156946
0.0156931
0.0156915
0.0156898
0.0156235
0.0156236
0.0156237
0.0156236
0.0156233
0.015623
0.0156225
0.0156218
0.0156211
0.0156202
0.0156192
0.0156181
0.0156169
0.0156155
0.0156141
0.0156125
0.0156109
0.0156091
0.0156073
0.0156053
0.0155358
0.015536
0.015536
0.0155359
0.0155356
0.0155352
0.0155346
0.0155339
0.0155331
0.0155321
0.0155309
0.0155296
0.0155282
0.0155267
0.0155251
0.0155233
0.0155214
0.0155194
0.0155173
0.015515
0.0154418
0.015442
0.015442
0.0154419
0.0154416
0.0154411
0.0154405
0.0154396
0.0154387
0.0154375
0.0154363
0.0154348
0.0154332
0.0154315
0.0154297
0.0154276
0.0154255
0.0154232
0.0154208
0.0154183
0.0153405
0.0153408
0.0153408
0.0153406
0.0153403
0.0153398
0.015339
0.0153381
0.0153371
0.0153358
0.0153344
0.0153328
0.015331
0.0153291
0.015327
0.0153247
0.0153223
0.0153197
0.0153171
0.0153142
0.0152316
0.0152319
0.0152319
0.0152317
0.0152313
0.0152307
0.0152299
0.0152289
0.0152277
0.0152263
0.0152246
0.0152228
0.0152208
0.0152187
0.0152163
0.0152138
0.015211
0.0152082
0.0152051
0.0152019
0.0151148
0.015115
0.0151151
0.0151148
0.0151144
0.0151137
0.0151128
0.0151116
0.0151102
0.0151086
0.0151068
0.0151048
0.0151025
0.0151
0.0150974
0.0150945
0.0150914
0.0150882
0.0150847
0.0150811
0.0149904
0.0149906
0.0149907
0.0149904
0.0149899
0.0149891
0.0149881
0.0149868
0.0149852
0.0149834
0.0149814
0.0149791
0.0149766
0.0149738
0.0149709
0.0149676
0.0149642
0.0149606
0.0149567
0.0149527
0.0148581
0.0148584
0.0148584
0.0148581
0.0148576
0.0148567
0.0148556
0.0148542
0.0148525
0.0148505
0.0148483
0.0148458
0.014843
0.01484
0.0148367
0.0148332
0.0148295
0.0148255
0.0148213
0.0148169
0.0147172
0.0147175
0.0147175
0.0147172
0.0147165
0.0147156
0.0147144
0.0147128
0.014711
0.0147088
0.0147064
0.0147036
0.0147006
0.0146973
0.0146938
0.0146899
0.0146858
0.0146815
0.0146769
0.014672
0.0145668
0.0145671
0.0145671
0.0145667
0.014566
0.014565
0.0145636
0.0145619
0.0145599
0.0145575
0.0145548
0.0145519
0.0145486
0.014545
0.014541
0.0145368
0.0145323
0.0145276
0.0145225
0.0145172
0.0144064
0.0144067
0.0144067
0.0144063
0.0144055
0.0144044
0.0144029
0.014401
0.0143987
0.0143961
0.0143932
0.0143899
0.0143863
0.0143823
0.014378
0.0143734
0.0143684
0.0143632
0.0143576
0.0143517
0.0142351
0.0142354
0.0142354
0.014235
0.0142341
0.0142329
0.0142312
0.0142291
0.0142267
0.0142238
0.0142206
0.0142169
0.0142129
0.0142086
0.0142038
0.0141987
0.0141933
0.0141875
0.0141813
0.0141748
0.014052
0.0140523
0.0140523
0.0140519
0.0140509
0.0140495
0.0140477
0.0140454
0.0140427
0.0140396
0.014036
0.014032
0.0140276
0.0140227
0.0140175
0.0140118
0.0140058
0.0139994
0.0139926
0.0139853
0.013856
0.0138564
0.0138565
0.0138559
0.0138549
0.0138534
0.0138513
0.0138488
0.0138458
0.0138423
0.0138383
0.0138339
0.013829
0.0138236
0.0138178
0.0138115
0.0138048
0.0137977
0.0137901
0.0137821
0.0136462
0.0136467
0.0136468
0.0136462
0.013645
0.0136433
0.0136411
0.0136383
0.0136349
0.0136311
0.0136266
0.0136217
0.0136162
0.0136102
0.0136038
0.0135968
0.0135893
0.0135813
0.0135728
0.0135639
0.0134212
0.0134217
0.0134217
0.0134211
0.0134198
0.0134179
0.0134154
0.0134123
0.0134086
0.0134043
0.0133993
0.0133938
0.0133877
0.0133811
0.0133738
0.013366
0.0133577
0.0133488
0.0133393
0.0133293
0.0131799
0.0131805
0.0131805
0.0131798
0.0131784
0.0131763
0.0131735
0.01317
0.0131659
0.013161
0.0131555
0.0131494
0.0131426
0.0131351
0.0131271
0.0131184
0.013109
0.0130991
0.0130885
0.0130773
0.0129227
0.0129233
0.0129234
0.0129226
0.012921
0.0129187
0.0129155
0.0129117
0.012907
0.0129017
0.0128956
0.0128887
0.0128812
0.0128729
0.0128639
0.0128542
0.0128438
0.0128328
0.012821
0.0128085
0.0126506
0.0126513
0.0126514
0.0126505
0.0126487
0.0126461
0.0126427
0.0126384
0.0126332
0.0126273
0.0126205
0.012613
0.0126046
0.0125955
0.0125855
0.0125748
0.0125634
0.0125511
0.0125382
0.0125243
0.0123647
0.0123655
0.0123656
0.0123646
0.0123627
0.0123599
0.0123561
0.0123514
0.0123458
0.0123393
0.0123319
0.0123236
0.0123145
0.0123045
0.0122937
0.012282
0.0122695
0.0122562
0.012242
0.0122269
0.0120676
0.0120685
0.0120687
0.0120678
0.0120657
0.0120627
0.0120587
0.0120537
0.0120477
0.0120408
0.0120329
0.0120241
0.0120143
0.0120037
0.0119921
0.0119796
0.0119663
0.0119521
0.011937
0.0119209
0.011763
0.0117641
0.0117643
0.0117634
0.0117614
0.0117584
0.0117543
0.0117491
0.011743
0.0117359
0.0117278
0.0117187
0.0117086
0.0116976
0.0116857
0.0116729
0.0116591
0.0116445
0.011629
0.0116125
0.0114569
0.011458
0.0114583
0.0114574
0.0114555
0.0114524
0.0114484
0.0114433
0.0114372
0.0114301
0.0114221
0.0114131
0.0114031
0.0113923
0.0113805
0.0113678
0.0113543
0.0113399
0.0113246
0.0113084
0.0111526
0.0111537
0.011154
0.0111532
0.0111514
0.0111487
0.011145
0.0111403
0.0111347
0.0111281
0.0111207
0.0111125
0.0111033
0.0110934
0.0110826
0.0110711
0.0110588
0.0110458
0.011032
0.0110174
0.0108524
0.0108537
0.0108539
0.0108535
0.0108522
0.01085
0.010847
0.0108432
0.0108386
0.0108333
0.0108271
0.0108203
0.0108127
0.0108044
0.0107955
0.0107859
0.0107757
0.0107648
0.0107534
0.0107413
0.0105536
0.010555
0.0105557
0.0105555
0.0105548
0.0105534
0.0105514
0.0105488
0.0105455
0.0105417
0.0105372
0.0105322
0.0105266
0.0105205
0.0105139
0.0105067
0.0104992
0.0104911
0.0104826
0.0104737
0.0102477
0.0102491
0.0102501
0.0102505
0.0102503
0.0102497
0.0102488
0.0102475
0.0102457
0.0102436
0.010241
0.0102381
0.0102348
0.0102311
0.0102272
0.0102228
0.0102182
0.0102133
0.0102081
0.0102027
0.00991648
0.00991799
0.00991919
0.00992022
0.00992104
0.00992163
0.00992199
0.00992203
0.00992168
0.0099211
0.00992039
0.00991957
0.00991863
0.00991758
0.00991643
0.00991516
0.00991373
0.00991215
0.00991046
0.00990883
0.00954338
0.00954433
0.00954525
0.00954633
0.00954749
0.0095487
0.00954994
0.00955122
0.00955252
0.00955385
0.0095552
0.00955655
0.00955791
0.00955928
0.00956067
0.00956206
0.00956346
0.00956486
0.00956631
0.00956802
0.00911247
0.0091131
0.00911395
0.00911515
0.00911662
0.00911831
0.00912024
0.00912238
0.00912474
0.0091273
0.00913005
0.00913299
0.00913611
0.00913939
0.00914285
0.00914645
0.0091502
0.00915408
0.00915814
0.00916262
0.00859735
0.00859728
0.00859813
0.00859953
0.00860136
0.00860359
0.00860621
0.00860923
0.0086126
0.00861633
0.0086204
0.00862479
0.00862949
0.00863448
0.00863976
0.0086453
0.00865108
0.00865708
0.00866337
0.00867016
0.00798942
0.00798841
0.00798874
0.00799034
0.00799249
0.00799518
0.00799839
0.0080021
0.00800629
0.00801094
0.00801602
0.00802152
0.00802742
0.0080337
0.00804033
0.00804728
0.00805455
0.00806209
0.00806996
0.00807836
0.00727343
0.00727201
0.00727153
0.00727254
0.00727486
0.00727784
0.00728142
0.00728557
0.00729027
0.0072955
0.00730122
0.00730741
0.00731404
0.00732109
0.00732853
0.00733633
0.00734445
0.00735288
0.00736164
0.00737092
0.00646268
0.00646079
0.00645976
0.00645946
0.00646052
0.00646284
0.0064662
0.00647012
0.00647455
0.00647948
0.00648486
0.00649068
0.00649689
0.00650348
0.00651041
0.00651766
0.00652519
0.00653299
0.00654106
0.00654958
0.00559864
0.00559625
0.00559479
0.00559393
0.00559366
0.00559484
0.00559737
0.00560111
0.00560549
0.00561041
0.00561583
0.00562173
0.00562808
0.00563485
0.00564201
0.00564952
0.00565736
0.0056655
0.00567394
0.00568281
0.00478623
0.0047835
0.00478173
0.0047806
0.00477998
0.00478029
0.00478203
0.00478506
0.00478924
0.00479403
0.00479932
0.00480507
0.00481126
0.00481785
0.00482481
0.0048321
0.00483969
0.00484756
0.0048557
0.00486419
0.00400134
0.00399796
0.00399563
0.00399404
0.00399305
0.00399266
0.00399353
0.00399589
0.00399957
0.00400439
0.00400977
0.00401564
0.00402194
0.00402865
0.00403572
0.00404312
0.00405083
0.00405879
0.00406701
0.00407554
0.00323968
0.00323553
0.00323252
0.00323042
0.00322911
0.00322856
0.0032292
0.00323165
0.00323567
0.00324101
0.00324699
0.00325352
0.00326054
0.00326801
0.00327588
0.00328411
0.00329266
0.00330149
0.00331055
0.00331983
0.00251605
0.0025112
0.00250762
0.00250517
0.00250375
0.00250331
0.00250467
0.00250821
0.00251357
0.00251994
0.00252701
0.00253473
0.00254301
0.00255179
0.00256102
0.00257064
0.00258061
0.00259087
0.0026014
0.00261219
0.00185672
0.00185135
0.00184762
0.00184538
0.00184451
0.00184549
0.00184941
0.00185546
0.00186253
0.00187052
0.00187929
0.00188874
0.00189879
0.00190936
0.00192037
0.00193176
0.00194348
0.00195546
0.00196768
0.00198011
0.00129279
0.00128548
0.00128122
0.00127915
0.00127903
0.001283
0.00128942
0.00129725
0.00130621
0.0013161
0.00132673
0.00133799
0.00134972
0.00136184
0.00137427
0.00138695
0.00139985
0.00141292
0.00142614
0.0014395
0.000817267
0.000818053
0.000823608
0.000831342
0.000841051
0.000852245
0.000864456
0.000877354
0.000890692
0.000904281
0.00091732
0.000929736
0.000942366
0.000955131
0.00096798
0.000980864
0.000993745
0.0010066
0.000607723
0.000621536
0.00063509
0.000648148
0.000660452
0.00067151
0.000682038
0.000691757
0.0159626
0.0159609
0.0159592
0.0159575
0.0159559
0.0159061
0.0159037
0.0159014
0.0158992
0.015897
0.0158401
0.0158371
0.0158341
0.0158313
0.0158285
0.0157662
0.0157625
0.0157589
0.0157554
0.0157521
0.0156866
0.0156822
0.0156778
0.0156736
0.0156695
0.0156015
0.0155962
0.0155911
0.015586
0.0155811
0.0155106
0.0155044
0.0154983
0.0154924
0.0154865
0.0154132
0.015406
0.0153989
0.015392
0.0153852
0.0153083
0.0153
0.0152918
0.0152838
0.015276
0.0151952
0.0151855
0.0151761
0.0151668
0.0151577
0.0150734
0.0150622
0.0150512
0.0150404
0.0150298
0.0149438
0.0149309
0.0149183
0.0149058
0.0148936
0.014807
0.0147924
0.0147782
0.0147642
0.0147504
0.0146609
0.0146446
0.0146285
0.0146127
0.0145971
0.0145048
0.0144863
0.0144681
0.0144502
0.0144326
0.0143378
0.0143169
0.0142963
0.014276
0.014256
0.0141592
0.0141354
0.014112
0.0140889
0.0140662
0.0139676
0.0139405
0.0139139
0.0138876
0.0138617
0.0137619
0.013731
0.0137006
0.0136706
0.0136411
0.013541
0.0135056
0.0134709
0.0134367
0.013403
0.0133033
0.013263
0.0132233
0.0131844
0.0131461
0.0130479
0.0130019
0.0129569
0.0129127
0.0128693
0.0127754
0.0127234
0.0126726
0.0126227
0.012574
0.0124874
0.0124292
0.0123725
0.012317
0.0122629
0.0121863
0.0121223
0.01206
0.0119993
0.0119403
0.0118773
0.0118087
0.0117421
0.0116776
0.011615
0.0115674
0.0114965
0.0114281
0.0113621
0.0112984
0.011264
0.0111945
0.0111279
0.011064
0.0110028
0.0109774
0.0109151
0.0108557
0.0107992
0.0107453
0.0107082
0.0106568
0.0106079
0.0105616
0.0105177
0.0104494
0.0104117
0.0103761
0.0103424
0.0103106
0.0101882
0.010166
0.010145
0.0101251
0.0101064
0.00990475
0.0098987
0.00989279
0.00988709
0.00988172
0.00957331
0.0095818
0.00958951
0.00959657
0.00960318
0.00917569
0.00919638
0.00921561
0.00923357
0.00925052
0.00868961
0.00872034
0.00874914
0.00877624
0.00880193
0.00810216
0.00813994
0.00817566
0.00820962
0.00824208
0.00739695
0.00743883
0.00747908
0.00751789
0.00755551
0.00657334
0.00661387
0.00665486
0.00669612
0.00673759
0.00570722
0.00574937
0.00579245
0.0058362
0.00588053
0.00488725
0.00492858
0.00497202
0.00501709
0.00506341
0.00409842
0.00414092
0.00418669
0.00423499
0.00428512
0.0033441
0.00339018
0.00344048
0.00349378
0.00354923
0.00263976
0.0026922
0.00274907
0.0028087
0.00287006
0.00201074
0.00206873
0.00213092
0.00219548
0.00226142
0.00147105
0.00153111
0.00159548
0.00166218
0.00173013
0.00103562
0.00109116
0.00115064
0.00121293
0.00127755
0.00071242
0.000755462
0.000799595
0.000845534
0.000898455
0.000475276
0.000498511
0.000520274
0.000546608
0.000580768
0.000240582
0.000247019
0.000269666
0.0159544
0.0159531
0.0159517
0.01595
0.0159482
0.0159462
0.0159441
0.0159419
0.0159396
0.0159373
0.0159351
0.015933
0.0159312
0.0159298
0.0159287
0.0159281
0.0159281
0.0159287
0.0159299
0.0159316
0.015934
0.0159369
0.0159404
0.0159446
0.0159494
0.0159549
0.0159611
0.0159681
0.015976
0.015985
0.0159949
0.016006
0.0160184
0.016032
0.0160471
0.0160636
0.0160816
0.0161013
0.0161225
0.0161452
0.0161695
0.0161953
0.0162227
0.0162524
0.0162807
0.0163069
0.0163277
0.0163621
0.0163851
0.0163552
0.0158945
0.0158927
0.0158907
0.0158884
0.015886
0.0158835
0.0158808
0.015878
0.0158752
0.0158725
0.0158699
0.0158675
0.0158655
0.015864
0.0158629
0.0158625
0.0158626
0.0158636
0.0158652
0.0158676
0.0158707
0.0158745
0.015879
0.0158843
0.0158904
0.0158973
0.0159052
0.015914
0.0159238
0.0159348
0.015947
0.0159605
0.0159753
0.0159915
0.0160093
0.0160286
0.0160496
0.0160723
0.0160967
0.0161227
0.0161502
0.0161787
0.016208
0.0162383
0.0162694
0.0162995
0.016323
0.0163533
0.0163791
0.0163565
0.0158252
0.0158226
0.0158197
0.0158166
0.0158132
0.0158096
0.0158058
0.015802
0.0157982
0.0157945
0.0157911
0.015788
0.0157854
0.0157835
0.0157823
0.0157819
0.0157823
0.0157837
0.015786
0.0157893
0.0157934
0.0157985
0.0158045
0.0158114
0.0158192
0.0158282
0.0158382
0.0158494
0.0158619
0.0158757
0.0158909
0.0159075
0.0159255
0.0159451
0.0159661
0.0159887
0.016013
0.0160389
0.0160666
0.0160961
0.016127
0.016159
0.0161915
0.0162243
0.0162581
0.0162924
0.0163207
0.016346
0.0163717
0.0163586
0.015748
0.0157445
0.0157406
0.0157363
0.0157318
0.015727
0.015722
0.015717
0.015712
0.0157072
0.0157027
0.0156988
0.0156956
0.0156932
0.0156917
0.0156913
0.0156921
0.0156941
0.0156973
0.0157016
0.015707
0.0157136
0.0157214
0.0157303
0.0157404
0.0157518
0.0157646
0.0157789
0.0157946
0.0158119
0.0158309
0.0158514
0.0158735
0.0158971
0.0159222
0.0159487
0.0159766
0.016006
0.0160371
0.01607
0.0161045
0.0161402
0.016176
0.0162115
0.0162475
0.0162852
0.016318
0.0163409
0.0163649
0.0163589
0.0156645
0.0156597
0.0156545
0.0156488
0.0156428
0.0156365
0.01563
0.0156234
0.0156169
0.0156107
0.015605
0.0156
0.015596
0.0155931
0.0155914
0.0155911
0.0155923
0.0155951
0.0155993
0.0156049
0.0156119
0.0156204
0.0156302
0.0156416
0.0156544
0.0156688
0.015685
0.0157029
0.0157226
0.0157442
0.0157676
0.0157929
0.0158199
0.0158486
0.0158786
0.0159098
0.0159421
0.0159754
0.0160101
0.0160463
0.0160841
0.0161231
0.0161623
0.0162006
0.0162382
0.0162785
0.0163154
0.0163377
0.01636
0.0163582
0.0155749
0.0155686
0.0155618
0.0155544
0.0155465
0.0155383
0.0155299
0.0155214
0.0155132
0.0155053
0.0154982
0.015492
0.0154871
0.0154836
0.0154818
0.0154815
0.0154833
0.015487
0.0154924
0.0154996
0.0155084
0.015519
0.0155314
0.0155455
0.0155615
0.0155794
0.0155994
0.0156216
0.0156459
0.0156724
0.0157012
0.015732
0.0157647
0.0157991
0.0158349
0.0158717
0.0159093
0.0159475
0.0159864
0.0160261
0.0160667
0.0161082
0.0161504
0.0161916
0.0162306
0.0162725
0.0163132
0.0163369
0.016357
0.0163569
0.0154791
0.0154709
0.0154621
0.0154527
0.0154427
0.0154323
0.0154217
0.0154112
0.0154009
0.0153913
0.0153826
0.0153753
0.0153695
0.0153656
0.0153637
0.0153637
0.0153664
0.0153712
0.0153782
0.0153872
0.0153983
0.0154115
0.0154269
0.0154445
0.0154643
0.0154863
0.0155107
0.0155376
0.0155669
0.0155989
0.0156333
0.0156701
0.015709
0.0157498
0.015792
0.0158352
0.0158789
0.0159229
0.015967
0.0160108
0.0160541
0.0160974
0.0161411
0.0161848
0.0162257
0.0162674
0.0163112
0.0163388
0.0163553
0.016355
0.0153762
0.015366
0.0153549
0.0153431
0.0153307
0.0153179
0.0153049
0.015292
0.0152797
0.0152682
0.015258
0.0152495
0.015243
0.0152389
0.0152374
0.0152383
0.0152422
0.0152487
0.0152578
0.0152695
0.0152839
0.0153006
0.0153198
0.0153415
0.0153657
0.0153925
0.015422
0.0154543
0.0154894
0.0155273
0.0155679
0.0156111
0.0156564
0.0157036
0.0157523
0.0158019
0.0158518
0.0159015
0.0159504
0.0159981
0.0160445
0.01609
0.0161352
0.0161803
0.0162232
0.0162636
0.0163093
0.016341
0.016355
0.0163528
0.0152652
0.0152524
0.0152387
0.015224
0.0152088
0.0151931
0.0151773
0.0151618
0.015147
0.0151335
0.0151217
0.015112
0.015105
0.0151009
0.0150998
0.0151021
0.0151076
0.0151164
0.0151284
0.0151435
0.0151614
0.0151822
0.0152057
0.0152321
0.0152615
0.0152939
0.0153293
0.015368
0.0154098
0.0154546
0.0155024
0.0155527
0.0156053
0.0156596
0.0157151
0.0157712
0.0158271
0.0158822
0.0159358
0.0159873
0.0160367
0.0160842
0.0161311
0.0161776
0.0162221
0.0162618
0.0163075
0.0163412
0.0163576
0.0163505
0.0151447
0.0151289
0.0151119
0.0150939
0.0150753
0.0150562
0.0150372
0.0150187
0.0150012
0.0149854
0.0149719
0.0149612
0.0149538
0.0149499
0.0149494
0.0149534
0.0149614
0.0149733
0.0149888
0.0150078
0.01503
0.0150554
0.015084
0.015116
0.0151513
0.0151901
0.0152325
0.0152784
0.0153277
0.0153804
0.015436
0.0154943
0.0155547
0.0156166
0.0156794
0.0157422
0.0158043
0.0158648
0.0159231
0.0159784
0.0160305
0.0160799
0.0161281
0.0161759
0.0162218
0.0162613
0.0163059
0.0163406
0.0163584
0.0163481
0.0150143
0.0149947
0.0149739
0.0149519
0.0149292
0.0149062
0.0148834
0.0148614
0.014841
0.0148227
0.0148075
0.0147957
0.0147881
0.0147849
0.0147861
0.0147926
0.0148037
0.0148192
0.0148387
0.0148621
0.0148892
0.01492
0.0149546
0.0149929
0.0150351
0.0150813
0.0151316
0.0151857
0.0152436
0.015305
0.0153694
0.0154363
0.0155052
0.0155751
0.0156454
0.0157151
0.0157834
0.0158493
0.0159121
0.0159711
0.0160258
0.0160769
0.0161261
0.0161749
0.016222
0.0162613
0.0163046
0.0163399
0.0163584
0.0163459
0.0148751
0.0148511
0.0148257
0.014799
0.0147716
0.0147439
0.0147167
0.0146906
0.0146667
0.0146457
0.0146287
0.0146162
0.0146088
0.0146067
0.0146105
0.0146197
0.0146342
0.0146536
0.0146777
0.0147062
0.014739
0.014776
0.0148173
0.014863
0.0149131
0.0149678
0.0150269
0.0150903
0.0151578
0.0152288
0.0153028
0.0153792
0.015457
0.0155355
0.0156135
0.0156902
0.0157646
0.0158358
0.0159029
0.0159653
0.0160224
0.0160749
0.0161248
0.0161743
0.0162226
0.0162617
0.0163035
0.0163391
0.0163581
0.0163438
0.0147289
0.0147003
0.01467
0.0146384
0.0146059
0.0145734
0.0145416
0.0145113
0.0144836
0.0144596
0.0144402
0.0144261
0.0144182
0.0144165
0.0144222
0.0144343
0.0144525
0.0144765
0.0145057
0.01454
0.0145792
0.0146232
0.0146722
0.0147263
0.0147854
0.0148496
0.0149188
0.0149926
0.0150706
0.0151523
0.0152367
0.0153232
0.0154106
0.0154979
0.0155839
0.0156676
0.015748
0.0158242
0.0158953
0.0159608
0.0160202
0.0160738
0.0161243
0.0161741
0.0162233
0.0162624
0.0163028
0.0163383
0.0163576
0.0163419
0.014572
0.0145381
0.0145022
0.0144648
0.0144266
0.0143884
0.0143512
0.0143162
0.0142844
0.0142572
0.0142355
0.0142204
0.0142124
0.0142114
0.0142197
0.0142355
0.0142582
0.0142874
0.0143227
0.0143636
0.0144101
0.0144622
0.0145198
0.0145832
0.0146524
0.0147272
0.0148075
0.0148928
0.0149825
0.0150758
0.0151716
0.0152688
0.0153662
0.0154626
0.0155567
0.0156474
0.0157335
0.0158143
0.0158892
0.0159575
0.0160188
0.0160734
0.0161241
0.0161742
0.0162242
0.0162632
0.0163022
0.0163376
0.0163571
0.0163403
0.0144034
0.0143632
0.0143208
0.0142768
0.014232
0.0141874
0.0141443
0.0141039
0.0140678
0.0140372
0.0140136
0.0139977
0.0139904
0.0139911
0.0140029
0.0140231
0.0140511
0.0140864
0.0141285
0.0141769
0.0142317
0.0142927
0.0143602
0.0144341
0.0145144
0.0146011
0.0146936
0.0147915
0.0148939
0.0149998
0.0151077
0.0152163
0.0153242
0.0154299
0.0155321
0.0156295
0.0157211
0.0158063
0.0158844
0.0159552
0.0160182
0.0160735
0.0161244
0.0161745
0.0162252
0.0162642
0.0163018
0.0163369
0.0163566
0.0163389
0.014222
0.0141746
0.0141246
0.0140729
0.0140206
0.0139688
0.0139191
0.0138731
0.0138324
0.0137987
0.0137733
0.0137574
0.0137515
0.0137561
0.0137718
0.0137971
0.0138312
0.0138734
0.0139231
0.01398
0.0140439
0.014115
0.0141934
0.014279
0.0143718
0.0144715
0.0145776
0.0146893
0.0148054
0.0149247
0.0150456
0.0151661
0.0152848
0.0153999
0.01551
0.0156139
0.0157107
0.0157997
0.0158808
0.0159538
0.0160182
0.016074
0.016125
0.0161749
0.0162262
0.0162652
0.0163015
0.0163363
0.0163561
0.0163379
0.0140266
0.0139707
0.0139121
0.0138517
0.0137909
0.0137312
0.0136744
0.0136224
0.0135773
0.0135407
0.0135144
0.0134992
0.013495
0.0135043
0.0135254
0.013557
0.0135983
0.0136483
0.0137066
0.0137729
0.0138471
0.0139293
0.0140197
0.0141182
0.0142247
0.0143388
0.0144598
0.0145865
0.0147175
0.0148512
0.0149856
0.0151185
0.0152481
0.0153726
0.0154905
0.0156006
0.0157021
0.0157946
0.0158782
0.015953
0.0160186
0.0160749
0.0161257
0.0161754
0.0162272
0.0162661
0.0163014
0.0163358
0.0163556
0.0163374
0.0138157
0.01375
0.0136814
0.0136112
0.0135409
0.0134725
0.0134082
0.0133503
0.013301
0.0132623
0.0132358
0.0132224
0.013221
0.0132363
0.013264
0.0133031
0.0133524
0.0134112
0.0134789
0.0135555
0.0136411
0.0137356
0.0138394
0.0139522
0.0140737
0.0142036
0.0143407
0.0144837
0.0146306
0.0147795
0.014928
0.0150736
0.0152142
0.015348
0.0154734
0.0155893
0.0156951
0.0157907
0.0158765
0.0159527
0.0160193
0.0160759
0.0161265
0.016176
0.0162281
0.0162671
0.0163014
0.0163357
0.0163551
0.016337
0.0135875
0.0135106
0.0134307
0.0133495
0.013269
0.0131914
0.0131195
0.0130559
0.0130032
0.0129634
0.012938
0.0129279
0.0129325
0.0129541
0.0129891
0.0130362
0.0130941
0.0131622
0.0132402
0.0133281
0.013426
0.0135341
0.0136525
0.0137811
0.0139193
0.0140663
0.0142209
0.0143814
0.0145453
0.0147102
0.0148733
0.0150317
0.0151833
0.0153261
0.0154586
0.0155798
0.0156895
0.0157879
0.0158754
0.0159528
0.0160202
0.016077
0.0161274
0.0161766
0.016229
0.016268
0.0163014
0.0163361
0.0163546
0.0163368
0.0133408
0.0132512
0.0131587
0.0130655
0.0129739
0.012887
0.0128077
0.0127392
0.012684
0.0126444
0.0126215
0.0126156
0.0126289
0.0126579
0.0127009
0.0127566
0.0128237
0.0129018
0.0129908
0.0130908
0.0132021
0.0133251
0.0134596
0.0136054
0.0137617
0.0139275
0.0141011
0.0142802
0.0144621
0.0146436
0.0148216
0.0149929
0.0151553
0.0153067
0.0154459
0.0155721
0.0156852
0.0157858
0.0158748
0.0159532
0.0160213
0.0160782
0.0161284
0.0161771
0.0162299
0.0162689
0.0163015
0.0163369
0.0163542
0.0163367
0.0130744
0.0129708
0.0128648
0.012759
0.0126564
0.0125606
0.0124751
0.0124031
0.0123475
0.0123102
0.012292
0.0122907
0.0123122
0.0123497
0.0124015
0.0124661
0.0125428
0.0126313
0.0127318
0.0128447
0.0129704
0.0131093
0.0132613
0.0134259
0.0136019
0.013788
0.0139818
0.0141808
0.0143815
0.0145803
0.0147731
0.0149573
0.0151302
0.0152898
0.0154352
0.0155658
0.0156819
0.0157845
0.0158747
0.0159538
0.0160224
0.0160793
0.0161293
0.0161777
0.0162306
0.0162697
0.0163017
0.0163376
0.0163539
0.0163367
0.012787
0.0126682
0.0125479
0.0124292
0.012316
0.0122121
0.0121216
0.0120479
0.0119935
0.01196
0.0119488
0.0119574
0.0119867
0.0120324
0.0120926
0.0121662
0.0122526
0.0123519
0.0124644
0.0125909
0.0127319
0.0128877
0.0130584
0.0132433
0.0134406
0.0136484
0.0138639
0.0140838
0.0143039
0.0145201
0.0147281
0.0149249
0.0151078
0.0152751
0.0154261
0.0155607
0.0156795
0.0157837
0.0158748
0.0159544
0.0160235
0.0160805
0.0161302
0.0161783
0.0162313
0.0162705
0.0163019
0.0163378
0.0163535
0.0163368
0.0124806
0.0123461
0.0122115
0.0120806
0.0119578
0.0118477
0.0117546
0.0116813
0.0116304
0.011604
0.0115984
0.0116176
0.0116551
0.0117088
0.0117771
0.0118593
0.0119553
0.0120654
0.0121903
0.0123309
0.0124878
0.0126617
0.0128523
0.0130586
0.0132789
0.0135098
0.0137482
0.0139898
0.0142299
0.0144636
0.0146866
0.0148955
0.015088
0.0152625
0.0154186
0.0155566
0.0156777
0.0157833
0.0158751
0.0159552
0.0160246
0.0160816
0.016131
0.0161788
0.016232
0.0162711
0.0163023
0.0163377
0.0163532
0.0163369
0.0121585
0.0120089
0.0118612
0.01172
0.0115903
0.011477
0.0113839
0.011314
0.01127
0.0112516
0.0112523
0.0112796
0.0113243
0.0113847
0.0114599
0.0115496
0.0116541
0.0117744
0.0119115
0.0120666
0.0122402
0.0124329
0.0126445
0.0128737
0.0131179
0.0133731
0.0136354
0.0138995
0.0141599
0.0144109
0.0146485
0.0148692
0.0150706
0.0152516
0.0154123
0.0155534
0.0156764
0.0157831
0.0158756
0.015956
0.0160257
0.0160826
0.0161318
0.0161793
0.0162327
0.0162718
0.0163027
0.0163375
0.016353
0.0163373
0.011826
0.0116636
0.0115057
0.0113577
0.0112248
0.0111118
0.0110224
0.0109596
0.0109239
0.0109125
0.0109227
0.0109543
0.0110031
0.0110677
0.0111475
0.0112427
0.0113542
0.0114833
0.0116317
0.0118006
0.0119911
0.0122033
0.0124366
0.0126896
0.012959
0.0132395
0.0135265
0.0138133
0.0140938
0.0143622
0.014614
0.0148457
0.0150554
0.0152423
0.0154071
0.0155509
0.0156756
0.0157832
0.0158761
0.0159568
0.0160267
0.0160836
0.0161325
0.0161797
0.0162332
0.0162721
0.0163031
0.0163373
0.0163527
0.0163376
0.0114936
0.011323
0.0111603
0.0110109
0.0108802
0.0107725
0.0106919
0.0106387
0.0106113
0.0106038
0.0106183
0.0106508
0.0107004
0.010766
0.0108475
0.0109455
0.0110616
0.0111976
0.0113554
0.0115369
0.0117433
0.011975
0.0122304
0.012508
0.0128033
0.01311
0.0134221
0.0137318
0.0140322
0.0143174
0.0145827
0.0148248
0.0150421
0.0152344
0.0154028
0.0155489
0.0156751
0.0157834
0.0158767
0.0159576
0.0160276
0.0160845
0.0161332
0.0161801
0.016233
0.0162719
0.0163035
0.016337
0.0163525
0.0163379
0.011175
0.0110041
0.0108444
0.0107013
0.0105808
0.0104858
0.0104164
0.010371
0.0103474
0.0103411
0.0103539
0.010383
0.0104285
0.0104905
0.0105695
0.0106665
0.0107836
0.0109232
0.0110878
0.0112797
0.0115006
0.0117508
0.0120283
0.0123306
0.0126521
0.0129855
0.0133227
0.013655
0.0139751
0.0142766
0.0145546
0.0148063
0.0150305
0.0152276
0.0153992
0.0155474
0.0156747
0.0157838
0.0158774
0.0159583
0.0160285
0.0160854
0.0161338
0.0161805
0.0162325
0.0162715
0.0163034
0.0163368
0.0163524
0.0163382
0.010885
0.0107258
0.0105805
0.0104535
0.0103478
0.0102648
0.0102043
0.0101648
0.0101437
0.0101373
0.0101449
0.0101668
0.010202
0.0102542
0.0103247
0.0104153
0.0105285
0.0106672
0.0108347
0.0110337
0.0112665
0.0115335
0.0118322
0.0121591
0.0125069
0.0128667
0.0132288
0.0135835
0.0139226
0.0142395
0.0145294
0.01479
0.0150205
0.0152219
0.0153963
0.0155463
0.0156746
0.0157842
0.015878
0.015959
0.0160293
0.0160861
0.0161344
0.0161809
0.016232
0.0162711
0.0163032
0.0163365
0.0163522
0.0163384
0.0106416
0.0105022
0.0103766
0.0102682
0.0101791
0.0101098
0.0100596
0.0100264
0.0100074
0.0100003
0.0100012
0.0100139
0.0100359
0.010071
0.0101252
0.0102022
0.010305
0.010437
0.0106021
0.0108038
0.0110448
0.0113258
0.0116443
0.0119949
0.0123687
0.0127546
0.0131409
0.0135173
0.0138746
0.0142059
0.014507
0.0147756
0.0150117
0.015217
0.0153939
0.0155454
0.0156746
0.0157846
0.0158786
0.0159597
0.0160301
0.0160868
0.0161349
0.0161812
0.0162314
0.0162707
0.016303
0.0163363
0.0163521
0.0163387
0.0104334
0.0103211
0.0102211
0.0101359
0.0100667
0.0100134
0.00997476
0.00994865
0.00993263
0.00992446
0.00992195
0.00992489
0.00993435
0.00995173
0.00998249
0.0100375
0.0101218
0.0102399
0.010396
0.0105945
0.010839
0.0111306
0.0114665
0.0118395
0.0122384
0.0126493
0.0130593
0.0134564
0.0138309
0.0141757
0.0144869
0.0147629
0.0150042
0.0152128
0.0153918
0.0155447
0.0156746
0.015785
0.0158792
0.0159603
0.0160307
0.0160874
0.0161354
0.0161815
0.0162309
0.0162703
0.0163028
0.016336
0.016352
0.0163389
0.0102498
0.0101692
0.0100984
0.0100388
0.00999114
0.00995504
0.00992926
0.00991194
0.00990097
0.00989434
0.0098905
0.00988869
0.00988891
0.00989273
0.00990362
0.00992937
0.00998597
0.0100818
0.0102215
0.0104102
0.0106525
0.0109503
0.0113004
0.0116937
0.0121161
0.0125514
0.012984
0.0134007
0.0137912
0.0141486
0.0144691
0.0147517
0.0149976
0.0152092
0.0153902
0.0155442
0.0156747
0.0157855
0.0158797
0.0159608
0.0160313
0.016088
0.0161358
0.0161818
0.0162303
0.0162698
0.0163026
0.0163358
0.0163519
0.016339
0.0100707
0.0100237
0.00998307
0.00994983
0.00992449
0.00990674
0.00989569
0.00988975
0.00988714
0.00988625
0.00988577
0.00988456
0.00988224
0.00987909
0.00987694
0.00988055
0.00990269
0.0099673
0.0100824
0.0102538
0.0104875
0.0107863
0.011147
0.0115583
0.0120026
0.0124608
0.0129148
0.0133499
0.0137554
0.0141243
0.0144532
0.0147419
0.0149918
0.0152061
0.0153888
0.0155438
0.0156749
0.0157859
0.0158802
0.0159613
0.0160319
0.0160885
0.0161362
0.0161821
0.0162298
0.0162695
0.0163023
0.0163356
0.0163518
0.0163392
0.0098714
0.00985794
0.00984719
0.00984017
0.0098366
0.00983692
0.00984405
0.00985379
0.00986488
0.0098758
0.00988514
0.00989156
0.00989408
0.00989164
0.00988451
0.00987603
0.00987374
0.0098984
0.00998046
0.010127
0.0103452
0.0106395
0.0110068
0.0114332
0.0118979
0.0123777
0.0128516
0.0133039
0.0137231
0.0141025
0.0144392
0.0147332
0.0149868
0.0152035
0.0153876
0.0155435
0.0156751
0.0157863
0.0158807
0.0159618
0.0160323
0.0160889
0.0161365
0.0161824
0.0162294
0.0162691
0.0163021
0.0163354
0.0163517
0.0163393
0.00961578
0.00963328
0.00965117
0.00967074
0.009693
0.00971842
0.00974691
0.00977767
0.00980937
0.00984013
0.00986791
0.00989048
0.0099062
0.00991335
0.00991085
0.00989815
0.00988098
0.00987446
0.00991568
0.0100298
0.0102259
0.0105101
0.0108796
0.0113188
0.011802
0.0123016
0.0127942
0.0132622
0.013694
0.0140831
0.0144267
0.0147256
0.0149824
0.0152012
0.0153866
0.0155432
0.0156752
0.0157867
0.0158811
0.0159622
0.0160328
0.0160893
0.0161368
0.0161826
0.0162289
0.0162687
0.0163019
0.0163353
0.0163516
0.0163395
0.009283
0.00932865
0.00937405
0.0094208
0.00947024
0.00952318
0.00957971
0.00963907
0.00969988
0.00975992
0.00981634
0.00986569
0.00990471
0.00993045
0.00994067
0.00993404
0.00991161
0.00988641
0.00988667
0.00996113
0.0101289
0.0103973
0.0107655
0.0112149
0.0117145
0.0122324
0.012742
0.0132246
0.013668
0.0140657
0.0144156
0.0147189
0.0149786
0.0151992
0.0153858
0.0155431
0.0156754
0.015787
0.0158815
0.0159625
0.0160332
0.0160897
0.0161371
0.0161828
0.0162285
0.0162684
0.0163017
0.0163351
0.0163516
0.0163396
0.00885128
0.0089224
0.00899455
0.0090697
0.00914953
0.00923504
0.00932625
0.00942243
0.00952185
0.00962158
0.00971789
0.00980552
0.00987917
0.00993344
0.00996539
0.00997249
0.00995318
0.00991761
0.00988846
0.00991905
0.0100525
0.0103007
0.0106639
0.0111208
0.0116351
0.0121696
0.0126949
0.0131907
0.0136447
0.0140503
0.0144058
0.014713
0.0149753
0.0151975
0.0153851
0.015543
0.0156756
0.0157874
0.0158819
0.0159629
0.0160335
0.01609
0.0161373
0.016183
0.0162281
0.0162681
0.0163016
0.016335
0.0163517
0.0163397
0.00830459
0.00839839
0.008497
0.00860273
0.00871732
0.00884156
0.00897547
0.00911794
0.00926644
0.00941733
0.00956514
0.009703
0.009823
0.00991729
0.00997896
0.0100063
0.00999823
0.009959
0.00991096
0.00990014
0.00999507
0.0102191
0.0105739
0.0110362
0.0115632
0.0121129
0.0126524
0.0131604
0.0136238
0.0140366
0.0143972
0.0147078
0.0149724
0.0151961
0.0153845
0.0155429
0.0156758
0.0157877
0.0158822
0.0159632
0.0160338
0.0160903
0.0161375
0.0161831
0.0162277
0.0162679
0.0163014
0.0163348
0.0163517
0.0163397
0.00762828
0.00774386
0.00787101
0.0080117
0.00816701
0.00833759
0.00852314
0.00872181
0.0089307
0.00914452
0.00935596
0.00955627
0.00973402
0.00987849
0.00997979
0.0100339
0.0100411
0.0100033
0.00994273
0.00989988
0.00995454
0.0101509
0.0104946
0.0109602
0.0114984
0.0120617
0.0126143
0.0131331
0.0136052
0.0140244
0.0143895
0.0147033
0.0149699
0.0151948
0.015384
0.0155428
0.015676
0.0157879
0.0158825
0.0159634
0.0160341
0.0160906
0.0161377
0.0161833
0.0162274
0.0162676
0.0163012
0.0163347
0.0163516
0.0163398
0.00681921
0.00696068
0.00712201
0.00730349
0.00750608
0.00772988
0.00797496
0.00823894
0.00851832
0.00880601
0.00909301
0.00936673
0.00961273
0.00981687
0.00996612
0.0100532
0.0100793
0.0100475
0.0099788
0.00991388
0.00992869
0.0100946
0.0104251
0.0108923
0.0114401
0.0120157
0.01258
0.0131088
0.0135886
0.0140135
0.0143827
0.0146992
0.0149676
0.0151937
0.0153836
0.0155428
0.0156761
0.0157882
0.0158828
0.0159636
0.0160343
0.0160908
0.0161379
0.0161834
0.0162271
0.0162674
0.0163011
0.0163346
0.0163516
0.0163399
0.00596667
0.00612204
0.00630735
0.00652264
0.00676825
0.00704475
0.00735078
0.00768505
0.00804127
0.00841182
0.00878321
0.00913953
0.0094632
0.00973492
0.00993856
0.0100636
0.0101128
0.0100902
0.0100162
0.00993464
0.00991434
0.0100487
0.0103643
0.0108316
0.0113878
0.0119744
0.0125493
0.013087
0.0135739
0.0140039
0.0143767
0.0146957
0.0149657
0.0151927
0.0153832
0.0155427
0.0156763
0.0157884
0.015883
0.0159639
0.0160345
0.016091
0.016138
0.0161835
0.0162269
0.0162672
0.016301
0.0163345
0.0163516
0.0163399
0.00515237
0.00531935
0.00552127
0.00575791
0.00603119
0.00634377
0.00669735
0.0070927
0.00752252
0.00797692
0.00843673
0.00888256
0.00929013
0.00963536
0.00989844
0.0100667
0.010141
0.0101301
0.0100531
0.00995784
0.00990861
0.0100115
0.0103111
0.0107776
0.0113409
0.0119374
0.0125218
0.0130676
0.0135608
0.0139954
0.0143714
0.0146926
0.014964
0.0151919
0.0153829
0.0155427
0.0156764
0.0157886
0.0158832
0.015964
0.0160347
0.0160912
0.0161382
0.0161836
0.0162266
0.016267
0.0163009
0.0163344
0.0163515
0.01634
0.00437935
0.00456192
0.00478418
0.00504444
0.00534438
0.00568682
0.0060744
0.0065108
0.00699595
0.00752356
0.00806885
0.0086046
0.00909937
0.00952252
0.00984942
0.0100638
0.0101646
0.0101666
0.0100884
0.00998188
0.00990995
0.00998189
0.0102648
0.0107295
0.011299
0.0119043
0.0124973
0.0130503
0.0135491
0.0139879
0.0143667
0.0146899
0.0149625
0.0151912
0.0153826
0.0155427
0.0156766
0.0157888
0.0158834
0.0159642
0.0160349
0.0160913
0.0161383
0.0161837
0.0162264
0.0162668
0.0163007
0.0163344
0.0163515
0.0163401
0.00365032
0.00385048
0.00409405
0.00437827
0.00470483
0.00507678
0.00549696
0.00596943
0.0064957
0.00707627
0.00769473
0.00831457
0.00889811
0.00940209
0.00979352
0.0100546
0.0101845
0.0101992
0.0101216
0.0100055
0.00991599
0.00995883
0.0102245
0.0106868
0.0112617
0.0118748
0.0124755
0.013035
0.0135387
0.0139812
0.0143626
0.0146874
0.0149612
0.0151906
0.0153824
0.0155427
0.0156767
0.015789
0.0158836
0.0159643
0.016035
0.0160915
0.0161384
0.0161838
0.0162262
0.0162667
0.0163007
0.0163343
0.0163515
0.0163401
0.00297712
0.00319368
0.00345666
0.00376259
0.00411337
0.00451242
0.00496286
0.00546882
0.00603241
0.00665339
0.00732554
0.00802397
0.00869532
0.00927918
0.00973401
0.0100415
0.0102008
0.0102285
0.0101524
0.0100281
0.00992394
0.00994087
0.0101894
0.0106489
0.0112283
0.0118485
0.0124561
0.0130213
0.0135296
0.0139753
0.014359
0.0146853
0.0149601
0.01519
0.0153822
0.0155427
0.0156768
0.0157892
0.0158838
0.0159644
0.0160351
0.0160916
0.0161385
0.0161838
0.0162261
0.0162666
0.0163006
0.0163342
0.0163514
0.0163401
0.00237158
0.00260076
0.00287847
0.00320161
0.00357234
0.0039945
0.00447177
0.00500869
0.00560662
0.0062672
0.00698571
0.00774638
0.00849795
0.00915668
0.00967305
0.0100254
0.010213
0.0102546
0.0101807
0.0100494
0.00993211
0.00992655
0.0101589
0.0106153
0.0111987
0.0118251
0.0124388
0.0130092
0.0135214
0.01397
0.0143558
0.0146835
0.0149591
0.0151895
0.0153821
0.0155428
0.0156769
0.0157893
0.0158839
0.0159645
0.0160352
0.0160917
0.0161386
0.0161839
0.0162259
0.0162665
0.0163005
0.0163342
0.0163514
0.0163402
0.00183897
0.00207468
0.0023614
0.00269602
0.00308143
0.003522
0.00402149
0.00458637
0.00521886
0.00591833
0.00668
0.00749142
0.00830923
0.00903795
0.00961233
0.0100075
0.0102221
0.0102779
0.0102065
0.0100691
0.00994047
0.00991505
0.0101323
0.0105855
0.0111723
0.0118042
0.0124234
0.0129984
0.0135142
0.0139654
0.0143529
0.0146818
0.0149582
0.0151891
0.0153819
0.0155428
0.015677
0.0157894
0.015884
0.0159646
0.0160353
0.0160918
0.0161386
0.0161839
0.0162258
0.0162664
0.0163004
0.0163341
0.0163514
0.0163402
0.00137851
0.00161435
0.00190423
0.0022449
0.00263968
0.00309538
0.0036167
0.00420744
0.00486985
0.00560322
0.00640333
0.00725828
0.00813315
0.00892499
0.00955308
0.00998853
0.0102293
0.0102984
0.0102299
0.0100873
0.00994897
0.00990607
0.0101091
0.0105591
0.0111488
0.0117857
0.0124097
0.0129888
0.0135078
0.0139613
0.0143504
0.0146804
0.0149574
0.0151888
0.0153818
0.0155428
0.0156771
0.0157895
0.0158841
0.0159647
0.0160354
0.0160918
0.0161387
0.0161838
0.0162257
0.0162663
0.0163004
0.0163341
0.0163513
0.0163402
0.000981299
0.00121351
0.00150189
0.00184674
0.0022523
0.00272192
0.00326033
0.00387122
0.00455759
0.00531881
0.00615211
0.00704657
0.00797077
0.00881877
0.00949606
0.00996906
0.0102347
0.0103164
0.010251
0.0101039
0.00995708
0.00989916
0.0100889
0.0105358
0.011128
0.0117692
0.0123976
0.0129804
0.0135022
0.0139577
0.0143482
0.0146791
0.0149568
0.0151885
0.0153817
0.0155428
0.0156771
0.0157896
0.0158842
0.0159647
0.0160354
0.0160919
0.0161387
0.0161838
0.0162256
0.0162663
0.0163003
0.0163341
0.0163513
0.0163403
0.000635967
0.000863764
0.00115481
0.00150539
0.00191874
0.00239824
0.00294854
0.00357375
0.00427778
0.00506181
0.00592335
0.00685277
0.00782136
0.00871934
0.00944158
0.00994945
0.0102385
0.0103321
0.0102699
0.0101189
0.00996454
0.0098938
0.0100712
0.010515
0.0111095
0.0117546
0.0123868
0.0129729
0.0134972
0.0139545
0.0143463
0.014678
0.0149562
0.0151882
0.0153816
0.0155428
0.0156772
0.0157897
0.0158843
0.0159648
0.0160354
0.0160919
0.0161387
0.0161838
0.0162255
0.0162662
0.0163003
0.0163341
0.0163513
0.0163403
0.00030193
0.000557646
0.000857232
0.00121494
0.00163375
0.00211864
0.00267629
0.00331129
0.00402907
0.00483096
0.00571533
0.00667461
0.00768394
0.00862689
0.00939022
0.00993026
0.0102413
0.0103459
0.0102868
0.0101324
0.00997135
0.00988941
0.0100556
0.0104967
0.011093
0.0117415
0.0123773
0.0129662
0.0134927
0.0139517
0.0143446
0.0146771
0.0149557
0.015188
0.0153815
0.0155428
0.0156773
0.0157898
0.0158844
0.0159648
0.0160354
0.0160919
0.0161387
0.0161837
0.0162255
0.0162662
0.0163003
0.016334
0.0163513
0.0163403
0.0163404
0.0163404
0.0163404
0.0163404
0.0163405
0.0163405
0.0163405
0.0163405
0.0163406
0.0163406
0.0163406
0.0163407
0.0163407
0.0163407
0.0163408
0.0163408
0.0163408
0.0163408
0.0163409
0.0163409
0.0163409
0.016341
0.016341
0.016341
0.016341
0.0163411
0.0163411
0.0163411
0.0163411
0.0163412
0.0163412
0.0163412
0.0163412
0.0163413
0.0163413
0.0163413
0.0163413
0.0163414
0.0163414
0.0163414
0.0163415
0.0163415
0.0163415
0.0163415
0.0163416
0.0163416
0.0163416
0.0163416
0.0163417
0.0163417
0.0163513
0.0163513
0.0163512
0.0163512
0.0163512
0.0163512
0.0163512
0.0163512
0.0163512
0.0163512
0.0163512
0.0163512
0.0163511
0.0163511
0.0163511
0.0163511
0.0163511
0.0163511
0.0163511
0.0163511
0.0163511
0.0163511
0.016351
0.016351
0.016351
0.016351
0.016351
0.016351
0.016351
0.016351
0.0163509
0.0163509
0.0163509
0.0163509
0.0163509
0.0163509
0.0163509
0.0163508
0.0163508
0.0163508
0.0163508
0.0163508
0.0163508
0.0163507
0.0163507
0.0163507
0.0163507
0.0163507
0.0163507
0.0163506
0.016334
0.016334
0.016334
0.016334
0.016334
0.016334
0.016334
0.016334
0.0163339
0.0163339
0.0163339
0.0163339
0.0163339
0.0163339
0.0163339
0.0163339
0.0163339
0.0163338
0.0163338
0.0163338
0.0163338
0.0163338
0.0163338
0.0163337
0.0163337
0.0163337
0.0163337
0.0163337
0.0163336
0.0163336
0.0163336
0.0163336
0.0163335
0.0163335
0.0163335
0.0163334
0.0163334
0.0163334
0.0163333
0.0163333
0.0163333
0.0163332
0.0163332
0.0163331
0.0163331
0.0163331
0.016333
0.016333
0.0163329
0.0163329
0.0163002
0.0163002
0.0163002
0.0163002
0.0163002
0.0163002
0.0163001
0.0163001
0.0163001
0.0163001
0.0163001
0.0163001
0.0163001
0.0163
0.0163
0.0163
0.0163
0.0163
0.0163
0.0162999
0.0162999
0.0162999
0.0162999
0.0162999
0.0162998
0.0162998
0.0162998
0.0162998
0.0162997
0.0162997
0.0162997
0.0162997
0.0162996
0.0162996
0.0162996
0.0162995
0.0162995
0.0162995
0.0162995
0.0162994
0.0162994
0.0162994
0.0162993
0.0162993
0.0162993
0.0162992
0.0162992
0.0162992
0.0162992
0.0162661
0.0162661
0.0162661
0.0162661
0.0162661
0.016266
0.016266
0.016266
0.016266
0.016266
0.016266
0.016266
0.016266
0.0162659
0.0162659
0.0162659
0.0162659
0.0162659
0.0162658
0.0162658
0.0162658
0.0162658
0.0162658
0.0162657
0.0162657
0.0162657
0.0162657
0.0162657
0.0162656
0.0162656
0.0162656
0.0162656
0.0162655
0.0162655
0.0162655
0.0162655
0.0162654
0.0162654
0.0162654
0.0162654
0.0162653
0.0162653
0.0162653
0.0162652
0.0162652
0.0162652
0.0162254
0.0162254
0.0162253
0.0162253
0.0162253
0.0162253
0.0162252
0.0162252
0.0162252
0.0162251
0.0162251
0.0162251
0.016225
0.016225
0.016225
0.0162249
0.0162249
0.0162249
0.0162248
0.0162248
0.0162248
0.0162247
0.0162247
0.0162246
0.0162246
0.0162246
0.0162245
0.0162245
0.0162244
0.0162244
0.0162244
0.0162243
0.0162243
0.0162242
0.0162242
0.0162241
0.0162241
0.0162241
0.016224
0.016224
0.0162239
0.0162239
0.0162238
0.0162238
0.0161837
0.0161837
0.0161837
0.0161836
0.0161836
0.0161836
0.0161836
0.0161836
0.0161836
0.0161836
0.0161836
0.0161836
0.0161836
0.0161836
0.0161836
0.0161836
0.0161836
0.0161836
0.0161836
0.0161836
0.0161836
0.0161836
0.0161836
0.0161836
0.0161836
0.0161836
0.0161836
0.0161836
0.0161836
0.0161836
0.0161835
0.0161835
0.0161835
0.0161835
0.0161835
0.0161835
0.0161835
0.0161835
0.0161835
0.0161835
0.0161835
0.0161835
0.0161386
0.0161386
0.0161386
0.0161386
0.0161386
0.0161386
0.0161386
0.0161386
0.0161386
0.0161386
0.0161386
0.0161386
0.0161386
0.0161387
0.0161387
0.0161387
0.0161387
0.0161387
0.0161387
0.0161387
0.0161387
0.0161387
0.0161387
0.0161387
0.0161387
0.0161387
0.0161387
0.0161387
0.0161388
0.0161388
0.0161388
0.0161388
0.0161388
0.0161388
0.0161388
0.0161388
0.0161388
0.0161388
0.0161388
0.0161388
0.0161388
0.0160918
0.0160918
0.0160918
0.0160918
0.0160918
0.0160918
0.0160919
0.0160919
0.0160919
0.0160919
0.016092
0.016092
0.016092
0.0160921
0.0160921
0.0160921
0.0160921
0.0160922
0.0160922
0.0160922
0.0160922
0.0160923
0.0160923
0.0160923
0.0160924
0.0160924
0.0160924
0.0160924
0.0160925
0.0160925
0.0160925
0.0160926
0.0160926
0.0160926
0.0160926
0.0160927
0.0160927
0.0160927
0.0160928
0.0160354
0.0160354
0.0160353
0.0160354
0.0160354
0.0160355
0.0160355
0.0160356
0.0160357
0.0160358
0.0160358
0.0160359
0.016036
0.0160361
0.0160362
0.0160363
0.0160364
0.0160364
0.0160365
0.0160366
0.0160367
0.0160368
0.0160369
0.016037
0.0160371
0.0160372
0.0160373
0.0160374
0.0160375
0.0160376
0.0160378
0.0160379
0.016038
0.0160381
0.0160382
0.0160384
0.0160385
0.0160386
0.0160387
0.0159648
0.0159648
0.015965
0.0159652
0.0159654
0.0159656
0.0159659
0.0159662
0.0159664
0.0159667
0.015967
0.0159673
0.0159675
0.0159678
0.0159681
0.0159684
0.0159686
0.0159689
0.0159692
0.0159694
0.0159697
0.01597
0.0159702
0.0159705
0.0159708
0.015971
0.0159713
0.0159716
0.0159718
0.0159721
0.0159723
0.0159726
0.0159729
0.0159731
0.0159734
0.0159736
0.0159739
0.0159741
0.0158845
0.0158847
0.015885
0.0158853
0.0158857
0.0158861
0.0158865
0.0158869
0.0158873
0.0158877
0.0158881
0.0158885
0.0158889
0.0158893
0.0158897
0.0158901
0.0158904
0.0158908
0.0158912
0.0158916
0.015892
0.0158924
0.0158927
0.0158931
0.0158935
0.0158938
0.0158942
0.0158946
0.0158949
0.0158953
0.0158956
0.015896
0.0158963
0.0158967
0.015897
0.0158974
0.0158977
0.0157899
0.0157901
0.0157906
0.015791
0.0157915
0.015792
0.0157925
0.0157931
0.0157936
0.0157941
0.0157947
0.0157952
0.0157957
0.0157962
0.0157967
0.0157973
0.0157978
0.0157983
0.0157988
0.0157993
0.0157998
0.0158003
0.0158008
0.0158012
0.0158017
0.0158022
0.0158027
0.0158031
0.0158036
0.0158041
0.0158045
0.015805
0.0158055
0.0158059
0.0158064
0.0158068
0.0158073
0.0156773
0.0156777
0.0156782
0.0156788
0.0156794
0.0156801
0.0156808
0.0156815
0.0156822
0.0156829
0.0156836
0.0156842
0.0156849
0.0156856
0.0156863
0.0156869
0.0156876
0.0156882
0.0156889
0.0156895
0.0156902
0.0156908
0.0156914
0.015692
0.0156927
0.0156933
0.0156939
0.0156945
0.0156951
0.0156957
0.0156963
0.0156969
0.0156975
0.015698
0.0156986
0.0156992
0.0155428
0.0155432
0.0155439
0.0155447
0.0155456
0.0155464
0.0155473
0.0155482
0.0155491
0.01555
0.0155509
0.0155517
0.0155526
0.0155535
0.0155543
0.0155552
0.015556
0.0155568
0.0155576
0.0155585
0.0155593
0.0155601
0.0155609
0.0155617
0.0155624
0.0155632
0.015564
0.0155648
0.0155656
0.0155663
0.0155671
0.0155678
0.0155686
0.0155693
0.0155701
0.0155708
0.0153815
0.015382
0.0153829
0.015384
0.0153851
0.0153862
0.0153873
0.0153884
0.0153896
0.0153907
0.0153918
0.0153929
0.015394
0.0153951
0.0153961
0.0153972
0.0153982
0.0153993
0.0154003
0.0154013
0.0154023
0.0154034
0.0154044
0.0154054
0.0154064
0.0154074
0.0154084
0.0154094
0.0154104
0.0154113
0.0154123
0.0154132
0.0154142
0.0154151
0.015416
0.0151877
0.0151884
0.0151895
0.0151908
0.0151922
0.0151937
0.0151951
0.0151965
0.0151979
0.0151993
0.0152006
0.015202
0.0152033
0.0152047
0.015206
0.0152073
0.0152086
0.0152099
0.0152112
0.0152126
0.0152139
0.0152151
0.0152164
0.0152177
0.015219
0.0152202
0.0152214
0.0152227
0.0152239
0.0152251
0.0152263
0.0152274
0.0152286
0.0152297
0.0152309
0.0149552
0.0149559
0.0149572
0.0149588
0.0149605
0.0149623
0.014964
0.0149658
0.0149675
0.0149692
0.0149709
0.0149726
0.0149743
0.014976
0.0149777
0.0149793
0.014981
0.0149826
0.0149843
0.0149859
0.0149875
0.014989
0.0149906
0.0149921
0.0149936
0.0149951
0.0149966
0.0149981
0.0149996
0.015001
0.0150024
0.0150038
0.0150052
0.0150066
0.0150079
0.0146762
0.0146768
0.0146783
0.0146802
0.0146822
0.0146844
0.0146866
0.0146887
0.0146909
0.0146931
0.0146952
0.0146973
0.0146994
0.0147015
0.0147035
0.0147056
0.0147075
0.0147095
0.0147114
0.0147133
0.0147152
0.014717
0.0147189
0.0147207
0.0147224
0.0147242
0.0147259
0.0147277
0.0147294
0.014731
0.0147327
0.0147343
0.0147359
0.0147375
0.014739
0.0143432
0.0143436
0.0143453
0.0143476
0.0143501
0.0143527
0.0143553
0.0143579
0.0143604
0.014363
0.0143654
0.0143679
0.0143703
0.0143727
0.0143751
0.0143774
0.0143797
0.014382
0.0143843
0.0143865
0.0143887
0.0143908
0.0143929
0.014395
0.014397
0.014399
0.0144009
0.0144028
0.0144047
0.0144066
0.0144084
0.0144102
0.014412
0.0144137
0.0144154
0.0139495
0.0139494
0.0139512
0.0139537
0.0139565
0.0139594
0.0139623
0.0139652
0.0139681
0.0139709
0.0139737
0.0139764
0.0139791
0.0139818
0.0139844
0.013987
0.0139895
0.013992
0.0139945
0.0139969
0.0139993
0.0140016
0.0140039
0.0140062
0.0140084
0.0140106
0.0140127
0.0140148
0.0140168
0.0140188
0.0140207
0.0140226
0.0140245
0.0140263
0.0134893
0.0134887
0.0134901
0.0134926
0.0134956
0.0134986
0.0135017
0.0135048
0.0135078
0.0135108
0.0135137
0.0135166
0.0135194
0.0135222
0.0135249
0.0135276
0.0135302
0.0135328
0.0135353
0.0135378
0.0135402
0.0135426
0.0135449
0.0135471
0.0135493
0.0135515
0.0135536
0.0135556
0.0135576
0.0135596
0.0135615
0.0135633
0.0135651
0.0135668
0.0129611
0.0129597
0.0129603
0.0129625
0.0129653
0.0129684
0.0129714
0.0129744
0.0129773
0.0129802
0.0129831
0.0129858
0.0129885
0.0129912
0.0129937
0.0129962
0.0129987
0.0130011
0.0130034
0.0130056
0.0130078
0.0130099
0.013012
0.013014
0.0130159
0.0130177
0.0130195
0.0130213
0.0130229
0.0130245
0.013026
0.0130275
0.0130289
0.0130302
0.01237
0.0123675
0.012367
0.0123684
0.0123707
0.0123732
0.0123759
0.0123784
0.0123809
0.0123834
0.0123858
0.012388
0.0123903
0.0123924
0.0123945
0.0123965
0.0123984
0.0124002
0.0124019
0.0124036
0.0124052
0.0124067
0.0124081
0.0124095
0.0124107
0.0124119
0.012413
0.012414
0.0124149
0.0124158
0.0124165
0.0124172
0.0124178
0.0124183
0.0117317
0.0117277
0.0117261
0.0117259
0.0117271
0.0117287
0.0117304
0.0117321
0.0117337
0.0117353
0.0117368
0.0117381
0.0117394
0.0117406
0.0117417
0.0117427
0.0117437
0.0117445
0.0117452
0.0117459
0.0117464
0.0117469
0.0117473
0.0117475
0.0117477
0.0117477
0.0117477
0.0117476
0.0117474
0.0117471
0.0117467
0.0117463
0.0117457
0.011745
0.0110805
0.011075
0.011072
0.0110706
0.01107
0.0110699
0.0110703
0.0110706
0.011071
0.0110712
0.0110714
0.0110714
0.0110714
0.0110712
0.011071
0.0110708
0.0110704
0.0110699
0.0110694
0.0110687
0.0110679
0.0110671
0.0110661
0.011065
0.0110638
0.0110625
0.0110611
0.0110596
0.0110579
0.0110562
0.0110543
0.0110523
0.0110501
0.0110479
0.0104827
0.0104761
0.0104722
0.0104697
0.0104681
0.010467
0.010466
0.0104652
0.0104643
0.0104634
0.0104625
0.0104614
0.0104603
0.0104591
0.0104579
0.0104565
0.010455
0.0104534
0.0104518
0.01045
0.0104481
0.0104461
0.010444
0.0104417
0.0104394
0.0104369
0.0104344
0.0104317
0.0104288
0.0104259
0.0104228
0.0104196
0.0104162
0.0104127
0.0100428
0.0100369
0.0100336
0.0100316
0.0100303
0.0100294
0.0100288
0.0100281
0.0100275
0.0100269
0.0100262
0.0100255
0.0100247
0.0100238
0.0100229
0.0100219
0.0100209
0.0100198
0.0100186
0.0100174
0.0100161
0.0100147
0.0100133
0.0100119
0.0100104
0.0100088
0.0100072
0.0100056
0.0100039
0.0100021
0.0100004
0.0099985
0.0099966
0.00999466
0.00988345
0.00988349
0.00988556
0.00988881
0.00989255
0.00989639
0.00990018
0.0099038
0.00990723
0.00991043
0.00991341
0.00991616
0.00991867
0.00992093
0.00992296
0.00992475
0.00992631
0.00992765
0.00992877
0.00992968
0.00993039
0.00993088
0.00993118
0.00993128
0.00993119
0.00993091
0.00993046
0.00992985
0.00992908
0.00992814
0.00992703
0.00992567
0.0099238
0.00992136
0.00997634
0.00998174
0.00998677
0.00999161
0.0099963
0.0100008
0.0100051
0.0100092
0.0100131
0.0100168
0.0100204
0.0100237
0.0100268
0.0100297
0.0100322
0.0100343
0.010036
0.0100372
0.0100379
0.0100382
0.0100382
0.010038
0.0100376
0.0100371
0.0100365
0.0100358
0.0100351
0.0100344
0.0100336
0.0100329
0.0100321
0.0100314
0.0100307
0.01003
0.0101438
0.0101527
0.0101607
0.0101682
0.0101754
0.0101823
0.0101889
0.0101953
0.0102015
0.0102074
0.0102131
0.0102185
0.0102237
0.0102286
0.0102334
0.0102383
0.0102435
0.0102488
0.0102546
0.0102607
0.0102672
0.0102737
0.0102801
0.0102864
0.0102925
0.0102984
0.0103042
0.0103099
0.0103154
0.0103207
0.010326
0.010331
0.010336
0.0103409
0.0103028
0.0103166
0.0103288
0.0103403
0.0103514
0.0103625
0.0103738
0.0103855
0.0103972
0.0104087
0.0104201
0.0104312
0.0104421
0.0104528
0.0104635
0.0104741
0.0104847
0.0104954
0.010506
0.0105166
0.0105272
0.0105376
0.010548
0.0105583
0.0105685
0.0105786
0.0105886
0.0105986
0.0106084
0.0106182
0.010628
0.0106377
0.0106473
0.010657
0.0103613
0.0103789
0.0103949
0.01041
0.0104247
0.0104392
0.0104538
0.0104682
0.0104826
0.0104969
0.0105111
0.0105253
0.0105394
0.0105534
0.0105673
0.0105812
0.010595
0.0106088
0.0106226
0.0106363
0.0106499
0.0106635
0.010677
0.0106905
0.0107039
0.0107173
0.0107306
0.0107439
0.0107571
0.0107703
0.0107834
0.0107966
0.0108097
0.0108227
0.0102447
0.0102583
0.0102725
0.0102871
0.0103018
0.0103167
0.0103316
0.0103464
0.0103612
0.010376
0.0103909
0.0104058
0.0104208
0.0104357
0.0104507
0.0104656
0.0104806
0.0104957
0.0105107
0.0105258
0.0105409
0.0105561
0.0105712
0.0105864
0.0106016
0.0106168
0.0106319
0.0106471
0.0106623
0.0106774
0.0106925
0.0107076
0.0107226
0.0107375
0.00991415
0.009913
0.00991982
0.00992964
0.00994064
0.00995227
0.00996437
0.00997681
0.00998957
0.0100027
0.0100161
0.0100294
0.0100429
0.0100565
0.0100704
0.0100844
0.0100987
0.0101132
0.0101279
0.0101428
0.0101578
0.0101731
0.0101884
0.010204
0.0102196
0.0102353
0.0102512
0.0102671
0.0102831
0.0102992
0.0103153
0.0103314
0.0103474
0.0103632
0.00934856
0.00933395
0.00932868
0.00932839
0.00933208
0.00933774
0.00934457
0.0093523
0.00936082
0.00937005
0.00937995
0.00939047
0.00940164
0.00941271
0.00942408
0.00943582
0.00944799
0.0094606
0.00947363
0.00948706
0.00950086
0.00951501
0.00952948
0.00954423
0.00955925
0.0095745
0.00958995
0.00960559
0.00962137
0.00963727
0.00965326
0.00966931
0.00968536
0.00970139
0.00855227
0.00852208
0.0085051
0.00849541
0.00849011
0.00848764
0.00848712
0.00848829
0.00849125
0.00849553
0.00850099
0.00850757
0.00851519
0.00852377
0.00853334
0.00854245
0.00855188
0.00856192
0.0085726
0.00858392
0.00859581
0.00860825
0.0086212
0.00863459
0.00864841
0.00866261
0.00867715
0.00869198
0.00870709
0.00872241
0.00873793
0.00875359
0.00876936
0.00878518
0.00757197
0.00751923
0.00748832
0.00746855
0.00745475
0.00744469
0.00743728
0.00743207
0.00742886
0.00742743
0.00742762
0.0074297
0.00743357
0.00743896
0.00744577
0.00745393
0.00746069
0.00746794
0.00747599
0.00748487
0.00749453
0.0075049
0.00751594
0.00752759
0.00753979
0.00755251
0.00756569
0.0075793
0.00759328
0.00760759
0.0076222
0.00763705
0.0076521
0.00766728
0.00652949
0.00645956
0.00641391
0.00638087
0.00635513
0.00633424
0.00631702
0.00630299
0.00629181
0.00628324
0.00627709
0.00627318
0.00627133
0.00627133
0.00627346
0.00627762
0.00628046
0.00628397
0.00628851
0.00629407
0.0063006
0.00630801
0.00631623
0.00632518
0.00633482
0.00634507
0.0063559
0.00636725
0.00637906
0.0063913
0.00640392
0.00641688
0.00643012
0.00644356
0.00554653
0.00546277
0.00540522
0.00536106
0.0053249
0.00529439
0.00526841
0.00524635
0.00522777
0.00521233
0.00519971
0.00518966
0.0051819
0.00517621
0.00517235
0.0051701
0.00516815
0.0051671
0.00516711
0.00516836
0.00517084
0.00517434
0.00517876
0.00518401
0.00519002
0.00519673
0.00520407
0.00521199
0.00522044
0.00522937
0.00523873
0.00524846
0.00525852
0.00526886
0.00464235
0.00454857
0.00448266
0.00443078
0.00438759
0.0043508
0.00431924
0.00429219
0.00426909
0.00424949
0.00423299
0.00421922
0.00420793
0.0041989
0.00419102
0.00418451
0.00417923
0.00417521
0.00417243
0.00417084
0.00417034
0.00417081
0.0041724
0.00417486
0.0041781
0.00418204
0.00418661
0.00419176
0.00419744
0.00420359
0.00421017
0.00421713
0.00422443
0.004232
0.00382425
0.0037239
0.00365285
0.00359644
0.00354938
0.00350938
0.00347518
0.0034459
0.00342091
0.00339969
0.00338183
0.00336605
0.00335251
0.00334098
0.00333112
0.0033228
0.00331592
0.00331037
0.00330607
0.00330291
0.00330079
0.00329964
0.00329936
0.0032999
0.00330127
0.00330332
0.00330596
0.00330914
0.00331282
0.00331694
0.00332145
0.00332633
0.0033315
0.00333695
0.00309417
0.00299047
0.00291719
0.00285913
0.00281107
0.0027707
0.00273666
0.00270712
0.00268179
0.0026601
0.00264147
0.00262533
0.00261143
0.00259948
0.00258926
0.00258057
0.00257328
0.00256726
0.00256239
0.00255856
0.00255569
0.00255367
0.00255244
0.00255192
0.00255205
0.00255284
0.00255418
0.00255601
0.00255828
0.00256094
0.00256395
0.00256727
0.00257086
0.00257468
0.00245101
0.00234663
0.00227341
0.00221591
0.00216887
0.00212975
0.00209687
0.00206894
0.00204514
0.00202479
0.00200733
0.00199229
0.00197933
0.00196819
0.00195863
0.00195048
0.00194357
0.00193778
0.001933
0.00192912
0.00192606
0.00192373
0.00192207
0.00192102
0.00192052
0.00192052
0.00192101
0.00192194
0.00192323
0.00192486
0.00192678
0.00192896
0.00193138
0.00193398
0.00188701
0.00178464
0.00171408
0.00165983
0.0016163
0.00158075
0.00155128
0.00152658
0.00150571
0.00148797
0.0014728
0.00145978
0.00144859
0.00143896
0.00143068
0.00142359
0.00141755
0.00141244
0.00140816
0.00140462
0.00140174
0.00139946
0.00139773
0.00139649
0.00139569
0.0013953
0.00139528
0.0013956
0.00139625
0.00139716
0.00139831
0.00139967
0.00140122
0.00140292
0.0013979
0.00130038
0.00123507
0.00118669
0.00114886
0.0011187
0.00109409
0.00107373
0.00105667
0.00104226
0.00102998
0.00101948
0.00101045
0.00100269
0.000996006
0.000990263
0.000985341
0.000981143
0.000977588
0.000974605
0.000972134
0.000970124
0.00096853
0.000967312
0.000966436
0.00096587
0.000965587
0.000965559
0.000965771
0.000966196
0.000966806
0.00096758
0.000968498
0.000969539
0.000978258
0.000889162
0.000831623
0.000791498
0.000761029
0.000737457
0.000718522
0.00070303
0.00069016
0.000679337
0.000670152
0.000662303
0.000655563
0.000649755
0.000644743
0.000640415
0.000636682
0.000633472
0.000630724
0.000628385
0.000626413
0.000624769
0.000623423
0.000622346
0.000621512
0.000620901
0.000620492
0.000620266
0.000620207
0.0006203
0.000620532
0.000620883
0.00062134
0.00062189
0.00062188
0.000545752
0.000498284
0.000468146
0.000445611
0.000428946
0.000415943
0.00040537
0.000396642
0.000389325
0.000383126
0.00037783
0.000373275
0.000369335
0.000365909
0.000362919
0.000360299
0.000358001
0.000355983
0.000354213
0.000352666
0.000351321
0.000350161
0.00034917
0.000348335
0.000347646
0.000347092
0.000346662
0.000346347
0.000346139
0.000346027
0.000346
0.00034605
0.000346173
0.000322039
0.00027149
0.000238206
0.000225467
0.000202712
0.000186484
0.000186509
0.000186319
0.000185746
0.000184671
0.000183316
0.000181786
0.000180165
0.000178518
0.000176858
0.000175196
0.000173537
0.000171882
0.000170233
0.00016859
0.000166951
0.000165316
0.000163682
0.000162048
0.00016041
0.000158766
0.000157111
0.000155437
0.000153748
0.000152043
0.000150321
0.000148577
0.000146812
0.000145025
3.49833e-05
2.95528e-05
5.34902e-06
3.99676e-06
2.8539e-06
2.31295e-06
2.14681e-06
2.04018e-06
1.95613e-06
1.8914e-06
1.84826e-06
1.8274e-06
1.8213e-06
1.81489e-06
1.79733e-06
1.76135e-06
1.71575e-06
1.67078e-06
1.62758e-06
1.5865e-06
1.54757e-06
1.51075e-06
1.47627e-06
1.44451e-06
1.41578e-06
1.38989e-06
1.36606e-06
1.34306e-06
1.31978e-06
1.29547e-06
1.26992e-06
1.24449e-06
1.22372e-06
1.21323e-06
0.0163418
0.0163506
)
;

boundaryField
{
    down
    {
        type            calculated;
        value           nonuniform List<scalar> 0();
    }
    right
    {
        type            calculated;
        value           nonuniform List<scalar> 
100
(
0.0153078
0.015235
0.0152369
0.0152744
0.0153273
0.0153851
0.0154422
0.0154963
0.0155462
0.0155919
0.0156335
0.0156714
0.0157061
0.015738
0.0157676
0.0157952
0.0158211
0.0158455
0.0158683
0.0158894
0.0159087
0.0159256
0.0159406
0.0159534
0.0159637
0.0159704
0.0159705
0.0159705
0.0159704
0.0159703
0.0159702
0.01597
0.0159698
0.0159695
0.0159692
0.0159688
0.0159685
0.015968
0.0159675
0.015967
0.0159665
0.0159659
0.0159653
0.0159646
0.0159639
0.0159626
0.0159609
0.0159592
0.0159575
0.0159559
0.0159544
0.0159531
0.0159516
0.01595
0.0159482
0.0159462
0.015944
0.0159418
0.0159395
0.0159372
0.015935
0.015933
0.0159312
0.0159297
0.0159286
0.0159281
0.0159281
0.0159286
0.0159298
0.0159315
0.0159339
0.0159368
0.0159404
0.0159445
0.0159493
0.0159548
0.015961
0.0159681
0.015976
0.015985
0.0159949
0.0160061
0.0160184
0.0160321
0.0160472
0.0160637
0.0160818
0.0161014
0.0161226
0.0161454
0.0161697
0.0161955
0.0162229
0.0162526
0.0162809
0.0163071
0.0163279
0.0163622
0.0163851
0.0163552
)
;
    }
    up
    {
        type            calculated;
        value           nonuniform List<scalar> 
101
(
0.0163293
0.0163293
0.0163293
0.0163293
0.0163293
0.0163293
0.0163293
0.0163293
0.0163293
0.0163293
0.0163293
0.0163293
0.0163293
0.0163293
0.0163293
0.0163293
0.0163293
0.0163293
0.0163293
0.0163292
0.0163292
0.0163292
0.0163292
0.0163292
0.0163292
0.0163292
0.0163292
0.0163292
0.0163292
0.0163292
0.0163292
0.0163292
0.0163292
0.0163292
0.0163292
0.0163292
0.0163292
0.0163292
0.0163292
0.0163292
0.0163292
0.0163292
0.0163292
0.0163292
0.0163292
0.0163292
0.0163292
0.0163292
0.0163292
0.0163292
0.0163292
0.0163292
0.0163292
0.0163292
0.0163292
0.0163291
0.0163291
0.0163291
0.0163291
0.0163291
0.0163291
0.0163291
0.0163291
0.0163291
0.0163291
0.0163291
0.0163291
0.0163291
0.0163291
0.0163291
0.0163291
0.0163291
0.0163291
0.0163291
0.0163291
0.0163291
0.0163291
0.0163291
0.0163291
0.0163291
0.0163291
0.0163291
0.0163291
0.0163291
0.0163291
0.0163291
0.0163291
0.0163291
0.0163291
0.0163291
0.0163291
0.0163291
0.0163291
0.0163291
0.0163291
0.0163291
0.0163291
0.0163291
0.0163291
0.0163291
0.0163291
)
;
    }
    meanFlow
    {
        type            calculated;
        value           nonuniform List<scalar> 0();
    }
    surface
    {
        type            compressible::alphatWallFunction;
        Prt             0.85;
        value           nonuniform List<scalar> 
37
(
1.64205e-05
1.13587e-05
1.02665e-05
9.08793e-06
8.33168e-06
7.73814e-06
7.26398e-06
6.86778e-06
6.52718e-06
6.22922e-06
5.96477e-06
5.7274e-06
5.51224e-06
5.31548e-06
5.13422e-06
4.96618e-06
4.8095e-06
4.66265e-06
4.52436e-06
4.39356e-06
4.26935e-06
4.15096e-06
4.03771e-06
3.92904e-06
3.82444e-06
3.72346e-06
3.62574e-06
3.53093e-06
3.43875e-06
3.34891e-06
3.26117e-06
3.1754e-06
3.09147e-06
3.0086e-06
2.18387e-05
2.65914e-05
3.05406e-05
)
;
    }
    surfaceInner
    {
        type            compressible::alphatWallFunction;
        Prt             0.85;
        value           nonuniform List<scalar> 0();
    }
    coandaInlet
    {
        type            calculated;
        value           nonuniform List<scalar> 0();
    }
    defaultFaces
    {
        type            empty;
    }
    procBoundary3to1
    {
        type            processor;
        value           nonuniform List<scalar> 
97
(
0.0155215
0.0154155
0.0151286
0.0151286
0.0150278
0.0149218
0.0148102
0.0146931
0.0145703
0.0144415
0.0143065
0.0141651
0.0140168
0.0139157
0.0139157
0.0137577
0.0135893
0.0134096
0.0132173
0.0130816
0.0130816
0.012863
0.0126274
0.0124474
0.0124474
0.0121749
0.0118786
0.0116372
0.0116372
0.0112952
0.0110577
0.0110577
0.0107734
0.0105655
0.0105655
0.0103519
0.0103519
0.0100749
0.00986309
0.00986309
0.00966173
0.00966173
0.00940673
0.00913589
0.00913589
0.00878358
0.00878358
0.00831232
0.00781672
0.00781672
0.00724844
0.00724844
0.0066045
0.0066045
0.00589755
0.00589755
0.00515292
0.00515292
0.00441296
0.0037068
0.0037068
0.00304484
0.00300486
0.00300486
0.00235219
0.00235219
0.00179745
0.00179745
0.00130213
0.00115653
0.000991447
0.000827349
0.000820043
0.000820043
0.000495263
0.000503974
0.000513704
0.000523672
0.000533866
0.000544554
0.000555871
0.000567875
0.000580571
0.000593934
0.000593934
0.000368172
0.00037942
0.00039041
0.000402277
0.000415322
0.000429274
0.000442893
0.000455334
0.000455334
0.000270433
0.00024408
0.00024408
)
;
    }
    procBoundary3to2
    {
        type            processor;
        value           nonuniform List<scalar> 
67
(
0.0162991
0.0163328
0.0162652
0.0162652
0.0162991
0.0162651
0.0162237
0.0162652
0.0162237
0.0161835
0.0162237
0.0161835
0.0161835
0.0161388
0.0160928
0.0161388
0.0160928
0.0160928
0.0160388
0.0159744
0.0159744
0.0158981
0.0158981
0.0158077
0.0156998
0.0156998
0.0155715
0.015417
0.015417
0.015232
0.0150093
0.0147406
0.0144171
0.014028
0.014028
0.0135685
0.0130314
0.0124187
0.0117442
0.0110454
0.010409
0.00999261
0.00991834
0.0100295
0.0103459
0.0106668
0.0108359
0.0107525
0.010379
0.00971749
0.00880106
0.00768256
0.00645716
0.0052794
0.00423978
0.00334256
0.00257865
0.00193671
0.00140473
0.000970665
0.000622529
0.000346511
0.000144038
1.22053e-06
0.0163419
0.0163504
0.0163328
)
;
    }
}


// ************************************************************************* //
