/*--------------------------------*- C++ -*----------------------------------*\
  =========                 |
  \\      /  F ield         | OpenFOAM: The Open Source CFD Toolbox
   \\    /   O peration     | Website:  https://openfoam.org
    \\  /    A nd           | Version:  9
     \\/     M anipulation  |
\*---------------------------------------------------------------------------*/
FoamFile
{
    format      ascii;
    class       volScalarField;
    location    "0.0025";
    object      nut;
}
// * * * * * * * * * * * * * * * * * * * * * * * * * * * * * * * * * * * * * //

dimensions      [0 2 -1 0 0 0 0];

internalField   nonuniform List<scalar> 
6352
(
0.0131253
0.0130627
0.0130642
0.0130963
0.0131417
0.0131912
0.0132401
0.0132864
0.0133292
0.0133683
0.013404
0.0134364
0.0134661
0.0134935
0.0135188
0.0135424
0.0135646
0.0135855
0.013605
0.0136231
0.0136396
0.0136541
0.0136669
0.0136778
0.0136865
0.0130524
0.0129924
0.0129909
0.0130192
0.0130618
0.0131099
0.0131588
0.0132062
0.0132507
0.0132919
0.0133297
0.0133642
0.0133957
0.0134245
0.0134509
0.0134753
0.0134985
0.0135206
0.0135408
0.0135594
0.0135767
0.0135927
0.0136079
0.0136223
0.013636
0.0129185
0.0129166
0.0129425
0.0129823
0.0130282
0.013076
0.0131234
0.0131689
0.013212
0.0132523
0.0132896
0.013324
0.0133556
0.0133848
0.0134116
0.0134363
0.0134591
0.0134803
0.0135
0.0135183
0.0135356
0.0135518
0.0135671
0.0135816
0.0128408
0.0128396
0.0128631
0.0128996
0.0129425
0.0129881
0.0130342
0.0130794
0.013123
0.0131644
0.0132035
0.01324
0.013274
0.0133055
0.0133346
0.0133616
0.0133865
0.0134096
0.0134311
0.0134512
0.01347
0.0134876
0.0135043
0.0135201
0.0127605
0.0127618
0.012784
0.0128177
0.0128576
0.0129005
0.0129444
0.0129883
0.0130313
0.013073
0.013113
0.013151
0.0131869
0.0132207
0.0132522
0.0132815
0.0133087
0.013334
0.0133575
0.0133794
0.0133998
0.013419
0.013437
0.0134539
0.0126768
0.0126821
0.0127044
0.0127362
0.0127736
0.0128137
0.0128551
0.0128968
0.0129382
0.0129789
0.0130186
0.013057
0.0130941
0.0131295
0.0131631
0.0131947
0.0132244
0.0132521
0.0132779
0.0133019
0.0133243
0.0133452
0.0133647
0.0133831
0.0125888
0.0125995
0.012623
0.0126542
0.0126897
0.0127277
0.0127668
0.0128063
0.0128456
0.0128844
0.0129226
0.01296
0.0129968
0.0130327
0.0130675
0.013101
0.013133
0.0131631
0.0131914
0.0132179
0.0132426
0.0132656
0.0132872
0.0133073
0.0124959
0.0125126
0.0125385
0.01257
0.0126048
0.0126415
0.012679
0.0127168
0.0127544
0.0127914
0.0128278
0.0128634
0.0128983
0.0129328
0.012967
0.013001
0.0130343
0.0130665
0.0130972
0.0131263
0.0131536
0.0131792
0.0132032
0.0132256
0.0123971
0.0124201
0.0124492
0.012482
0.0125169
0.0125531
0.0125899
0.0126268
0.0126634
0.0126995
0.012735
0.0127696
0.0128034
0.0128364
0.0128689
0.0129016
0.0129342
0.0129664
0.0129977
0.0130279
0.013057
0.0130849
0.0131115
0.0131369
0.0122918
0.0123209
0.0123536
0.0123882
0.012424
0.0124604
0.012497
0.0125336
0.0125698
0.0126056
0.0126407
0.0126751
0.0127086
0.0127413
0.0127732
0.0128044
0.0128356
0.0128671
0.0128984
0.0129291
0.0129591
0.0129881
0.013016
0.0130429
0.0121797
0.0122145
0.0122507
0.0122875
0.0123246
0.0123616
0.0123985
0.0124351
0.0124713
0.012507
0.012542
0.0125764
0.0126099
0.0126427
0.0126746
0.0127057
0.012736
0.0127658
0.0127958
0.012826
0.012856
0.0128856
0.0129144
0.0129423
0.0120604
0.0121002
0.0121399
0.0121791
0.0122177
0.0122557
0.0122932
0.0123301
0.0123664
0.0124022
0.0124373
0.0124717
0.0125054
0.0125384
0.0125706
0.012602
0.0126325
0.0126624
0.0126915
0.0127201
0.0127488
0.0127779
0.0128069
0.0128355
0.011978
0.0120207
0.0120621
0.0121024
0.0121417
0.0121799
0.0122174
0.0122541
0.01229
0.0123253
0.0123599
0.0123937
0.0124269
0.0124593
0.0124909
0.0125219
0.0125521
0.0125816
0.0126104
0.0126386
0.0126663
0.0126939
0.0127222
0.0118465
0.0118922
0.011936
0.0119782
0.0120188
0.0120582
0.0120964
0.0121336
0.0121699
0.0122054
0.0122401
0.012274
0.0123073
0.0123398
0.0123715
0.0124026
0.012433
0.0124627
0.0124918
0.0125201
0.0125479
0.0125751
0.0126021
0.0117056
0.0117541
0.0118003
0.0118443
0.0118866
0.0119272
0.0119663
0.0120043
0.0120411
0.012077
0.012112
0.0121461
0.0121794
0.012212
0.0122438
0.0122749
0.0123053
0.0123351
0.0123642
0.0123926
0.0124204
0.0124476
0.0124743
0.0115547
0.0116057
0.0116541
0.0117002
0.0117441
0.0117861
0.0118265
0.0118654
0.011903
0.0119394
0.0119748
0.0120092
0.0120428
0.0120755
0.0121074
0.0121386
0.012169
0.0121988
0.0122279
0.0122563
0.0122841
0.0123114
0.0123381
0.0113929
0.0114463
0.0114969
0.0115449
0.0115906
0.0116342
0.011676
0.011716
0.0117546
0.0117918
0.0118278
0.0118627
0.0118966
0.0119295
0.0119616
0.0119929
0.0120234
0.0120532
0.0120822
0.0121106
0.0121384
0.0121655
0.0121921
0.0112754
0.0113278
0.0113777
0.0114253
0.0114706
0.0115139
0.0115553
0.011595
0.0116332
0.01167
0.0117056
0.01174
0.0117733
0.0118057
0.0118372
0.0118678
0.0118976
0.0119267
0.011955
0.0119827
0.0120098
0.0120362
0.0110909
0.0111455
0.0111975
0.011247
0.0112942
0.0113392
0.0113822
0.0114233
0.0114627
0.0115005
0.0115369
0.011572
0.0116059
0.0116387
0.0116704
0.0117013
0.0117312
0.0117603
0.0117887
0.0118163
0.0118432
0.0118695
0.0108922
0.0109491
0.0110033
0.011055
0.0111042
0.0111511
0.0111958
0.0112385
0.0112793
0.0113183
0.0113557
0.0113917
0.0114263
0.0114596
0.0114918
0.0115229
0.0115531
0.0115823
0.0116106
0.0116382
0.011665
0.0116912
0.0107378
0.0107941
0.0108479
0.0108994
0.0109484
0.0109951
0.0110396
0.011082
0.0111225
0.0111612
0.0111981
0.0112336
0.0112676
0.0113003
0.0113318
0.0113622
0.0113915
0.0114199
0.0114474
0.0114741
0.0115
0.0105082
0.0105672
0.0106238
0.010678
0.0107296
0.0107787
0.0108254
0.0108699
0.0109121
0.0109523
0.0109906
0.0110271
0.011062
0.0110953
0.0111273
0.011158
0.0111875
0.0112159
0.0112432
0.0112697
0.0112953
0.0102587
0.0103209
0.0103807
0.010438
0.0104927
0.0105447
0.0105942
0.0106412
0.0106857
0.010728
0.010768
0.010806
0.0108421
0.0108765
0.0109091
0.0109403
0.0109701
0.0109985
0.0110258
0.011052
0.0110772
0.0100531
0.0101157
0.0101763
0.0102345
0.0102902
0.0103431
0.0103933
0.0104409
0.0104859
0.0105285
0.0105687
0.0106067
0.0106427
0.0106766
0.0107087
0.0107392
0.010768
0.0107955
0.0108215
0.0108464
0.00976155
0.00982598
0.00988977
0.00995196
0.0100117
0.0100686
0.0101226
0.0101738
0.0102222
0.0102681
0.0103115
0.0103524
0.010391
0.0104273
0.0104614
0.0104934
0.0105235
0.0105518
0.0105784
0.0106035
0.00955407
0.00961295
0.00967074
0.00972716
0.009782
0.00983515
0.00988655
0.00993615
0.00998392
0.0100299
0.010074
0.0101162
0.0101562
0.0101939
0.0102294
0.0102626
0.0102937
0.0103227
0.01035
0.00930995
0.00936706
0.00942307
0.0094777
0.00953081
0.00958229
0.00963208
0.00968009
0.00972627
0.00977058
0.00981303
0.00985362
0.00989237
0.00992942
0.00996481
0.00999859
0.0100308
0.0100615
0.0100908
0.00913108
0.00918585
0.00923944
0.00929154
0.00934199
0.00939067
0.0094375
0.00948243
0.00952545
0.00956655
0.0096058
0.00964325
0.00967894
0.00971292
0.00974521
0.0097758
0.00980476
0.00983213
0.00894714
0.00899953
0.00905076
0.00910052
0.00914857
0.00919475
0.00923903
0.00928131
0.00932162
0.00935995
0.00939634
0.00943081
0.00946331
0.00949392
0.00952267
0.00954962
0.00957481
0.00870748
0.00875734
0.00880663
0.00885496
0.00890202
0.00894748
0.00899122
0.00903311
0.00907308
0.009111
0.00914687
0.0091807
0.0092125
0.00924228
0.00927003
0.0092958
0.00931967
0.00852193
0.0085668
0.00861142
0.00865553
0.00869873
0.00874077
0.00878141
0.00882049
0.00885776
0.00889318
0.00892667
0.00895819
0.00898771
0.00901514
0.0090407
0.00906474
0.00834178
0.00837807
0.00841574
0.00845411
0.00849233
0.00852982
0.0085663
0.00860144
0.00863509
0.00866711
0.00869745
0.00872649
0.008754
0.00877982
0.00880388
0.00812548
0.00816089
0.00819419
0.00822565
0.00825555
0.00828405
0.00831224
0.00834035
0.00836856
0.00839659
0.0084241
0.00845069
0.00847601
0.00849982
0.00852198
0.0078955
0.00793097
0.00796455
0.00799641
0.00802643
0.00805455
0.00808066
0.00810474
0.00812681
0.00814687
0.00816482
0.00818077
0.00819533
0.00820877
0.00759517
0.00763065
0.00766338
0.00769327
0.00772029
0.00774447
0.00776576
0.00778421
0.00779988
0.00781349
0.00782555
0.00783591
0.00784447
0.00719294
0.00722837
0.00726032
0.00728876
0.00731363
0.00733497
0.00735282
0.00736751
0.00738015
0.00739075
0.00739907
0.00740505
0.00740866
0.0067651
0.00679483
0.00682039
0.00684172
0.00685889
0.00687295
0.00688468
0.00689376
0.00689999
0.00690318
0.00690337
0.00689797
0.00627173
0.00629236
0.0063081
0.0063209
0.00633079
0.00633732
0.0063402
0.00633838
0.00632967
0.00631545
0.00629621
0.00571025
0.00572116
0.00572846
0.00573148
0.00572872
0.00571778
0.0057002
0.00567661
0.00564729
0.00561323
0.00509685
0.00509517
0.00508467
0.00506637
0.00504119
0.00500978
0.00497228
0.00493013
0.00488399
0.00444351
0.00442341
0.00439758
0.004366
0.00433053
0.00429146
0.0042467
0.0041949
0.0038059
0.00378573
0.00376094
0.00373109
0.00369438
0.0036498
0.00359603
0.00353256
0.00319782
0.00317091
0.00313553
0.00309083
0.00303587
0.00296941
0.00289096
0.00257242
0.00251827
0.00245237
0.00237313
0.00227968
0.00199032
0.00191495
0.00182428
0.00171692
0.0014842
0.00137707
0.00125202
0.0136923
0.0136923
0.0136923
0.0136923
0.0136922
0.0136921
0.0136919
0.0136917
0.0136915
0.0136912
0.0136909
0.0136906
0.0136902
0.0136898
0.0136894
0.0136889
0.0136884
0.0136879
0.0136873
0.0136867
0.0136467
0.0136468
0.0136468
0.0136468
0.0136467
0.0136466
0.0136464
0.0136461
0.0136458
0.0136454
0.013645
0.0136445
0.013644
0.0136434
0.0136428
0.0136421
0.0136414
0.0136406
0.0136398
0.013639
0.0135928
0.0135929
0.0135929
0.0135929
0.0135928
0.0135926
0.0135923
0.013592
0.0135916
0.0135911
0.0135906
0.01359
0.0135893
0.0135886
0.0135878
0.013587
0.0135861
0.0135851
0.0135841
0.0135831
0.0135321
0.0135322
0.0135322
0.0135321
0.0135319
0.0135317
0.0135314
0.0135309
0.0135305
0.0135299
0.0135292
0.0135285
0.0135277
0.0135269
0.0135259
0.0135249
0.0135239
0.0135227
0.0135216
0.0135203
0.0134666
0.0134667
0.0134667
0.0134666
0.0134664
0.0134661
0.0134657
0.0134652
0.0134646
0.013464
0.0134632
0.0134624
0.0134614
0.0134604
0.0134593
0.0134581
0.0134569
0.0134556
0.0134542
0.0134527
0.0133966
0.0133967
0.0133967
0.0133966
0.0133963
0.013396
0.0133955
0.013395
0.0133943
0.0133935
0.0133926
0.0133917
0.0133906
0.0133894
0.0133882
0.0133868
0.0133853
0.0133838
0.0133822
0.0133805
0.0133217
0.0133218
0.0133218
0.0133216
0.0133214
0.013321
0.0133205
0.0133198
0.0133191
0.0133182
0.0133172
0.013316
0.0133148
0.0133135
0.013312
0.0133105
0.0133088
0.0133071
0.0133052
0.0133033
0.0132413
0.0132414
0.0132414
0.0132413
0.013241
0.0132405
0.0132399
0.0132392
0.0132383
0.0132373
0.0132362
0.0132349
0.0132336
0.0132321
0.0132304
0.0132287
0.0132268
0.0132248
0.0132227
0.0132205
0.0131546
0.0131548
0.0131548
0.0131546
0.0131543
0.0131538
0.0131532
0.0131524
0.0131514
0.0131503
0.013149
0.0131476
0.0131461
0.0131444
0.0131425
0.0131406
0.0131385
0.0131363
0.0131339
0.0131314
0.0130614
0.0130616
0.0130616
0.0130614
0.0130611
0.0130605
0.0130598
0.0130589
0.0130578
0.0130565
0.0130551
0.0130535
0.0130518
0.0130499
0.0130478
0.0130456
0.0130433
0.0130407
0.0130381
0.0130353
0.0129614
0.0129616
0.0129616
0.0129614
0.0129609
0.0129603
0.0129595
0.0129585
0.0129572
0.0129558
0.0129542
0.0129524
0.0129505
0.0129483
0.012946
0.0129435
0.0129408
0.012938
0.012935
0.0129319
0.0128549
0.0128551
0.0128551
0.0128548
0.0128544
0.0128537
0.0128527
0.0128516
0.0128502
0.0128486
0.0128468
0.0128448
0.0128426
0.0128402
0.0128376
0.0128348
0.0128318
0.0128287
0.0128253
0.0128218
0.0127417
0.0127419
0.0127419
0.0127416
0.0127411
0.0127403
0.0127393
0.012738
0.0127365
0.0127348
0.0127328
0.0127306
0.0127282
0.0127256
0.0127227
0.0127197
0.0127164
0.0127129
0.0127092
0.0127054
0.0126211
0.0126213
0.0126213
0.0126209
0.0126203
0.0126195
0.0126183
0.0126169
0.0126153
0.0126134
0.0126112
0.0126088
0.0126062
0.0126033
0.0126002
0.0125968
0.0125933
0.0125895
0.0125854
0.0125812
0.0124924
0.0124926
0.0124926
0.0124922
0.0124915
0.0124905
0.0124893
0.0124877
0.0124859
0.0124838
0.0124815
0.0124788
0.0124759
0.0124727
0.0124693
0.0124656
0.0124617
0.0124575
0.0124531
0.0124484
0.0123553
0.0123555
0.0123554
0.012355
0.0123542
0.0123531
0.0123517
0.01235
0.012348
0.0123457
0.012343
0.0123401
0.0123369
0.0123334
0.0123296
0.0123255
0.0123212
0.0123166
0.0123117
0.0123065
0.012209
0.0122092
0.012209
0.0122085
0.0122077
0.0122065
0.0122049
0.012203
0.0122008
0.0121982
0.0121953
0.012192
0.0121885
0.0121846
0.0121804
0.0121759
0.0121711
0.012166
0.0121606
0.0121549
0.0120527
0.0120529
0.0120527
0.0120522
0.0120512
0.0120498
0.0120481
0.012046
0.0120435
0.0120406
0.0120374
0.0120338
0.0120298
0.0120255
0.0120208
0.0120158
0.0120105
0.0120048
0.0119988
0.0119924
0.0118856
0.0118858
0.0118856
0.011885
0.0118839
0.0118823
0.0118804
0.011878
0.0118752
0.011872
0.0118684
0.0118644
0.01186
0.0118552
0.01185
0.0118444
0.0118384
0.0118321
0.0118253
0.0118183
0.0117069
0.0117071
0.0117069
0.0117061
0.0117049
0.0117032
0.011701
0.0116983
0.0116952
0.0116916
0.0116876
0.0116831
0.0116781
0.0116728
0.0116669
0.0116607
0.011654
0.0116469
0.0116394
0.0116315
0.0115153
0.0115156
0.0115153
0.0115144
0.011513
0.0115111
0.0115086
0.0115057
0.0115022
0.0114981
0.0114936
0.0114886
0.011483
0.011477
0.0114705
0.0114635
0.011456
0.0114481
0.0114397
0.0114308
0.0113101
0.0113104
0.01131
0.0113091
0.0113075
0.0113053
0.0113026
0.0112992
0.0112953
0.0112908
0.0112857
0.0112801
0.0112739
0.0112672
0.0112599
0.011252
0.0112437
0.0112348
0.0112254
0.0112154
0.0110915
0.0110918
0.0110914
0.0110903
0.0110886
0.0110861
0.0110831
0.0110793
0.0110749
0.0110699
0.0110643
0.011058
0.0110511
0.0110436
0.0110355
0.0110267
0.0110174
0.0110075
0.010997
0.010986
0.0108604
0.0108607
0.0108603
0.0108591
0.0108571
0.0108544
0.010851
0.0108469
0.010842
0.0108365
0.0108302
0.0108233
0.0108156
0.0108073
0.0107984
0.0107887
0.0107784
0.0107675
0.0107559
0.0107437
0.0106177
0.010618
0.0106175
0.0106162
0.0106141
0.0106112
0.0106075
0.010603
0.0105977
0.0105916
0.0105848
0.0105772
0.0105689
0.0105598
0.01055
0.0105395
0.0105283
0.0105164
0.0105038
0.0104905
0.0103654
0.0103659
0.0103655
0.0103641
0.0103619
0.0103589
0.0103549
0.0103501
0.0103445
0.0103381
0.0103308
0.0103227
0.0103139
0.0103042
0.0102938
0.0102826
0.0102707
0.010258
0.0102445
0.0102304
0.0101067
0.0101073
0.010107
0.0101057
0.0101036
0.0101005
0.0100965
0.0100916
0.0100859
0.0100793
0.0100718
0.0100636
0.0100545
0.0100445
0.0100338
0.0100223
0.01001
0.00999702
0.00998323
0.00996871
0.00984674
0.00984743
0.00984714
0.00984596
0.00984385
0.00984084
0.00983694
0.00983216
0.00982651
0.00982002
0.00981268
0.00980452
0.00979556
0.0097858
0.00977526
0.00976395
0.0097519
0.00973911
0.0097256
0.0097114
0.00958804
0.00958883
0.00958864
0.00958766
0.00958582
0.00958313
0.00957961
0.00957527
0.00957012
0.00956419
0.0095575
0.00955006
0.00954189
0.00953301
0.00952344
0.0095132
0.0095023
0.00949078
0.00947864
0.0094659
0.00933264
0.00933361
0.00933361
0.00933307
0.00933178
0.00932976
0.00932702
0.00932358
0.00931946
0.00931466
0.00930921
0.00930313
0.00929643
0.00928913
0.00928125
0.00927281
0.00926383
0.00925433
0.00924433
0.00923385
0.00907807
0.0090793
0.00907993
0.00907979
0.00907923
0.00907809
0.00907639
0.00907413
0.00907134
0.00906802
0.00906419
0.00905987
0.00905508
0.00904982
0.00904413
0.00903801
0.00903148
0.00902457
0.00901728
0.00900965
0.00881713
0.00881863
0.0088197
0.00882037
0.00882037
0.00882011
0.00881959
0.00881869
0.00881743
0.00881582
0.00881385
0.00881155
0.00880894
0.00880601
0.00880279
0.0087993
0.00879554
0.00879153
0.00878728
0.00878281
0.00853443
0.00853615
0.00853768
0.00853903
0.00854019
0.00854116
0.00854194
0.00854244
0.00854259
0.00854253
0.00854237
0.00854211
0.00854174
0.00854128
0.00854072
0.00854006
0.00853927
0.00853836
0.00853733
0.0085362
0.00821599
0.0082174
0.00821888
0.00822043
0.00822205
0.0082237
0.00822539
0.0082271
0.00822884
0.0082306
0.00823238
0.00823416
0.00823597
0.00823778
0.0082396
0.00824143
0.00824326
0.00824509
0.00824694
0.00824878
0.00784853
0.00784982
0.00785135
0.00785311
0.00785507
0.00785725
0.00785962
0.00786218
0.00786492
0.00786784
0.00787092
0.00787417
0.00787756
0.00788111
0.00788479
0.00788861
0.00789256
0.00789663
0.00790081
0.00790511
0.00740944
0.00741019
0.00741172
0.00741365
0.00741594
0.00741859
0.00742158
0.0074249
0.00742854
0.00743248
0.00743672
0.00744123
0.00744602
0.00745106
0.00745634
0.00746185
0.00746758
0.00747352
0.00747965
0.00748596
0.00689103
0.00689102
0.00689205
0.0068941
0.00689663
0.00689964
0.0069031
0.00690699
0.0069113
0.00691601
0.00692109
0.00692654
0.00693234
0.00693846
0.00694489
0.00695161
0.0069586
0.00696584
0.00697332
0.00698102
0.00627976
0.0062794
0.00627964
0.0062811
0.0062837
0.00628688
0.00629058
0.00629479
0.00629947
0.0063046
0.00631017
0.00631615
0.00632251
0.00632924
0.0063363
0.00634369
0.00635136
0.00635931
0.0063675
0.00637592
0.00558666
0.00558585
0.00558548
0.00558568
0.00558708
0.00558958
0.005593
0.00559689
0.00560123
0.005606
0.00561117
0.00561672
0.00562262
0.00562885
0.00563538
0.00564218
0.00564925
0.00565655
0.00566406
0.00567177
0.00484696
0.00484561
0.00484472
0.0048443
0.00484443
0.00484582
0.00484838
0.00485199
0.00485617
0.00486081
0.0048659
0.0048714
0.0048773
0.00488356
0.00489016
0.00489708
0.0049043
0.00491177
0.00491949
0.00492743
0.00415072
0.00414894
0.00414767
0.00414689
0.0041466
0.00414712
0.00414888
0.00415177
0.00415566
0.00416008
0.00416495
0.00417022
0.00417587
0.00418187
0.00418819
0.00419481
0.00420171
0.00420884
0.0042162
0.00422375
0.00347663
0.00347418
0.00347232
0.00347103
0.0034703
0.0034701
0.003471
0.0034732
0.00347655
0.00348089
0.00348574
0.003491
0.00349665
0.00350265
0.00350897
0.00351559
0.00352247
0.00352959
0.00353693
0.00354445
0.00282017
0.00281687
0.00281433
0.00281254
0.00281145
0.00281103
0.00281165
0.00281385
0.00281742
0.00282215
0.00282744
0.00283321
0.00283941
0.002846
0.00285295
0.00286021
0.00286776
0.00287555
0.00288354
0.00289168
0.00219409
0.00218993
0.0021868
0.00218464
0.0021834
0.00218302
0.00218421
0.0021873
0.00219199
0.00219756
0.00220374
0.00221049
0.00221774
0.00222542
0.0022335
0.00224192
0.00225064
0.00225964
0.00226886
0.00227829
0.00162133
0.00161661
0.0016133
0.00161128
0.00161048
0.00161131
0.0016147
0.00161995
0.0016261
0.00163305
0.00164069
0.00164894
0.0016577
0.00166693
0.00167654
0.00168648
0.00169671
0.00170718
0.00171785
0.00172869
0.0011302
0.00112388
0.00112016
0.00111834
0.00111823
0.00112169
0.0011273
0.00113412
0.00114194
0.00115057
0.00115986
0.00116969
0.00117992
0.00119048
0.00120131
0.00121237
0.00122362
0.00123502
0.00124654
0.00125816
0.00071063
0.00071148
0.000716466
0.000723353
0.000731968
0.000741877
0.000752689
0.000764102
0.000775892
0.000787892
0.000799406
0.000810366
0.000821495
0.000832727
0.000844017
0.000855325
0.000866633
0.000877935
0.000525904
0.00053832
0.000550481
0.000562189
0.000573229
0.000583189
0.000592669
0.000601402
0.0136856
0.0136841
0.0136826
0.0136812
0.0136798
0.0136374
0.0136354
0.0136334
0.0136315
0.0136296
0.0135811
0.0135785
0.013576
0.0135735
0.0135711
0.0135179
0.0135148
0.0135117
0.0135087
0.0135058
0.0134499
0.0134461
0.0134424
0.0134387
0.0134352
0.0133772
0.0133727
0.0133682
0.0133639
0.0133596
0.0132994
0.0132941
0.0132889
0.0132837
0.0132787
0.0132161
0.0132099
0.0132039
0.0131979
0.0131921
0.0131264
0.0131192
0.0131122
0.0131053
0.0130985
0.0130295
0.0130212
0.0130131
0.0130051
0.0129973
0.0129252
0.0129156
0.0129061
0.0128969
0.0128878
0.0128142
0.0128031
0.0127922
0.0127815
0.012771
0.0126969
0.0126844
0.0126722
0.0126601
0.0126482
0.0125717
0.0125576
0.0125438
0.0125302
0.0125168
0.0124377
0.0124219
0.0124063
0.0123909
0.0123757
0.0122946
0.0122766
0.0122589
0.0122414
0.0122243
0.0121413
0.0121209
0.0121008
0.012081
0.0120615
0.0119771
0.0119539
0.011931
0.0119084
0.0118861
0.0118009
0.0117744
0.0117482
0.0117224
0.011697
0.0116117
0.0115814
0.0115515
0.011522
0.0114931
0.0114084
0.0113737
0.0113397
0.0113062
0.0112732
0.01119
0.0111506
0.0111119
0.0110738
0.0110365
0.0109574
0.0109127
0.010869
0.0108262
0.0107842
0.0107118
0.0106618
0.010613
0.0105654
0.0105188
0.0104554
0.0104004
0.0103468
0.0102946
0.0102439
0.0101927
0.0101337
0.0100765
0.010021
0.00996711
0.00992975
0.00986883
0.00980998
0.00975318
0.00969839
0.00967304
0.00961327
0.0095559
0.0095009
0.00944827
0.00943138
0.00937777
0.00932662
0.00927788
0.00923149
0.00920527
0.00916099
0.0091189
0.00907896
0.00904111
0.00898867
0.00895625
0.00892553
0.00889647
0.00886904
0.0087704
0.00875125
0.0087331
0.00871595
0.00869979
0.00853285
0.00852764
0.00852254
0.00851763
0.00851296
0.00825358
0.00826093
0.00826761
0.00827375
0.00827945
0.00791667
0.00793459
0.00795127
0.00796687
0.00798152
0.00750307
0.00752973
0.00755472
0.00757825
0.0076005
0.00700191
0.00703473
0.00706577
0.00709526
0.00712339
0.00639875
0.00643518
0.00647018
0.00650393
0.00653656
0.00569262
0.00572793
0.00576359
0.00579948
0.00583548
0.00494885
0.00498554
0.00502302
0.00506107
0.00509953
0.00424397
0.00427992
0.00431767
0.00435683
0.00439702
0.00356439
0.00360128
0.00364101
0.00368291
0.00372637
0.00291279
0.00295281
0.00299647
0.00304272
0.00309081
0.00230228
0.00234782
0.0023972
0.00244896
0.0025022
0.00175536
0.00180578
0.00185983
0.00191594
0.00197322
0.00128557
0.00133774
0.00139367
0.00145163
0.00151068
0.000903438
0.00095199
0.00100399
0.00105847
0.00111498
0.000619965
0.000657821
0.000696453
0.000736573
0.000782578
0.00041159
0.000431983
0.000450818
0.00047374
0.000503655
0.000215055
0.00022122
0.000241617
0.0136785
0.0136774
0.0136762
0.0136747
0.0136732
0.0136715
0.0136696
0.0136677
0.0136657
0.0136638
0.0136619
0.0136601
0.0136586
0.0136573
0.0136564
0.0136559
0.0136559
0.0136564
0.0136574
0.0136589
0.0136609
0.0136634
0.0136665
0.01367
0.0136741
0.0136788
0.0136842
0.0136902
0.013697
0.0137047
0.0137132
0.0137228
0.0137334
0.0137451
0.013758
0.0137721
0.0137876
0.0138045
0.0138227
0.0138422
0.013863
0.0138851
0.0139086
0.013934
0.0139583
0.0139807
0.0139985
0.014028
0.0140477
0.0140222
0.0136274
0.0136259
0.0136241
0.0136222
0.0136201
0.0136179
0.0136156
0.0136132
0.0136108
0.0136085
0.0136062
0.0136042
0.0136025
0.0136011
0.0136002
0.0135999
0.0136
0.0136008
0.0136022
0.0136042
0.0136069
0.0136101
0.013614
0.0136186
0.0136238
0.0136297
0.0136364
0.013644
0.0136524
0.0136619
0.0136723
0.0136839
0.0136966
0.0137105
0.0137257
0.0137423
0.0137603
0.0137797
0.0138007
0.013823
0.0138465
0.013871
0.0138961
0.013922
0.0139487
0.0139745
0.0139946
0.0140205
0.0140426
0.0140234
0.0135683
0.013566
0.0135635
0.0135608
0.0135579
0.0135548
0.0135516
0.0135483
0.013545
0.0135419
0.0135389
0.0135362
0.013534
0.0135324
0.0135313
0.0135309
0.0135313
0.0135325
0.0135345
0.0135373
0.0135409
0.0135452
0.0135503
0.0135562
0.013563
0.0135707
0.0135793
0.0135889
0.0135996
0.0136114
0.0136244
0.0136387
0.0136542
0.013671
0.013689
0.0137084
0.0137292
0.0137514
0.0137752
0.0138004
0.013827
0.0138544
0.0138823
0.0139104
0.0139393
0.0139686
0.0139928
0.0140144
0.0140363
0.0140252
0.0135023
0.0134992
0.0134959
0.0134922
0.0134883
0.0134842
0.0134799
0.0134756
0.0134713
0.0134672
0.0134633
0.01346
0.0134572
0.0134551
0.0134539
0.0134535
0.0134542
0.0134559
0.0134586
0.0134623
0.013467
0.0134726
0.0134793
0.0134869
0.0134956
0.0135054
0.0135164
0.0135286
0.0135421
0.013557
0.0135732
0.0135908
0.0136098
0.01363
0.0136516
0.0136743
0.0136982
0.0137235
0.0137501
0.0137784
0.013808
0.0138385
0.0138692
0.0138996
0.0139304
0.0139626
0.0139906
0.0140101
0.0140305
0.0140255
0.0134309
0.0134268
0.0134223
0.0134174
0.0134122
0.0134068
0.0134012
0.0133955
0.01339
0.0133846
0.0133797
0.0133755
0.013372
0.0133695
0.0133681
0.0133677
0.0133688
0.0133712
0.0133748
0.0133796
0.0133856
0.0133929
0.0134013
0.0134111
0.0134221
0.0134345
0.0134483
0.0134636
0.0134806
0.0134991
0.0135192
0.0135409
0.0135641
0.0135887
0.0136144
0.0136412
0.0136689
0.0136976
0.0137273
0.0137584
0.0137908
0.0138241
0.0138578
0.0138905
0.0139227
0.0139571
0.0139886
0.0140075
0.0140264
0.014025
0.0133543
0.0133489
0.013343
0.0133366
0.0133299
0.0133228
0.0133156
0.0133083
0.0133012
0.0132945
0.0132883
0.013283
0.0132788
0.0132758
0.0132742
0.013274
0.0132756
0.0132787
0.0132833
0.0132895
0.0132971
0.0133062
0.0133168
0.0133289
0.0133426
0.013358
0.0133752
0.0133942
0.0134151
0.0134378
0.0134625
0.0134889
0.013517
0.0135466
0.0135773
0.0136089
0.0136412
0.0136739
0.0137073
0.0137414
0.0137762
0.0138118
0.0138479
0.0138831
0.0139165
0.0139522
0.0139869
0.014007
0.0140239
0.0140238
0.0132723
0.0132653
0.0132577
0.0132496
0.013241
0.0132321
0.013223
0.013214
0.0132051
0.0131969
0.0131894
0.0131831
0.0131781
0.0131748
0.0131732
0.0131732
0.0131754
0.0131796
0.0131856
0.0131933
0.0132028
0.0132142
0.0132274
0.0132425
0.0132595
0.0132784
0.0132993
0.0133224
0.0133476
0.013375
0.0134045
0.0134361
0.0134696
0.0135046
0.0135409
0.0135779
0.0136155
0.0136532
0.013691
0.0137286
0.0137658
0.0138028
0.0138402
0.0138777
0.0139125
0.0139481
0.0139854
0.0140088
0.0140225
0.0140223
0.0131843
0.0131755
0.013166
0.0131559
0.0131452
0.0131342
0.013123
0.013112
0.0131013
0.0130915
0.0130827
0.0130754
0.0130699
0.0130663
0.013065
0.0130659
0.0130692
0.0130747
0.0130825
0.0130926
0.0131049
0.0131193
0.0131358
0.0131544
0.0131752
0.0131982
0.0132235
0.0132513
0.0132814
0.013314
0.0133488
0.0133859
0.0134248
0.0134654
0.0135072
0.0135498
0.0135926
0.0136353
0.0136772
0.0137181
0.0137579
0.0137968
0.0138355
0.0138741
0.0139106
0.0139451
0.0139839
0.0140108
0.0140222
0.0140204
0.0130893
0.0130783
0.0130665
0.0130539
0.0130408
0.0130273
0.0130138
0.0130004
0.0129878
0.0129761
0.012966
0.0129577
0.0129517
0.0129481
0.0129472
0.0129492
0.0129539
0.0129614
0.0129718
0.0129847
0.0130001
0.013018
0.0130382
0.0130609
0.013086
0.0131138
0.0131443
0.0131775
0.0132134
0.0132519
0.0132929
0.0133362
0.0133813
0.013428
0.0134757
0.0135238
0.0135719
0.0136192
0.0136651
0.0137093
0.0137516
0.0137923
0.0138324
0.0138721
0.01391
0.0139438
0.0139824
0.0140111
0.0140245
0.0140184
0.0129861
0.0129725
0.0129579
0.0129425
0.0129265
0.0129101
0.0128938
0.0128779
0.0128629
0.0128493
0.0128377
0.0128285
0.0128221
0.0128189
0.0128184
0.0128219
0.0128288
0.012839
0.0128523
0.0128686
0.0128876
0.0129094
0.012934
0.0129614
0.0129918
0.0130251
0.0130615
0.0131009
0.0131433
0.0131886
0.0132364
0.0132865
0.0133384
0.0133916
0.0134455
0.0134994
0.0135527
0.0136047
0.0136547
0.0137021
0.0137468
0.0137891
0.0138302
0.0138709
0.01391
0.0139435
0.0139812
0.0140107
0.0140252
0.0140164
0.0128744
0.0128576
0.0128397
0.0128208
0.0128013
0.0127816
0.012762
0.0127431
0.0127256
0.01271
0.0126968
0.0126868
0.0126802
0.0126775
0.0126785
0.0126841
0.0126937
0.012707
0.0127237
0.0127438
0.0127671
0.0127936
0.0128232
0.0128561
0.0128924
0.0129321
0.0129753
0.0130218
0.0130715
0.0131243
0.0131796
0.0132372
0.0132963
0.0133565
0.0134169
0.0134768
0.0135354
0.013592
0.0136458
0.0136963
0.0137432
0.0137868
0.0138288
0.0138703
0.0139104
0.0139437
0.0139802
0.0140101
0.0140252
0.0140144
0.0127551
0.0127346
0.0127127
0.0126898
0.0126662
0.0126425
0.0126191
0.0125968
0.0125762
0.0125583
0.0125436
0.0125329
0.0125266
0.0125248
0.0125281
0.012536
0.0125485
0.0125652
0.0125858
0.0126103
0.0126385
0.0126703
0.0127057
0.012745
0.0127881
0.012835
0.0128858
0.0129404
0.0129983
0.0130594
0.013123
0.0131886
0.0132555
0.013323
0.0133901
0.013456
0.0135198
0.0135809
0.0136385
0.0136919
0.0137408
0.0137855
0.0138281
0.0138701
0.013911
0.0139442
0.0139794
0.0140095
0.014025
0.0140127
0.0126297
0.0126052
0.0125792
0.0125521
0.0125243
0.0124963
0.012469
0.0124431
0.0124193
0.0123987
0.0123821
0.01237
0.0123633
0.0123618
0.0123667
0.0123771
0.0123928
0.0124134
0.0124385
0.012468
0.0125016
0.0125395
0.0125816
0.012628
0.0126788
0.012734
0.0127935
0.0128569
0.012924
0.0129942
0.0130668
0.0131412
0.0132163
0.0132913
0.0133653
0.0134372
0.0135062
0.0135715
0.0136325
0.0136886
0.0137393
0.013785
0.0138279
0.0138702
0.0139119
0.0139449
0.0139789
0.0140089
0.0140246
0.0140111
0.0124953
0.0124662
0.0124353
0.0124033
0.0123705
0.0123377
0.0123058
0.0122758
0.0122486
0.0122252
0.0122066
0.0121937
0.0121869
0.0121861
0.0121932
0.0122068
0.0122263
0.0122514
0.0122817
0.0123169
0.0123568
0.0124016
0.0124512
0.0125057
0.0125651
0.0126294
0.0126984
0.0127718
0.0128489
0.0129292
0.0130115
0.0130951
0.0131789
0.0132618
0.0133427
0.0134205
0.0134944
0.0135638
0.0136279
0.0136863
0.0137386
0.013785
0.0138281
0.0138705
0.0139128
0.0139458
0.0139784
0.0140084
0.0140242
0.0140096
0.0123507
0.0123162
0.0122798
0.012242
0.0122036
0.0121653
0.0121283
0.0120938
0.0120628
0.0120366
0.0120164
0.0120028
0.0119966
0.0119973
0.0120074
0.0120248
0.0120489
0.0120792
0.0121154
0.012157
0.0122041
0.0122565
0.0123145
0.0123781
0.0124472
0.0125217
0.0126012
0.0126854
0.0127735
0.0128646
0.0129575
0.0130509
0.0131436
0.0132345
0.0133223
0.0134059
0.0134845
0.0135575
0.0136244
0.0136848
0.0137385
0.0137854
0.0138286
0.0138709
0.0139138
0.0139467
0.0139782
0.0140078
0.0140237
0.0140084
0.0121951
0.0121543
0.0121115
0.0120672
0.0120223
0.0119779
0.0119353
0.0118958
0.011861
0.0118321
0.0118104
0.0117968
0.0117918
0.0117958
0.0118093
0.0118311
0.0118605
0.0118968
0.0119395
0.0119884
0.0120434
0.0121045
0.0121718
0.0122455
0.0123253
0.012411
0.0125023
0.0125984
0.0126983
0.0128009
0.012905
0.0130086
0.0131106
0.0132096
0.0133042
0.0133933
0.0134763
0.0135526
0.0136219
0.0136841
0.0137388
0.0137862
0.0138293
0.0138715
0.0139148
0.0139476
0.013978
0.0140074
0.0140233
0.0140076
0.0120275
0.0119795
0.0119292
0.0118775
0.0118253
0.0117741
0.0117254
0.0116809
0.0116423
0.011611
0.0115885
0.0115755
0.011572
0.0115801
0.0115982
0.0116255
0.0116609
0.011704
0.0117541
0.0118111
0.0118749
0.0119456
0.0120233
0.0121081
0.0121997
0.0122979
0.012402
0.012511
0.0126237
0.0127387
0.0128544
0.0129686
0.01308
0.013187
0.0132883
0.0133827
0.0134697
0.0135488
0.0136202
0.0136839
0.0137395
0.0137872
0.0138301
0.0138721
0.0139157
0.0139485
0.0139779
0.014007
0.0140228
0.0140071
0.0118466
0.0117903
0.0117314
0.0116712
0.011611
0.0115524
0.0114973
0.0114477
0.0114055
0.0113724
0.0113498
0.0113383
0.0113372
0.0113504
0.0113743
0.011408
0.0114504
0.0115009
0.0115592
0.0116251
0.0116987
0.01178
0.0118692
0.0119663
0.0120709
0.0121827
0.0123006
0.0124237
0.0125501
0.0126782
0.012806
0.0129311
0.013052
0.0131669
0.0132745
0.0133739
0.0134644
0.0135461
0.0136192
0.013684
0.0137405
0.0137883
0.013831
0.0138727
0.0139166
0.0139494
0.0139779
0.014007
0.0140224
0.0140068
0.0116511
0.0115851
0.0115166
0.011447
0.0113779
0.0113115
0.0112499
0.0111955
0.0111503
0.0111163
0.0110947
0.0110861
0.0110901
0.0111088
0.0111389
0.0111794
0.0112293
0.0112879
0.011355
0.0114305
0.0115148
0.0116078
0.0117097
0.0118203
0.0119393
0.0120658
0.0121989
0.0123369
0.012478
0.0126198
0.0127601
0.0128963
0.0130265
0.0131491
0.0132627
0.0133666
0.0134604
0.0135443
0.0136188
0.0136845
0.0137416
0.0137895
0.013832
0.0138733
0.0139175
0.0139503
0.013978
0.0140073
0.014022
0.0140066
0.0114398
0.0113629
0.0112836
0.0112037
0.0111252
0.0110508
0.0109829
0.0109242
0.010877
0.0108431
0.0108237
0.0108187
0.0108302
0.0108552
0.0108923
0.0109401
0.0109979
0.0110651
0.0111417
0.0112277
0.0113236
0.0114294
0.0115452
0.0116706
0.0118052
0.0119478
0.0120972
0.0122513
0.0124078
0.012564
0.012717
0.0128642
0.0130036
0.0131336
0.0132528
0.0133608
0.0134574
0.0135431
0.0136188
0.0136852
0.0137428
0.0137907
0.0138329
0.0138739
0.0139183
0.0139511
0.0139781
0.014008
0.0140217
0.0140065
0.0112117
0.0111228
0.011032
0.0109413
0.0108534
0.0107714
0.0106981
0.0106365
0.010589
0.0105571
0.0105417
0.0105406
0.0105592
0.0105915
0.0106361
0.0106917
0.0107578
0.010834
0.0109204
0.0110176
0.0111258
0.0112453
0.0113762
0.0115178
0.0116693
0.0118294
0.0119962
0.0121674
0.01234
0.0125109
0.0126767
0.0128349
0.0129832
0.0131201
0.0132445
0.0133561
0.0134552
0.0135425
0.013619
0.013686
0.0137439
0.0137919
0.0138338
0.0138745
0.013919
0.0139518
0.0139783
0.0140087
0.0140213
0.0140065
0.0109659
0.0108641
0.0107609
0.0106592
0.0105621
0.0104732
0.0103957
0.0103326
0.0102861
0.0102575
0.010248
0.0102556
0.0102809
0.0103202
0.0103721
0.0104354
0.0105098
0.0105953
0.0106921
0.010801
0.0109223
0.0110565
0.0112034
0.0113625
0.0115323
0.0117111
0.0118965
0.0120856
0.0122749
0.0124607
0.0126394
0.0128083
0.0129652
0.0131085
0.0132376
0.0133525
0.0134537
0.0135423
0.0136195
0.0136869
0.0137451
0.013793
0.0138347
0.0138751
0.0139197
0.0139525
0.0139785
0.0140088
0.0140211
0.0140065
0.0107041
0.0105888
0.0104733
0.0103611
0.0102559
0.0101616
0.0100819
0.0100192
0.00997567
0.00995317
0.00994853
0.00996515
0.00999748
0.0100437
0.0101026
0.0101734
0.010256
0.0103508
0.0104583
0.0105793
0.0107144
0.0108641
0.0110281
0.0112057
0.0113952
0.0115938
0.0117988
0.0120066
0.0122129
0.0124137
0.0126051
0.0127844
0.0129493
0.0130986
0.013232
0.0133497
0.0134528
0.0135424
0.0136201
0.0136878
0.0137463
0.0137941
0.0138355
0.0138756
0.0139203
0.0139531
0.0139788
0.0140087
0.0140208
0.0140067
0.0104292
0.0103009
0.0101743
0.0100532
0.009942
0.00984495
0.00976522
0.0097054
0.00966786
0.00965222
0.00965295
0.00967655
0.00971508
0.00976716
0.00983192
0.00990912
0.00999911
0.0101027
0.0102207
0.0103542
0.0105037
0.0106695
0.0108516
0.0110488
0.0112588
0.0114783
0.0117038
0.0119308
0.0121545
0.01237
0.0125739
0.0127631
0.0129355
0.0130903
0.0132274
0.0133476
0.0134522
0.0135426
0.0136208
0.0136887
0.0137473
0.0137951
0.0138363
0.0138761
0.0139209
0.0139537
0.0139792
0.0140086
0.0140206
0.014007
0.0101457
0.0100064
0.00987102
0.0097441
0.00963018
0.00953336
0.00945679
0.00940301
0.00937255
0.0093629
0.00937183
0.00939912
0.00944116
0.00949685
0.00956561
0.00964762
0.00974363
0.00985482
0.00998251
0.0101279
0.0102919
0.0104744
0.0106751
0.0108928
0.0111244
0.0113656
0.0116121
0.0118585
0.0120994
0.0123297
0.0125456
0.0127441
0.0129235
0.0130832
0.0132237
0.0133461
0.0134519
0.0135431
0.0136216
0.0136896
0.0137484
0.0137961
0.013837
0.0138765
0.0139214
0.013954
0.0139796
0.0140084
0.0140204
0.0140072
0.00986286
0.0097165
0.00957685
0.00944873
0.00933665
0.00924432
0.00917524
0.00912976
0.00910633
0.00910009
0.00911266
0.00914077
0.00918348
0.00924004
0.00931025
0.00939473
0.00949469
0.00961174
0.00974758
0.00990378
0.0100814
0.0102807
0.0105004
0.010739
0.0109928
0.0112564
0.0115244
0.0117903
0.0120481
0.0122928
0.0125201
0.0127273
0.0129131
0.0130772
0.0132207
0.0133449
0.0134519
0.0135436
0.0136223
0.0136904
0.0137493
0.0137969
0.0138376
0.0138769
0.0139212
0.0139538
0.0139799
0.0140082
0.0140202
0.0140075
0.00959238
0.00944565
0.00930854
0.00918575
0.00908231
0.00900087
0.00894138
0.00890252
0.00888239
0.0088771
0.00888825
0.00891338
0.00895261
0.0090061
0.00907412
0.0091577
0.00925854
0.0093787
0.00952036
0.00968548
0.00987544
0.0100906
0.0103291
0.0105889
0.0108651
0.0111515
0.011441
0.0117262
0.0120008
0.0122591
0.0124972
0.0127125
0.0129041
0.0130722
0.0132182
0.0133441
0.013452
0.0135441
0.0136231
0.0136912
0.0137502
0.0137977
0.0138382
0.0138773
0.0139208
0.0139535
0.0139798
0.014008
0.01402
0.0140077
0.009347
0.00921016
0.00908544
0.00897637
0.00888557
0.00881432
0.00876246
0.00872861
0.00871058
0.00870514
0.00871181
0.00873071
0.00876112
0.00880609
0.00886684
0.00894485
0.00904228
0.00916167
0.00930573
0.00947693
0.00967704
0.00990651
0.0101632
0.010444
0.0107427
0.0110516
0.0113623
0.0116665
0.0119572
0.0122286
0.0124768
0.0126995
0.0128963
0.0130679
0.0132163
0.0133435
0.0134522
0.0135447
0.0136238
0.0136919
0.0137509
0.0137984
0.0138387
0.0138776
0.0139204
0.0139532
0.0139797
0.0140078
0.0140199
0.0140079
0.00914232
0.00902242
0.00891443
0.00882123
0.00874464
0.00868515
0.008642
0.00861343
0.00859718
0.00859113
0.00859197
0.00860295
0.00862193
0.00865215
0.00869884
0.0087651
0.00885349
0.00896702
0.0091089
0.00928224
0.00948931
0.00973078
0.0100043
0.0103053
0.0106262
0.0109573
0.0112887
0.0116113
0.0119174
0.0122011
0.0124586
0.0126881
0.0128895
0.0130643
0.0132147
0.0133431
0.0134525
0.0135453
0.0136245
0.0136926
0.0137517
0.0137991
0.0138392
0.0138779
0.0139199
0.0139528
0.0139795
0.0140076
0.0140198
0.0140081
0.00896852
0.00887181
0.00878576
0.00871242
0.00865282
0.00860691
0.00857362
0.00855113
0.00853732
0.00853026
0.00852806
0.00853056
0.00853865
0.00855353
0.00857991
0.00862709
0.00869949
0.0088009
0.00893495
0.00910543
0.00931535
0.00956567
0.00985405
0.0101741
0.0105163
0.0108688
0.0112203
0.0115605
0.0118812
0.0121763
0.0124423
0.012678
0.0128837
0.0130613
0.0132134
0.0133429
0.0134528
0.0135459
0.0136251
0.0136932
0.0137523
0.0137997
0.0138396
0.0138782
0.0139195
0.0139525
0.0139793
0.0140074
0.0140197
0.0140083
0.00881652
0.00874706
0.00868591
0.00863447
0.0085933
0.0085621
0.00853978
0.00852475
0.00851518
0.00850933
0.00850586
0.00850412
0.00850409
0.00850713
0.00851624
0.00853811
0.00858646
0.00866854
0.00878825
0.00895008
0.00915793
0.00941337
0.00971374
0.010051
0.0104133
0.0107864
0.0111572
0.0115141
0.0118484
0.0121541
0.0124279
0.0126692
0.0128787
0.0130587
0.0132123
0.0133428
0.0134531
0.0135465
0.0136257
0.0136938
0.0137529
0.0138002
0.01384
0.0138785
0.013919
0.0139522
0.0139791
0.0140072
0.0140196
0.0140084
0.00866888
0.00862821
0.00859294
0.00856407
0.00854202
0.00852652
0.00851679
0.00851145
0.00850896
0.00850791
0.00850718
0.00850579
0.00850338
0.0085002
0.00849783
0.00850036
0.00851879
0.00857369
0.00867197
0.00881867
0.00901885
0.00927497
0.0095842
0.00993675
0.0103176
0.0107103
0.0110992
0.0114718
0.0118187
0.0121341
0.0124151
0.0126614
0.0128743
0.0130565
0.0132115
0.0133427
0.0134534
0.013547
0.0136263
0.0136943
0.0137534
0.0138007
0.0138404
0.0138787
0.0139186
0.0139518
0.0139789
0.0140071
0.0140195
0.0140085
0.00850391
0.00849204
0.00848248
0.00847613
0.00847278
0.00847278
0.00847864
0.00848672
0.00849592
0.00850491
0.00851247
0.00851744
0.00851896
0.00851613
0.00850916
0.00850094
0.00849797
0.00851814
0.00858764
0.00871256
0.00889916
0.00915115
0.00946581
0.00983119
0.0102294
0.0106403
0.0110463
0.0114333
0.011792
0.0121163
0.0124038
0.0126546
0.0128705
0.0130546
0.0132108
0.0133427
0.0134538
0.0135474
0.0136268
0.0136948
0.0137538
0.0138011
0.0138407
0.013879
0.0139182
0.0139515
0.0139788
0.0140069
0.0140194
0.0140087
0.00829018
0.008305
0.00832013
0.00833672
0.00835561
0.00837722
0.00840145
0.00842758
0.00845445
0.00848042
0.00850371
0.00852241
0.00853505
0.00854017
0.00853684
0.00852459
0.00850838
0.00850126
0.0085352
0.00863186
0.00879908
0.00904206
0.00935841
0.0097346
0.0101485
0.0105764
0.0109981
0.0113986
0.0117679
0.0121004
0.0123937
0.0126486
0.0128672
0.013053
0.0132102
0.0133427
0.0134541
0.0135479
0.0136272
0.0136952
0.0137543
0.0138015
0.013841
0.0138792
0.0139178
0.0139512
0.0139786
0.0140068
0.0140194
0.0140088
0.00800948
0.00804866
0.0080876
0.00812768
0.00817007
0.00821543
0.00826382
0.00831459
0.0083665
0.00841762
0.00846547
0.00850706
0.00853955
0.00856037
0.00856763
0.00856016
0.00853895
0.00851524
0.00851342
0.00857551
0.008718
0.00894712
0.00926205
0.00964677
0.0100746
0.0105181
0.0109543
0.0113672
0.0117464
0.0120862
0.0123848
0.0126433
0.0128643
0.0130516
0.0132097
0.0133427
0.0134544
0.0135483
0.0136276
0.0136955
0.0137546
0.0138018
0.0138412
0.0138794
0.0139175
0.013951
0.0139784
0.0140066
0.0140194
0.0140088
0.00764311
0.00770441
0.00776655
0.00783123
0.0078999
0.00797339
0.00805173
0.00813425
0.00821943
0.0083047
0.00838683
0.00846124
0.00852333
0.00856843
0.00859402
0.00859793
0.00857888
0.0085457
0.00851802
0.00854186
0.00865439
0.00886588
0.00917624
0.00956732
0.0100076
0.0104652
0.0109148
0.0113389
0.011727
0.0120735
0.0123769
0.0126386
0.0128618
0.0130505
0.0132093
0.0133428
0.0134547
0.0135487
0.013628
0.0136959
0.013755
0.0138021
0.0138414
0.0138795
0.0139171
0.0139507
0.0139783
0.0140065
0.0140194
0.0140089
0.00717747
0.00725846
0.00734353
0.00743466
0.00753338
0.00764034
0.00775554
0.00787799
0.00800548
0.00813481
0.00826124
0.00837879
0.0084806
0.00855989
0.00861069
0.00863158
0.00862165
0.00858476
0.00854027
0.00852797
0.00860697
0.00879728
0.00910026
0.00949575
0.00994687
0.0104174
0.0108791
0.0113136
0.0117098
0.0120623
0.0123699
0.0126346
0.0128596
0.0130494
0.013209
0.0133429
0.0134549
0.013549
0.0136283
0.0136961
0.0137552
0.0138024
0.0138416
0.0138797
0.0139168
0.0139505
0.0139781
0.0140064
0.0140194
0.014009
0.00659959
0.0066995
0.00680927
0.00693064
0.00706455
0.00721154
0.00737134
0.00754229
0.00772188
0.00790546
0.00808669
0.00825794
0.00840932
0.00853154
0.0086161
0.00865957
0.00866236
0.00862617
0.00857032
0.00852994
0.00857386
0.00874007
0.0090333
0.0094315
0.00989208
0.0103742
0.010847
0.0112908
0.0116943
0.0120522
0.0123637
0.012631
0.0128577
0.0130486
0.0132088
0.0133429
0.0134552
0.0135493
0.0136286
0.0136964
0.0137555
0.0138026
0.0138418
0.0138798
0.0139166
0.0139503
0.013978
0.0140063
0.0140194
0.0140091
0.00590619
0.00602856
0.00616794
0.00632461
0.00649942
0.00669243
0.00690368
0.00713106
0.0073715
0.00761882
0.00786516
0.00809962
0.00830968
0.0084831
0.00860866
0.00868018
0.00869869
0.00866715
0.00860385
0.008544
0.00855322
0.00869294
0.00897458
0.00937399
0.00984278
0.0103354
0.0108182
0.0112704
0.0116806
0.0120434
0.0123582
0.0126278
0.012856
0.0130478
0.0132085
0.013343
0.0134554
0.0135496
0.0136289
0.0136966
0.0137557
0.0138028
0.0138419
0.0138799
0.0139163
0.0139501
0.0139779
0.0140062
0.0140193
0.0140091
0.00517416
0.00530856
0.00546871
0.00565466
0.00586673
0.00610535
0.00636933
0.00665749
0.00696433
0.00728322
0.00760241
0.0079081
0.00818507
0.00841661
0.0085888
0.0086927
0.00873069
0.00870662
0.00863828
0.00856368
0.00854229
0.00865458
0.00892321
0.00932264
0.00979852
0.0103005
0.0107924
0.0112523
0.0116683
0.0120355
0.0123534
0.012625
0.0128545
0.0130472
0.0132084
0.0133431
0.0134556
0.0135498
0.0136292
0.0136968
0.0137559
0.013803
0.0138421
0.01388
0.0139161
0.0139499
0.0139778
0.0140061
0.0140193
0.0140092
0.00447403
0.00461841
0.00479293
0.00499738
0.0052334
0.00550329
0.00580845
0.0061495
0.00652005
0.00691147
0.0073071
0.0076901
0.00803945
0.00833431
0.00855761
0.00869848
0.00875783
0.00874346
0.00867205
0.00858527
0.00853863
0.00862356
0.00887834
0.00927688
0.00975886
0.0102693
0.0107693
0.011236
0.0116574
0.0120285
0.0123491
0.0126226
0.0128532
0.0130466
0.0132082
0.0133432
0.0134558
0.0135501
0.0136294
0.013697
0.0137561
0.0138032
0.0138422
0.0138801
0.0139159
0.0139498
0.0139777
0.0140061
0.0140193
0.0140092
0.00380791
0.00396581
0.00415799
0.00438297
0.00464216
0.00493799
0.00527267
0.00564934
0.00606786
0.00652272
0.00699235
0.00745314
0.00787783
0.00823994
0.00851821
0.00869866
0.00878059
0.00877701
0.00870425
0.00860741
0.0085409
0.00859897
0.00883921
0.00923615
0.00972339
0.0102414
0.0107487
0.0112215
0.0116477
0.0120223
0.0123453
0.0126204
0.0128521
0.0130461
0.0132081
0.0133432
0.0134559
0.0135503
0.0136296
0.0136972
0.0137562
0.0138033
0.0138423
0.0138802
0.0139157
0.0139496
0.0139776
0.014006
0.0140192
0.0140093
0.00317826
0.00335144
0.00356221
0.00380808
0.00409048
0.004412
0.00477504
0.00518307
0.00563733
0.00613817
0.00667127
0.00720492
0.00770645
0.00813843
0.00847239
0.00869307
0.00879989
0.00880701
0.00873441
0.00862904
0.00854709
0.00857989
0.00880514
0.00919996
0.00969172
0.0102164
0.0107303
0.0112087
0.0116391
0.0120168
0.012342
0.0126185
0.0128511
0.0130457
0.013208
0.0133433
0.0134561
0.0135505
0.0136297
0.0136973
0.0137564
0.0138034
0.0138424
0.0138803
0.0139156
0.0139495
0.0139775
0.014006
0.0140192
0.0140093
0.00259491
0.00278253
0.00301032
0.00327524
0.00357887
0.00392412
0.00431364
0.00475094
0.00523775
0.0057738
0.00635359
0.00695546
0.00753312
0.00803425
0.00842301
0.00868367
0.00881576
0.00883382
0.0087623
0.00864962
0.0085548
0.0085651
0.0087755
0.00916782
0.00966348
0.0101941
0.0107139
0.0111972
0.0116315
0.0120119
0.012339
0.0126169
0.0128503
0.0130453
0.0132079
0.0133434
0.0134562
0.0135506
0.0136299
0.0136974
0.0137565
0.0138035
0.0138425
0.0138803
0.0139154
0.0139494
0.0139774
0.0140059
0.0140192
0.0140093
0.00206872
0.0022675
0.00250836
0.00278854
0.00310983
0.00347547
0.00388857
0.00435301
0.00486987
0.00544049
0.00606068
0.00671666
0.00736394
0.00792997
0.00837198
0.00867142
0.00882775
0.00885776
0.00878787
0.00866887
0.0085626
0.00855337
0.00874972
0.00913932
0.00963832
0.0101743
0.0106993
0.011187
0.0116247
0.0120076
0.0123364
0.0126154
0.0128495
0.013045
0.0132078
0.0133434
0.0134564
0.0135508
0.01363
0.0136975
0.0137566
0.0138036
0.0138425
0.0138803
0.0139153
0.0139493
0.0139774
0.0140059
0.0140191
0.0140094
0.00160516
0.00181004
0.00205913
0.0023496
0.0026839
0.00306575
0.00349838
0.00398733
0.00453443
0.00513902
0.00579685
0.00649702
0.00720184
0.00782857
0.00832084
0.00865728
0.00883695
0.00887902
0.00881114
0.00868673
0.00857047
0.00854398
0.00872724
0.00911404
0.00961593
0.0101567
0.0106864
0.011178
0.0116187
0.0120038
0.0123342
0.0126141
0.0128489
0.0130447
0.0132078
0.0133435
0.0134565
0.0135509
0.0136301
0.0136976
0.0137566
0.0138037
0.0138426
0.0138803
0.0139152
0.0139492
0.0139773
0.0140058
0.0140191
0.0140094
0.00120301
0.00140837
0.00166036
0.00195632
0.00229918
0.00269469
0.00314674
0.00365854
0.00423193
0.00486624
0.00555767
0.00629582
0.0070503
0.00773186
0.00827069
0.00864201
0.00884424
0.00889776
0.00883221
0.00870312
0.00857838
0.00853669
0.00870764
0.00909164
0.00959603
0.010141
0.0106748
0.01117
0.0116134
0.0120005
0.0123321
0.012613
0.0128483
0.0130444
0.0132077
0.0133435
0.0134566
0.013551
0.0136302
0.0136976
0.0137567
0.0138037
0.0138426
0.0138803
0.0139151
0.0139492
0.0139773
0.0140058
0.0140191
0.0140094
0.000854431
0.00105681
0.00130817
0.00160861
0.00196148
0.00236951
0.00283682
0.00336647
0.003961
0.00461976
0.00534025
0.00611289
0.00691033
0.00764071
0.00822226
0.00862613
0.00884983
0.00891418
0.00885118
0.00871805
0.00858587
0.00853112
0.00869052
0.0090718
0.00957834
0.010127
0.0106646
0.0111629
0.0116087
0.0119975
0.0123304
0.012612
0.0128478
0.0130442
0.0132077
0.0133436
0.0134566
0.0135511
0.0136303
0.0136977
0.0137567
0.0138038
0.0138427
0.0138803
0.013915
0.0139491
0.0139772
0.0140058
0.0140191
0.0140094
0.000552869
0.000752694
0.00100693
0.0013124
0.00167191
0.00208848
0.00256615
0.00310835
0.00371836
0.0043971
0.00514229
0.00594544
0.00678155
0.00755537
0.00817595
0.00861003
0.00885403
0.00892853
0.00886821
0.00873158
0.00859277
0.00852689
0.00867557
0.00905422
0.00956263
0.0101146
0.0106555
0.0111566
0.0116045
0.0119949
0.0123288
0.0126111
0.0128474
0.013044
0.0132076
0.0133436
0.0134567
0.0135512
0.0136304
0.0136977
0.0137568
0.0138038
0.0138427
0.0138802
0.013915
0.0139491
0.0139772
0.0140057
0.014019
0.0140095
0.000267035
0.000489543
0.000750026
0.00106072
0.00142455
0.0018456
0.00232957
0.00288029
0.00350236
0.00419676
0.00496195
0.00579119
0.00666278
0.00747572
0.008132
0.008594
0.00885708
0.00894103
0.00888344
0.00874377
0.00859906
0.00852343
0.00866247
0.00903864
0.00954867
0.0101036
0.0106475
0.011151
0.0116008
0.0119925
0.0123274
0.0126103
0.012847
0.0130439
0.0132076
0.0133436
0.0134568
0.0135512
0.0136305
0.0136978
0.0137568
0.0138038
0.0138426
0.0138802
0.0139149
0.013949
0.0139771
0.0140057
0.014019
0.0140095
0.0140095
0.0140095
0.0140096
0.0140096
0.0140096
0.0140096
0.0140097
0.0140097
0.0140097
0.0140097
0.0140098
0.0140098
0.0140098
0.0140099
0.0140099
0.0140099
0.0140099
0.01401
0.01401
0.01401
0.01401
0.0140101
0.0140101
0.0140101
0.0140101
0.0140102
0.0140102
0.0140102
0.0140102
0.0140103
0.0140103
0.0140103
0.0140103
0.0140104
0.0140104
0.0140104
0.0140104
0.0140105
0.0140105
0.0140105
0.0140105
0.0140106
0.0140106
0.0140106
0.0140106
0.0140107
0.0140107
0.0140107
0.0140107
0.0140108
0.014019
0.014019
0.014019
0.014019
0.014019
0.014019
0.014019
0.0140189
0.0140189
0.0140189
0.0140189
0.0140189
0.0140189
0.0140189
0.0140189
0.0140189
0.0140189
0.0140189
0.0140188
0.0140188
0.0140188
0.0140188
0.0140188
0.0140188
0.0140188
0.0140188
0.0140187
0.0140187
0.0140187
0.0140187
0.0140187
0.0140187
0.0140187
0.0140187
0.0140186
0.0140186
0.0140186
0.0140186
0.0140186
0.0140186
0.0140186
0.0140185
0.0140185
0.0140185
0.0140185
0.0140185
0.0140185
0.0140185
0.0140184
0.0140184
0.0140057
0.0140057
0.0140057
0.0140057
0.0140057
0.0140057
0.0140057
0.0140056
0.0140056
0.0140056
0.0140056
0.0140056
0.0140056
0.0140056
0.0140056
0.0140056
0.0140056
0.0140055
0.0140055
0.0140055
0.0140055
0.0140055
0.0140055
0.0140054
0.0140054
0.0140054
0.0140054
0.0140054
0.0140054
0.0140053
0.0140053
0.0140053
0.0140053
0.0140052
0.0140052
0.0140052
0.0140052
0.0140051
0.0140051
0.0140051
0.014005
0.014005
0.014005
0.0140049
0.0140049
0.0140048
0.0140048
0.0140048
0.0140047
0.0140047
0.0139771
0.0139771
0.0139771
0.0139771
0.0139771
0.0139771
0.013977
0.013977
0.013977
0.013977
0.013977
0.013977
0.013977
0.0139769
0.0139769
0.0139769
0.0139769
0.0139769
0.0139769
0.0139768
0.0139768
0.0139768
0.0139768
0.0139768
0.0139767
0.0139767
0.0139767
0.0139767
0.0139766
0.0139766
0.0139766
0.0139766
0.0139766
0.0139765
0.0139765
0.0139765
0.0139764
0.0139764
0.0139764
0.0139764
0.0139763
0.0139763
0.0139763
0.0139763
0.0139762
0.0139762
0.0139762
0.0139761
0.0139761
0.013949
0.013949
0.013949
0.013949
0.0139489
0.0139489
0.0139489
0.0139489
0.0139489
0.0139489
0.0139489
0.0139488
0.0139488
0.0139488
0.0139488
0.0139488
0.0139488
0.0139488
0.0139487
0.0139487
0.0139487
0.0139487
0.0139487
0.0139486
0.0139486
0.0139486
0.0139486
0.0139486
0.0139485
0.0139485
0.0139485
0.0139485
0.0139484
0.0139484
0.0139484
0.0139484
0.0139483
0.0139483
0.0139483
0.0139483
0.0139483
0.0139482
0.0139482
0.0139482
0.0139482
0.0139481
0.0139148
0.0139148
0.0139148
0.0139148
0.0139147
0.0139147
0.0139147
0.0139147
0.0139146
0.0139146
0.0139146
0.0139145
0.0139145
0.0139145
0.0139144
0.0139144
0.0139144
0.0139143
0.0139143
0.0139143
0.0139142
0.0139142
0.0139142
0.0139141
0.0139141
0.0139141
0.013914
0.013914
0.013914
0.0139139
0.0139139
0.0139138
0.0139138
0.0139138
0.0139137
0.0139137
0.0139136
0.0139136
0.0139136
0.0139135
0.0139135
0.0139134
0.0139134
0.0139134
0.0138802
0.0138801
0.0138801
0.0138801
0.0138801
0.0138801
0.0138801
0.0138801
0.0138801
0.0138801
0.0138801
0.0138801
0.0138801
0.0138801
0.0138801
0.0138801
0.01388
0.01388
0.01388
0.01388
0.01388
0.01388
0.01388
0.01388
0.01388
0.01388
0.01388
0.01388
0.01388
0.01388
0.01388
0.01388
0.01388
0.01388
0.01388
0.01388
0.01388
0.01388
0.01388
0.01388
0.01388
0.01388
0.0138426
0.0138426
0.0138426
0.0138426
0.0138426
0.0138426
0.0138426
0.0138426
0.0138426
0.0138426
0.0138426
0.0138426
0.0138426
0.0138426
0.0138426
0.0138426
0.0138426
0.0138426
0.0138426
0.0138426
0.0138426
0.0138426
0.0138426
0.0138426
0.0138426
0.0138426
0.0138426
0.0138426
0.0138426
0.0138426
0.0138427
0.0138427
0.0138427
0.0138427
0.0138427
0.0138427
0.0138427
0.0138427
0.0138427
0.0138427
0.0138427
0.0138037
0.0138037
0.0138037
0.0138037
0.0138037
0.0138037
0.0138038
0.0138038
0.0138038
0.0138038
0.0138038
0.0138039
0.0138039
0.0138039
0.0138039
0.0138039
0.013804
0.013804
0.013804
0.013804
0.0138041
0.0138041
0.0138041
0.0138041
0.0138041
0.0138042
0.0138042
0.0138042
0.0138042
0.0138043
0.0138043
0.0138043
0.0138043
0.0138044
0.0138044
0.0138044
0.0138044
0.0138044
0.0138045
0.0137567
0.0137567
0.0137567
0.0137567
0.0137567
0.0137568
0.0137568
0.0137569
0.013757
0.013757
0.0137571
0.0137572
0.0137572
0.0137573
0.0137574
0.0137575
0.0137575
0.0137576
0.0137577
0.0137578
0.0137578
0.0137579
0.013758
0.0137581
0.0137582
0.0137582
0.0137583
0.0137584
0.0137585
0.0137586
0.0137587
0.0137588
0.0137589
0.013759
0.0137591
0.0137592
0.0137593
0.0137595
0.0137596
0.0136978
0.0136978
0.0136979
0.0136981
0.0136983
0.0136985
0.0136987
0.0136989
0.0136991
0.0136994
0.0136996
0.0136998
0.0137001
0.0137003
0.0137006
0.0137008
0.013701
0.0137013
0.0137015
0.0137017
0.013702
0.0137022
0.0137024
0.0137026
0.0137029
0.0137031
0.0137033
0.0137036
0.0137038
0.013704
0.0137042
0.0137044
0.0137047
0.0137049
0.0137051
0.0137053
0.0137055
0.0137057
0.0136306
0.0136307
0.013631
0.0136313
0.0136316
0.013632
0.0136323
0.0136326
0.013633
0.0136333
0.0136337
0.013634
0.0136344
0.0136347
0.013635
0.0136354
0.0136357
0.0136361
0.0136364
0.0136367
0.013637
0.0136374
0.0136377
0.013638
0.0136383
0.0136387
0.013639
0.0136393
0.0136396
0.0136399
0.0136402
0.0136405
0.0136408
0.0136411
0.0136414
0.0136417
0.013642
0.0135513
0.0135516
0.0135519
0.0135523
0.0135527
0.0135532
0.0135536
0.0135541
0.0135546
0.013555
0.0135555
0.0135559
0.0135564
0.0135568
0.0135573
0.0135577
0.0135582
0.0135586
0.0135591
0.0135595
0.0135599
0.0135604
0.0135608
0.0135612
0.0135616
0.013562
0.0135625
0.0135629
0.0135633
0.0135637
0.0135641
0.0135645
0.0135649
0.0135653
0.0135657
0.0135661
0.0135664
0.0134568
0.0134571
0.0134576
0.0134581
0.0134587
0.0134593
0.0134599
0.0134605
0.0134611
0.0134617
0.0134623
0.0134629
0.0134635
0.0134641
0.0134646
0.0134652
0.0134658
0.0134664
0.0134669
0.0134675
0.0134681
0.0134686
0.0134692
0.0134697
0.0134702
0.0134708
0.0134713
0.0134718
0.0134724
0.0134729
0.0134734
0.0134739
0.0134745
0.013475
0.0134755
0.013476
0.0133437
0.013344
0.0133446
0.0133453
0.0133461
0.0133468
0.0133476
0.0133484
0.0133492
0.0133499
0.0133507
0.0133515
0.0133522
0.013353
0.0133537
0.0133545
0.0133552
0.013356
0.0133567
0.0133574
0.0133581
0.0133588
0.0133595
0.0133602
0.0133609
0.0133616
0.0133623
0.013363
0.0133636
0.0133643
0.013365
0.0133657
0.0133663
0.013367
0.0133676
0.0133683
0.0132075
0.013208
0.0132088
0.0132098
0.0132107
0.0132117
0.0132127
0.0132137
0.0132147
0.0132157
0.0132167
0.0132176
0.0132186
0.0132195
0.0132205
0.0132214
0.0132223
0.0132233
0.0132242
0.0132251
0.013226
0.0132269
0.0132278
0.0132287
0.0132296
0.0132304
0.0132313
0.0132322
0.0132331
0.0132339
0.0132348
0.0132356
0.0132364
0.0132373
0.0132381
0.0130437
0.0130443
0.0130453
0.0130465
0.0130477
0.013049
0.0130502
0.0130515
0.0130527
0.0130539
0.0130552
0.0130564
0.0130575
0.0130587
0.0130599
0.0130611
0.0130622
0.0130634
0.0130646
0.0130657
0.0130669
0.013068
0.0130692
0.0130703
0.0130714
0.0130725
0.0130736
0.0130747
0.0130758
0.0130768
0.0130779
0.0130789
0.01308
0.013081
0.013082
0.0128466
0.0128473
0.0128485
0.0128499
0.0128514
0.0128529
0.0128545
0.012856
0.0128576
0.0128591
0.0128606
0.0128621
0.0128636
0.0128651
0.0128666
0.0128681
0.0128696
0.012871
0.0128725
0.0128739
0.0128753
0.0128767
0.0128781
0.0128795
0.0128808
0.0128822
0.0128835
0.0128848
0.0128861
0.0128874
0.0128887
0.0128899
0.0128911
0.0128924
0.0128936
0.0126097
0.0126102
0.0126116
0.0126133
0.0126151
0.012617
0.0126189
0.0126209
0.0126228
0.0126247
0.0126266
0.0126285
0.0126304
0.0126322
0.012634
0.0126358
0.0126376
0.0126393
0.012641
0.0126427
0.0126444
0.0126461
0.0126477
0.0126493
0.0126509
0.0126525
0.012654
0.0126556
0.0126571
0.0126586
0.0126601
0.0126615
0.012663
0.0126644
0.0126658
0.0123263
0.0123267
0.0123283
0.0123303
0.0123326
0.0123349
0.0123372
0.0123394
0.0123417
0.012344
0.0123462
0.0123484
0.0123505
0.0123527
0.0123548
0.0123569
0.0123589
0.012361
0.012363
0.012365
0.0123669
0.0123688
0.0123707
0.0123726
0.0123744
0.0123762
0.0123779
0.0123796
0.0123813
0.012383
0.0123847
0.0123863
0.0123879
0.0123895
0.012391
0.0119907
0.0119907
0.0119923
0.0119946
0.0119971
0.0119997
0.0120023
0.0120049
0.0120075
0.01201
0.0120125
0.0120149
0.0120173
0.0120197
0.012022
0.0120244
0.0120266
0.0120289
0.0120311
0.0120333
0.0120354
0.0120375
0.0120396
0.0120416
0.0120436
0.0120455
0.0120475
0.0120494
0.0120512
0.012053
0.0120547
0.0120564
0.0120581
0.0120597
0.011598
0.0115975
0.0115989
0.0116012
0.0116038
0.0116066
0.0116093
0.0116121
0.0116148
0.0116175
0.0116201
0.0116227
0.0116252
0.0116277
0.0116301
0.0116326
0.0116349
0.0116372
0.0116395
0.0116417
0.0116439
0.011646
0.0116481
0.0116502
0.0116522
0.0116541
0.011656
0.0116579
0.0116597
0.0116615
0.0116632
0.0116649
0.0116665
0.0116681
0.0111467
0.0111456
0.0111463
0.0111483
0.0111509
0.0111536
0.0111563
0.011159
0.0111617
0.0111643
0.0111668
0.0111693
0.0111718
0.0111742
0.0111765
0.0111788
0.011181
0.0111832
0.0111853
0.0111873
0.0111893
0.0111912
0.0111931
0.0111949
0.0111967
0.0111984
0.0112
0.0112016
0.0112031
0.0112046
0.011206
0.0112074
0.0112086
0.0112099
0.0106413
0.0106393
0.010639
0.0106404
0.0106425
0.0106448
0.0106472
0.0106495
0.0106518
0.0106541
0.0106562
0.0106583
0.0106604
0.0106623
0.0106642
0.010666
0.0106678
0.0106695
0.0106711
0.0106727
0.0106741
0.0106756
0.0106769
0.0106782
0.0106794
0.0106805
0.0106815
0.0106825
0.0106834
0.0106842
0.010685
0.0106857
0.0106863
0.0106868
0.0100952
0.010092
0.0100907
0.0100907
0.0100919
0.0100934
0.010095
0.0100966
0.0100982
0.0100996
0.010101
0.0101024
0.0101036
0.0101047
0.0101058
0.0101068
0.0101077
0.0101086
0.0101093
0.01011
0.0101106
0.0101111
0.0101115
0.0101118
0.0101121
0.0101122
0.0101123
0.0101123
0.0101122
0.010112
0.0101118
0.0101115
0.0101111
0.0101106
0.00953805
0.00953343
0.00953104
0.00952996
0.00952962
0.00952973
0.00953014
0.0095306
0.00953102
0.00953136
0.00953162
0.0095318
0.00953189
0.00953189
0.00953183
0.00953171
0.0095315
0.00953121
0.00953084
0.00953037
0.00952982
0.00952917
0.00952842
0.00952758
0.00952664
0.00952561
0.00952447
0.00952323
0.00952189
0.00952045
0.0095189
0.00951725
0.00951548
0.0095136
0.00902677
0.00902126
0.00901803
0.00901608
0.00901485
0.00901399
0.00901331
0.00901271
0.0090121
0.00901147
0.00901077
0.00901001
0.00900917
0.00900826
0.00900725
0.00900617
0.00900499
0.00900373
0.00900237
0.00900092
0.00899937
0.00899773
0.00899599
0.00899414
0.0089922
0.00899015
0.00898799
0.00898572
0.00898335
0.00898086
0.00897825
0.00897553
0.00897268
0.00896971
0.00865157
0.00864668
0.00864393
0.00864237
0.00864145
0.00864085
0.0086404
0.00864
0.0086396
0.00863917
0.0086387
0.00863817
0.00863759
0.00863694
0.00863624
0.00863548
0.00863465
0.00863377
0.00863283
0.00863184
0.00863079
0.00862969
0.00862853
0.00862733
0.00862608
0.00862479
0.00862345
0.00862206
0.00862064
0.00861918
0.00861768
0.00861611
0.00861449
0.00861284
0.00851847
0.0085187
0.00852066
0.00852364
0.00852702
0.00853048
0.00853388
0.00853714
0.00854022
0.00854309
0.00854577
0.00854823
0.00855048
0.00855252
0.00855434
0.00855595
0.00855735
0.00855856
0.00855958
0.0085604
0.00856104
0.00856149
0.00856177
0.00856187
0.00856181
0.00856159
0.00856121
0.00856069
0.00856002
0.00855921
0.00855825
0.00855707
0.00855545
0.00855334
0.00860359
0.00860845
0.00861298
0.00861734
0.00862155
0.00862558
0.00862944
0.0086331
0.00863658
0.00863987
0.00864298
0.0086459
0.00864865
0.00865121
0.00865345
0.00865531
0.00865677
0.00865783
0.00865848
0.00865875
0.00865879
0.00865861
0.00865827
0.00865783
0.00865731
0.00865673
0.00865609
0.00865541
0.00865473
0.00865404
0.00865335
0.00865267
0.00865202
0.00865143
0.0087539
0.00876176
0.00876888
0.00877556
0.00878191
0.008788
0.00879385
0.00879948
0.0088049
0.00881009
0.00881505
0.00881978
0.0088243
0.0088286
0.0088328
0.00883705
0.00884145
0.00884607
0.00885098
0.00885624
0.00886177
0.00886733
0.00887278
0.00887811
0.00888331
0.00888838
0.00889331
0.00889811
0.0089028
0.00890736
0.0089118
0.00891611
0.0089203
0.00892445
0.00889753
0.00890971
0.00892048
0.00893058
0.00894031
0.00894998
0.00895985
0.00897002
0.00898016
0.00899016
0.00899997
0.00900958
0.00901899
0.0090282
0.00903734
0.00904646
0.00905559
0.00906471
0.00907381
0.00908289
0.00909191
0.00910087
0.00910973
0.00911851
0.00912719
0.0091358
0.00914432
0.00915278
0.00916117
0.0091695
0.00917779
0.00918604
0.00919426
0.00920246
0.00895469
0.00897015
0.00898409
0.00899725
0.00901006
0.00902273
0.00903533
0.00904784
0.00906027
0.00907259
0.00908481
0.00909694
0.00910899
0.00912097
0.00913288
0.00914474
0.00915655
0.00916831
0.00918001
0.00919165
0.00920325
0.00921478
0.00922627
0.0092377
0.00924909
0.00926043
0.00927172
0.00928298
0.0092942
0.00930539
0.00931655
0.00932769
0.00933881
0.0093499
0.00886028
0.00887219
0.00888465
0.0088973
0.00891004
0.00892283
0.00893566
0.00894833
0.00896096
0.00897361
0.00898627
0.00899896
0.0090117
0.00902438
0.00903704
0.00904972
0.00906241
0.00907512
0.00908786
0.00910061
0.00911339
0.00912619
0.00913899
0.00915181
0.00916463
0.00917746
0.00919028
0.0092031
0.00921591
0.00922871
0.00924148
0.00925421
0.00926691
0.00927955
0.0085803
0.00857936
0.00858523
0.00859365
0.00860303
0.00861291
0.00862314
0.00863364
0.00864439
0.0086554
0.00866666
0.00867784
0.00868912
0.00870054
0.00871213
0.0087239
0.00873587
0.00874801
0.00876033
0.00877281
0.00878545
0.00879823
0.00881114
0.00882417
0.00883731
0.00885055
0.00886388
0.00887728
0.00889075
0.00890428
0.00891787
0.0089315
0.00894499
0.00895832
0.00809606
0.0080833
0.00807857
0.00807808
0.00808095
0.00808549
0.00809101
0.00809728
0.00810421
0.00811173
0.00811982
0.00812844
0.00813761
0.00814669
0.00815604
0.00816571
0.00817575
0.00818617
0.00819696
0.0082081
0.00821957
0.00823135
0.00824341
0.00825572
0.00826827
0.00828103
0.00829397
0.00830708
0.00832032
0.00833367
0.00834711
0.0083606
0.00837411
0.0083876
0.00741106
0.00738465
0.00736958
0.00736075
0.00735568
0.00735301
0.00735202
0.00735245
0.00735443
0.00735754
0.00736167
0.00736677
0.00737278
0.00737962
0.00738732
0.00739464
0.00740225
0.00741039
0.0074191
0.00742837
0.00743816
0.00744842
0.00745913
0.00747025
0.00748174
0.00749357
0.0075057
0.0075181
0.00753074
0.00754358
0.00755659
0.00756974
0.00758299
0.00759629
0.00656557
0.00651941
0.00649207
0.00647434
0.00646174
0.00645236
0.00644525
0.00644004
0.00643657
0.00643465
0.00643414
0.00643528
0.00643799
0.00644202
0.00644732
0.00645379
0.00645906
0.00646477
0.0064712
0.00647836
0.0064862
0.00649469
0.00650375
0.00651336
0.00652347
0.00653403
0.006545
0.00655635
0.00656803
0.00658001
0.00659225
0.00660472
0.00661737
0.00663013
0.00566503
0.00560376
0.00556348
0.00553408
0.00551101
0.00549212
0.00547643
0.0054635
0.00545307
0.00544492
0.00543889
0.00543483
0.00543258
0.00543196
0.00543319
0.00543622
0.00543812
0.00544063
0.00544404
0.00544837
0.00545354
0.00545949
0.00546615
0.00547347
0.00548139
0.00548986
0.00549883
0.00550826
0.00551811
0.00552834
0.0055389
0.00554976
0.00556088
0.00557218
0.00481502
0.00474159
0.00469084
0.00465168
0.00461946
0.00459216
0.00456882
0.00454891
0.00453205
0.00451794
0.00450633
0.00449697
0.00448963
0.00448411
0.00448021
0.00447773
0.00447554
0.00447414
0.00447369
0.00447433
0.00447605
0.00447867
0.0044821
0.00448627
0.0044911
0.00449655
0.00450256
0.00450908
0.00451607
0.00452347
0.00453126
0.00453938
0.0045478
0.00455646
0.00403242
0.00395016
0.00389203
0.0038461
0.00380772
0.00377493
0.00374674
0.00372251
0.00370176
0.00368409
0.00366915
0.00365662
0.00364627
0.00363793
0.00363061
0.0036245
0.00361949
0.00361558
0.00361277
0.00361101
0.00361021
0.00361027
0.00361132
0.00361312
0.00361562
0.00361872
0.00362239
0.00362657
0.00363121
0.00363627
0.0036417
0.00364747
0.00365354
0.00365986
0.00332376
0.00323566
0.00317298
0.00312305
0.0030813
0.00304574
0.00301529
0.00298917
0.00296683
0.00294782
0.00293178
0.00291758
0.00290536
0.00289491
0.00288594
0.00287835
0.00287201
0.00286685
0.00286279
0.00285973
0.0028576
0.00285631
0.0028558
0.002856
0.00285693
0.00285845
0.0028605
0.00286303
0.00286599
0.00286934
0.00287304
0.00287705
0.00288133
0.00288584
0.00269084
0.00259973
0.00253506
0.00248368
0.00244107
0.00240524
0.00237499
0.00234871
0.00232617
0.00230683
0.0022902
0.00227577
0.00226331
0.00225259
0.00224338
0.00223554
0.00222892
0.00222342
0.00221893
0.00221536
0.00221263
0.00221065
0.00220936
0.0022087
0.00220861
0.0022091
0.00221008
0.00221148
0.00221326
0.00221539
0.00221783
0.00222054
0.00222349
0.00222665
0.00213285
0.00204107
0.00197642
0.00192555
0.00188389
0.00184922
0.00182007
0.00179528
0.00177416
0.00175608
0.00174055
0.00172715
0.0017156
0.00170565
0.0016971
0.00168978
0.00168356
0.00167832
0.00167397
0.00167041
0.00166757
0.00166538
0.00166377
0.0016627
0.00166211
0.00166196
0.00166224
0.0016629
0.00166389
0.00166516
0.0016667
0.00166847
0.00167043
0.00167257
0.00164314
0.00155307
0.00149073
0.00144276
0.00140424
0.00137278
0.00134669
0.00132482
0.00130634
0.00129062
0.00127716
0.0012656
0.00125565
0.00124708
0.00123971
0.00123337
0.00122796
0.00122337
0.0012195
0.00121629
0.00121366
0.00121156
0.00120993
0.00120873
0.00120792
0.00120747
0.00120735
0.00120753
0.00120798
0.00120868
0.00120958
0.00121067
0.00121192
0.00121331
0.00121811
0.00113226
0.00107453
0.00103177
0.000998331
0.000971677
0.000949926
0.000931925
0.000916846
0.000904096
0.000893234
0.000883929
0.00087593
0.000869039
0.000863101
0.000857988
0.000853597
0.000849842
0.000846652
0.000843964
0.000841726
0.000839891
0.000838422
0.000837283
0.000836443
0.000835875
0.000835554
0.000835458
0.00083557
0.00083587
0.000836333
0.000836939
0.00083767
0.000838511
0.000853083
0.000774645
0.000723765
0.000688341
0.000661434
0.00064063
0.00062392
0.000610249
0.000598889
0.000589334
0.000581222
0.000574285
0.000568324
0.000563184
0.000558742
0.000554901
0.000551584
0.000548726
0.000546272
0.000544178
0.000542405
0.000540921
0.000539697
0.000538708
0.000537933
0.000537353
0.000536949
0.000536707
0.00053661
0.000536646
0.000536803
0.000537066
0.00053742
0.000537857
0.000542751
0.000475754
0.000433801
0.000407232
0.000387364
0.000372682
0.000361228
0.000351914
0.000344227
0.00033778
0.000332317
0.000327648
0.000323631
0.000320153
0.000317127
0.000314483
0.000312166
0.000310129
0.000308339
0.000306767
0.00030539
0.00030419
0.000303151
0.000302261
0.000301509
0.000300883
0.000300375
0.000299976
0.000299677
0.000299471
0.00029935
0.000299303
0.000299323
0.000299407
0.000281276
0.000236826
0.000207441
0.000196178
0.000176252
0.000162052
0.000162002
0.000161775
0.000161223
0.000160244
0.000159027
0.000157662
0.000156223
0.000154764
0.000153297
0.000151831
0.00015037
0.000148914
0.000147465
0.000146022
0.000144584
0.000143151
0.00014172
0.00014029
0.000138858
0.000137421
0.000135975
0.000134514
0.00013304
0.000131554
0.000130052
0.000128534
0.000126996
0.000125441
3.06103e-05
2.57971e-05
4.66101e-06
3.47922e-06
2.48247e-06
2.01073e-06
1.86539e-06
1.77201e-06
1.6984e-06
1.64169e-06
1.6038e-06
1.5853e-06
1.57965e-06
1.57376e-06
1.55824e-06
1.52677e-06
1.48699e-06
1.4478e-06
1.41016e-06
1.37438e-06
1.34047e-06
1.30842e-06
1.2784e-06
1.25076e-06
1.22574e-06
1.20321e-06
1.18246e-06
1.16243e-06
1.14218e-06
1.12104e-06
1.09883e-06
1.07674e-06
1.05868e-06
1.04952e-06
0.0140108
0.0140184
)
;

boundaryField
{
    down
    {
        type            freestream;
        freestreamValue nonuniform List<scalar> 0();
        value           nonuniform List<scalar> 0();
    }
    right
    {
        type            freestream;
        freestreamValue uniform 0.014;
        value           nonuniform List<scalar> 
100
(
0.0131253
0.0130627
0.0130642
0.0130963
0.0131417
0.0131912
0.0132401
0.0132864
0.0133292
0.0133683
0.013404
0.0134364
0.0134661
0.0134935
0.0135188
0.0135424
0.0135646
0.0135855
0.013605
0.0136231
0.0136396
0.0136541
0.0136669
0.0136778
0.0136865
0.0136923
0.0136923
0.0136923
0.0136923
0.0136922
0.0136921
0.0136919
0.0136917
0.0136915
0.0136912
0.0136909
0.0136906
0.0136902
0.0136898
0.0136894
0.0136889
0.0136884
0.0136879
0.0136873
0.0136867
0.0136856
0.0136841
0.0136826
0.0136812
0.0136798
0.0136785
0.0136774
0.0136762
0.0136747
0.0136732
0.0136715
0.0136696
0.0136677
0.0136657
0.0136638
0.0136619
0.0136601
0.0136586
0.0136573
0.0136564
0.0136559
0.0136559
0.0136564
0.0136574
0.0136589
0.0136609
0.0136634
0.0136665
0.01367
0.0136741
0.0136788
0.0136842
0.0136902
0.013697
0.0137047
0.0137132
0.0137228
0.0137334
0.0137451
0.013758
0.0137721
0.0137876
0.0138045
0.0138227
0.0138422
0.013863
0.0138851
0.0139086
0.013934
0.0139583
0.0139807
0.0139985
0.014028
0.0140477
0.0140222
)
;
    }
    up
    {
        type            freestream;
        freestreamValue uniform 0.014;
        value           uniform 0.014;
    }
    meanFlow
    {
        type            freestream;
        freestreamValue nonuniform List<scalar> 0();
        value           nonuniform List<scalar> 0();
    }
    surface
    {
        type            nutUSpaldingWallFunction;
        Cmu             0.09;
        kappa           0.41;
        E               9.8;
        value           nonuniform List<scalar> 
37
(
1.22127e-05
8.42792e-06
7.60412e-06
6.72446e-06
6.16021e-06
5.71797e-06
5.36499e-06
5.07028e-06
4.81712e-06
4.59578e-06
4.39946e-06
4.22332e-06
4.06374e-06
3.91787e-06
3.78354e-06
3.65906e-06
3.54303e-06
3.43431e-06
3.33197e-06
3.23519e-06
3.14332e-06
3.05577e-06
2.97205e-06
2.89173e-06
2.81443e-06
2.73984e-06
2.66766e-06
2.59766e-06
2.5296e-06
2.46329e-06
2.39854e-06
2.33526e-06
2.27335e-06
2.21223e-06
1.65933e-05
2.02421e-05
2.32593e-05
)
;
    }
    surfaceInner
    {
        type            nutUSpaldingWallFunction;
        Cmu             0.09;
        kappa           0.41;
        E               9.8;
        value           nonuniform List<scalar> 0();
    }
    coandaInlet
    {
        type            freestream;
        freestreamValue nonuniform List<scalar> 0();
        value           nonuniform List<scalar> 0();
    }
    defaultFaces
    {
        type            empty;
    }
    procBoundary3to1
    {
        type            processor;
        value           nonuniform List<scalar> 
97
(
0.0133087
0.0132182
0.012972
0.012972
0.0128857
0.012795
0.0126994
0.0125991
0.0124939
0.0123836
0.012268
0.0121469
0.0120198
0.0119331
0.0119331
0.0117978
0.0116536
0.0114997
0.0113352
0.0112193
0.0112193
0.0110324
0.0108313
0.0106779
0.0106779
0.0104453
0.0101925
0.00998705
0.00998705
0.00969524
0.00949343
0.00949343
0.00925124
0.00907479
0.00907479
0.0088935
0.0088935
0.00865724
0.00847723
0.00847723
0.00830614
0.00830614
0.00808846
0.00785776
0.00785776
0.00755732
0.00755732
0.00715435
0.00673148
0.00673148
0.00624653
0.00624653
0.0056968
0.0056968
0.00509299
0.00509299
0.00445656
0.00445656
0.00382232
0.00321749
0.00321749
0.00264945
0.00261593
0.00261593
0.00205244
0.00205244
0.00157015
0.00157015
0.00113464
0.00100801
0.000863856
0.000719105
0.000712855
0.000712855
0.000419667
0.00042817
0.000437642
0.00044735
0.000457232
0.000467485
0.000478213
0.000489458
0.000501215
0.000513435
0.000513435
0.000313125
0.000323988
0.000334436
0.000345442
0.000357318
0.000369883
0.000382117
0.000393311
0.000393311
0.000240737
0.000218088
0.000218088
)
;
    }
    procBoundary3to2
    {
        type            processor;
        value           nonuniform List<scalar> 
67
(
0.0139761
0.0140046
0.0139481
0.0139481
0.0139761
0.0139481
0.0139133
0.0139481
0.0139133
0.01388
0.0139133
0.01388
0.01388
0.0138427
0.0138045
0.0138427
0.0138045
0.0138045
0.0137596
0.013706
0.013706
0.0136423
0.0136423
0.0135668
0.0134765
0.0134765
0.0133689
0.0132389
0.0132389
0.013083
0.0128948
0.0126672
0.0123925
0.0120613
0.0120613
0.0116696
0.011211
0.0106872
0.01011
0.00951155
0.00896654
0.00861109
0.00855073
0.00865094
0.00892871
0.00921076
0.0093611
0.00929226
0.00897163
0.00840116
0.00760966
0.00664299
0.00558362
0.0045653
0.00366635
0.00289051
0.00222993
0.00167482
0.00121478
0.000839426
0.000538372
0.000299678
0.000124578
1.05575e-06
0.0140109
0.0140182
0.0140046
)
;
    }
}


// ************************************************************************* //
