/*--------------------------------*- C++ -*----------------------------------*\
  =========                 |
  \\      /  F ield         | OpenFOAM: The Open Source CFD Toolbox
   \\    /   O peration     | Website:  https://openfoam.org
    \\  /    A nd           | Version:  9
     \\/     M anipulation  |
\*---------------------------------------------------------------------------*/
FoamFile
{
    format      ascii;
    class       volScalarField;
    location    "0.0025";
    object      T;
}
// * * * * * * * * * * * * * * * * * * * * * * * * * * * * * * * * * * * * * //

dimensions      [0 0 0 1 0 0 0];

internalField   nonuniform List<scalar> 
6352
(
298.026
298.024
298.022
298.021
298.02
298.019
298.019
298.018
298.017
298.016
298.016
298.015
298.014
298.014
298.013
298.012
298.012
298.011
298.01
298.01
298.009
298.008
298.007
298.006
298.005
298.027
298.024
298.022
298.021
298.02
298.019
298.018
298.017
298.016
298.015
298.015
298.014
298.013
298.012
298.012
298.011
298.01
298.01
298.009
298.009
298.008
298.007
298.007
298.006
298.006
298.025
298.023
298.021
298.02
298.019
298.018
298.017
298.017
298.016
298.015
298.014
298.014
298.013
298.012
298.011
298.011
298.01
298.009
298.009
298.008
298.007
298.007
298.006
298.006
298.026
298.024
298.022
298.02
298.019
298.018
298.017
298.017
298.016
298.015
298.014
298.014
298.013
298.012
298.012
298.011
298.01
298.01
298.009
298.008
298.008
298.007
298.006
298.006
298.027
298.025
298.022
298.021
298.02
298.019
298.018
298.017
298.016
298.015
298.015
298.014
298.013
298.012
298.012
298.011
298.01
298.01
298.009
298.008
298.008
298.007
298.006
298.006
298.029
298.026
298.024
298.022
298.02
298.019
298.018
298.017
298.016
298.015
298.015
298.014
298.013
298.013
298.012
298.011
298.011
298.01
298.009
298.008
298.008
298.007
298.006
298.006
298.031
298.028
298.025
298.023
298.021
298.02
298.018
298.017
298.016
298.016
298.015
298.014
298.013
298.013
298.012
298.011
298.011
298.01
298.009
298.009
298.008
298.007
298.006
298.006
298.034
298.03
298.027
298.024
298.022
298.021
298.019
298.018
298.017
298.016
298.015
298.014
298.013
298.013
298.012
298.011
298.011
298.01
298.009
298.008
298.008
298.007
298.006
298.006
298.037
298.033
298.029
298.027
298.024
298.022
298.02
298.019
298.018
298.016
298.015
298.014
298.014
298.013
298.012
298.011
298.01
298.01
298.009
298.008
298.008
298.007
298.006
298.006
298.04
298.036
298.032
298.029
298.027
298.024
298.022
298.02
298.019
298.017
298.016
298.015
298.014
298.013
298.012
298.011
298.01
298.01
298.009
298.008
298.007
298.007
298.006
298.005
298.045
298.04
298.036
298.033
298.03
298.027
298.025
298.022
298.021
298.019
298.017
298.016
298.015
298.014
298.012
298.011
298.011
298.01
298.009
298.008
298.007
298.006
298.006
298.005
298.05
298.045
298.041
298.037
298.034
298.031
298.028
298.025
298.023
298.021
298.019
298.017
298.016
298.014
298.013
298.012
298.011
298.01
298.009
298.008
298.007
298.006
298.005
298.004
298.051
298.047
298.042
298.039
298.035
298.032
298.029
298.026
298.024
298.022
298.019
298.018
298.016
298.014
298.013
298.011
298.01
298.009
298.008
298.007
298.006
298.004
298.003
298.058
298.053
298.048
298.044
298.04
298.037
298.033
298.03
298.027
298.025
298.022
298.02
298.018
298.016
298.014
298.012
298.011
298.009
298.008
298.006
298.005
298.004
298.003
298.065
298.06
298.055
298.05
298.046
298.042
298.038
298.035
298.031
298.028
298.025
298.023
298.02
298.018
298.015
298.013
298.011
298.01
298.008
298.006
298.005
298.003
298.002
298.073
298.067
298.062
298.057
298.052
298.048
298.044
298.04
298.036
298.032
298.029
298.026
298.023
298.02
298.017
298.015
298.012
298.01
298.008
298.006
298.004
298.002
298.001
298.081
298.075
298.07
298.064
298.059
298.054
298.049
298.045
298.041
298.037
298.033
298.029
298.026
298.023
298.019
298.016
298.014
298.011
298.008
298.006
298.004
298.002
297.999
298.083
298.077
298.071
298.066
298.061
298.056
298.051
298.046
298.041
298.037
298.033
298.029
298.025
298.022
298.018
298.015
298.012
298.009
298.006
298.003
298.001
297.998
298.091
298.085
298.079
298.073
298.067
298.061
298.056
298.051
298.046
298.041
298.037
298.032
298.028
298.024
298.02
298.016
298.013
298.009
298.006
298.003
297.999
297.996
298.098
298.092
298.085
298.079
298.073
298.067
298.061
298.056
298.051
298.045
298.04
298.035
298.031
298.026
298.022
298.017
298.013
298.009
298.005
298.002
297.998
297.995
298.098
298.092
298.085
298.079
298.072
298.066
298.06
298.055
298.049
298.043
298.038
298.033
298.028
298.023
298.018
298.014
298.009
298.005
298.001
297.996
297.992
298.104
298.097
298.09
298.083
298.077
298.07
298.064
298.058
298.052
298.046
298.04
298.035
298.029
298.024
298.018
298.013
298.008
298.004
297.999
297.994
297.99
298.109
298.101
298.094
298.087
298.08
298.074
298.067
298.06
298.054
298.048
298.042
298.035
298.03
298.024
298.018
298.013
298.007
298.002
297.997
297.992
297.987
298.105
298.097
298.09
298.083
298.076
298.069
298.062
298.055
298.048
298.042
298.036
298.029
298.023
298.017
298.011
298.005
298
297.994
297.988
297.983
298.106
298.098
298.091
298.084
298.076
298.069
298.062
298.055
298.048
298.041
298.034
298.028
298.021
298.015
298.008
298.002
297.996
297.99
297.984
297.978
298.098
298.09
298.083
298.075
298.068
298.06
298.053
298.046
298.039
298.032
298.025
298.018
298.011
298.005
297.998
297.992
297.986
297.979
297.973
298.095
298.087
298.08
298.072
298.064
298.057
298.05
298.042
298.035
298.028
298.021
298.014
298.007
298
297.993
297.986
297.98
297.973
297.966
298.082
298.074
298.066
298.059
298.051
298.044
298.036
298.029
298.022
298.014
298.007
298
297.993
297.986
297.979
297.973
297.966
297.959
298.065
298.057
298.05
298.042
298.035
298.028
298.02
298.013
298.006
297.998
297.991
297.984
297.977
297.97
297.964
297.957
297.949
298.052
298.045
298.037
298.03
298.023
298.015
298.008
298.001
297.993
297.986
297.979
297.972
297.965
297.959
297.952
297.945
297.938
298.027
298.02
298.013
298.005
297.998
297.991
297.984
297.977
297.97
297.963
297.956
297.949
297.943
297.936
297.93
297.922
297.997
297.99
297.983
297.976
297.969
297.961
297.954
297.947
297.941
297.934
297.927
297.921
297.915
297.908
297.901
297.97
297.962
297.955
297.947
297.94
297.933
297.925
297.918
297.911
297.904
297.898
297.891
297.885
297.878
297.871
297.929
297.921
297.913
297.905
297.897
297.89
297.882
297.874
297.867
297.859
297.852
297.845
297.838
297.831
297.883
297.873
297.864
297.855
297.846
297.837
297.828
297.82
297.812
297.803
297.795
297.787
297.779
297.838
297.827
297.816
297.805
297.794
297.784
297.773
297.763
297.752
297.742
297.732
297.722
297.712
297.772
297.759
297.745
297.732
297.719
297.706
297.693
297.68
297.667
297.654
297.64
297.627
297.69
297.674
297.657
297.641
297.624
297.608
297.591
297.574
297.557
297.539
297.522
297.591
297.571
297.55
297.529
297.508
297.487
297.465
297.444
297.421
297.398
297.472
297.447
297.421
297.395
297.369
297.342
297.315
297.287
297.26
297.331
297.3
297.268
297.236
297.205
297.173
297.14
297.109
297.201
297.164
297.127
297.09
297.054
297.017
296.979
296.948
297.011
296.97
296.93
296.89
296.849
296.81
296.782
296.756
296.718
296.68
296.65
296.634
296.527
296.51
296.503
296.508
296.23
296.261
296.302
298.004
298.004
298.004
298.004
298.004
298.004
298.004
298.004
298.004
298.004
298.004
298.004
298.004
298.004
298.004
298.004
298.004
298.004
298.004
298.004
298.006
298.006
298.006
298.006
298.006
298.006
298.006
298.006
298.006
298.006
298.006
298.005
298.005
298.005
298.005
298.005
298.005
298.005
298.005
298.005
298.005
298.005
298.005
298.005
298.005
298.005
298.005
298.005
298.005
298.005
298.005
298.005
298.005
298.005
298.005
298.005
298.005
298.005
298.005
298.005
298.005
298.005
298.005
298.005
298.005
298.005
298.005
298.005
298.005
298.005
298.005
298.005
298.005
298.005
298.005
298.005
298.005
298.005
298.005
298.005
298.005
298.005
298.005
298.005
298.005
298.005
298.005
298.005
298.005
298.005
298.005
298.005
298.005
298.005
298.005
298.005
298.005
298.005
298.005
298.004
298.005
298.005
298.005
298.005
298.005
298.005
298.005
298.005
298.005
298.005
298.005
298.005
298.005
298.005
298.005
298.005
298.005
298.005
298.005
298.004
298.005
298.005
298.005
298.005
298.005
298.005
298.005
298.005
298.005
298.005
298.005
298.005
298.005
298.005
298.005
298.005
298.005
298.005
298.005
298.004
298.005
298.005
298.005
298.005
298.005
298.005
298.005
298.005
298.005
298.005
298.005
298.005
298.005
298.005
298.005
298.005
298.005
298.004
298.004
298.004
298.005
298.005
298.005
298.005
298.005
298.005
298.005
298.005
298.005
298.005
298.005
298.005
298.005
298.005
298.005
298.004
298.004
298.004
298.004
298.004
298.005
298.005
298.005
298.005
298.005
298.005
298.005
298.005
298.005
298.005
298.005
298.004
298.004
298.004
298.004
298.004
298.004
298.004
298.004
298.004
298.004
298.004
298.004
298.004
298.004
298.004
298.004
298.004
298.004
298.004
298.004
298.004
298.004
298.004
298.004
298.004
298.003
298.003
298.003
298.003
298.004
298.004
298.004
298.004
298.004
298.004
298.004
298.004
298.004
298.003
298.003
298.003
298.003
298.003
298.003
298.003
298.003
298.003
298.003
298.002
298.003
298.003
298.003
298.003
298.003
298.003
298.003
298.003
298.003
298.003
298.003
298.002
298.002
298.002
298.002
298.002
298.002
298.002
298.002
298.002
298.002
298.002
298.002
298.002
298.002
298.002
298.002
298.002
298.002
298.002
298.002
298.002
298.001
298.001
298.001
298.001
298.001
298.001
298.001
298.001
298.001
298.001
298.001
298.001
298.001
298.001
298.001
298.001
298.001
298.001
298
298
298
298
298
298
298
298
297.999
297.999
298
298
298
298
298
298
298
297.999
297.999
297.999
297.999
297.999
297.999
297.999
297.999
297.999
297.998
297.998
297.998
297.998
297.998
297.998
297.998
297.998
297.998
297.998
297.998
297.998
297.998
297.998
297.998
297.998
297.997
297.997
297.997
297.997
297.997
297.997
297.997
297.996
297.997
297.997
297.997
297.997
297.997
297.996
297.996
297.996
297.996
297.996
297.996
297.996
297.996
297.996
297.995
297.995
297.995
297.995
297.995
297.995
297.995
297.995
297.995
297.995
297.995
297.995
297.995
297.994
297.994
297.994
297.994
297.994
297.994
297.994
297.993
297.993
297.993
297.993
297.993
297.993
297.993
297.993
297.993
297.993
297.993
297.993
297.992
297.992
297.992
297.992
297.992
297.992
297.992
297.991
297.991
297.991
297.991
297.991
297.99
297.99
297.99
297.99
297.99
297.99
297.99
297.99
297.99
297.99
297.99
297.989
297.989
297.989
297.989
297.989
297.988
297.988
297.988
297.988
297.988
297.987
297.988
297.988
297.987
297.987
297.987
297.987
297.987
297.987
297.987
297.986
297.986
297.986
297.986
297.986
297.985
297.985
297.985
297.985
297.984
297.984
297.984
297.984
297.984
297.984
297.984
297.984
297.984
297.983
297.983
297.983
297.983
297.982
297.982
297.982
297.982
297.981
297.981
297.981
297.98
297.98
297.98
297.98
297.98
297.98
297.98
297.98
297.979
297.979
297.979
297.979
297.978
297.978
297.978
297.977
297.977
297.977
297.976
297.976
297.976
297.975
297.976
297.975
297.975
297.975
297.975
297.975
297.974
297.974
297.974
297.974
297.973
297.973
297.973
297.972
297.972
297.971
297.971
297.971
297.97
297.97
297.97
297.97
297.97
297.969
297.969
297.969
297.969
297.968
297.968
297.968
297.967
297.967
297.967
297.966
297.966
297.965
297.965
297.964
297.964
297.963
297.963
297.963
297.963
297.963
297.963
297.962
297.962
297.962
297.961
297.961
297.96
297.96
297.96
297.959
297.959
297.958
297.957
297.957
297.956
297.956
297.956
297.956
297.955
297.955
297.955
297.955
297.954
297.954
297.953
297.953
297.953
297.952
297.952
297.951
297.95
297.95
297.949
297.948
297.948
297.947
297.947
297.946
297.946
297.946
297.946
297.945
297.945
297.945
297.944
297.944
297.943
297.943
297.942
297.942
297.941
297.94
297.94
297.939
297.938
297.938
297.935
297.935
297.935
297.934
297.934
297.934
297.934
297.933
297.933
297.932
297.932
297.931
297.931
297.93
297.93
297.929
297.928
297.928
297.927
297.926
297.92
297.92
297.919
297.919
297.919
297.919
297.918
297.918
297.918
297.917
297.917
297.917
297.916
297.916
297.915
297.914
297.914
297.913
297.913
297.912
297.898
297.898
297.898
297.898
297.898
297.898
297.898
297.897
297.897
297.897
297.896
297.896
297.896
297.895
297.895
297.894
297.894
297.893
297.893
297.892
297.869
297.869
297.869
297.869
297.868
297.868
297.868
297.868
297.868
297.868
297.867
297.867
297.867
297.867
297.866
297.866
297.866
297.865
297.865
297.864
297.828
297.828
297.828
297.828
297.828
297.828
297.828
297.828
297.828
297.828
297.828
297.828
297.827
297.827
297.827
297.827
297.827
297.827
297.826
297.826
297.776
297.776
297.775
297.775
297.775
297.775
297.775
297.775
297.775
297.775
297.775
297.775
297.775
297.775
297.775
297.775
297.775
297.775
297.775
297.775
297.707
297.707
297.707
297.706
297.706
297.706
297.706
297.707
297.707
297.707
297.707
297.708
297.708
297.708
297.709
297.709
297.71
297.71
297.711
297.711
297.62
297.62
297.62
297.62
297.62
297.62
297.621
297.621
297.621
297.622
297.623
297.623
297.624
297.625
297.626
297.627
297.628
297.629
297.63
297.631
297.513
297.513
297.513
297.513
297.513
297.513
297.514
297.515
297.516
297.517
297.518
297.519
297.52
297.521
297.523
297.524
297.526
297.528
297.53
297.532
297.388
297.387
297.387
297.387
297.387
297.388
297.389
297.39
297.391
297.393
297.394
297.396
297.398
297.4
297.402
297.405
297.407
297.409
297.412
297.415
297.248
297.247
297.247
297.247
297.248
297.249
297.25
297.251
297.253
297.255
297.257
297.26
297.262
297.265
297.268
297.271
297.274
297.278
297.281
297.285
297.095
297.094
297.094
297.095
297.096
297.097
297.098
297.1
297.103
297.105
297.108
297.111
297.114
297.118
297.121
297.125
297.129
297.134
297.138
297.142
296.933
296.933
296.933
296.933
296.935
296.936
296.938
296.941
296.944
296.947
296.95
296.954
296.958
296.962
296.966
296.971
296.976
296.981
296.986
296.991
296.768
296.767
296.768
296.769
296.77
296.773
296.775
296.778
296.782
296.786
296.79
296.794
296.799
296.804
296.809
296.815
296.821
296.826
296.833
296.839
296.624
296.623
296.624
296.626
296.628
296.63
296.634
296.637
296.641
296.645
296.65
296.655
296.66
296.666
296.672
296.678
296.684
296.691
296.697
296.704
296.508
296.51
296.512
296.514
296.518
296.521
296.525
296.53
296.534
296.54
296.545
296.551
296.557
296.564
296.57
296.577
296.584
296.591
296.599
296.606
296.34
296.353
296.366
296.378
296.391
296.404
296.417
296.43
296.444
296.457
296.471
296.483
296.496
296.507
296.518
296.529
296.539
296.548
296.557
296.566
295.756
295.852
295.945
296.032
296.11
296.18
296.241
296.294
296.342
296.385
296.426
296.464
296.499
296.533
296.562
296.588
296.608
296.625
295.845
296.107
296.314
296.476
296.606
296.713
296.802
296.875
298.004
298.004
298.003
298.003
298.003
298.005
298.005
298.005
298.005
298.004
298.004
298.004
298.004
298.004
298.004
298.004
298.004
298.004
298.004
298.004
298.004
298.004
298.004
298.004
298.003
298.004
298.004
298.004
298.004
298.003
298.004
298.004
298.004
298.003
298.003
298.004
298.004
298.003
298.003
298.003
298.004
298.003
298.003
298.003
298.002
298.003
298.003
298.003
298.002
298.002
298.003
298.002
298.002
298.002
298.001
298.002
298.002
298.001
298.001
298.001
298.001
298.001
298
298
298
298
298
297.999
297.999
297.998
297.999
297.998
297.998
297.998
297.997
297.998
297.997
297.997
297.996
297.996
297.996
297.995
297.995
297.994
297.994
297.994
297.993
297.993
297.992
297.992
297.992
297.991
297.991
297.99
297.99
297.99
297.989
297.988
297.987
297.987
297.987
297.986
297.985
297.984
297.984
297.983
297.982
297.981
297.98
297.98
297.979
297.978
297.977
297.976
297.975
297.974
297.973
297.971
297.97
297.969
297.968
297.966
297.965
297.963
297.962
297.961
297.959
297.957
297.955
297.954
297.954
297.951
297.949
297.946
297.944
297.945
297.942
297.939
297.937
297.934
297.936
297.932
297.929
297.926
297.923
297.924
297.921
297.918
297.914
297.911
297.91
297.907
297.903
297.9
297.897
297.89
297.887
297.884
297.881
297.878
297.863
297.861
297.858
297.855
297.852
297.826
297.824
297.822
297.82
297.818
297.776
297.775
297.775
297.774
297.773
297.713
297.714
297.715
297.716
297.716
297.634
297.638
297.642
297.645
297.647
297.537
297.544
297.551
297.556
297.56
297.423
297.434
297.443
297.451
297.458
297.295
297.31
297.322
297.332
297.341
297.155
297.173
297.188
297.2
297.211
297.006
297.027
297.044
297.059
297.071
296.856
296.88
296.9
296.916
296.931
296.723
296.749
296.771
296.789
296.806
296.628
296.655
296.678
296.698
296.716
296.59
296.617
296.64
296.66
296.678
296.655
296.673
296.683
296.69
296.697
297.004
297.009
296.959
296.906
296.87
297.144
297.323
297.235
297.111
296.966
296.728
296.275
295.847
298.003
298.003
298.003
298.003
298.003
298.003
298.003
298.003
298.003
298.003
298.003
298.003
298.003
298.003
298.003
298.003
298.003
298.003
298.003
298.003
298.003
298.003
298.003
298.003
298.003
298.003
298.002
298.002
298.002
298.002
298.002
298.002
298.002
298.002
298.002
298.002
298.001
298.001
298.001
298.001
298.001
298
298
298
298
297.999
297.999
298
298.002
298.006
298.004
298.004
298.004
298.004
298.004
298.004
298.004
298.003
298.003
298.003
298.003
298.003
298.003
298.002
298.002
298.002
298.002
298.002
298.002
298.002
298.002
298.002
298.002
298.001
298.001
298.001
298.001
298.001
298.001
298.001
298.001
298
298
298
298
297.999
297.999
297.999
297.999
297.998
297.998
297.998
297.998
297.997
297.997
297.997
297.997
297.997
298
298.005
298.004
298.004
298.003
298.003
298.003
298.003
298.003
298.002
298.002
298.002
298.002
298.002
298.001
298.001
298.001
298.001
298.001
298.001
298.001
298.001
298.001
298
298
298
298
298
298
298
298
297.999
297.999
297.999
297.999
297.999
297.998
297.998
297.998
297.997
297.997
297.997
297.996
297.996
297.996
297.996
297.995
297.995
297.996
297.996
297.998
298.005
298.003
298.003
298.003
298.003
298.003
298.002
298.002
298.002
298.001
298.001
298.001
298.001
298
298
298
298
298
298
297.999
297.999
297.999
297.999
297.999
297.999
297.999
297.999
297.998
297.998
297.998
297.998
297.998
297.997
297.997
297.997
297.996
297.996
297.996
297.995
297.995
297.994
297.994
297.994
297.993
297.993
297.993
297.994
297.994
297.995
297.997
298.005
298.003
298.003
298.003
298.002
298.002
298.002
298.001
298.001
298.001
298
298
298
297.999
297.999
297.999
297.999
297.999
297.998
297.998
297.998
297.998
297.998
297.998
297.998
297.997
297.997
297.997
297.997
297.997
297.996
297.996
297.996
297.995
297.995
297.994
297.994
297.993
297.993
297.992
297.992
297.992
297.991
297.991
297.991
297.991
297.992
297.992
297.994
297.996
298.005
298.003
298.003
298.002
298.002
298.002
298.001
298.001
298
298
297.999
297.999
297.999
297.998
297.998
297.998
297.998
297.997
297.997
297.997
297.997
297.997
297.997
297.996
297.996
297.996
297.996
297.996
297.995
297.995
297.995
297.994
297.994
297.993
297.993
297.992
297.991
297.991
297.99
297.99
297.989
297.989
297.989
297.988
297.989
297.989
297.99
297.991
297.993
297.995
298.005
298.003
298.002
298.002
298.001
298.001
298.001
298
297.999
297.999
297.998
297.998
297.998
297.997
297.997
297.997
297.996
297.996
297.996
297.996
297.996
297.995
297.995
297.995
297.995
297.995
297.994
297.994
297.994
297.993
297.993
297.992
297.992
297.991
297.99
297.99
297.989
297.988
297.987
297.987
297.986
297.986
297.986
297.986
297.986
297.987
297.988
297.99
297.992
297.994
298.005
298.002
298.002
298.001
298.001
298
298
297.999
297.999
297.998
297.997
297.997
297.996
297.996
297.996
297.995
297.995
297.995
297.995
297.995
297.994
297.994
297.994
297.994
297.993
297.993
297.993
297.992
297.992
297.991
297.991
297.99
297.989
297.988
297.988
297.987
297.986
297.985
297.984
297.983
297.983
297.983
297.982
297.983
297.984
297.985
297.986
297.988
297.991
297.993
298.005
298.002
298.002
298.001
298
298
297.999
297.998
297.998
297.997
297.996
297.996
297.995
297.995
297.995
297.994
297.994
297.994
297.994
297.993
297.993
297.993
297.992
297.992
297.992
297.991
297.991
297.99
297.99
297.989
297.988
297.987
297.986
297.985
297.984
297.983
297.982
297.981
297.98
297.98
297.979
297.979
297.979
297.98
297.981
297.983
297.985
297.987
297.99
297.992
298.005
298.002
298.001
298
298
297.999
297.998
297.997
297.997
297.996
297.995
297.995
297.994
297.994
297.994
297.993
297.993
297.993
297.992
297.992
297.992
297.991
297.991
297.991
297.99
297.99
297.989
297.988
297.987
297.986
297.986
297.984
297.983
297.982
297.981
297.98
297.978
297.977
297.976
297.976
297.975
297.975
297.976
297.977
297.978
297.98
297.983
297.986
297.989
297.991
298.005
298.001
298
297.999
297.999
297.998
297.997
297.996
297.996
297.995
297.994
297.994
297.993
297.993
297.993
297.992
297.992
297.992
297.991
297.991
297.991
297.99
297.99
297.989
297.988
297.988
297.987
297.986
297.985
297.984
297.982
297.981
297.98
297.978
297.977
297.975
297.974
297.973
297.972
297.971
297.971
297.972
297.972
297.974
297.976
297.979
297.982
297.985
297.989
297.991
298.005
298
297.999
297.998
297.998
297.997
297.996
297.995
297.995
297.994
297.993
297.993
297.992
297.992
297.992
297.991
297.991
297.991
297.99
297.99
297.989
297.989
297.988
297.987
297.986
297.986
297.984
297.983
297.982
297.981
297.979
297.977
297.976
297.974
297.972
297.97
297.969
297.968
297.967
297.967
297.967
297.968
297.969
297.971
297.974
297.977
297.98
297.984
297.988
297.99
298.005
297.999
297.998
297.997
297.997
297.996
297.995
297.994
297.994
297.993
297.993
297.992
297.992
297.991
297.991
297.991
297.99
297.99
297.989
297.989
297.988
297.987
297.986
297.985
297.984
297.983
297.982
297.98
297.979
297.977
297.975
297.973
297.971
297.969
297.967
297.965
297.964
297.963
297.962
297.962
297.963
297.964
297.966
297.969
297.972
297.975
297.979
297.983
297.988
297.99
298.005
297.998
297.997
297.996
297.995
297.994
297.994
297.993
297.993
297.992
297.992
297.991
297.991
297.991
297.99
297.99
297.99
297.989
297.988
297.988
297.987
297.986
297.985
297.983
297.982
297.98
297.979
297.977
297.975
297.973
297.97
297.968
297.965
297.963
297.961
297.959
297.958
297.957
297.957
297.957
297.958
297.96
297.963
297.966
297.97
297.974
297.978
297.982
297.987
297.989
298.006
297.996
297.996
297.995
297.994
297.993
297.993
297.992
297.992
297.991
297.991
297.991
297.991
297.99
297.99
297.989
297.989
297.988
297.987
297.986
297.985
297.984
297.982
297.981
297.979
297.977
297.975
297.973
297.97
297.967
297.965
297.962
297.959
297.956
297.954
297.952
297.951
297.951
297.951
297.952
297.954
297.956
297.96
297.964
297.968
297.973
297.977
297.982
297.987
297.989
298.006
297.995
297.994
297.993
297.992
297.992
297.991
297.991
297.991
297.991
297.991
297.99
297.99
297.99
297.989
297.989
297.988
297.987
297.986
297.984
297.983
297.981
297.98
297.978
297.975
297.973
297.97
297.968
297.964
297.961
297.958
297.955
297.952
297.949
297.947
297.945
297.945
297.944
297.945
297.947
297.95
297.953
297.957
297.962
297.967
297.971
297.977
297.981
297.987
297.989
298.006
297.993
297.992
297.991
297.991
297.99
297.99
297.99
297.99
297.99
297.99
297.99
297.99
297.989
297.988
297.988
297.986
297.985
297.984
297.982
297.98
297.978
297.976
297.974
297.971
297.968
297.965
297.961
297.958
297.954
297.95
297.947
297.944
297.941
297.939
297.938
297.937
297.938
297.94
297.942
297.946
297.95
297.955
297.96
297.965
297.97
297.976
297.981
297.986
297.989
298.006
297.991
297.99
297.989
297.989
297.988
297.988
297.989
297.989
297.989
297.989
297.989
297.989
297.988
297.987
297.986
297.984
297.983
297.981
297.979
297.977
297.974
297.971
297.968
297.965
297.961
297.958
297.954
297.949
297.945
297.941
297.938
297.934
297.932
297.93
297.93
297.93
297.931
297.934
297.938
297.942
297.947
297.953
297.958
297.964
297.97
297.975
297.98
297.986
297.988
298.006
297.989
297.988
297.987
297.987
297.986
297.987
297.987
297.987
297.988
297.988
297.987
297.987
297.986
297.985
297.983
297.981
297.979
297.977
297.974
297.972
297.969
297.965
297.961
297.957
297.953
297.949
297.944
297.94
297.935
297.931
297.927
297.925
297.923
297.922
297.921
297.923
297.925
297.929
297.933
297.939
297.944
297.951
297.957
297.963
297.969
297.975
297.98
297.986
297.988
298.006
297.986
297.985
297.984
297.984
297.984
297.984
297.985
297.985
297.985
297.985
297.985
297.984
297.982
297.981
297.979
297.977
297.974
297.971
297.968
297.965
297.961
297.957
297.953
297.948
297.943
297.938
297.933
297.928
297.924
297.92
297.916
297.914
297.913
297.912
297.913
297.915
297.919
297.924
297.929
297.936
297.942
297.949
297.956
297.962
297.968
297.974
297.98
297.986
297.988
298.007
297.982
297.981
297.981
297.981
297.981
297.981
297.981
297.982
297.982
297.981
297.98
297.979
297.977
297.975
297.973
297.97
297.967
297.963
297.96
297.956
297.951
297.947
297.942
297.936
297.931
297.926
297.92
297.915
297.911
297.907
297.904
297.903
297.902
297.903
297.905
297.908
297.913
297.919
297.926
297.933
297.94
297.947
297.954
297.961
297.968
297.974
297.98
297.986
297.988
298.007
297.978
297.977
297.976
297.976
297.976
297.976
297.977
297.977
297.976
297.975
297.974
297.972
297.97
297.967
297.964
297.961
297.957
297.953
297.949
297.944
297.939
297.934
297.928
297.922
297.917
297.911
297.906
297.901
297.897
297.894
297.892
297.891
297.892
297.894
297.897
297.902
297.908
297.915
297.922
297.93
297.938
297.946
297.954
297.961
297.967
297.974
297.98
297.986
297.988
298.007
297.973
297.972
297.971
297.97
297.97
297.97
297.97
297.969
297.968
297.967
297.965
297.962
297.959
297.956
297.953
297.949
297.944
297.94
297.935
297.93
297.924
297.918
297.912
297.906
297.9
297.894
297.889
297.885
297.882
297.88
297.879
297.879
297.881
297.885
297.889
297.896
297.903
297.911
297.919
297.928
297.937
297.945
297.953
297.96
297.967
297.973
297.979
297.985
297.988
298.007
297.967
297.965
297.963
297.962
297.962
297.961
297.96
297.959
297.957
297.955
297.952
297.949
297.945
297.942
297.937
297.933
297.928
297.923
297.917
297.912
297.905
297.899
297.893
297.887
297.881
297.876
297.872
297.869
297.866
297.865
297.866
297.868
297.871
297.876
297.882
297.89
297.898
297.907
297.917
297.926
297.935
297.944
297.952
297.96
297.967
297.973
297.979
297.985
297.988
298.007
297.959
297.956
297.954
297.952
297.95
297.949
297.947
297.945
297.942
297.939
297.935
297.932
297.928
297.923
297.918
297.913
297.908
297.902
297.896
297.89
297.884
297.877
297.871
297.866
297.861
297.856
297.853
297.851
297.85
297.851
297.853
297.856
297.861
297.868
297.876
297.885
297.894
297.904
297.914
297.924
297.934
297.943
297.951
297.959
297.966
297.973
297.979
297.985
297.988
298.007
297.95
297.946
297.943
297.939
297.937
297.934
297.93
297.927
297.923
297.919
297.915
297.911
297.906
297.901
297.895
297.89
297.884
297.878
297.871
297.865
297.859
297.853
297.848
297.843
297.839
297.836
297.834
297.833
297.834
297.836
297.84
297.846
297.852
297.861
297.87
297.88
297.891
297.902
297.912
297.923
297.933
297.942
297.951
297.959
297.966
297.973
297.979
297.985
297.988
298.007
297.94
297.934
297.929
297.925
297.92
297.916
297.911
297.906
297.901
297.896
297.891
297.886
297.88
297.874
297.868
297.862
297.855
297.849
297.843
297.837
297.831
297.826
297.822
297.818
297.816
297.814
297.814
297.816
297.818
297.823
297.828
297.836
297.844
297.854
297.864
297.876
297.887
297.899
297.911
297.922
297.932
297.942
297.95
297.959
297.966
297.973
297.979
297.985
297.988
298.007
297.929
297.922
297.915
297.909
297.902
297.896
297.89
297.884
297.878
297.871
297.865
297.858
297.852
297.845
297.838
297.831
297.824
297.817
297.811
297.806
297.801
297.797
297.794
297.792
297.792
297.792
297.795
297.798
297.803
297.81
297.817
297.826
297.836
297.847
297.859
297.872
297.884
297.897
297.909
297.92
297.931
297.941
297.95
297.958
297.966
297.973
297.979
297.985
297.988
298.008
297.917
297.908
297.9
297.891
297.883
297.875
297.868
297.86
297.853
297.845
297.838
297.83
297.821
297.813
297.805
297.797
297.789
297.783
297.777
297.772
297.769
297.767
297.766
297.766
297.768
297.771
297.776
297.781
297.789
297.797
297.807
297.818
297.829
297.842
297.855
297.868
297.882
297.895
297.908
297.919
297.93
297.941
297.95
297.958
297.966
297.972
297.979
297.985
297.988
298.008
297.904
297.894
297.884
297.874
297.864
297.854
297.846
297.837
297.828
297.819
297.81
297.801
297.791
297.781
297.771
297.762
297.754
297.746
297.741
297.737
297.735
297.735
297.737
297.74
297.744
297.75
297.757
297.766
297.775
297.786
297.797
297.81
297.823
297.837
297.851
297.865
297.879
297.893
297.906
297.919
297.93
297.94
297.949
297.958
297.966
297.972
297.979
297.985
297.988
298.008
297.889
297.878
297.866
297.855
297.844
297.834
297.824
297.814
297.804
297.794
297.784
297.772
297.761
297.749
297.738
297.727
297.718
297.71
297.704
297.701
297.701
297.704
297.708
297.714
297.722
297.731
297.74
297.751
297.763
297.776
297.789
297.803
297.817
297.832
297.847
297.862
297.877
297.892
297.905
297.918
297.929
297.94
297.949
297.958
297.966
297.972
297.979
297.985
297.988
298.008
297.87
297.859
297.846
297.834
297.823
297.812
297.802
297.792
297.782
297.77
297.759
297.746
297.733
297.719
297.706
297.693
297.682
297.674
297.668
297.666
297.668
297.673
297.681
297.69
297.701
297.712
297.725
297.738
297.752
297.766
297.781
297.796
297.812
297.828
297.844
297.86
297.875
297.89
297.904
297.917
297.929
297.939
297.949
297.958
297.965
297.972
297.979
297.985
297.988
298.008
297.845
297.834
297.822
297.81
297.799
297.789
297.779
297.769
297.758
297.747
297.734
297.72
297.706
297.691
297.676
297.662
297.65
297.64
297.634
297.633
297.637
297.645
297.655
297.668
297.681
297.696
297.71
297.726
297.742
297.758
297.774
297.791
297.808
297.824
297.841
297.858
297.874
297.889
297.903
297.916
297.928
297.939
297.949
297.957
297.965
297.972
297.979
297.985
297.988
298.008
297.812
297.802
297.792
297.782
297.772
297.763
297.754
297.744
297.734
297.722
297.709
297.695
297.68
297.665
297.649
297.633
297.62
297.609
297.603
297.602
297.607
297.618
297.631
297.647
297.663
297.68
297.697
297.715
297.732
297.75
297.768
297.786
297.803
297.821
297.839
297.856
297.872
297.888
297.903
297.916
297.928
297.939
297.949
297.957
297.965
297.972
297.979
297.985
297.988
298.008
297.769
297.763
297.755
297.747
297.74
297.732
297.724
297.715
297.705
297.695
297.683
297.669
297.655
297.639
297.623
297.608
297.593
297.582
297.575
297.574
297.581
297.593
297.61
297.628
297.647
297.667
297.686
297.705
297.724
297.743
297.762
297.781
297.8
297.818
297.837
297.854
297.871
297.887
297.902
297.916
297.928
297.939
297.948
297.957
297.965
297.972
297.979
297.985
297.988
298.008
297.715
297.712
297.708
297.703
297.698
297.692
297.686
297.679
297.671
297.662
297.652
297.641
297.628
297.614
297.6
297.585
297.57
297.559
297.551
297.55
297.557
297.572
297.59
297.611
297.633
297.654
297.675
297.696
297.717
297.737
297.757
297.777
297.797
297.816
297.835
297.853
297.87
297.886
297.901
297.915
297.927
297.938
297.948
297.957
297.965
297.972
297.979
297.985
297.988
298.008
297.65
297.651
297.65
297.647
297.645
297.641
297.637
297.633
297.628
297.623
297.616
297.609
297.6
297.589
297.577
297.564
297.551
297.539
297.531
297.53
297.537
297.552
297.573
297.596
297.62
297.643
297.666
297.689
297.71
297.732
297.753
297.773
297.794
297.814
297.833
297.851
297.869
297.886
297.901
297.915
297.927
297.938
297.948
297.957
297.965
297.972
297.979
297.985
297.988
298.008
297.568
297.576
297.578
297.579
297.578
297.578
297.578
297.578
297.578
297.577
297.576
297.573
297.57
297.564
297.556
297.546
297.534
297.523
297.515
297.513
297.52
297.536
297.558
297.583
297.608
297.634
297.658
297.682
297.705
297.727
297.749
297.77
297.791
297.812
297.831
297.85
297.868
297.885
297.9
297.914
297.927
297.938
297.948
297.957
297.965
297.972
297.979
297.985
297.988
298.008
297.47
297.483
297.49
297.495
297.499
297.504
297.509
297.514
297.52
297.526
297.532
297.537
297.539
297.539
297.536
297.53
297.521
297.51
297.502
297.499
297.505
297.521
297.544
297.571
297.598
297.625
297.651
297.676
297.699
297.723
297.745
297.767
297.789
297.81
297.83
297.849
297.868
297.885
297.9
297.914
297.927
297.938
297.948
297.957
297.965
297.972
297.979
297.985
297.988
298.008
297.358
297.374
297.387
297.397
297.408
297.419
297.432
297.445
297.458
297.472
297.486
297.498
297.509
297.516
297.518
297.516
297.51
297.501
297.492
297.488
297.493
297.509
297.533
297.561
297.589
297.617
297.644
297.67
297.695
297.719
297.742
297.765
297.787
297.808
297.829
297.848
297.867
297.884
297.9
297.914
297.927
297.938
297.948
297.957
297.965
297.972
297.979
297.985
297.988
298.008
297.231
297.253
297.272
297.29
297.309
297.329
297.35
297.372
297.395
297.418
297.44
297.461
297.48
297.494
297.503
297.505
297.501
297.493
297.484
297.479
297.483
297.498
297.523
297.552
297.582
297.611
297.639
297.665
297.691
297.716
297.74
297.763
297.785
297.807
297.828
297.848
297.866
297.884
297.899
297.914
297.926
297.938
297.948
297.957
297.965
297.972
297.979
297.985
297.988
298.008
297.096
297.124
297.151
297.179
297.208
297.238
297.269
297.302
297.334
297.367
297.398
297.427
297.453
297.474
297.489
297.496
297.495
297.488
297.478
297.473
297.475
297.49
297.514
297.544
297.575
297.605
297.634
297.661
297.687
297.713
297.737
297.761
297.784
297.806
297.827
297.847
297.866
297.883
297.899
297.914
297.926
297.938
297.948
297.957
297.965
297.972
297.979
297.985
297.988
298.008
296.96
296.997
297.034
297.072
297.112
297.153
297.195
297.237
297.279
297.321
297.36
297.397
297.43
297.457
297.477
297.488
297.49
297.485
297.475
297.468
297.469
297.482
297.507
297.537
297.569
297.6
297.629
297.657
297.684
297.71
297.735
297.759
297.782
297.805
297.826
297.846
297.865
297.883
297.899
297.913
297.926
297.938
297.948
297.957
297.965
297.972
297.979
297.985
297.988
298.008
296.84
296.886
296.932
296.981
297.03
297.081
297.131
297.182
297.233
297.282
297.328
297.372
297.41
297.443
297.468
297.482
297.486
297.483
297.472
297.464
297.464
297.476
297.5
297.531
297.564
297.595
297.626
297.654
297.682
297.708
297.733
297.757
297.781
297.804
297.825
297.846
297.865
297.883
297.899
297.913
297.926
297.938
297.948
297.957
297.965
297.972
297.979
297.985
297.988
298.008
296.754
296.805
296.857
296.911
296.967
297.023
297.081
297.138
297.195
297.25
297.303
297.351
297.395
297.432
297.46
297.478
297.484
297.482
297.471
297.462
297.46
297.471
297.495
297.526
297.559
297.591
297.622
297.651
297.679
297.706
297.731
297.756
297.78
297.803
297.825
297.845
297.865
297.882
297.899
297.913
297.926
297.937
297.948
297.957
297.965
297.972
297.979
297.985
297.988
298.008
296.711
296.756
296.805
296.858
296.917
296.978
297.04
297.103
297.165
297.225
297.282
297.335
297.382
297.423
297.455
297.475
297.482
297.482
297.47
297.46
297.457
297.467
297.49
297.522
297.555
297.588
297.619
297.649
297.677
297.704
297.73
297.755
297.779
297.802
297.824
297.845
297.864
297.882
297.898
297.913
297.926
297.937
297.948
297.957
297.965
297.972
297.979
297.985
297.988
298.008
296.708
296.755
296.797
296.842
296.896
296.954
297.016
297.08
297.145
297.207
297.267
297.323
297.373
297.416
297.45
297.474
297.482
297.482
297.47
297.458
297.455
297.463
297.486
297.518
297.552
297.585
297.617
297.647
297.675
297.702
297.729
297.754
297.778
297.801
297.824
297.844
297.864
297.882
297.898
297.913
297.926
297.937
297.948
297.957
297.965
297.972
297.979
297.985
297.988
298.008
296.834
296.832
296.836
296.856
296.89
296.941
297.001
297.065
297.131
297.195
297.257
297.315
297.366
297.411
297.448
297.473
297.483
297.482
297.471
297.458
297.453
297.461
297.483
297.514
297.549
297.582
297.614
297.645
297.673
297.701
297.727
297.753
297.777
297.801
297.823
297.844
297.864
297.882
297.898
297.913
297.926
297.937
297.948
297.957
297.965
297.972
297.979
297.985
297.988
298.008
296.795
296.766
296.751
296.789
296.846
296.912
296.981
297.05
297.119
297.186
297.249
297.308
297.361
297.408
297.445
297.472
297.483
297.483
297.471
297.457
297.451
297.458
297.48
297.511
297.546
297.58
297.612
297.643
297.672
297.7
297.726
297.752
297.777
297.8
297.823
297.844
297.863
297.882
297.898
297.913
297.926
297.937
297.948
297.957
297.965
297.972
297.979
297.985
297.988
298.008
295.743
296.227
296.509
296.671
296.789
296.882
296.964
297.04
297.112
297.18
297.244
297.304
297.358
297.405
297.444
297.471
297.484
297.484
297.472
297.457
297.45
297.456
297.477
297.509
297.544
297.578
297.61
297.641
297.671
297.699
297.726
297.751
297.776
297.8
297.822
297.844
297.863
297.881
297.898
297.913
297.926
297.937
297.948
297.957
297.965
297.972
297.979
297.985
297.988
298.008
298.008
298.008
298.008
298.008
298.008
298.008
298.008
298.008
298.008
298.008
298.008
298.008
298.008
298.009
298.009
298.009
298.009
298.009
298.009
298.009
298.009
298.009
298.009
298.009
298.009
298.009
298.009
298.009
298.009
298.009
298.009
298.009
298.009
298.009
298.009
298.009
298.009
298.009
298.009
298.009
298.009
298.009
298.009
298.009
298.009
298.009
298.009
298.009
298.009
298.009
297.988
297.988
297.988
297.988
297.988
297.988
297.988
297.988
297.988
297.988
297.988
297.988
297.988
297.988
297.988
297.988
297.988
297.988
297.988
297.988
297.988
297.988
297.988
297.988
297.988
297.988
297.988
297.988
297.988
297.988
297.988
297.988
297.988
297.988
297.988
297.988
297.988
297.988
297.988
297.988
297.988
297.988
297.988
297.988
297.988
297.988
297.988
297.988
297.988
297.988
297.985
297.985
297.985
297.985
297.985
297.985
297.985
297.985
297.985
297.985
297.985
297.985
297.985
297.985
297.985
297.985
297.985
297.985
297.985
297.985
297.985
297.985
297.985
297.985
297.985
297.985
297.985
297.985
297.985
297.985
297.985
297.985
297.985
297.985
297.984
297.984
297.984
297.984
297.984
297.984
297.984
297.984
297.984
297.984
297.984
297.984
297.984
297.984
297.984
297.984
297.979
297.979
297.979
297.979
297.979
297.979
297.979
297.979
297.979
297.979
297.979
297.979
297.979
297.979
297.979
297.979
297.979
297.979
297.979
297.979
297.979
297.979
297.979
297.979
297.979
297.979
297.979
297.979
297.979
297.979
297.978
297.978
297.978
297.978
297.978
297.978
297.978
297.978
297.978
297.978
297.978
297.978
297.978
297.978
297.978
297.978
297.978
297.978
297.978
297.972
297.972
297.972
297.972
297.972
297.972
297.972
297.972
297.972
297.972
297.972
297.971
297.971
297.971
297.971
297.971
297.971
297.971
297.971
297.971
297.971
297.971
297.971
297.971
297.971
297.971
297.971
297.971
297.971
297.971
297.971
297.971
297.971
297.971
297.971
297.971
297.971
297.971
297.971
297.971
297.971
297.971
297.971
297.971
297.971
297.971
297.965
297.965
297.965
297.965
297.965
297.965
297.965
297.965
297.965
297.965
297.965
297.965
297.965
297.965
297.965
297.965
297.965
297.965
297.965
297.965
297.965
297.965
297.965
297.965
297.965
297.965
297.965
297.965
297.965
297.964
297.964
297.964
297.964
297.964
297.964
297.964
297.964
297.964
297.964
297.964
297.964
297.964
297.964
297.964
297.957
297.957
297.956
297.956
297.956
297.956
297.956
297.956
297.956
297.956
297.956
297.956
297.956
297.956
297.956
297.956
297.956
297.956
297.956
297.956
297.956
297.956
297.956
297.956
297.956
297.956
297.956
297.956
297.956
297.956
297.956
297.956
297.956
297.956
297.956
297.956
297.956
297.956
297.956
297.956
297.956
297.956
297.947
297.947
297.947
297.947
297.947
297.947
297.947
297.947
297.947
297.947
297.947
297.947
297.947
297.947
297.947
297.947
297.947
297.947
297.947
297.947
297.947
297.947
297.947
297.947
297.947
297.947
297.947
297.947
297.947
297.947
297.947
297.947
297.947
297.947
297.947
297.947
297.947
297.947
297.947
297.947
297.947
297.937
297.937
297.937
297.937
297.937
297.937
297.937
297.937
297.937
297.937
297.937
297.937
297.937
297.937
297.937
297.937
297.937
297.937
297.937
297.937
297.937
297.937
297.937
297.937
297.937
297.937
297.936
297.936
297.936
297.936
297.936
297.936
297.936
297.936
297.936
297.936
297.936
297.936
297.936
297.926
297.926
297.926
297.926
297.925
297.925
297.925
297.925
297.925
297.925
297.925
297.925
297.925
297.925
297.925
297.925
297.925
297.925
297.925
297.925
297.925
297.925
297.925
297.925
297.925
297.925
297.925
297.925
297.925
297.925
297.924
297.924
297.924
297.924
297.924
297.924
297.924
297.924
297.924
297.913
297.912
297.912
297.912
297.912
297.912
297.912
297.912
297.912
297.912
297.912
297.912
297.912
297.912
297.912
297.912
297.912
297.912
297.912
297.911
297.911
297.911
297.911
297.911
297.911
297.911
297.911
297.911
297.911
297.911
297.911
297.911
297.911
297.911
297.911
297.911
297.911
297.91
297.898
297.898
297.898
297.898
297.897
297.897
297.897
297.897
297.897
297.897
297.897
297.897
297.897
297.897
297.897
297.897
297.896
297.896
297.896
297.896
297.896
297.896
297.896
297.896
297.896
297.896
297.896
297.896
297.896
297.895
297.895
297.895
297.895
297.895
297.895
297.895
297.895
297.881
297.881
297.881
297.881
297.881
297.881
297.881
297.88
297.88
297.88
297.88
297.88
297.88
297.88
297.88
297.88
297.879
297.879
297.879
297.879
297.879
297.879
297.879
297.879
297.878
297.878
297.878
297.878
297.878
297.878
297.878
297.878
297.878
297.877
297.877
297.877
297.877
297.863
297.863
297.863
297.863
297.862
297.862
297.862
297.862
297.862
297.862
297.861
297.861
297.861
297.861
297.861
297.861
297.86
297.86
297.86
297.86
297.86
297.86
297.859
297.859
297.859
297.859
297.859
297.859
297.858
297.858
297.858
297.858
297.858
297.858
297.857
297.857
297.843
297.843
297.843
297.843
297.842
297.842
297.842
297.842
297.841
297.841
297.841
297.841
297.84
297.84
297.84
297.84
297.839
297.839
297.839
297.839
297.839
297.838
297.838
297.838
297.838
297.837
297.837
297.837
297.837
297.836
297.836
297.836
297.836
297.836
297.835
297.835
297.822
297.822
297.821
297.821
297.821
297.82
297.82
297.82
297.819
297.819
297.819
297.818
297.818
297.818
297.817
297.817
297.817
297.816
297.816
297.816
297.815
297.815
297.815
297.814
297.814
297.814
297.813
297.813
297.813
297.813
297.812
297.812
297.812
297.811
297.811
297.799
297.799
297.798
297.798
297.798
297.797
297.797
297.796
297.796
297.795
297.795
297.794
297.794
297.794
297.793
297.793
297.792
297.792
297.791
297.791
297.79
297.79
297.79
297.789
297.789
297.788
297.788
297.787
297.787
297.787
297.786
297.786
297.785
297.785
297.785
297.775
297.775
297.774
297.774
297.773
297.773
297.772
297.771
297.771
297.77
297.77
297.769
297.768
297.768
297.767
297.767
297.766
297.766
297.765
297.764
297.764
297.763
297.763
297.762
297.762
297.761
297.761
297.76
297.759
297.759
297.758
297.758
297.757
297.757
297.756
297.751
297.75
297.749
297.748
297.748
297.747
297.746
297.745
297.745
297.744
297.743
297.742
297.742
297.741
297.74
297.739
297.739
297.738
297.737
297.737
297.736
297.735
297.734
297.734
297.733
297.732
297.732
297.731
297.73
297.73
297.729
297.728
297.727
297.727
297.726
297.725
297.724
297.723
297.722
297.721
297.72
297.719
297.718
297.717
297.716
297.715
297.714
297.714
297.713
297.712
297.711
297.71
297.709
297.708
297.707
297.706
297.706
297.705
297.704
297.703
297.702
297.701
297.7
297.7
297.699
297.698
297.697
297.696
297.695
297.695
297.698
297.696
297.695
297.694
297.693
297.692
297.691
297.69
297.689
297.687
297.686
297.685
297.684
297.683
297.682
297.681
297.68
297.679
297.678
297.677
297.676
297.675
297.674
297.673
297.672
297.671
297.67
297.669
297.668
297.667
297.666
297.665
297.664
297.663
297.669
297.668
297.667
297.665
297.664
297.663
297.661
297.66
297.659
297.657
297.656
297.655
297.654
297.652
297.651
297.65
297.649
297.648
297.646
297.645
297.644
297.643
297.642
297.64
297.639
297.638
297.637
297.636
297.635
297.634
297.632
297.631
297.63
297.629
297.64
297.638
297.637
297.635
297.634
297.632
297.631
297.629
297.628
297.626
297.625
297.623
297.622
297.62
297.619
297.618
297.616
297.615
297.614
297.612
297.611
297.61
297.608
297.607
297.606
297.605
297.603
297.602
297.601
297.6
297.598
297.597
297.596
297.595
297.609
297.607
297.605
297.603
297.602
297.6
297.598
297.597
297.595
297.593
297.592
297.59
297.589
297.587
297.586
297.584
297.583
297.581
297.58
297.578
297.577
297.576
297.574
297.573
297.572
297.57
297.569
297.568
297.566
297.565
297.564
297.563
297.562
297.56
297.576
297.574
297.572
297.57
297.568
297.566
297.565
297.563
297.561
297.559
297.558
297.556
297.554
297.553
297.551
297.55
297.548
297.547
297.545
297.544
297.542
297.541
297.54
297.538
297.537
297.536
297.534
297.533
297.532
297.531
297.529
297.528
297.527
297.526
297.541
297.539
297.537
297.535
297.533
297.531
297.529
297.527
297.526
297.524
297.522
297.52
297.519
297.517
297.516
297.514
297.513
297.511
297.51
297.508
297.507
297.506
297.505
297.503
297.502
297.501
297.5
297.499
297.498
297.497
297.496
297.495
297.494
297.493
297.506
297.504
297.502
297.5
297.498
297.496
297.494
297.492
297.49
297.488
297.487
297.485
297.483
297.482
297.481
297.479
297.478
297.477
297.475
297.474
297.473
297.472
297.471
297.47
297.469
297.468
297.467
297.467
297.466
297.465
297.464
297.464
297.463
297.463
297.475
297.473
297.471
297.468
297.467
297.465
297.463
297.461
297.46
297.458
297.457
297.455
297.454
297.453
297.452
297.451
297.45
297.449
297.448
297.448
297.447
297.446
297.446
297.445
297.445
297.445
297.444
297.444
297.444
297.444
297.444
297.444
297.444
297.444
297.454
297.452
297.45
297.449
297.447
297.446
297.444
297.443
297.442
297.441
297.441
297.44
297.439
297.439
297.439
297.438
297.438
297.438
297.438
297.438
297.438
297.439
297.439
297.44
297.44
297.441
297.441
297.442
297.442
297.443
297.444
297.445
297.445
297.446
297.449
297.448
297.447
297.446
297.445
297.444
297.443
297.443
297.443
297.443
297.443
297.443
297.443
297.444
297.444
297.445
297.446
297.447
297.448
297.45
297.451
297.453
297.454
297.456
297.457
297.459
297.461
297.463
297.465
297.467
297.469
297.471
297.474
297.476
297.457
297.457
297.456
297.456
297.457
297.457
297.458
297.459
297.46
297.462
297.463
297.465
297.467
297.47
297.472
297.475
297.477
297.479
297.482
297.485
297.487
297.49
297.493
297.497
297.5
297.503
297.507
297.51
297.514
297.518
297.522
297.525
297.529
297.533
297.474
297.474
297.475
297.477
297.479
297.481
297.483
297.485
297.487
297.49
297.494
297.497
297.501
297.505
297.509
297.514
297.518
297.523
297.527
297.532
297.536
297.541
297.546
297.551
297.556
297.561
297.566
297.571
297.577
297.582
297.587
297.592
297.598
297.603
297.486
297.488
297.49
297.493
297.497
297.5
297.504
297.508
297.512
297.517
297.522
297.527
297.533
297.538
297.544
297.549
297.555
297.561
297.567
297.573
297.579
297.585
297.591
297.597
297.604
297.61
297.616
297.622
297.628
297.635
297.641
297.647
297.653
297.659
297.487
297.49
297.494
297.498
297.502
297.507
297.512
297.517
297.523
297.529
297.536
297.543
297.549
297.556
297.563
297.57
297.577
297.585
297.592
297.599
297.606
297.613
297.62
297.628
297.635
297.642
297.649
297.656
297.663
297.67
297.677
297.684
297.69
297.697
297.473
297.477
297.482
297.487
297.493
297.499
297.506
297.513
297.52
297.528
297.536
297.544
297.552
297.56
297.568
297.577
297.585
297.593
297.601
297.61
297.618
297.626
297.634
297.642
297.65
297.658
297.666
297.674
297.681
297.689
297.696
297.703
297.711
297.718
297.445
297.451
297.457
297.463
297.471
297.479
297.487
297.496
297.506
297.515
297.525
297.534
297.544
297.554
297.563
297.573
297.583
297.592
297.601
297.61
297.619
297.628
297.637
297.646
297.654
297.663
297.671
297.679
297.687
297.695
297.703
297.711
297.718
297.726
297.407
297.414
297.422
297.43
297.44
297.451
297.461
297.472
297.484
297.495
297.506
297.518
297.529
297.54
297.551
297.562
297.573
297.583
297.594
297.604
297.614
297.623
297.633
297.642
297.651
297.66
297.669
297.678
297.687
297.695
297.703
297.711
297.719
297.727
297.36
297.369
297.38
297.391
297.404
297.417
297.43
297.444
297.458
297.471
297.485
297.498
297.511
297.524
297.536
297.548
297.56
297.572
297.583
297.594
297.605
297.615
297.625
297.635
297.645
297.655
297.664
297.673
297.682
297.691
297.699
297.707
297.716
297.724
297.307
297.319
297.333
297.348
297.364
297.381
297.397
297.414
297.43
297.446
297.462
297.477
297.492
297.506
297.52
297.534
297.547
297.559
297.571
297.583
297.595
297.606
297.616
297.627
297.637
297.647
297.657
297.666
297.676
297.685
297.694
297.702
297.711
297.719
297.248
297.265
297.283
297.303
297.323
297.343
297.364
297.384
297.403
297.422
297.44
297.457
297.473
297.489
297.505
297.519
297.533
297.547
297.56
297.572
297.585
297.596
297.608
297.619
297.629
297.64
297.65
297.66
297.669
297.679
297.688
297.697
297.705
297.714
297.186
297.208
297.231
297.256
297.282
297.307
297.331
297.355
297.377
297.399
297.419
297.438
297.457
297.474
297.49
297.506
297.521
297.536
297.549
297.563
297.575
297.588
297.599
297.611
297.622
297.633
297.643
297.653
297.663
297.673
297.682
297.691
297.7
297.709
297.12
297.149
297.179
297.211
297.242
297.273
297.302
297.329
297.354
297.378
297.401
297.422
297.442
297.46
297.478
297.495
297.511
297.526
297.54
297.554
297.567
297.58
297.592
297.604
297.615
297.626
297.637
297.648
297.658
297.668
297.677
297.686
297.696
297.704
297.051
297.088
297.127
297.167
297.206
297.242
297.275
297.306
297.335
297.361
297.386
297.408
297.43
297.449
297.468
297.486
297.502
297.518
297.533
297.547
297.561
297.574
297.586
297.598
297.61
297.621
297.632
297.643
297.653
297.663
297.673
297.683
297.692
297.701
296.979
297.026
297.077
297.127
297.173
297.215
297.253
297.288
297.319
297.348
297.374
297.398
297.42
297.441
297.46
297.479
297.496
297.512
297.527
297.542
297.556
297.569
297.582
297.594
297.606
297.618
297.629
297.64
297.65
297.66
297.67
297.68
297.689
297.698
296.901
296.965
297.029
297.091
297.145
297.194
297.236
297.274
297.308
297.338
297.366
297.391
297.414
297.436
297.456
297.474
297.492
297.509
297.524
297.539
297.553
297.567
297.58
297.592
297.604
297.616
297.627
297.638
297.649
297.659
297.669
297.678
297.688
297.697
296.816
296.905
296.987
297.062
297.125
297.179
297.225
297.266
297.302
297.334
297.363
297.389
297.413
297.435
297.456
297.475
297.492
297.509
297.525
297.54
297.554
297.568
297.581
297.593
297.605
297.617
297.628
297.639
297.649
297.659
297.669
297.679
297.688
297.698
296.718
296.849
296.952
297.043
297.115
297.175
297.224
297.267
297.304
297.337
297.367
297.393
297.417
297.44
297.46
297.479
297.497
297.514
297.53
297.545
297.559
297.572
297.585
297.598
297.61
297.621
297.632
297.643
297.653
297.663
297.673
297.683
297.692
297.701
296.593
296.806
296.932
297.041
297.118
297.181
297.234
297.278
297.316
297.35
297.379
297.406
297.431
297.453
297.473
297.492
297.51
297.526
297.542
297.557
297.571
297.584
297.596
297.609
297.62
297.631
297.642
297.652
297.662
297.672
297.682
297.691
297.7
297.709
296.423
296.795
296.937
297.064
297.147
297.21
297.263
297.308
297.346
297.379
297.408
297.435
297.458
297.48
297.5
297.518
297.535
297.551
297.566
297.58
297.593
297.606
297.618
297.63
297.641
297.651
297.661
297.671
297.681
297.69
297.699
297.708
297.716
297.724
296.192
296.832
297.038
297.156
297.237
297.298
297.345
297.385
297.419
297.448
297.474
297.497
297.518
297.537
297.555
297.571
297.586
297.6
297.613
297.626
297.638
297.649
297.66
297.67
297.68
297.69
297.699
297.708
297.717
297.725
297.733
297.741
297.749
297.756
298.009
297.988
)
;

boundaryField
{
    down
    {
        type            zeroGradient;
    }
    right
    {
        type            zeroGradient;
    }
    up
    {
        type            zeroGradient;
    }
    meanFlow
    {
        type            inletOutlet;
        inletValue      nonuniform List<scalar> 0();
        value           nonuniform List<scalar> 0();
    }
    surface
    {
        type            zeroGradient;
    }
    surfaceInner
    {
        type            zeroGradient;
    }
    coandaInlet
    {
        type            inletOutlet;
        inletValue      nonuniform List<scalar> 0();
        value           nonuniform List<scalar> 0();
    }
    defaultFaces
    {
        type            empty;
    }
    procBoundary3to1
    {
        type            processor;
        value           nonuniform List<scalar> 
97
(
298.031
298.032
298.028
298.028
298.029
298.031
298.033
298.035
298.038
298.041
298.045
298.05
298.056
298.056
298.056
298.063
298.071
298.079
298.087
298.089
298.089
298.097
298.105
298.105
298.105
298.111
298.116
298.112
298.112
298.114
298.106
298.106
298.103
298.089
298.089
298.073
298.073
298.059
298.034
298.034
298.005
298.005
297.977
297.938
297.938
297.892
297.892
297.849
297.785
297.785
297.707
297.707
297.611
297.611
297.497
297.497
297.361
297.361
297.237
297.052
297.052
296.84
296.796
296.796
296.551
296.551
296.204
296.204
295.172
295.237
295.353
295.565
295.658
295.658
289.806
290.57
291.371
292.147
292.869
293.525
294.117
294.645
295.115
295.518
295.518
290.52
291.944
293.144
294.12
294.911
295.569
296.113
296.515
296.515
296.078
297.048
297.048
)
;
    }
    procBoundary3to2
    {
        type            processor;
        value           nonuniform List<scalar> 
67
(
297.978
297.984
297.971
297.971
297.978
297.971
297.964
297.971
297.964
297.956
297.964
297.956
297.956
297.947
297.936
297.947
297.936
297.936
297.924
297.91
297.91
297.895
297.895
297.877
297.857
297.857
297.835
297.811
297.811
297.784
297.756
297.725
297.694
297.662
297.662
297.628
297.594
297.559
297.525
297.492
297.462
297.444
297.447
297.478
297.537
297.608
297.665
297.704
297.725
297.733
297.734
297.732
297.727
297.722
297.717
297.713
297.71
297.707
297.706
297.707
297.71
297.717
297.732
297.764
298.009
297.988
297.984
)
;
    }
}


// ************************************************************************* //
