/*--------------------------------*- C++ -*----------------------------------*\
  =========                 |
  \\      /  F ield         | OpenFOAM: The Open Source CFD Toolbox
   \\    /   O peration     | Website:  https://openfoam.org
    \\  /    A nd           | Version:  9
     \\/     M anipulation  |
\*---------------------------------------------------------------------------*/
FoamFile
{
    format      ascii;
    class       volScalarField;
    location    "0.04";
    object      T;
}
// * * * * * * * * * * * * * * * * * * * * * * * * * * * * * * * * * * * * * //

dimensions      [0 0 0 1 0 0 0];

internalField   nonuniform List<scalar> 
6127
(
293.975
292.521
290.047
291.942
289.722
286.349
291.079
288.315
283.572
290.878
287.982
282.298
290.827
288.059
281.273
290.795
288.167
280.746
290.772
288.222
280.663
290.753
288.256
280.618
290.735
288.289
280.537
290.717
288.323
280.468
290.698
288.362
280.523
290.704
288.431
280.658
290.852
288.82
281.312
291.648
290.287
283.287
293.715
292.718
287.174
297.994
298.009
298.007
298.014
298.015
298.02
298.022
298.026
298.028
298.032
298.034
298.037
298.04
297.998
298
298
298
298
298.001
298
298
298
298
298
298
298
298
298
298
298
298
298
298
298
298
298
298
298
298
298
298
298
298
298
298
298
298
298
298
298
297.999
297.999
297.999
297.999
297.999
298
298
298
298
298
298.001
298.001
298.002
298.002
298.003
298.004
298.005
298.005
298.006
298.007
298.008
298.009
298.01
297.998
298.001
298.001
298.002
298.002
298.003
298.003
298.003
298.003
298.003
298.003
298.003
298.003
298.003
298.003
298.003
298.003
298.003
298.003
298.003
298.003
298.003
298.003
298.003
298.003
298.003
298.003
298.003
298.003
298.003
298.003
298.003
298.003
298.003
298.002
298.002
298.002
298.002
298.002
298.002
298.002
298.003
298.003
298.003
298.004
298.005
298.006
298.007
298.009
298.01
298.012
298.014
298.015
298.017
298.019
298.02
298.022
298.023
298.025
298.026
297.998
298.001
298.001
298.003
298.003
298.004
298.004
298.004
298.004
298.005
298.005
298.005
298.005
298.005
298.005
298.005
298.005
298.005
298.005
298.005
298.005
298.005
298.005
298.005
298.005
298.005
298.004
298.004
298.004
298.004
298.004
298.004
298.004
298.004
298.004
298.003
298.003
298.003
298.003
298.003
298.004
298.004
298.005
298.006
298.008
298.01
298.012
298.014
298.017
298.019
298.022
298.024
298.026
298.029
298.031
298.032
298.034
298.036
298.037
298.038
297.998
298.002
298.002
298.004
298.004
298.005
298.005
298.006
298.006
298.006
298.007
298.007
298.007
298.007
298.007
298.007
298.007
298.007
298.007
298.007
298.007
298.007
298.007
298.007
298.007
298.007
298.007
298.006
298.006
298.006
298.006
298.006
298.006
298.006
298.005
298.005
298.005
298.005
298.005
298.006
298.007
298.008
298.01
298.012
298.015
298.018
298.021
298.025
298.028
298.031
298.035
298.037
298.04
298.042
298.044
298.046
298.047
298.048
298.049
298.05
297.998
298.002
298.002
298.004
298.005
298.006
298.006
298.007
298.008
298.008
298.008
298.009
298.009
298.009
298.009
298.009
298.009
298.009
298.009
298.009
298.009
298.009
298.009
298.009
298.009
298.009
298.008
298.008
298.008
298.008
298.008
298.008
298.007
298.007
298.007
298.007
298.007
298.007
298.007
298.008
298.01
298.013
298.016
298.02
298.024
298.028
298.033
298.037
298.041
298.044
298.047
298.049
298.051
298.053
298.054
298.055
298.056
298.057
298.057
298.058
297.998
298.003
298.003
298.005
298.005
298.007
298.008
298.009
298.009
298.01
298.01
298.011
298.011
298.011
298.011
298.011
298.012
298.012
298.012
298.012
298.011
298.011
298.011
298.011
298.011
298.011
298.011
298.01
298.01
298.01
298.01
298.009
298.009
298.009
298.009
298.008
298.008
298.009
298.01
298.012
298.015
298.019
298.024
298.029
298.035
298.04
298.045
298.049
298.052
298.055
298.057
298.059
298.06
298.061
298.061
298.062
298.062
298.062
298.062
298.062
297.997
298.003
298.003
298.006
298.006
298.009
298.009
298.01
298.011
298.011
298.012
298.012
298.013
298.013
298.013
298.014
298.014
298.014
298.014
298.014
298.014
298.014
298.013
298.013
298.013
298.013
298.013
298.012
298.012
298.012
298.011
298.011
298.011
298.01
298.01
298.01
298.01
298.011
298.013
298.016
298.021
298.027
298.033
298.04
298.046
298.051
298.056
298.059
298.062
298.063
298.065
298.065
298.066
298.066
298.065
298.065
298.065
298.065
298.065
298.065
297.997
298.004
298.004
298.007
298.007
298.01
298.01
298.011
298.012
298.013
298.014
298.014
298.015
298.015
298.015
298.016
298.016
298.016
298.016
298.016
298.016
298.016
298.016
298.015
298.015
298.015
298.015
298.014
298.014
298.014
298.013
298.013
298.013
298.012
298.012
298.012
298.012
298.014
298.017
298.022
298.028
298.036
298.044
298.051
298.057
298.061
298.065
298.067
298.068
298.069
298.069
298.069
298.069
298.069
298.069
298.069
298.069
298.069
298.069
298.07
297.997
298.004
298.004
298.007
298.008
298.011
298.011
298.013
298.013
298.014
298.015
298.016
298.016
298.017
298.017
298.018
298.018
298.018
298.018
298.018
298.018
298.018
298.018
298.018
298.017
298.017
298.017
298.017
298.016
298.016
298.015
298.015
298.014
298.014
298.014
298.013
298.014
298.017
298.021
298.028
298.037
298.046
298.054
298.061
298.066
298.07
298.072
298.073
298.073
298.073
298.073
298.072
298.072
298.072
298.073
298.073
298.074
298.075
298.076
298.077
297.997
298.005
298.004
298.008
298.008
298.011
298.012
298.014
298.015
298.016
298.017
298.018
298.018
298.019
298.019
298.02
298.02
298.02
298.02
298.02
298.02
298.02
298.02
298.02
298.02
298.019
298.019
298.019
298.018
298.018
298.017
298.017
298.016
298.016
298.015
298.015
298.017
298.02
298.026
298.035
298.045
298.055
298.064
298.07
298.074
298.076
298.077
298.077
298.076
298.076
298.076
298.076
298.077
298.078
298.079
298.08
298.082
298.084
298.086
298.088
297.997
298.005
298.005
298.009
298.009
298.012
298.013
298.015
298.016
298.017
298.018
298.019
298.02
298.021
298.021
298.022
298.022
298.022
298.023
298.023
298.023
298.023
298.022
298.022
298.022
298.022
298.021
298.021
298.021
298.02
298.02
298.019
298.018
298.018
298.017
298.017
298.019
298.024
298.032
298.043
298.054
298.065
298.072
298.077
298.08
298.081
298.081
298.08
298.08
298.08
298.081
298.082
298.084
298.086
298.088
298.091
298.093
298.096
298.099
298.101
297.996
298.006
298.005
298.009
298.01
298.013
298.014
298.016
298.017
298.019
298.02
298.021
298.021
298.022
298.023
298.024
298.024
298.024
298.025
298.025
298.025
298.025
298.025
298.025
298.024
298.024
298.024
298.023
298.023
298.022
298.022
298.021
298.021
298.02
298.019
298.019
298.022
298.028
298.038
298.051
298.063
298.073
298.08
298.083
298.085
298.085
298.084
298.084
298.084
298.085
298.087
298.09
298.093
298.096
298.099
298.103
298.106
298.109
298.112
298.115
297.996
298.006
298.005
298.01
298.01
298.014
298.015
298.017
298.018
298.02
298.021
298.022
298.023
298.024
298.025
298.025
298.026
298.026
298.027
298.027
298.027
298.027
298.027
298.027
298.027
298.026
298.026
298.026
298.025
298.025
298.024
298.023
298.023
298.022
298.021
298.022
298.024
298.032
298.044
298.058
298.071
298.081
298.086
298.088
298.089
298.088
298.088
298.089
298.09
298.093
298.096
298.1
298.104
298.108
298.112
298.116
298.12
298.123
298.125
298.127
297.996
298.006
298.005
298.01
298.011
298.014
298.015
298.018
298.019
298.021
298.022
298.023
298.024
298.025
298.026
298.027
298.028
298.028
298.029
298.029
298.029
298.029
298.029
298.029
298.029
298.029
298.028
298.028
298.028
298.027
298.026
298.026
298.025
298.024
298.023
298.024
298.027
298.036
298.05
298.066
298.079
298.088
298.092
298.093
298.093
298.092
298.093
298.094
298.097
298.101
298.106
298.111
298.116
298.121
298.126
298.129
298.132
298.134
298.135
298.135
297.996
298.007
298.006
298.011
298.011
298.015
298.016
298.019
298.02
298.022
298.023
298.025
298.026
298.027
298.028
298.029
298.03
298.03
298.031
298.031
298.031
298.031
298.031
298.031
298.031
298.031
298.031
298.03
298.03
298.029
298.029
298.028
298.027
298.026
298.026
298.026
298.03
298.04
298.056
298.073
298.086
298.094
298.097
298.097
298.097
298.097
298.098
298.101
298.106
298.111
298.117
298.124
298.129
298.134
298.138
298.141
298.142
298.143
298.142
298.14
297.996
298.007
298.006
298.011
298.011
298.016
298.017
298.019
298.021
298.023
298.024
298.026
298.027
298.028
298.029
298.03
298.031
298.032
298.033
298.033
298.033
298.034
298.034
298.034
298.034
298.033
298.033
298.033
298.032
298.032
298.031
298.03
298.03
298.029
298.028
298.028
298.033
298.044
298.062
298.08
298.093
298.099
298.101
298.101
298.101
298.102
298.105
298.109
298.115
298.122
298.129
298.136
298.142
298.146
298.149
298.15
298.15
298.148
298.145
298.141
297.996
298.007
298.006
298.011
298.012
298.016
298.017
298.02
298.021
298.024
298.025
298.027
298.028
298.03
298.031
298.032
298.033
298.034
298.034
298.035
298.035
298.036
298.036
298.036
298.036
298.036
298.035
298.035
298.035
298.034
298.033
298.033
298.032
298.031
298.03
298.03
298.035
298.048
298.067
298.086
298.099
298.104
298.105
298.105
298.105
298.107
298.112
298.118
298.126
298.134
298.142
298.148
298.153
298.157
298.158
298.156
298.154
298.15
298.145
298.139
297.995
298.007
298.006
298.012
298.012
298.016
298.018
298.021
298.022
298.024
298.026
298.028
298.029
298.031
298.032
298.033
298.034
298.035
298.036
298.037
298.037
298.037
298.038
298.038
298.038
298.038
298.037
298.037
298.037
298.036
298.036
298.035
298.034
298.033
298.032
298.033
298.038
298.051
298.073
298.092
298.104
298.109
298.11
298.109
298.11
298.114
298.119
298.127
298.136
298.145
298.154
298.16
298.164
298.165
298.164
298.16
298.155
298.149
298.142
298.136
297.995
298.008
298.006
298.012
298.012
298.017
298.018
298.021
298.023
298.025
298.027
298.029
298.03
298.032
298.033
298.034
298.036
298.037
298.037
298.038
298.039
298.039
298.039
298.04
298.04
298.04
298.04
298.039
298.039
298.038
298.038
298.037
298.036
298.035
298.034
298.035
298.04
298.055
298.077
298.097
298.109
298.113
298.114
298.113
298.115
298.12
298.127
298.137
298.147
298.157
298.165
298.17
298.172
298.172
298.168
298.162
298.155
298.148
298.14
298.133
297.995
298.008
298.006
298.012
298.013
298.017
298.019
298.022
298.023
298.026
298.027
298.029
298.031
298.033
298.034
298.036
298.037
298.038
298.039
298.04
298.04
298.041
298.041
298.041
298.042
298.042
298.041
298.041
298.041
298.041
298.04
298.039
298.039
298.037
298.036
298.037
298.042
298.058
298.082
298.102
298.114
298.118
298.117
298.118
298.121
298.127
298.136
298.146
298.158
298.168
298.175
298.179
298.18
298.176
298.171
298.163
298.155
298.146
298.138
298.131
297.995
298.008
298.006
298.012
298.013
298.017
298.019
298.022
298.024
298.026
298.028
298.03
298.032
298.034
298.035
298.037
298.038
298.039
298.04
298.041
298.042
298.042
298.043
298.043
298.043
298.043
298.043
298.043
298.043
298.042
298.042
298.041
298.041
298.039
298.038
298.039
298.044
298.06
298.086
298.107
298.118
298.121
298.121
298.122
298.126
298.133
298.143
298.156
298.168
298.178
298.185
298.187
298.185
298.18
298.172
298.163
298.154
298.146
298.138
298.13
297.995
298.008
298.006
298.012
298.013
298.018
298.019
298.022
298.024
298.027
298.029
298.031
298.033
298.034
298.036
298.038
298.039
298.04
298.041
298.042
298.043
298.044
298.044
298.045
298.045
298.045
298.045
298.045
298.045
298.044
298.044
298.043
298.042
298.041
298.04
298.041
298.046
298.063
298.089
298.111
298.122
298.125
298.125
298.126
298.131
298.139
298.151
298.164
298.177
298.187
298.193
298.194
298.19
298.183
298.174
298.164
298.155
298.146
298.138
298.131
297.995
298.008
298.007
298.013
298.013
298.018
298.02
298.023
298.025
298.027
298.029
298.031
298.033
298.035
298.037
298.039
298.04
298.041
298.043
298.044
298.045
298.045
298.046
298.046
298.047
298.047
298.047
298.047
298.046
298.046
298.046
298.045
298.044
298.043
298.042
298.042
298.048
298.065
298.092
298.114
298.126
298.128
298.128
298.13
298.136
298.145
298.158
298.172
298.186
298.195
298.201
298.2
298.195
298.186
298.176
298.166
298.156
298.148
298.14
298.132
297.995
298.008
298.007
298.013
298.014
298.018
298.02
298.023
298.025
298.028
298.03
298.032
298.034
298.036
298.038
298.039
298.041
298.042
298.044
298.045
298.046
298.047
298.047
298.048
298.048
298.048
298.048
298.048
298.048
298.048
298.047
298.047
298.046
298.045
298.044
298.044
298.049
298.066
298.095
298.118
298.129
298.131
298.131
298.133
298.14
298.151
298.165
298.18
298.193
298.203
298.207
298.205
298.198
298.189
298.178
298.168
298.159
298.15
298.142
298.134
297.995
298.008
298.007
298.013
298.014
298.018
298.02
298.023
298.025
298.028
298.03
298.032
298.034
298.037
298.038
298.04
298.042
298.043
298.045
298.046
298.047
298.048
298.048
298.049
298.049
298.05
298.05
298.05
298.049
298.049
298.049
298.048
298.047
298.046
298.045
298.045
298.051
298.068
298.097
298.12
298.132
298.134
298.134
298.137
298.144
298.155
298.17
298.186
298.2
298.21
298.213
298.21
298.202
298.192
298.181
298.171
298.161
298.152
298.144
298.136
297.995
298.009
298.007
298.013
298.014
298.019
298.02
298.024
298.026
298.028
298.03
298.033
298.035
298.037
298.039
298.041
298.043
298.044
298.046
298.047
298.048
298.049
298.05
298.05
298.051
298.051
298.051
298.051
298.051
298.05
298.05
298.049
298.049
298.047
298.046
298.046
298.052
298.069
298.099
298.123
298.134
298.136
298.136
298.139
298.147
298.159
298.175
298.192
298.206
298.216
298.218
298.214
298.205
298.195
298.184
298.174
298.164
298.155
298.147
298.138
297.995
298.009
298.007
298.013
298.014
298.019
298.02
298.024
298.026
298.029
298.031
298.033
298.035
298.038
298.04
298.042
298.043
298.045
298.046
298.048
298.049
298.05
298.051
298.051
298.052
298.052
298.052
298.052
298.052
298.052
298.051
298.051
298.05
298.049
298.047
298.047
298.052
298.07
298.1
298.125
298.136
298.138
298.138
298.142
298.15
298.163
298.179
298.197
298.211
298.221
298.223
298.218
298.209
298.198
298.187
298.177
298.167
298.158
298.149
298.14
297.994
298.009
298.007
298.013
298.014
298.019
298.021
298.024
298.026
298.029
298.031
298.034
298.036
298.038
298.04
298.042
298.044
298.046
298.047
298.048
298.05
298.051
298.052
298.052
298.053
298.053
298.053
298.053
298.053
298.053
298.052
298.052
298.051
298.05
298.048
298.048
298.053
298.07
298.101
298.126
298.137
298.139
298.14
298.143
298.152
298.165
298.182
298.2
298.216
298.225
298.227
298.222
298.212
298.201
298.19
298.18
298.17
298.161
298.151
298.142
297.994
298.009
298.007
298.013
298.014
298.019
298.021
298.024
298.026
298.029
298.031
298.034
298.036
298.038
298.041
298.043
298.044
298.046
298.048
298.049
298.05
298.052
298.052
298.053
298.054
298.054
298.054
298.054
298.054
298.054
298.053
298.053
298.052
298.05
298.049
298.048
298.054
298.071
298.102
298.127
298.138
298.14
298.141
298.144
298.153
298.167
298.184
298.203
298.219
298.229
298.231
298.225
298.215
298.204
298.194
298.183
298.173
298.163
298.153
298.143
297.994
298.009
298.007
298.013
298.014
298.019
298.021
298.024
298.027
298.029
298.032
298.034
298.036
298.039
298.041
298.043
298.045
298.047
298.048
298.05
298.051
298.052
298.053
298.054
298.055
298.055
298.055
298.055
298.055
298.055
298.054
298.053
298.052
298.051
298.049
298.049
298.054
298.071
298.103
298.128
298.139
298.141
298.141
298.145
298.154
298.168
298.185
298.204
298.221
298.231
298.233
298.228
298.218
298.207
298.196
298.186
298.176
298.165
298.155
298.144
297.994
298.009
298.007
298.013
298.014
298.019
298.021
298.025
298.027
298.03
298.032
298.035
298.037
298.039
298.041
298.043
298.045
298.047
298.049
298.05
298.052
298.053
298.054
298.055
298.055
298.056
298.056
298.056
298.056
298.055
298.055
298.054
298.053
298.052
298.05
298.049
298.054
298.071
298.103
298.129
298.14
298.141
298.142
298.145
298.154
298.168
298.186
298.205
298.222
298.233
298.236
298.231
298.221
298.21
298.199
298.189
298.178
298.167
298.156
298.145
297.994
298.009
298.007
298.013
298.015
298.019
298.021
298.025
298.027
298.03
298.032
298.035
298.037
298.04
298.042
298.044
298.046
298.048
298.049
298.051
298.052
298.054
298.055
298.055
298.056
298.057
298.057
298.057
298.057
298.056
298.056
298.055
298.054
298.052
298.05
298.05
298.054
298.071
298.103
298.129
298.14
298.141
298.142
298.145
298.153
298.167
298.185
298.205
298.222
298.234
298.237
298.233
298.223
298.212
298.201
298.191
298.18
298.168
298.157
298.144
297.994
298.009
298.007
298.013
298.015
298.019
298.021
298.025
298.027
298.03
298.032
298.035
298.037
298.04
298.042
298.044
298.046
298.048
298.05
298.052
298.053
298.054
298.055
298.056
298.057
298.057
298.057
298.057
298.057
298.057
298.056
298.055
298.054
298.053
298.051
298.05
298.054
298.071
298.103
298.129
298.14
298.141
298.141
298.145
298.153
298.167
298.185
298.204
298.222
298.234
298.239
298.235
298.225
298.214
298.203
298.192
298.181
298.169
298.157
298.143
297.994
298.009
298.007
298.014
298.015
298.019
298.021
298.025
298.027
298.03
298.032
298.035
298.038
298.04
298.042
298.045
298.047
298.049
298.05
298.052
298.053
298.055
298.056
298.057
298.057
298.058
298.058
298.058
298.058
298.057
298.057
298.056
298.055
298.053
298.051
298.05
298.054
298.071
298.103
298.129
298.139
298.141
298.141
298.144
298.152
298.166
298.183
298.203
298.221
298.234
298.239
298.236
298.227
298.216
298.205
298.194
298.182
298.17
298.156
298.142
297.994
298.009
298.007
298.014
298.015
298.019
298.022
298.025
298.027
298.03
298.033
298.035
298.038
298.04
298.043
298.045
298.047
298.049
298.051
298.052
298.054
298.055
298.056
298.057
298.058
298.058
298.059
298.059
298.059
298.058
298.057
298.057
298.055
298.054
298.051
298.05
298.054
298.07
298.103
298.128
298.139
298.14
298.14
298.143
298.151
298.164
298.182
298.201
298.219
298.233
298.239
298.237
298.228
298.217
298.206
298.195
298.183
298.169
298.155
298.139
297.994
298.009
298.007
298.014
298.015
298.02
298.022
298.025
298.027
298.03
298.033
298.036
298.038
298.04
298.043
298.045
298.047
298.049
298.051
298.053
298.054
298.056
298.057
298.058
298.058
298.059
298.059
298.059
298.059
298.059
298.058
298.057
298.056
298.054
298.051
298.05
298.054
298.07
298.103
298.128
298.138
298.139
298.14
298.142
298.15
298.163
298.18
298.199
298.217
298.231
298.238
298.237
298.229
298.218
298.207
298.196
298.183
298.169
298.154
298.136
297.994
298.009
298.007
298.014
298.015
298.02
298.022
298.025
298.027
298.031
298.033
298.036
298.038
298.041
298.043
298.045
298.047
298.05
298.051
298.053
298.055
298.056
298.057
298.058
298.059
298.059
298.06
298.06
298.06
298.059
298.058
298.057
298.056
298.054
298.052
298.05
298.054
298.07
298.102
298.128
298.137
298.138
298.139
298.141
298.149
298.161
298.178
298.197
298.215
298.229
298.237
298.237
298.23
298.219
298.208
298.196
298.183
298.168
298.152
298.132
297.994
298.009
298.007
298.014
298.015
298.02
298.022
298.025
298.028
298.031
298.033
298.036
298.038
298.041
298.043
298.046
298.048
298.05
298.052
298.053
298.055
298.056
298.058
298.059
298.059
298.06
298.06
298.06
298.06
298.06
298.059
298.058
298.056
298.054
298.052
298.05
298.054
298.069
298.102
298.127
298.137
298.137
298.138
298.14
298.147
298.159
298.176
298.194
298.212
298.227
298.235
298.236
298.23
298.22
298.209
298.197
298.183
298.168
298.149
298.127
297.994
298.009
298.007
298.014
298.015
298.02
298.022
298.025
298.028
298.031
298.033
298.036
298.038
298.041
298.043
298.046
298.048
298.05
298.052
298.054
298.055
298.057
298.058
298.059
298.06
298.06
298.061
298.061
298.06
298.06
298.059
298.058
298.057
298.055
298.052
298.05
298.053
298.069
298.101
298.127
298.136
298.136
298.137
298.139
298.146
298.158
298.174
298.192
298.21
298.224
298.233
298.235
298.23
298.221
298.21
298.197
298.183
298.167
298.147
298.122
297.994
298.009
298.007
298.014
298.015
298.02
298.022
298.025
298.028
298.031
298.033
298.036
298.039
298.041
298.044
298.046
298.048
298.05
298.052
298.054
298.056
298.057
298.058
298.059
298.06
298.061
298.061
298.061
298.061
298.06
298.059
298.058
298.057
298.055
298.052
298.05
298.053
298.069
298.101
298.126
298.135
298.135
298.135
298.138
298.144
298.156
298.171
298.189
298.207
298.221
298.23
298.233
298.23
298.221
298.21
298.198
298.184
298.167
298.145
298.116
297.994
298.009
298.007
298.014
298.015
298.02
298.022
298.025
298.028
298.031
298.033
298.036
298.039
298.041
298.044
298.046
298.048
298.05
298.052
298.054
298.056
298.057
298.059
298.06
298.06
298.061
298.061
298.061
298.061
298.061
298.06
298.059
298.057
298.055
298.052
298.05
298.053
298.068
298.101
298.125
298.134
298.134
298.134
298.137
298.143
298.154
298.169
298.187
298.204
298.218
298.228
298.231
298.229
298.221
298.211
298.199
298.185
298.167
298.143
298.11
297.994
298.009
298.007
298.014
298.015
298.02
298.022
298.025
298.028
298.031
298.033
298.036
298.039
298.041
298.044
298.046
298.048
298.051
298.053
298.054
298.056
298.058
298.059
298.06
298.061
298.061
298.062
298.062
298.061
298.061
298.06
298.059
298.057
298.055
298.052
298.05
298.053
298.068
298.1
298.125
298.134
298.134
298.133
298.135
298.142
298.153
298.167
298.184
298.201
298.215
298.225
298.229
298.228
298.221
298.211
298.2
298.186
298.169
298.142
298.104
297.994
298.009
298.007
298.014
298.015
298.02
298.022
298.026
298.028
298.031
298.033
298.036
298.039
298.041
298.044
298.046
298.049
298.051
298.053
298.055
298.056
298.058
298.059
298.06
298.061
298.062
298.062
298.062
298.062
298.061
298.06
298.059
298.058
298.055
298.052
298.05
298.053
298.068
298.1
298.124
298.133
298.133
298.132
298.134
298.14
298.151
298.165
298.182
298.199
298.213
298.222
298.226
298.226
298.22
298.212
298.201
298.188
298.17
298.142
298.099
297.994
298.009
298.007
298.014
298.015
298.02
298.022
298.026
298.028
298.031
298.034
298.036
298.039
298.042
298.044
298.046
298.049
298.051
298.053
298.055
298.056
298.058
298.059
298.06
298.061
298.062
298.062
298.062
298.062
298.061
298.061
298.059
298.058
298.055
298.052
298.05
298.052
298.067
298.1
298.124
298.132
298.132
298.131
298.133
298.139
298.15
298.164
298.18
298.196
298.21
298.219
298.224
298.224
298.219
298.211
298.201
298.189
298.171
298.142
298.093
297.994
298.009
298.007
298.014
298.015
298.02
298.022
298.026
298.028
298.031
298.034
298.036
298.039
298.042
298.044
298.047
298.049
298.051
298.053
298.055
298.057
298.058
298.059
298.061
298.061
298.062
298.062
298.062
298.062
298.062
298.061
298.06
298.058
298.055
298.052
298.05
298.052
298.067
298.099
298.123
298.131
298.131
298.13
298.132
298.138
298.148
298.162
298.178
298.194
298.207
298.217
298.221
298.222
298.218
298.211
298.201
298.189
298.172
298.141
298.083
297.994
298.009
298.007
298.014
298.015
298.02
298.022
298.026
298.028
298.031
298.034
298.036
298.039
298.042
298.044
298.047
298.049
298.051
298.053
298.055
298.057
298.058
298.06
298.061
298.062
298.062
298.063
298.063
298.062
298.062
298.061
298.06
298.058
298.055
298.052
298.05
298.052
298.067
298.099
298.123
298.131
298.13
298.129
298.131
298.137
298.147
298.16
298.176
298.192
298.205
298.214
298.219
298.22
298.216
298.209
298.201
298.188
298.17
298.136
298.065
297.994
298.009
298.007
298.014
298.015
298.02
298.022
298.026
298.028
298.031
298.034
298.037
298.039
298.042
298.044
298.047
298.049
298.051
298.053
298.055
298.057
298.058
298.06
298.061
298.062
298.062
298.063
298.063
298.063
298.062
298.061
298.06
298.058
298.056
298.052
298.05
298.052
298.067
298.099
298.122
298.13
298.129
298.128
298.13
298.136
298.146
298.159
298.174
298.19
298.203
298.212
298.217
298.218
298.214
298.208
298.199
298.186
298.165
298.124
298.024
297.994
298.009
298.007
298.014
298.015
298.02
298.022
298.026
298.028
298.031
298.034
298.037
298.039
298.042
298.044
298.047
298.049
298.051
298.053
298.055
298.057
298.059
298.06
298.061
298.062
298.063
298.063
298.063
298.063
298.062
298.061
298.06
298.058
298.056
298.052
298.05
298.052
298.066
298.098
298.122
298.13
298.129
298.128
298.13
298.135
298.145
298.158
298.173
298.188
298.201
298.21
298.215
298.216
298.212
298.206
298.197
298.182
298.157
298.099
297.946
297.994
298.009
298.007
298.014
298.015
298.02
298.022
298.026
298.028
298.031
298.034
298.037
298.039
298.042
298.044
298.047
298.049
298.051
298.054
298.055
298.057
298.059
298.06
298.061
298.062
298.063
298.063
298.063
298.063
298.062
298.061
298.06
298.058
298.056
298.052
298.05
298.052
298.066
298.098
298.122
298.129
298.128
298.127
298.129
298.134
298.144
298.156
298.171
298.186
298.199
298.208
298.213
298.214
298.21
298.204
298.194
298.178
298.144
298.063
297.817
297.994
298.009
298.007
298.014
298.015
298.02
298.022
298.026
298.028
298.031
298.034
298.037
298.039
298.042
298.044
298.047
298.049
298.052
298.054
298.056
298.057
298.059
298.06
298.061
298.062
298.063
298.063
298.063
298.063
298.063
298.062
298.06
298.058
298.056
298.052
298.05
298.052
298.066
298.098
298.121
298.128
298.127
298.126
298.128
298.134
298.143
298.155
298.17
298.185
298.198
298.206
298.211
298.212
298.208
298.202
298.192
298.172
298.125
298.006
297.638
297.994
298.009
298.007
298.014
298.015
298.02
298.022
298.026
298.028
298.031
298.034
298.037
298.039
298.042
298.045
298.047
298.049
298.052
298.054
298.056
298.057
298.059
298.06
298.061
298.062
298.063
298.063
298.064
298.063
298.063
298.062
298.06
298.059
298.056
298.052
298.05
298.051
298.066
298.097
298.121
298.128
298.127
298.126
298.127
298.133
298.142
298.154
298.169
298.183
298.196
298.205
298.209
298.21
298.206
298.199
298.189
298.166
298.103
297.929
297.424
297.994
298.009
298.007
298.014
298.015
298.02
298.022
298.026
298.028
298.031
298.034
298.037
298.039
298.042
298.045
298.047
298.049
298.052
298.054
298.056
298.057
298.059
298.06
298.062
298.063
298.063
298.064
298.064
298.063
298.063
298.062
298.06
298.059
298.056
298.052
298.05
298.051
298.066
298.097
298.121
298.128
298.126
298.125
298.127
298.132
298.141
298.153
298.168
298.182
298.195
298.203
298.208
298.209
298.205
298.197
298.185
298.158
298.075
297.833
297.214
297.994
298.009
298.007
298.014
298.015
298.02
298.022
298.026
298.028
298.031
298.034
298.037
298.039
298.042
298.045
298.047
298.049
298.052
298.054
298.056
298.058
298.059
298.061
298.062
298.063
298.063
298.064
298.064
298.064
298.063
298.062
298.061
298.059
298.056
298.052
298.049
298.051
298.066
298.097
298.12
298.127
298.126
298.124
298.126
298.132
298.141
298.153
298.167
298.181
298.193
298.202
298.206
298.207
298.203
298.195
298.181
298.147
298.039
297.723
297.058
297.994
298.009
298.007
298.014
298.015
298.02
298.022
298.026
298.028
298.031
298.034
298.037
298.039
298.042
298.045
298.047
298.05
298.052
298.054
298.056
298.058
298.059
298.061
298.062
298.063
298.063
298.064
298.064
298.064
298.063
298.062
298.061
298.059
298.056
298.052
298.049
298.051
298.066
298.097
298.12
298.127
298.125
298.124
298.126
298.131
298.14
298.152
298.166
298.18
298.192
298.201
298.205
298.206
298.201
298.193
298.176
298.133
297.995
297.61
296.995
297.994
298.009
298.007
298.014
298.015
298.02
298.022
298.026
298.028
298.031
298.034
298.037
298.039
298.042
298.045
298.047
298.05
298.052
298.054
298.056
298.058
298.059
298.061
298.062
298.063
298.063
298.064
298.064
298.064
298.063
298.062
298.061
298.059
298.056
298.052
298.049
298.051
298.066
298.097
298.12
298.127
298.125
298.124
298.125
298.131
298.14
298.151
298.165
298.179
298.191
298.2
298.204
298.204
298.2
298.19
298.171
298.115
297.943
297.507
297.04
297.994
298.009
298.007
298.014
298.015
298.02
298.022
298.026
298.028
298.031
298.034
298.037
298.039
298.042
298.045
298.047
298.05
298.052
298.054
298.056
298.058
298.059
298.061
298.062
298.063
298.064
298.064
298.064
298.064
298.063
298.062
298.061
298.059
298.056
298.052
298.049
298.051
298.065
298.096
298.12
298.126
298.125
298.123
298.125
298.13
298.139
298.151
298.164
298.178
298.19
298.199
298.203
298.203
298.198
298.188
298.165
298.096
297.888
297.433
297.141
297.994
298.009
298.007
298.014
298.015
298.02
298.022
298.026
298.028
298.031
298.034
298.037
298.039
298.042
298.045
298.047
298.05
298.052
298.054
298.056
298.058
298.059
298.061
298.062
298.063
298.064
298.064
298.064
298.064
298.063
298.062
298.061
298.059
298.056
298.052
298.049
298.051
298.065
298.096
298.12
298.126
298.124
298.123
298.125
298.13
298.139
298.15
298.164
298.178
298.19
298.198
298.202
298.202
298.197
298.185
298.159
298.076
297.837
297.392
297.242
297.994
298.009
298.007
298.014
298.015
298.02
298.022
298.026
298.028
298.031
298.034
298.037
298.039
298.042
298.045
298.047
298.05
298.052
298.054
298.056
298.058
298.059
298.061
298.062
298.063
298.064
298.064
298.064
298.064
298.063
298.062
298.061
298.059
298.056
298.052
298.049
298.051
298.065
298.096
298.119
298.126
298.124
298.122
298.124
298.129
298.138
298.15
298.163
298.177
298.189
298.197
298.201
298.201
298.195
298.182
298.152
298.056
297.793
297.402
297.304
297.994
298.009
298.007
298.014
298.015
298.02
298.022
298.026
298.028
298.031
298.034
298.037
298.04
298.042
298.045
298.047
298.05
298.052
298.054
298.056
298.058
298.059
298.061
298.062
298.063
298.064
298.064
298.064
298.064
298.063
298.062
298.061
298.059
298.056
298.052
298.049
298.051
298.065
298.096
298.119
298.126
298.124
298.122
298.124
298.129
298.138
298.149
298.163
298.176
298.188
298.196
298.2
298.2
298.194
298.18
298.145
298.038
297.759
297.435
297.342
297.994
298.009
298.007
298.014
298.015
298.02
298.022
298.026
298.028
298.031
298.034
298.037
298.04
298.042
298.045
298.047
298.05
298.052
298.054
298.056
298.058
298.06
298.061
298.062
298.063
298.064
298.064
298.064
298.064
298.063
298.062
298.061
298.059
298.056
298.052
298.049
298.051
298.065
298.096
298.119
298.125
298.124
298.122
298.124
298.129
298.137
298.149
298.162
298.176
298.187
298.195
298.199
298.199
298.192
298.177
298.139
298.021
297.736
297.473
297.411
298.013
298.02
298.028
298.035
298.04
298.043
298.043
298.043
298.045
298.048
298.052
298.057
298.059
298.057
298.05
298.039
298.026
298.016
298.009
298.005
298.003
298.001
298.001
298
298
298
298
298
298
298
298
298.031
298.039
298.045
298.048
298.049
298.049
298.049
298.051
298.054
298.059
298.065
298.067
298.066
298.059
298.048
298.035
298.023
298.014
298.009
298.005
298.003
298.002
298.001
298.001
298
298
298
297.999
297.999
297.999
297.999
298.042
298.047
298.05
298.051
298.051
298.051
298.053
298.056
298.061
298.066
298.07
298.07
298.066
298.057
298.045
298.032
298.021
298.014
298.009
298.006
298.004
298.002
298.002
298.001
298
298
298
297.999
297.999
297.999
297.999
298.053
298.055
298.055
298.055
298.055
298.057
298.061
298.065
298.071
298.075
298.076
298.073
298.065
298.054
298.041
298.029
298.02
298.013
298.009
298.006
298.004
298.003
298.002
298.001
298.001
298
298
297.999
297.999
297.999
297.998
298.058
298.058
298.058
298.059
298.06
298.064
298.069
298.074
298.079
298.081
298.079
298.073
298.062
298.05
298.037
298.027
298.018
298.013
298.009
298.006
298.004
298.003
298.002
298.001
298.001
298
298
297.999
297.999
297.998
297.998
298.062
298.062
298.062
298.065
298.069
298.073
298.079
298.084
298.086
298.085
298.08
298.07
298.058
298.046
298.034
298.024
298.017
298.013
298.009
298.007
298.005
298.004
298.002
298.002
298.001
298
298
297.999
297.999
297.998
297.998
298.065
298.066
298.069
298.073
298.078
298.084
298.089
298.091
298.091
298.086
298.078
298.066
298.054
298.042
298.031
298.023
298.017
298.013
298.009
298.007
298.005
298.004
298.003
298.002
298.001
298
298
297.999
297.998
297.998
297.997
298.071
298.074
298.079
298.084
298.09
298.094
298.097
298.096
298.092
298.084
298.074
298.061
298.049
298.038
298.029
298.022
298.017
298.013
298.01
298.008
298.006
298.004
298.003
298.002
298.001
298.001
298
297.999
297.998
297.998
297.997
298.08
298.085
298.09
298.096
298.1
298.103
298.102
298.098
298.091
298.081
298.069
298.056
298.045
298.036
298.028
298.022
298.017
298.013
298.011
298.008
298.007
298.005
298.004
298.003
298.002
298.001
298
297.999
297.998
297.998
297.997
298.092
298.097
298.103
298.107
298.109
298.108
298.104
298.097
298.087
298.076
298.064
298.052
298.042
298.034
298.027
298.022
298.018
298.014
298.011
298.009
298.007
298.006
298.004
298.003
298.002
298.001
298
297.999
297.998
297.997
297.997
298.105
298.11
298.114
298.115
298.114
298.11
298.103
298.093
298.082
298.07
298.059
298.049
298.04
298.033
298.027
298.022
298.018
298.015
298.012
298.01
298.008
298.006
298.005
298.004
298.002
298.001
298
297.999
297.998
297.997
297.996
298.118
298.121
298.122
298.12
298.116
298.108
298.099
298.088
298.077
298.066
298.056
298.047
298.04
298.033
298.028
298.023
298.019
298.016
298.013
298.011
298.009
298.007
298.006
298.004
298.003
298.002
298
297.999
297.998
297.997
297.996
297.995
298.128
298.128
298.126
298.121
298.114
298.105
298.094
298.083
298.073
298.063
298.054
298.046
298.04
298.034
298.029
298.024
298.021
298.017
298.015
298.012
298.01
298.008
298.006
298.005
298.003
298.002
298.001
297.999
297.998
297.997
297.996
297.995
298.135
298.132
298.126
298.119
298.11
298.1
298.089
298.079
298.07
298.061
298.053
298.046
298.04
298.035
298.03
298.026
298.022
298.019
298.016
298.013
298.011
298.009
298.007
298.005
298.004
298.002
298.001
298
297.998
297.997
297.996
297.995
298.137
298.131
298.124
298.115
298.105
298.095
298.086
298.077
298.068
298.06
298.053
298.047
298.041
298.036
298.032
298.027
298.024
298.02
298.017
298.015
298.012
298.01
298.008
298.006
298.004
298.003
298.001
298
297.998
297.997
297.995
297.994
298.136
298.128
298.119
298.11
298.101
298.092
298.083
298.075
298.068
298.061
298.054
298.049
298.043
298.038
298.034
298.029
298.026
298.022
298.019
298.016
298.014
298.011
298.009
298.007
298.005
298.003
298.001
298
297.998
297.997
297.995
297.994
298.132
298.124
298.115
298.107
298.098
298.09
298.083
298.075
298.069
298.062
298.056
298.05
298.045
298.04
298.036
298.032
298.028
298.024
298.021
298.018
298.015
298.012
298.01
298.008
298.006
298.004
298.002
298
297.998
297.996
297.995
297.993
298.128
298.12
298.112
298.105
298.097
298.09
298.083
298.076
298.07
298.064
298.058
298.053
298.048
298.043
298.038
298.034
298.03
298.026
298.023
298.02
298.017
298.014
298.011
298.009
298.006
298.004
298.002
298
297.998
297.996
297.994
297.992
297.991
298.125
298.118
298.111
298.104
298.097
298.091
298.084
298.078
298.072
298.066
298.061
298.055
298.05
298.046
298.041
298.037
298.032
298.029
298.025
298.021
298.018
298.015
298.012
298.01
298.007
298.004
298.002
298
297.998
297.996
297.994
297.992
297.99
298.124
298.117
298.111
298.104
298.098
298.092
298.086
298.08
298.075
298.069
298.064
298.058
298.053
298.048
298.044
298.039
298.035
298.031
298.027
298.024
298.02
298.017
298.014
298.011
298.008
298.005
298.002
298
297.997
297.995
297.993
297.991
297.989
298.124
298.118
298.112
298.106
298.1
298.094
298.089
298.083
298.077
298.072
298.067
298.061
298.056
298.052
298.047
298.042
298.038
298.034
298.03
298.026
298.022
298.018
298.015
298.012
298.009
298.005
298.003
298
297.997
297.995
297.992
297.99
297.987
298.124
298.119
298.113
298.108
298.102
298.097
298.091
298.086
298.08
298.075
298.07
298.065
298.06
298.055
298.05
298.045
298.041
298.036
298.032
298.028
298.024
298.02
298.016
298.013
298.009
298.006
298.003
298
297.997
297.994
297.991
297.989
297.986
297.983
298.126
298.121
298.115
298.11
298.105
298.1
298.094
298.089
298.084
298.078
298.073
298.068
298.063
298.058
298.053
298.048
298.043
298.039
298.034
298.03
298.026
298.022
298.018
298.014
298.01
298.007
298.003
298
297.996
297.993
297.99
297.987
297.984
297.982
298.128
298.123
298.118
298.113
298.108
298.102
298.097
298.092
298.087
298.082
298.076
298.071
298.066
298.061
298.056
298.051
298.046
298.042
298.037
298.032
298.028
298.023
298.019
298.015
298.011
298.007
298.003
298
297.996
297.993
297.989
297.986
297.983
297.98
298.13
298.125
298.12
298.115
298.11
298.105
298.1
298.095
298.09
298.085
298.08
298.074
298.069
298.064
298.059
298.054
298.049
298.044
298.039
298.035
298.03
298.025
298.021
298.016
298.012
298.008
298.004
298
297.996
297.992
297.988
297.984
297.981
297.977
297.974
298.132
298.127
298.123
298.118
298.113
298.108
298.103
298.098
298.093
298.088
298.083
298.078
298.072
298.067
298.062
298.057
298.052
298.047
298.042
298.037
298.032
298.027
298.022
298.017
298.013
298.008
298.004
297.999
297.995
297.991
297.987
297.983
297.979
297.975
297.971
298.134
298.129
298.125
298.12
298.115
298.111
298.106
298.101
298.096
298.091
298.085
298.08
298.075
298.07
298.065
298.059
298.054
298.049
298.044
298.039
298.033
298.028
298.023
298.018
298.013
298.009
298.004
297.999
297.995
297.99
297.986
297.981
297.977
297.973
297.969
297.965
298.135
298.131
298.127
298.122
298.117
298.113
298.108
298.103
298.098
298.093
298.088
298.083
298.077
298.072
298.067
298.062
298.056
298.051
298.045
298.04
298.035
298.029
298.024
298.019
298.014
298.009
298.004
297.999
297.994
297.989
297.984
297.979
297.975
297.97
297.966
297.961
298.136
298.132
298.128
298.124
298.119
298.114
298.11
298.105
298.1
298.095
298.09
298.085
298.079
298.074
298.069
298.063
298.058
298.052
298.047
298.041
298.036
298.03
298.025
298.019
298.014
298.008
298.003
297.998
297.993
297.987
297.982
297.977
297.972
297.967
297.962
297.958
298.137
298.133
298.129
298.125
298.12
298.116
298.111
298.106
298.101
298.096
298.091
298.086
298.081
298.075
298.07
298.064
298.059
298.053
298.047
298.042
298.036
298.03
298.025
298.019
298.013
298.008
298.002
297.996
297.991
297.985
297.98
297.974
297.969
297.964
297.959
297.953
297.948
298.137
298.133
298.129
298.125
298.12
298.116
298.111
298.107
298.102
298.097
298.092
298.087
298.081
298.076
298.07
298.065
298.059
298.053
298.048
298.042
298.036
298.03
298.024
298.018
298.012
298.006
298
297.994
297.989
297.983
297.977
297.971
297.965
297.96
297.954
297.949
297.943
298.136
298.132
298.129
298.124
298.12
298.116
298.111
298.106
298.102
298.097
298.092
298.086
298.081
298.076
298.07
298.064
298.059
298.053
298.047
298.041
298.035
298.029
298.023
298.016
298.01
298.004
297.998
297.992
297.985
297.979
297.973
297.967
297.961
297.955
297.949
297.943
297.937
297.931
298.135
298.131
298.127
298.123
298.119
298.115
298.11
298.105
298.101
298.096
298.09
298.085
298.08
298.074
298.069
298.063
298.057
298.051
298.045
298.039
298.033
298.026
298.02
298.014
298.007
298.001
297.994
297.988
297.981
297.975
297.968
297.961
297.955
297.949
297.942
297.936
297.929
297.923
298.133
298.129
298.125
298.121
298.117
298.113
298.108
298.103
298.099
298.094
298.088
298.083
298.078
298.072
298.066
298.06
298.054
298.048
298.042
298.036
298.029
298.023
298.016
298.01
298.003
297.996
297.989
297.982
297.975
297.969
297.962
297.955
297.948
297.941
297.934
297.927
297.92
297.914
297.907
298.129
298.126
298.122
298.118
298.114
298.11
298.105
298.1
298.095
298.09
298.085
298.08
298.074
298.069
298.063
298.057
298.051
298.044
298.038
298.031
298.025
298.018
298.011
298.004
297.997
297.99
297.983
297.975
297.968
297.961
297.954
297.946
297.939
297.931
297.924
297.917
297.909
297.902
297.895
297.888
298.125
298.122
298.118
298.114
298.11
298.105
298.101
298.096
298.091
298.086
298.081
298.075
298.069
298.064
298.058
298.051
298.045
298.039
298.032
298.025
298.018
298.011
298.004
297.997
297.989
297.982
297.974
297.967
297.959
297.951
297.943
297.936
297.928
297.92
297.912
297.904
297.896
297.888
297.881
297.873
298.12
298.117
298.113
298.109
298.105
298.1
298.096
298.091
298.086
298.08
298.075
298.069
298.063
298.057
298.051
298.045
298.038
298.031
298.024
298.017
298.01
298.003
297.995
297.988
297.98
297.972
297.964
297.956
297.948
297.939
297.931
297.923
297.914
297.906
297.897
297.889
297.88
297.872
297.863
297.855
297.846
298.115
298.111
298.107
298.103
298.099
298.094
298.089
298.084
298.079
298.073
298.068
298.062
298.056
298.049
298.043
298.036
298.029
298.022
298.015
298.008
298
297.992
297.984
297.976
297.968
297.959
297.951
297.942
297.933
297.925
297.916
297.907
297.898
297.889
297.879
297.87
297.861
297.852
297.842
297.833
297.824
297.815
298.108
298.104
298.1
298.096
298.091
298.086
298.081
298.076
298.07
298.065
298.059
298.053
298.046
298.04
298.033
298.026
298.018
298.011
298.003
297.995
297.987
297.979
297.97
297.962
297.953
297.944
297.935
297.926
297.916
297.907
297.897
297.887
297.878
297.868
297.858
297.848
297.838
297.828
297.817
297.807
297.797
297.787
298.1
298.096
298.092
298.087
298.082
298.077
298.072
298.066
298.061
298.055
298.048
298.042
298.035
298.028
298.021
298.013
298.005
297.997
297.989
297.981
297.972
297.963
297.954
297.945
297.935
297.925
297.916
297.906
297.895
297.885
297.875
297.864
297.853
297.843
297.832
297.821
297.81
297.799
297.788
297.776
297.765
297.754
297.743
298.091
298.087
298.082
298.077
298.072
298.067
298.061
298.055
298.049
298.043
298.036
298.029
298.022
298.014
298.006
297.998
297.99
297.981
297.972
297.963
297.954
297.944
297.934
297.924
297.914
297.903
297.892
297.882
297.87
297.859
297.848
297.836
297.824
297.813
297.801
297.789
297.776
297.764
297.752
297.74
297.727
297.715
297.702
297.69
298.082
298.078
298.072
298.067
298.061
298.055
298.049
298.042
298.035
298.028
298.021
298.014
298.006
297.998
297.989
297.981
297.971
297.962
297.952
297.942
297.932
297.922
297.911
297.9
297.888
297.877
297.865
297.853
297.841
297.828
297.816
297.803
297.79
297.777
297.764
297.75
297.737
297.723
297.71
297.696
297.682
297.668
297.654
297.64
298.073
298.068
298.062
298.056
298.049
298.042
298.035
298.028
298.02
298.012
298.004
297.996
297.988
297.979
297.969
297.96
297.95
297.94
297.929
297.918
297.907
297.895
297.883
297.871
297.859
297.846
297.833
297.82
297.806
297.792
297.778
297.764
297.75
297.735
297.72
297.705
297.69
297.675
297.66
297.644
297.629
297.613
297.597
297.581
297.566
298.062
298.057
298.051
298.044
298.037
298.029
298.021
298.013
298.004
297.995
297.986
297.977
297.967
297.957
297.947
297.936
297.925
297.914
297.902
297.89
297.878
297.865
297.852
297.838
297.824
297.81
297.795
297.78
297.765
297.75
297.734
297.718
297.702
297.686
297.669
297.652
297.635
297.618
297.601
297.584
297.566
297.548
297.53
297.513
297.495
297.476
298.046
298.042
298.037
298.031
298.023
298.015
298.007
297.997
297.987
297.977
297.966
297.956
297.944
297.933
297.921
297.909
297.897
297.884
297.871
297.857
297.844
297.829
297.815
297.799
297.784
297.768
297.752
297.735
297.718
297.701
297.683
297.665
297.647
297.628
297.609
297.59
297.571
297.552
297.532
297.512
297.493
297.472
297.452
297.432
297.411
297.39
298.02
298.018
298.015
298.01
298.005
297.998
297.99
297.98
297.97
297.959
297.947
297.934
297.921
297.907
297.894
297.88
297.865
297.851
297.836
297.82
297.805
297.788
297.772
297.755
297.737
297.719
297.701
297.682
297.663
297.643
297.623
297.603
297.582
297.561
297.54
297.519
297.497
297.475
297.452
297.43
297.407
297.384
297.361
297.338
297.314
297.29
297.266
297.962
297.969
297.973
297.975
297.974
297.97
297.964
297.957
297.948
297.937
297.925
297.912
297.897
297.882
297.866
297.849
297.832
297.815
297.797
297.779
297.761
297.743
297.723
297.704
297.684
297.664
297.643
297.621
297.6
297.577
297.555
297.532
297.508
297.484
297.46
297.436
297.411
297.386
297.36
297.334
297.309
297.282
297.255
297.229
297.202
297.175
297.147
297.12
297.846
297.87
297.89
297.904
297.914
297.919
297.92
297.918
297.913
297.905
297.895
297.883
297.869
297.853
297.836
297.818
297.798
297.778
297.757
297.736
297.714
297.692
297.67
297.647
297.624
297.601
297.577
297.552
297.527
297.502
297.476
297.449
297.423
297.395
297.368
297.34
297.311
297.283
297.254
297.224
297.195
297.164
297.134
297.103
297.072
297.041
297.01
296.979
296.948
297.651
297.696
297.736
297.77
297.797
297.818
297.834
297.843
297.848
297.848
297.845
297.838
297.828
297.815
297.799
297.781
297.761
297.739
297.715
297.691
297.665
297.639
297.613
297.586
297.559
297.531
297.503
297.474
297.445
297.416
297.386
297.356
297.325
297.294
297.262
297.23
297.197
297.165
297.131
297.098
297.064
297.029
296.994
296.959
296.924
296.889
296.854
296.818
296.783
296.748
297.378
297.436
297.5
297.554
297.601
297.642
297.676
297.704
297.726
297.741
297.751
297.754
297.753
297.748
297.739
297.725
297.708
297.688
297.666
297.64
297.612
297.583
297.553
297.521
297.489
297.457
297.423
297.39
297.356
297.321
297.286
297.251
297.215
297.178
297.142
297.105
297.068
297.03
296.992
296.953
296.914
296.874
296.835
296.795
296.755
296.715
296.675
296.636
296.597
296.557
296.519
297.081
297.131
297.195
297.258
297.319
297.376
297.431
297.478
297.519
297.553
297.581
297.603
297.618
297.626
297.629
297.626
297.619
297.606
297.589
297.568
297.543
297.515
297.483
297.45
297.414
297.377
297.338
297.299
297.259
297.219
297.178
297.136
297.094
297.052
297.009
296.966
296.923
296.88
296.835
296.79
296.745
296.7
296.655
296.609
296.565
296.52
296.476
296.432
296.389
296.346
296.304
296.264
296.838
296.851
296.894
296.942
296.996
297.054
297.111
297.167
297.219
297.268
297.313
297.354
297.387
297.414
297.435
297.449
297.457
297.458
297.454
297.444
297.429
297.408
297.383
297.353
297.319
297.281
297.241
297.198
297.154
297.108
297.061
297.013
296.965
296.916
296.866
296.817
296.767
296.716
296.664
296.612
296.561
296.509
296.458
296.407
296.357
296.308
296.26
296.212
296.166
296.121
296.078
296.037
296.717
296.681
296.673
296.681
296.702
296.734
296.774
296.818
296.866
296.915
296.963
297.009
297.052
297.092
297.128
297.158
297.183
297.202
297.215
297.222
297.222
297.217
297.205
297.187
297.164
297.135
297.101
297.062
297.02
296.973
296.925
296.874
296.821
296.767
296.713
296.657
296.601
296.543
296.485
296.426
296.368
296.31
296.254
296.198
296.143
296.089
296.038
295.988
295.941
295.897
295.857
295.821
295.789
295.762
296.73
296.637
296.595
296.558
296.532
296.511
296.507
296.515
296.531
296.555
296.584
296.617
296.651
296.686
296.721
296.754
296.785
296.813
296.838
296.858
296.874
296.884
296.889
296.889
296.883
296.87
296.852
296.828
296.799
296.763
296.722
296.677
296.629
296.577
296.523
296.468
296.409
296.349
296.287
296.225
296.163
296.102
296.042
295.984
295.928
295.875
295.825
295.778
295.737
295.699
295.667
295.643
295.626
295.619
295.624
296.884
296.738
296.662
296.578
296.506
296.444
296.393
296.355
296.323
296.296
296.282
296.275
296.275
296.28
296.29
296.302
296.316
296.331
296.346
296.361
296.375
296.387
296.397
296.404
296.408
296.409
296.406
296.398
296.386
296.369
296.346
296.318
296.286
296.249
296.21
296.166
296.116
296.064
296.009
295.954
295.898
295.842
295.788
295.736
295.688
295.642
295.601
295.563
295.531
295.505
295.489
295.487
295.502
295.524
295.569
295.637
297.164
296.974
296.881
296.765
296.658
296.554
296.453
296.364
296.286
296.215
296.152
296.096
296.047
296.001
295.96
295.929
295.9
295.876
295.854
295.835
295.819
295.804
295.79
295.778
295.766
295.755
295.743
295.731
295.719
295.706
295.69
295.672
295.652
295.629
295.603
295.572
295.537
295.498
295.459
295.419
295.377
295.334
295.292
295.254
295.221
295.19
295.162
295.138
295.121
295.117
295.131
295.164
295.215
295.283
295.367
295.469
295.603
295.749
295.889
297.441
297.284
297.185
297.066
296.933
296.805
296.692
296.574
296.458
296.345
296.239
296.134
296.03
295.932
295.843
295.76
295.68
295.603
295.529
295.456
295.38
295.312
295.246
295.181
295.119
295.057
294.999
294.943
294.889
294.837
294.787
294.739
294.694
294.65
294.603
294.556
294.509
294.462
294.416
294.37
294.326
294.284
294.248
294.215
294.185
294.16
294.139
294.127
294.133
294.16
294.209
294.276
294.36
294.457
294.562
294.681
294.83
294.998
295.129
295.311
297.604
297.553
297.495
297.396
297.289
297.174
297.052
296.935
296.804
296.666
296.524
296.388
296.262
296.13
295.995
295.858
295.729
295.616
295.497
295.369
295.243
295.116
294.993
294.871
294.751
294.633
294.514
294.391
294.266
294.144
294.023
293.905
293.788
293.673
293.56
293.451
293.346
293.244
293.139
293.03
292.923
292.825
292.742
292.665
292.586
292.509
292.438
292.386
292.358
292.355
292.377
292.424
292.486
292.553
292.623
292.693
292.742
292.688
292.399
291.828
297.492
297.518
297.517
297.523
297.519
297.49
297.436
297.368
297.261
297.145
297.021
296.899
296.772
296.636
296.479
296.307
296.125
295.943
295.757
295.58
295.401
295.215
295.028
294.837
294.636
294.437
294.243
294.068
293.899
293.735
293.573
293.413
293.241
293.061
292.877
292.688
292.504
292.324
292.136
291.973
291.825
291.671
291.481
291.329
291.171
291.026
290.896
290.794
290.708
290.623
290.54
290.444
290.312
290.106
289.777
289.263
288.465
287.237
285.567
283.725
297.418
297.427
297.418
297.421
297.43
297.437
297.441
297.441
297.438
297.434
297.428
297.413
297.372
297.313
297.249
297.18
297.105
297.015
296.906
296.78
296.637
296.477
296.298
296.1
295.888
295.661
295.421
295.162
294.897
294.624
294.339
294.056
293.77
293.468
293.153
292.829
292.493
292.15
291.808
291.466
291.129
290.787
290.419
290.04
289.662
289.307
288.958
288.617
288.28
287.941
287.587
287.201
286.757
286.227
285.589
284.837
283.993
283.086
282.18
281.451
295.606
295.761
295.936
296.105
296.245
291.556
291.947
292.665
293.46
294.198
294.826
295.35
295.795
296.181
296.492
296.739
282.849
283.565
284.629
285.881
287.275
288.723
290.21
291.667
293.035
294.18
295.07
295.729
296.223
296.622
296.93
281.031
279.85
279.651
279.804
280.27
280.773
281.366
282.286
283.623
285.416
287.551
289.918
292.288
294.307
295.44
297.418
296.99
297.343
)
;

boundaryField
{
    down
    {
        type            zeroGradient;
    }
    right
    {
        type            zeroGradient;
    }
    up
    {
        type            zeroGradient;
    }
    meanFlow
    {
        type            inletOutlet;
        inletValue      nonuniform List<scalar> 0();
        value           nonuniform List<scalar> 0();
    }
    surface
    {
        type            zeroGradient;
    }
    surfaceInner
    {
        type            zeroGradient;
    }
    coandaInlet
    {
        type            inletOutlet;
        inletValue      nonuniform List<scalar> 0();
        value           nonuniform List<scalar> 0();
    }
    defaultFaces
    {
        type            empty;
    }
    procBoundary2to1
    {
        type            processor;
        value           nonuniform List<scalar> 
76
(
295.446
294.218
293.765
293.672
293.657
293.645
293.633
293.62
293.607
293.594
293.581
293.573
293.617
293.997
295.224
297.994
298.009
298.007
298.014
298.015
298.02
298.022
298.026
298.028
298.032
298.034
298.037
298.04
298.042
298.042
298.045
298.047
298.05
298.052
298.054
298.056
298.058
298.06
298.061
298.062
298.063
298.064
298.065
298.065
298.064
298.064
298.063
298.061
298.059
298.056
298.052
298.049
298.05
298.063
298.094
298.119
298.126
298.123
298.121
298.121
298.126
298.134
298.145
298.157
298.17
298.182
298.19
298.194
298.193
298.185
298.164
298.113
297.984
297.723
297.576
297.929
)
;
    }
    procBoundary2to5
    {
        type            processor;
        value           nonuniform List<scalar> 
106
(
298
297.999
297.999
297.998
297.998
297.997
297.997
297.996
297.996
297.996
297.996
297.996
297.994
297.994
297.993
297.993
297.992
297.992
297.992
297.989
297.988
297.987
297.985
297.985
297.981
297.979
297.976
297.976
297.971
297.968
297.968
297.961
297.957
297.953
297.953
297.943
297.938
297.938
297.925
297.917
297.917
297.9
297.9
297.881
297.865
297.865
297.838
297.838
297.806
297.777
297.777
297.732
297.732
297.677
297.626
297.626
297.55
297.55
297.458
297.37
297.37
297.243
297.243
297.092
297.092
296.916
296.916
296.713
296.713
296.48
296.48
296.224
295.998
295.998
295.962
295.742
295.742
295.64
295.64
295.726
295.726
295.834
295.95
296.048
296.048
296.141
296.185
296.231
296.275
296.314
296.371
296.371
296.477
296.576
296.67
296.75
296.81
296.938
296.938
297.103
297.236
297.335
297.459
297.629
297.629
297.525
)
;
    }
}


// ************************************************************************* //
