/*--------------------------------*- C++ -*----------------------------------*\
  =========                 |
  \\      /  F ield         | OpenFOAM: The Open Source CFD Toolbox
   \\    /   O peration     | Website:  https://openfoam.org
    \\  /    A nd           | Version:  9
     \\/     M anipulation  |
\*---------------------------------------------------------------------------*/
FoamFile
{
    format      ascii;
    class       volScalarField;
    location    "0.015";
    object      p;
}
// * * * * * * * * * * * * * * * * * * * * * * * * * * * * * * * * * * * * * //

dimensions      [1 -1 -2 0 0 0 0];

internalField   nonuniform List<scalar> 
9689
(
99999.5
99999.4
99999.4
99999.3
99999.2
99999.2
99999.1
99999
99999
99998.9
99998.8
99998.8
99998.7
99998.6
99998.6
99998.5
99998.4
99998.4
99998.3
99998.3
99998.2
99998.2
99998.1
99998
99998
99997.9
99997.9
99997.8
99997.8
99997.8
99997.7
99997.7
99997.6
99997.6
99997.6
99997.5
99997.5
99997.5
99997.4
99999.5
99999.4
99999.3
99999.3
99999.2
99999.1
99999.1
99999
99998.9
99998.9
99998.8
99998.7
99998.7
99998.6
99998.5
99998.5
99998.4
99998.4
99998.3
99998.3
99998.2
99998.1
99998.1
99998
99998
99997.9
99997.9
99997.8
99997.8
99997.7
99997.7
99997.7
99997.6
99997.6
99997.5
99997.5
99997.5
99997.4
99997.4
99998.9
99998.8
99998.6
99998.5
99998.4
99998.2
99998.1
99997.9
99997.8
99997.7
99997.5
99997.4
99997.2
99997.1
99997
99996.8
99996.7
99996.6
99996.5
99996.3
99996.2
99996.1
99996
99995.8
99995.7
99995.6
99995.5
99995.4
99995.3
99995.2
99995.1
99995
99994.9
99994.8
99994.7
99994.6
99994.5
99994.4
99994.3
99998.6
99998.4
99998.3
99998.1
99997.9
99997.7
99997.6
99997.4
99997.2
99997.1
99996.9
99996.7
99996.6
99996.4
99996.2
99996.1
99995.9
99995.7
99995.6
99995.4
99995.3
99995.1
99995
99994.8
99994.7
99994.5
99994.4
99994.3
99994.1
99994
99993.9
99993.7
99993.6
99993.5
99993.4
99993.2
99993.1
99993
99992.9
99998.2
99998
99997.8
99997.6
99997.3
99997.1
99996.9
99996.7
99996.5
99996.2
99996
99995.8
99995.6
99995.4
99995.2
99995
99994.8
99994.5
99994.3
99994.1
99993.9
99993.7
99993.6
99993.4
99993.2
99993
99992.8
99992.6
99992.4
99992.3
99992.1
99991.9
99991.8
99991.6
99991.4
99991.3
99991.1
99991
99990.9
99997.9
99997.7
99997.4
99997.1
99996.9
99996.6
99996.4
99996.1
99995.9
99995.6
99995.4
99995.1
99994.8
99994.6
99994.4
99994.1
99993.9
99993.6
99993.4
99993.1
99992.9
99992.7
99992.5
99992.2
99992
99991.8
99991.6
99991.4
99991.1
99990.9
99990.7
99990.5
99990.3
99990.1
99990
99989.8
99989.6
99989.4
99989.2
99997.6
99997.3
99997
99996.7
99996.4
99996.1
99995.8
99995.5
99995.2
99994.9
99994.6
99994.3
99994
99993.8
99993.5
99993.2
99992.9
99992.6
99992.3
99992.1
99991.8
99991.5
99991.3
99991
99990.7
99990.5
99990.2
99990
99989.7
99989.5
99989.2
99989
99988.8
99988.6
99988.3
99988.1
99987.9
99987.7
99987.5
99997.3
99997
99996.6
99996.3
99996
99995.6
99995.3
99995
99994.6
99994.3
99994
99993.6
99993.3
99993
99992.6
99992.3
99992
99991.7
99991.4
99991.1
99990.8
99990.5
99990.2
99989.9
99989.6
99989.3
99989
99988.7
99988.4
99988.1
99987.9
99987.6
99987.3
99987.1
99986.8
99986.6
99986.3
99986.1
99985.8
99997
99996.6
99996.3
99995.9
99995.5
99995.1
99994.8
99994.4
99994
99993.6
99993.3
99992.9
99992.5
99992.2
99991.8
99991.5
99991.1
99990.7
99990.4
99990
99989.7
99989.4
99989
99988.7
99988.3
99988
99987.7
99987.4
99987.1
99986.8
99986.4
99986.1
99985.8
99985.6
99985.3
99985
99984.7
99984.4
99984.2
99996.3
99995.9
99995.5
99995.1
99994.7
99994.2
99993.8
99993.4
99993
99992.6
99992.2
99991.8
99991.4
99991
99990.6
99990.2
99989.8
99989.4
99989
99988.7
99988.3
99987.9
99987.5
99987.2
99986.8
99986.4
99986.1
99985.7
99985.4
99985
99984.7
99984.4
99984
99983.7
99983.4
99983.1
99982.8
99982.5
99996
99995.5
99995.1
99994.6
99994.2
99993.7
99993.3
99992.8
99992.4
99991.9
99991.5
99991
99990.6
99990.2
99989.7
99989.3
99988.9
99988.4
99988
99987.6
99987.2
99986.8
99986.3
99985.9
99985.5
99985.1
99984.8
99984.4
99984
99983.6
99983.2
99982.9
99982.5
99982.2
99981.8
99981.5
99981.1
99980.8
99995.7
99995.2
99994.7
99994.2
99993.7
99993.2
99992.7
99992.2
99991.7
99991.2
99990.8
99990.3
99989.8
99989.3
99988.8
99988.4
99987.9
99987.4
99987
99986.5
99986
99985.6
99985.1
99984.7
99984.3
99983.8
99983.4
99983
99982.6
99982.2
99981.7
99981.3
99980.9
99980.6
99980.2
99979.8
99979.4
99979
99995.3
99994.8
99994.3
99993.7
99993.2
99992.7
99992.1
99991.6
99991.1
99990.5
99990
99989.5
99989
99988.4
99987.9
99987.4
99986.9
99986.4
99985.9
99985.4
99984.9
99984.4
99983.9
99983.4
99983
99982.5
99982
99981.6
99981.1
99980.6
99980.2
99979.8
99979.3
99978.9
99978.5
99978.1
99977.7
99977.3
99995
99994.4
99993.8
99993.2
99992.7
99992.1
99991.5
99990.9
99990.4
99989.8
99989.2
99988.7
99988.1
99987.5
99987
99986.4
99985.9
99985.3
99984.8
99984.2
99983.7
99983.2
99982.6
99982.1
99981.6
99981.1
99980.6
99980.1
99979.6
99979.1
99978.6
99978.1
99977.7
99977.2
99976.7
99976.3
99975.8
99975.4
99994.6
99994
99993.4
99992.7
99992.1
99991.5
99990.9
99990.3
99989.6
99989
99988.4
99987.8
99987.2
99986.6
99986
99985.4
99984.8
99984.2
99983.6
99983
99982.4
99981.9
99981.3
99980.7
99980.2
99979.6
99979.1
99978.5
99978
99977.5
99976.9
99976.4
99975.9
99975.4
99974.9
99974.4
99974
99973.5
99994.2
99993.6
99992.9
99992.2
99991.5
99990.9
99990.2
99989.5
99988.9
99988.2
99987.5
99986.9
99986.2
99985.6
99984.9
99984.3
99983.6
99983
99982.4
99981.7
99981.1
99980.5
99979.9
99979.3
99978.7
99978.1
99977.5
99976.9
99976.3
99975.8
99975.2
99974.6
99974.1
99973.6
99973
99972.5
99972
99971.5
99993.8
99993.1
99992.3
99991.6
99990.9
99990.2
99989.5
99988.7
99988
99987.3
99986.6
99985.9
99985.2
99984.5
99983.8
99983.1
99982.4
99981.7
99981
99980.4
99979.7
99979
99978.4
99977.7
99977.1
99976.4
99975.8
99975.2
99974.6
99974
99973.4
99972.8
99972.2
99971.6
99971
99970.4
99969.9
99969.3
99992.5
99991.8
99991
99990.2
99989.4
99988.7
99987.9
99987.1
99986.3
99985.6
99984.8
99984.1
99983.3
99982.6
99981.8
99981.1
99980.4
99979.6
99978.9
99978.2
99977.5
99976.8
99976.1
99975.4
99974.7
99974
99973.4
99972.7
99972
99971.4
99970.8
99970.1
99969.5
99968.9
99968.3
99967.7
99967.1
99991.9
99991.1
99990.3
99989.4
99988.6
99987.8
99986.9
99986.1
99985.3
99984.5
99983.7
99982.9
99982.1
99981.3
99980.5
99979.7
99978.9
99978.1
99977.3
99976.6
99975.8
99975.1
99974.3
99973.6
99972.8
99972.1
99971.4
99970.7
99970
99969.3
99968.6
99967.9
99967.3
99966.6
99966
99965.3
99964.7
99991.2
99990.3
99989.4
99988.5
99987.7
99986.8
99985.9
99985
99984.1
99983.3
99982.4
99981.5
99980.7
99979.8
99979
99978.1
99977.3
99976.5
99975.6
99974.8
99974
99973.2
99972.4
99971.6
99970.8
99970.1
99969.3
99968.5
99967.8
99967
99966.3
99965.6
99964.9
99964.2
99963.5
99962.8
99962.1
99990.4
99989.4
99988.5
99987.5
99986.6
99985.7
99984.7
99983.8
99982.8
99981.9
99981
99980.1
99979.1
99978.2
99977.3
99976.4
99975.5
99974.6
99973.8
99972.9
99972
99971.2
99970.3
99969.5
99968.6
99967.8
99967
99966.2
99965.4
99964.6
99963.8
99963.1
99962.3
99961.6
99960.8
99960.1
99959.4
99989.4
99988.4
99987.4
99986.4
99985.4
99984.4
99983.4
99982.4
99981.4
99980.4
99979.4
99978.4
99977.4
99976.5
99975.5
99974.5
99973.6
99972.6
99971.7
99970.8
99969.9
99968.9
99968
99967.1
99966.3
99965.4
99964.5
99963.7
99962.8
99962
99961.1
99960.3
99959.5
99958.7
99957.9
99957.2
99956.4
99987.2
99986.2
99985.1
99984
99982.9
99981.9
99980.8
99979.7
99978.7
99977.6
99976.6
99975.5
99974.5
99973.5
99972.5
99971.4
99970.4
99969.4
99968.5
99967.5
99966.5
99965.5
99964.6
99963.6
99962.7
99961.8
99960.9
99960
99959.1
99958.2
99957.3
99956.5
99955.6
99954.8
99954
99953.2
99985.9
99984.7
99983.6
99982.4
99981.3
99980.1
99979
99977.9
99976.7
99975.6
99974.5
99973.4
99972.3
99971.2
99970.1
99969.1
99968
99966.9
99965.9
99964.8
99963.8
99962.8
99961.8
99960.8
99959.8
99958.8
99957.8
99956.9
99955.9
99955
99954.1
99953.2
99952.3
99951.4
99950.5
99949.7
99984.3
99983
99981.8
99980.6
99979.4
99978.2
99976.9
99975.7
99974.6
99973.4
99972.2
99971
99969.8
99968.7
99967.5
99966.4
99965.2
99964.1
99963
99961.9
99960.8
99959.7
99958.7
99957.6
99956.5
99955.5
99954.5
99953.5
99952.5
99951.5
99950.5
99949.5
99948.6
99947.7
99946.7
99945.8
99982.4
99981.1
99979.8
99978.5
99977.2
99975.9
99974.6
99973.3
99972.1
99970.8
99969.6
99968.3
99967.1
99965.8
99964.6
99963.4
99962.2
99961
99959.8
99958.6
99957.5
99956.3
99955.2
99954.1
99953
99951.9
99950.8
99949.7
99948.7
99947.6
99946.6
99945.6
99944.6
99943.6
99942.6
99941.6
99978.8
99977.4
99976
99974.7
99973.3
99971.9
99970.6
99969.3
99967.9
99966.6
99965.3
99963.9
99962.6
99961.3
99960.1
99958.8
99957.5
99956.3
99955
99953.8
99952.6
99951.4
99950.2
99949
99947.8
99946.7
99945.6
99944.4
99943.3
99942.2
99941.2
99940.1
99939.1
99938
99937
99976.2
99974.7
99973.3
99971.8
99970.4
99968.9
99967.5
99966.1
99964.6
99963.2
99961.8
99960.4
99959.1
99957.7
99956.3
99955
99953.6
99952.3
99951
99949.7
99948.4
99947.1
99945.9
99944.6
99943.4
99942.2
99941
99939.8
99938.6
99937.5
99936.3
99935.2
99934.1
99933
99932
99973.2
99971.6
99970.1
99968.5
99967
99965.5
99964
99962.5
99961
99959.5
99958
99956.5
99955
99953.6
99952.1
99950.7
99949.3
99947.9
99946.5
99945.1
99943.8
99942.4
99941.1
99939.8
99938.5
99937.2
99935.9
99934.7
99933.4
99932.2
99931
99929.8
99928.7
99927.5
99926.4
99969.7
99968.1
99966.4
99964.8
99963.2
99961.6
99960
99958.4
99956.8
99955.2
99953.7
99952.1
99950.5
99949
99947.5
99946
99944.5
99943
99941.5
99940.1
99938.6
99937.2
99935.8
99934.4
99933
99931.7
99930.3
99929
99927.7
99926.4
99925.2
99923.9
99922.7
99921.4
99920.3
99964.1
99962.3
99960.6
99958.9
99957.2
99955.5
99953.8
99952.1
99950.5
99948.8
99947.2
99945.5
99943.9
99942.3
99940.7
99939.1
99937.5
99936
99934.5
99932.9
99931.4
99929.9
99928.5
99927
99925.6
99924.2
99922.8
99921.4
99920
99918.7
99917.4
99916.1
99914.8
99913.5
99959.5
99957.7
99955.9
99954.1
99952.3
99950.5
99948.7
99946.9
99945.2
99943.4
99941.7
99939.9
99938.2
99936.5
99934.8
99933.2
99931.5
99929.9
99928.2
99926.6
99925
99923.5
99921.9
99920.4
99918.8
99917.3
99915.9
99914.4
99913
99911.6
99910.2
99908.8
99907.4
99906.1
99952.5
99950.6
99948.7
99946.8
99944.9
99943
99941.1
99939.2
99937.4
99935.6
99933.7
99931.9
99930.1
99928.3
99926.6
99924.8
99923.1
99921.3
99919.6
99918
99916.3
99914.6
99913
99911.4
99909.8
99908.3
99906.7
99905.2
99903.7
99902.2
99900.8
99899.3
99897.9
99946.7
99944.7
99942.6
99940.6
99938.6
99936.6
99934.7
99932.7
99930.7
99928.8
99926.8
99924.9
99923
99921.1
99919.3
99917.4
99915.6
99913.7
99911.9
99910.2
99908.4
99906.7
99904.9
99903.2
99901.6
99899.9
99898.3
99896.7
99895.1
99893.5
99892
99890.4
99888.9
99940.2
99938.1
99936
99933.8
99931.7
99929.6
99927.5
99925.4
99923.4
99921.3
99919.3
99917.2
99915.2
99913.2
99911.2
99909.3
99907.3
99905.4
99903.5
99901.6
99899.7
99897.9
99896
99894.2
99892.5
99890.7
99889
99887.3
99885.6
99883.9
99882.3
99880.7
99879.1
99930.8
99928.6
99926.3
99924.1
99921.9
99919.6
99917.4
99915.2
99913.1
99910.9
99908.7
99906.6
99904.5
99902.4
99900.3
99898.2
99896.2
99894.2
99892.2
99890.2
99888.2
99886.3
99884.4
99882.5
99880.6
99878.8
99877
99875.2
99873.4
99871.7
99869.9
99868.2
99922.8
99920.4
99918
99915.7
99913.3
99911
99908.6
99906.3
99904
99901.7
99899.4
99897.2
99894.9
99892.7
99890.5
99888.3
99886.1
99883.9
99881.8
99879.7
99877.6
99875.6
99873.5
99871.5
99869.5
99867.6
99865.7
99863.8
99861.9
99860.1
99858.2
99856.3
99911.5
99909
99906.5
99904
99901.5
99899
99896.5
99894.1
99891.6
99889.2
99886.8
99884.4
99882.1
99879.7
99877.4
99875.1
99872.8
99870.5
99868.2
99866
99863.8
99861.7
99859.5
99857.4
99855.3
99853.3
99851.2
99849.3
99847.3
99845.3
99843.3
99901.7
99899.1
99896.4
99893.7
99891.1
99888.5
99885.8
99883.2
99880.6
99878.1
99875.5
99873
99870.4
99867.9
99865.4
99863
99860.5
99858.1
99855.7
99853.3
99851
99848.7
99846.4
99844.1
99841.9
99839.7
99837.5
99835.4
99833.3
99831.1
99829
99888.2
99885.4
99882.6
99879.8
99877
99874.2
99871.4
99868.6
99865.9
99863.2
99860.4
99857.8
99855.1
99852.4
99849.8
99847.2
99844.6
99842
99839.5
99837
99834.5
99832
99829.6
99827.2
99824.8
99822.5
99820.2
99818
99815.6
99813.3
99876.5
99873.5
99870.5
99867.5
99864.5
99861.5
99858.5
99855.6
99852.6
99849.7
99846.8
99843.9
99841.1
99838.2
99835.4
99832.6
99829.8
99827
99824.3
99821.6
99819
99816.3
99813.7
99811.1
99808.6
99806.1
99803.6
99801.2
99798.6
99796.1
99860.5
99857.3
99854.1
99850.9
99847.7
99844.5
99841.4
99838.2
99835.1
99832
99828.9
99825.8
99822.7
99819.7
99816.7
99813.7
99810.7
99807.8
99804.9
99802
99799.1
99796.3
99793.5
99790.8
99788.1
99785.4
99782.8
99780
99777.3
99846.4
99843
99839.6
99836.1
99832.7
99829.3
99825.9
99822.5
99819.2
99815.8
99812.5
99809.2
99805.9
99802.6
99799.3
99796.1
99792.9
99789.7
99786.6
99783.5
99780.4
99777.3
99774.3
99771.3
99768.4
99765.5
99762.7
99759.6
99756.6
99827.5
99823.8
99820.1
99816.5
99812.8
99809.1
99805.5
99801.9
99798.3
99794.7
99791.1
99787.5
99784
99780.4
99776.9
99773.5
99770
99766.6
99763.2
99759.9
99756.6
99753.3
99750
99746.8
99743.7
99740.6
99737.2
99733.8
99806.8
99802.8
99798.8
99794.9
99790.9
99787
99783.1
99779.2
99775.3
99771.4
99767.5
99763.7
99759.8
99756
99752.3
99748.5
99744.8
99741.1
99737.5
99733.8
99730.2
99726.7
99723.2
99719.7
99716.3
99712.6
99708.8
99788.3
99784
99779.7
99775.4
99771.2
99766.9
99762.6
99758.4
99754.2
99749.9
99745.7
99741.5
99737.4
99733.2
99729.1
99725
99720.9
99716.9
99712.9
99708.9
99705
99701.1
99697.2
99693.5
99689.7
99685.6
99681.3
99763.6
99759
99754.3
99749.7
99745
99740.4
99735.8
99731.2
99726.6
99722
99717.4
99712.8
99708.3
99703.8
99699.3
99694.8
99690.4
99686
99681.6
99677.3
99673
99668.7
99664.6
99660.4
99655.8
99651
99741.5
99736.5
99731.4
99726.4
99721.3
99716.2
99711.2
99706.1
99701.1
99696.1
99691
99686
99681.1
99676.1
99671.2
99666.3
99661.4
99656.5
99651.7
99646.9
99642.1
99637.4
99632.8
99628.2
99623
99617.5
99712
99706.5
99701
99695.4
99689.9
99684.3
99678.8
99673.3
99667.8
99662.2
99656.7
99651.2
99645.8
99640.3
99634.9
99629.5
99624.1
99618.8
99613.4
99608.1
99602.9
99597.8
99592.7
99586.8
99580.6
99679.4
99673.3
99667.2
99661.2
99655.1
99649
99642.9
99636.8
99630.7
99624.6
99618.6
99612.5
99606.5
99600.5
99594.5
99588.5
99582.5
99576.6
99570.7
99564.8
99559.1
99553.4
99546.7
99539.7
99649.9
99643.2
99636.5
99629.8
99623.1
99616.4
99609.6
99602.9
99596.2
99589.5
99582.7
99576
99569.3
99562.6
99555.9
99549.3
99542.6
99536
99529.4
99522.8
99516.3
99510
99502.4
99494.3
99610.3
99602.9
99595.5
99588.1
99580.6
99573.2
99565.7
99558.3
99550.8
99543.4
99535.9
99528.4
99521
99513.5
99506.1
99498.6
99491.2
99483.7
99476.1
99468.8
99461.9
99453.2
99443.9
99566.1
99557.9
99549.7
99541.5
99533.2
99524.9
99516.6
99508.3
99500
99491.7
99483.4
99475.1
99466.7
99458.2
99449.8
99441.4
99433
99424.4
99416.2
99408.6
99398.7
99387.9
99516.8
99507.6
99498.5
99489.3
99480.1
99470.9
99461.6
99452.3
99443
99433.7
99424.2
99414.8
99405.3
99395.8
99386.4
99376.9
99367.2
99358
99349.3
99338
99325.7
99471.6
99461.4
99451.2
99441
99430.7
99420.5
99410.1
99399.7
99389.2
99378.6
99368.1
99357.5
99346.8
99336.1
99325.5
99314.8
99303.8
99293.3
99283.3
99270.2
99256.5
99410.6
99399.3
99387.9
99376.4
99364.9
99353.2
99341.5
99329.7
99317.9
99306
99294.1
99282.1
99270.1
99258.2
99246
99233.4
99221.4
99210
99195
99179.6
99342.1
99329.3
99316.4
99303.4
99290.3
99277.2
99264
99250.7
99237.4
99224
99210.6
99197.1
99183.5
99169.6
99155.3
99141.8
99128.8
99111.5
99094.5
99264.6
99250.1
99235.6
99220.9
99206.2
99191.4
99176.6
99161.6
99146.7
99131.5
99116.1
99100.7
99085
99068.9
99053.8
99039
99019.1
99000.6
99177
99160.7
99144.4
99127.9
99111.4
99094.7
99078.1
99061.2
99044
99026.7
99009.4
98991.8
98973.6
98956.7
98940
98917.3
98897.2
99096.4
99078.2
99060
99041.6
99023.1
99004.6
98985.8
98966.8
98947.6
98928.2
98909
98889.2
98868.9
98850.2
98831.3
98805.6
98784.3
98987.3
98967
98946.6
98926.1
98905.3
98884.3
98863.1
98841.7
98820.2
98798.8
98776.8
98754.4
98733.8
98712.5
98683.8
98661.6
98864.9
98842.3
98819.4
98796.2
98772.9
98749.5
98725.9
98702.3
98678.7
98654.4
98629.8
98607.4
98583.8
98552.1
98529.7
98727.9
98702.6
98677
98651.5
98625.8
98599.9
98574.2
98548.5
98522
98495.4
98471.5
98445.6
98410.9
98389.4
98575.3
98547.4
98519.6
98491.7
98463.7
98436
98408.4
98379.9
98351.7
98326.7
98298.7
98261.5
98242.2
98407.3
98377.3
98347.4
98317.6
98288.2
98259
98228.9
98199.9
98174.5
98144.7
98106.3
98091
98225
98193.5
98162.3
98131.9
98101.6
98070.8
98042.2
98017.3
97986.2
97948.7
97939.9
98030.7
97998.9
97968.1
97937.6
97907.6
97880.7
97856.4
97825.2
97792.3
97792.4
97798.7
97769.4
97742.1
97718.3
97694.6
97666.4
97647.8
97654.1
97600.5
97577.7
97557.9
97537.6
97519.4
97520.2
97534.1
97417.1
97404.2
97395.1
97397.7
97413.4
97438
97280.2
97300.1
97335.7
97374.9
97345.9
99997.4
99997.4
99997.4
99997.4
99997.4
99997.4
99997.4
99997.4
99997.4
99997.4
99997.4
99997.4
99997.4
99997.4
99997.4
99997.3
99997.4
99997.4
99997.4
99997.4
99997.4
99997.4
99997.4
99997.4
99997.4
99997.4
99997.4
99997.3
99997.3
99997.4
99994.3
99994.2
99994.2
99994.2
99994.2
99994.2
99994.2
99994.2
99994.2
99994.2
99994.2
99994.2
99994.2
99994.2
99994.2
99992.8
99992.8
99992.8
99992.8
99992.8
99992.8
99992.8
99992.8
99992.8
99992.8
99992.8
99992.8
99992.8
99992.8
99992.8
99990.8
99990.8
99990.8
99990.8
99990.8
99990.8
99990.8
99990.8
99990.8
99990.8
99990.8
99990.8
99990.8
99990.8
99990.8
99989.2
99989.1
99989.1
99989.1
99989.1
99989.1
99989.1
99989.1
99989.1
99989.1
99989.1
99989.1
99989.1
99989.1
99989.1
99987.4
99987.4
99987.4
99987.4
99987.4
99987.4
99987.4
99987.4
99987.4
99987.4
99987.4
99987.3
99987.3
99987.3
99987.3
99985.7
99985.7
99985.7
99985.7
99985.7
99985.7
99985.7
99985.7
99985.7
99985.7
99985.7
99985.7
99985.7
99985.7
99985.7
99984
99984
99984
99984
99984
99984
99984
99984
99984
99984
99984
99984
99984
99984
99984
99982.3
99982.3
99982.3
99982.3
99982.3
99982.3
99982.3
99982.3
99982.3
99982.3
99982.3
99982.3
99982.3
99982.3
99982.3
99980.6
99980.6
99980.6
99980.6
99980.6
99980.6
99980.6
99980.6
99980.6
99980.6
99980.6
99980.6
99980.5
99980.5
99980.6
99978.9
99978.9
99978.9
99978.8
99978.8
99978.8
99978.8
99978.8
99978.8
99978.8
99978.8
99978.8
99978.8
99978.8
99978.8
99977.1
99977.1
99977
99977
99977
99977
99977
99977
99977
99977
99977
99977
99977
99977
99977
99975.2
99975.2
99975.2
99975.2
99975.2
99975.2
99975.1
99975.1
99975.1
99975.1
99975.1
99975.1
99975.1
99975.1
99975.1
99973.3
99973.2
99973.2
99973.2
99973.2
99973.2
99973.2
99973.2
99973.2
99973.2
99973.2
99973.2
99973.1
99973.1
99973.2
99971.2
99971.2
99971.2
99971.2
99971.2
99971.2
99971.2
99971.2
99971.1
99971.1
99971.1
99971.1
99971.1
99971.1
99971.1
99969.1
99969.1
99969.1
99969
99969
99969
99969
99969
99969
99969
99969
99969
99968.9
99968.9
99969
99966.8
99966.8
99966.8
99966.8
99966.8
99966.8
99966.7
99966.7
99966.7
99966.7
99966.7
99966.7
99966.7
99966.7
99966.7
99964.4
99964.4
99964.4
99964.4
99964.3
99964.3
99964.3
99964.3
99964.3
99964.3
99964.3
99964.3
99964.2
99964.2
99964.3
99961.8
99961.8
99961.8
99961.8
99961.8
99961.7
99961.7
99961.7
99961.7
99961.7
99961.7
99961.7
99961.7
99961.6
99961.7
99959
99959
99959
99959
99959
99959
99959
99958.9
99958.9
99958.9
99958.9
99958.9
99958.9
99958.9
99958.9
99956.1
99956
99956
99956
99956
99956
99955.9
99955.9
99955.9
99955.9
99955.9
99955.9
99955.9
99955.8
99955.9
99952.8
99952.8
99952.8
99952.7
99952.7
99952.7
99952.7
99952.7
99952.7
99952.6
99952.6
99952.6
99952.6
99952.6
99952.6
99949.3
99949.2
99949.2
99949.2
99949.2
99949.2
99949.1
99949.1
99949.1
99949.1
99949.1
99949.1
99949
99949
99949.1
99945.4
99945.4
99945.4
99945.3
99945.3
99945.3
99945.3
99945.3
99945.2
99945.2
99945.2
99945.2
99945.2
99945.1
99945.2
99941.2
99941.2
99941.1
99941.1
99941.1
99941.1
99941
99941
99941
99941
99941
99940.9
99940.9
99940.9
99940.9
99936.6
99936.5
99936.5
99936.5
99936.4
99936.4
99936.4
99936.4
99936.4
99936.3
99936.3
99936.3
99936.3
99936.2
99936.3
99931.5
99931.4
99931.4
99931.4
99931.4
99931.3
99931.3
99931.3
99931.2
99931.2
99931.2
99931.2
99931.1
99931.1
99931.2
99925.9
99925.8
99925.8
99925.8
99925.7
99925.7
99925.7
99925.7
99925.6
99925.6
99925.6
99925.6
99925.5
99925.5
99925.5
99919.7
99919.7
99919.6
99919.6
99919.6
99919.6
99919.5
99919.5
99919.5
99919.4
99919.4
99919.4
99919.3
99919.3
99919.4
99913
99912.9
99912.9
99912.8
99912.8
99912.8
99912.7
99912.7
99912.7
99912.6
99912.6
99912.6
99912.5
99912.5
99912.6
99905.5
99905.4
99905.4
99905.4
99905.3
99905.3
99905.3
99905.2
99905.2
99905.2
99905.1
99905.1
99905.1
99905
99905.1
99897.4
99897.2
99897.2
99897.2
99897.1
99897.1
99897.1
99897
99897
99897
99896.9
99896.9
99896.8
99896.8
99896.9
99888.4
99888.2
99888.2
99888.2
99888.1
99888.1
99888
99888
99888
99887.9
99887.9
99887.8
99887.8
99887.8
99887.8
99878.5
99878.3
99878.3
99878.3
99878.2
99878.2
99878.1
99878.1
99878
99878
99878
99877.9
99877.9
99877.8
99877.9
99867.6
99867.5
99867.4
99867.4
99867.3
99867.3
99867.3
99867.2
99867.2
99867.1
99867.1
99867
99867
99866.9
99867
99855.7
99855.6
99855.5
99855.5
99855.4
99855.4
99855.3
99855.3
99855.2
99855.2
99855.1
99855.1
99855
99855
99855
99842.7
99842.5
99842.4
99842.4
99842.3
99842.3
99842.2
99842.2
99842.1
99842.1
99842
99842
99841.9
99841.9
99841.9
99828.4
99828.1
99828.1
99828
99828
99827.9
99827.9
99827.8
99827.8
99827.7
99827.7
99827.6
99827.5
99827.5
99827.5
99812.7
99812.4
99812.4
99812.3
99812.3
99812.2
99812.1
99812.1
99812
99812
99811.9
99811.9
99811.8
99811.8
99811.8
99795.5
99795.2
99795.1
99795.1
99795
99795
99794.9
99794.8
99794.8
99794.7
99794.7
99794.6
99794.5
99794.5
99794.5
99776.6
99776.3
99776.3
99776.2
99776.1
99776.1
99776
99775.9
99775.9
99775.8
99775.7
99775.7
99775.6
99775.6
99775.6
99756
99755.6
99755.5
99755.5
99755.4
99755.3
99755.3
99755.2
99755.1
99755.1
99755
99754.9
99754.9
99754.8
99754.8
99733.3
99732.9
99732.8
99732.7
99732.6
99732.6
99732.5
99732.4
99732.4
99732.3
99732.2
99732.1
99732.1
99732
99732
99708.4
99707.9
99707.8
99707.7
99707.6
99707.6
99707.5
99707.4
99707.3
99707.3
99707.2
99707.1
99707.1
99707
99707
99681
99680.4
99680.3
99680.2
99680.1
99680.1
99680
99679.9
99679.8
99679.8
99679.7
99679.6
99679.5
99679.5
99679.5
99650.8
99650.1
99649.9
99649.9
99649.8
99649.8
99649.7
99649.6
99649.5
99649.5
99649.4
99649.3
99649.2
99649.2
99649.2
99617.5
99616.6
99616.5
99616.5
99616.4
99616.3
99616.3
99616.2
99616.1
99616
99616
99615.9
99615.8
99615.8
99615.8
99580.7
99579.7
99579.6
99579.5
99579.5
99579.4
99579.3
99579.3
99579.2
99579.1
99579.1
99579
99578.9
99578.9
99578.9
99539.9
99538.8
99538.7
99538.7
99538.6
99538.6
99538.5
99538.5
99538.4
99538.3
99538.3
99538.2
99538.2
99538.1
99538.2
99494.8
99493.5
99493.4
99493.4
99493.4
99493.3
99493.3
99493.2
99493.2
99493.1
99493.1
99493
99493
99493
99493.1
99444.6
99443.2
99443.1
99443.1
99443.1
99443.1
99443.1
99443.1
99443
99443
99443
99443
99442.9
99442.9
99443.2
99388.9
99387.3
99387.2
99387.4
99387.4
99387.4
99387.4
99387.4
99387.4
99387.4
99387.4
99387.4
99387.4
99387.5
99387.8
99327
99325.3
99325.2
99325.4
99325.5
99325.5
99325.6
99325.6
99325.7
99325.7
99325.8
99325.9
99325.9
99326
99326.4
99258.2
99256.4
99256.3
99256.6
99256.7
99256.8
99257
99257.1
99257.2
99257.4
99257.5
99257.6
99257.7
99257.9
99258.4
99181.9
99179.9
99179.9
99180.4
99180.6
99180.8
99181
99181.2
99181.5
99181.7
99181.9
99182.1
99182.3
99182.6
99183.2
99097.4
99095.3
99095.3
99096
99096.3
99096.6
99097
99097.3
99097.7
99098.1
99098.4
99098.8
99099.1
99099.5
99100.2
99004
99001.8
99002
99002.8
99003.3
99003.8
99004.3
99004.9
99005.4
99005.9
99006.4
99007
99007.4
99008
99008.9
98901.3
98898.9
98899.3
98900.4
98901.2
98901.9
98902.6
98903.4
98904.1
98904.9
98905.6
98906.4
98907.1
98907.9
98909
98788.8
98786.4
98787.1
98788.5
98789.6
98790.5
98791.6
98792.6
98793.6
98794.7
98795.7
98796.8
98797.8
98798.8
98800.2
98666.7
98664.2
98665.3
98667.1
98668.5
98669.8
98671.2
98672.7
98674.1
98675.5
98676.9
98678.3
98679.6
98681.1
98682.7
98535.1
98532.6
98534.2
98536.4
98538.3
98540.1
98542
98543.9
98545.7
98547.6
98549.5
98551.3
98553.2
98555
98557
98394.8
98392.5
98394.8
98397.5
98400
98402.4
98404.9
98407.3
98409.7
98412.2
98414.6
98417
98419.4
98421.8
98424.3
98247.5
98245.4
98248.5
98252
98255.1
98258.2
98261.4
98264.5
98267.6
98270.7
98273.8
98276.9
98279.9
98283
98286.1
98096.1
98094.5
98098.6
98102.9
98106.9
98110.8
98114.8
98118.7
98122.6
98126.6
98130.5
98134.4
98138.2
98142.1
98146
97944.4
97943.4
97948.2
97953.2
97958.1
97962.8
97967.6
97972.3
97977
97981.6
97986.3
97990.9
97995.5
98000
98004.6
97795.9
97796.3
97802.7
97808.9
97814.8
97820.6
97826.4
97832.2
97838
97843.7
97849.4
97855
97860.6
97866.2
97871.8
97656.7
97660.2
97667.2
97674.3
97681.2
97687.9
97694.7
97701.4
97708.1
97714.8
97721.4
97727.9
97734.4
97740.9
97747.4
97536.5
97542.3
97550.3
97558.2
97565.9
97573.5
97581.1
97588.7
97596.2
97603.6
97611
97618.3
97625.6
97632.8
97640.1
97440
97447.9
97456.6
97465.1
97473.4
97481.7
97490
97498.1
97506.2
97514.2
97522.2
97530.1
97537.9
97545.7
97553.4
97376.2
97385.4
97394.6
97403.4
97412
97420.6
97429.1
97437.5
97445.9
97454.2
97462.4
97470.5
97478.6
97486.6
97494.6
97346.8
97355.8
97364.4
97372.9
97381.3
97389.6
97397.9
97406.1
97414.3
97422.3
97430.3
97438.2
97446
97453.8
97461.4
97405.9
97412.4
97419.1
97425.9
97432.7
97439.6
97446.5
97453.3
97460.3
97497.5
97502.3
97506.8
99997.4
99997.4
99997.4
99997.4
99997.4
99997.4
99997.3
99997.3
99997.3
99997.4
99994.2
99994.2
99994.2
99994.2
99994.2
99992.8
99992.8
99992.8
99992.8
99992.8
99990.8
99990.7
99990.7
99990.7
99990.8
99989.1
99989.1
99989.1
99989.1
99989.1
99987.3
99987.3
99987.3
99987.3
99987.3
99985.7
99985.7
99985.6
99985.6
99985.7
99984
99983.9
99983.9
99983.9
99984
99982.3
99982.3
99982.2
99982.2
99982.3
99980.6
99980.5
99980.5
99980.5
99980.5
99978.8
99978.8
99978.7
99978.7
99978.8
99977
99976.9
99976.9
99976.9
99976.9
99975.1
99975.1
99975
99975
99975.1
99973.1
99973.1
99973.1
99973.1
99973.1
99971.1
99971
99971
99971
99971
99969
99968.9
99968.9
99968.8
99968.9
99966.7
99966.6
99966.6
99966.6
99966.6
99964.2
99964.2
99964.1
99964.1
99964.1
99961.7
99961.6
99961.5
99961.5
99961.5
99958.9
99958.8
99958.7
99958.7
99958.7
99955.9
99955.8
99955.7
99955.7
99955.7
99952.6
99952.5
99952.4
99952.4
99952.4
99949
99948.9
99948.9
99948.8
99948.8
99945.2
99945
99945
99944.9
99944.9
99940.9
99940.8
99940.7
99940.7
99940.6
99936.2
99936.1
99936
99936
99936
99931.1
99931
99930.9
99930.8
99930.8
99925.5
99925.3
99925.3
99925.2
99925.2
99919.3
99919.1
99919.1
99919
99918.9
99912.5
99912.3
99912.2
99912.1
99912.1
99905
99904.8
99904.7
99904.6
99904.6
99896.8
99896.6
99896.5
99896.4
99896.3
99887.7
99887.5
99887.4
99887.3
99887.2
99877.8
99877.6
99877.4
99877.3
99877.2
99866.9
99866.7
99866.5
99866.4
99866.3
99854.9
99854.7
99854.5
99854.4
99854.3
99841.8
99841.5
99841.4
99841.2
99841.1
99827.4
99827.1
99827
99826.8
99826.6
99811.6
99811.4
99811.2
99811
99810.8
99794.4
99794.1
99793.9
99793.7
99793.5
99775.4
99775.1
99774.9
99774.7
99774.5
99754.7
99754.4
99754.1
99753.9
99753.7
99731.9
99731.6
99731.3
99731.1
99730.9
99706.8
99706.5
99706.3
99706
99705.9
99679.3
99679
99678.7
99678.5
99678.4
99649
99648.7
99648.4
99648.2
99648.1
99615.6
99615.3
99615.1
99614.9
99614.8
99578.8
99578.5
99578.2
99578.1
99578.1
99538.1
99537.8
99537.6
99537.5
99537.6
99493.1
99492.8
99492.6
99492.5
99492.9
99443.2
99442.9
99442.8
99442.8
99443.4
99387.9
99387.8
99387.7
99387.8
99388.7
99326.7
99326.7
99326.7
99327.1
99328.1
99258.9
99259
99259.4
99260
99261.4
99183.9
99184.4
99185.1
99186
99187.8
99101.2
99102.2
99103.4
99104.8
99107
99010.4
99012
99013.8
99015.8
99018.6
98910.9
98913.4
98916
98918.8
98922.5
98802.8
98806.4
98810.1
98813.9
98818.5
98686.2
98691.2
98696.3
98701.4
98707.1
98561.5
98568.2
98575
98581.8
98588.9
98430
98438.8
98447.7
98456.4
98465.3
98293.4
98304.6
98315.8
98326.9
98338.1
98155.1
98169.1
98182.9
98196.6
98210.3
98016.2
98034
98050.7
98067.3
98084
97885
97905.3
97925.2
97944.8
97964.5
97762.7
97786.2
97809.1
97831.8
97854.3
97657
97683.2
97708.6
97733.6
97758.4
97571.7
97599.7
97627
97653.8
97680.1
97513.2
97542.1
97570
97597.4
97624.1
97479.4
97507.3
97534.5
97561
97586.5
97477.2
97502.6
97527.1
97550.8
97573.3
97517.1
97534.7
97552.8
97570.9
97588.6
97583.3
97595.8
97606.1
97614.8
97643.9
97631.7
97620.3
97708.3
97675.3
99997.4
99997.4
99997.4
99997.4
99997.3
99997.3
99997.3
99997.3
99997.3
99997.3
99997.3
99997.3
99997.3
99997.3
99997.3
99997.3
99997.3
99997.3
99997.3
99997.3
99997.3
99997.3
99997.3
99997.3
99997.3
99997.3
99997.3
99997.3
99997.3
99997.3
99997.3
99997.3
99997.3
99997.3
99997.3
99997.3
99997.3
99997.3
99997.3
99997.3
99997.3
99997.3
99997.3
99997.3
99997.3
99997.3
99997.3
99997.4
99997.4
99997.4
99997.4
99997.5
99997.5
99997.6
99997.6
99997.7
99997.7
99997.8
99997.9
99997.9
99998
99998.1
99998.1
99998.2
99998.3
99998.3
99998.4
99998.5
99998.6
99998.7
99998.8
99998.9
99998.9
99999
99999.1
99999.2
99999.3
99999.5
99999.7
99999.9
99997.4
99997.4
99997.4
99997.4
99997.4
99997.4
99997.3
99997.3
99997.3
99997.3
99997.3
99997.3
99997.3
99997.3
99997.3
99997.3
99997.3
99997.3
99997.3
99997.3
99997.3
99997.3
99997.3
99997.3
99997.3
99997.3
99997.3
99997.3
99997.3
99997.3
99997.3
99997.3
99997.3
99997.2
99997.2
99997.2
99997.2
99997.2
99997.2
99997.2
99997.1
99997.1
99997.1
99997.1
99997
99997
99997
99996.9
99996.9
99996.8
99996.8
99996.8
99996.7
99996.7
99996.6
99996.6
99996.6
99996.5
99996.5
99996.5
99996.5
99996.5
99996.5
99996.5
99996.6
99996.6
99996.7
99996.8
99996.9
99997
99997.2
99997.3
99997.5
99997.8
99998.1
99998.4
99998.8
99999.1
99999.4
99999.8
99994.2
99994.2
99994.2
99994.2
99994.2
99994.2
99994.2
99994.2
99994.2
99994.2
99994.2
99994.2
99994.2
99994.2
99994.2
99994.2
99994.2
99994.1
99994.1
99994.1
99994.1
99994.1
99994.1
99994.1
99994.1
99994.1
99994
99994
99994
99994
99994
99994
99993.9
99993.9
99993.9
99993.9
99993.9
99993.8
99993.8
99993.8
99993.8
99993.7
99993.7
99993.7
99993.6
99993.6
99993.6
99993.6
99993.5
99993.5
99993.5
99993.5
99993.4
99993.4
99993.4
99993.4
99993.4
99993.4
99993.4
99993.4
99993.5
99993.5
99993.6
99993.7
99993.8
99993.9
99994
99994.2
99994.4
99994.7
99994.9
99995.3
99995.6
99996.1
99996.5
99997.1
99997.7
99998.3
99999
99999.6
99992.8
99992.8
99992.8
99992.8
99992.8
99992.8
99992.8
99992.8
99992.8
99992.8
99992.8
99992.8
99992.8
99992.7
99992.7
99992.7
99992.7
99992.7
99992.7
99992.7
99992.7
99992.7
99992.6
99992.6
99992.6
99992.6
99992.6
99992.5
99992.5
99992.5
99992.5
99992.4
99992.4
99992.4
99992.3
99992.3
99992.3
99992.2
99992.2
99992.1
99992.1
99992
99992
99991.9
99991.8
99991.8
99991.7
99991.6
99991.6
99991.5
99991.4
99991.4
99991.3
99991.2
99991.2
99991.1
99991.1
99991
99991
99991
99991
99991.1
99991.1
99991.2
99991.3
99991.5
99991.7
99991.9
99992.2
99992.5
99992.9
99993.4
99993.9
99994.5
99995.2
99995.9
99996.8
99997.6
99998.6
99999.5
99990.7
99990.7
99990.7
99990.7
99990.7
99990.7
99990.7
99990.7
99990.7
99990.7
99990.7
99990.7
99990.6
99990.6
99990.6
99990.6
99990.6
99990.6
99990.6
99990.5
99990.5
99990.5
99990.5
99990.5
99990.4
99990.4
99990.4
99990.3
99990.3
99990.3
99990.2
99990.2
99990.1
99990.1
99990.1
99990
99989.9
99989.9
99989.8
99989.8
99989.7
99989.6
99989.6
99989.5
99989.4
99989.3
99989.2
99989.1
99989.1
99989
99988.9
99988.8
99988.7
99988.6
99988.6
99988.5
99988.4
99988.4
99988.4
99988.4
99988.4
99988.4
99988.5
99988.6
99988.8
99989
99989.2
99989.5
99989.9
99990.3
99990.9
99991.5
99992.2
99993
99993.8
99994.8
99995.8
99996.9
99998.2
99999.3
99989.1
99989.1
99989.1
99989.1
99989.1
99989.1
99989
99989
99989
99989
99989
99989
99989
99989
99988.9
99988.9
99988.9
99988.9
99988.9
99988.8
99988.8
99988.8
99988.8
99988.7
99988.7
99988.7
99988.6
99988.6
99988.5
99988.5
99988.4
99988.4
99988.3
99988.2
99988.2
99988.1
99988
99988
99987.9
99987.8
99987.7
99987.6
99987.5
99987.4
99987.3
99987.1
99987
99986.9
99986.8
99986.6
99986.5
99986.4
99986.3
99986.2
99986.1
99986
99985.9
99985.8
99985.8
99985.8
99985.8
99985.8
99985.9
99986
99986.2
99986.5
99986.8
99987.2
99987.7
99988.2
99988.9
99989.6
99990.5
99991.5
99992.5
99993.7
99995
99996.2
99997.8
99999.2
99987.3
99987.3
99987.3
99987.3
99987.3
99987.3
99987.2
99987.2
99987.2
99987.2
99987.2
99987.2
99987.2
99987.1
99987.1
99987.1
99987.1
99987
99987
99987
99986.9
99986.9
99986.9
99986.8
99986.8
99986.7
99986.7
99986.6
99986.6
99986.5
99986.4
99986.4
99986.3
99986.2
99986.1
99986
99985.9
99985.8
99985.7
99985.6
99985.5
99985.4
99985.2
99985.1
99985
99984.8
99984.7
99984.5
99984.4
99984.2
99984
99983.9
99983.7
99983.6
99983.5
99983.3
99983.2
99983.2
99983.1
99983.1
99983.1
99983.2
99983.3
99983.4
99983.7
99984
99984.4
99984.8
99985.4
99986.1
99986.9
99987.8
99988.9
99990
99991.3
99992.6
99994.2
99995.6
99997.4
99999
99985.7
99985.6
99985.6
99985.6
99985.6
99985.6
99985.6
99985.5
99985.5
99985.5
99985.5
99985.5
99985.4
99985.4
99985.4
99985.4
99985.3
99985.3
99985.3
99985.2
99985.2
99985.1
99985.1
99985
99985
99984.9
99984.9
99984.8
99984.7
99984.6
99984.5
99984.5
99984.4
99984.3
99984.2
99984
99983.9
99983.8
99983.7
99983.5
99983.4
99983.2
99983
99982.9
99982.7
99982.5
99982.3
99982.1
99981.9
99981.7
99981.5
99981.3
99981.1
99981
99980.8
99980.6
99980.5
99980.4
99980.4
99980.4
99980.4
99980.4
99980.6
99980.8
99981.1
99981.5
99981.9
99982.5
99983.2
99984
99985
99986.1
99987.3
99988.6
99990.1
99991.6
99993.4
99995
99997.1
99998.9
99983.9
99983.9
99983.9
99983.9
99983.9
99983.8
99983.8
99983.8
99983.8
99983.8
99983.7
99983.7
99983.7
99983.6
99983.6
99983.6
99983.5
99983.5
99983.5
99983.4
99983.4
99983.3
99983.2
99983.2
99983.1
99983
99983
99982.9
99982.8
99982.7
99982.6
99982.5
99982.3
99982.2
99982.1
99982
99981.8
99981.6
99981.5
99981.3
99981.1
99980.9
99980.7
99980.5
99980.3
99980.1
99979.8
99979.6
99979.4
99979.1
99978.9
99978.6
99978.4
99978.2
99978
99977.9
99977.7
99977.6
99977.6
99977.5
99977.6
99977.7
99977.8
99978.1
99978.5
99978.9
99979.5
99980.2
99981
99982
99983.1
99984.3
99985.7
99987.2
99988.9
99990.6
99992.6
99994.4
99996.8
99998.8
99982.2
99982.2
99982.2
99982.2
99982.1
99982.1
99982.1
99982.1
99982.1
99982
99982
99982
99981.9
99981.9
99981.8
99981.8
99981.8
99981.7
99981.6
99981.6
99981.5
99981.5
99981.4
99981.3
99981.2
99981.1
99981
99980.9
99980.8
99980.7
99980.6
99980.4
99980.3
99980.2
99980
99979.8
99979.6
99979.4
99979.2
99979
99978.8
99978.6
99978.3
99978.1
99977.8
99977.5
99977.3
99977
99976.7
99976.4
99976.1
99975.9
99975.6
99975.4
99975.1
99975
99974.8
99974.7
99974.7
99974.6
99974.7
99974.8
99975.1
99975.4
99975.8
99976.4
99977.1
99977.9
99978.9
99980
99981.3
99982.7
99984.2
99985.9
99987.8
99989.6
99991.9
99993.8
99996.5
99998.6
99980.5
99980.5
99980.4
99980.4
99980.4
99980.4
99980.3
99980.3
99980.3
99980.2
99980.2
99980.2
99980.1
99980.1
99980
99980
99979.9
99979.9
99979.8
99979.7
99979.6
99979.6
99979.5
99979.4
99979.3
99979.2
99979.1
99978.9
99978.8
99978.7
99978.5
99978.3
99978.2
99978
99977.8
99977.6
99977.4
99977.1
99976.9
99976.7
99976.4
99976.1
99975.8
99975.5
99975.2
99974.9
99974.6
99974.2
99973.9
99973.6
99973.3
99973
99972.7
99972.4
99972.2
99972
99971.8
99971.7
99971.7
99971.7
99971.8
99971.9
99972.2
99972.6
99973.2
99973.8
99974.6
99975.6
99976.8
99978
99979.5
99981.1
99982.8
99984.7
99986.8
99988.8
99991.3
99993.3
99996.3
99998.5
99978.7
99978.7
99978.7
99978.6
99978.6
99978.6
99978.5
99978.5
99978.5
99978.4
99978.4
99978.3
99978.3
99978.2
99978.2
99978.1
99978
99978
99977.9
99977.8
99977.7
99977.6
99977.5
99977.4
99977.3
99977.1
99977
99976.9
99976.7
99976.5
99976.4
99976.2
99976
99975.7
99975.5
99975.3
99975
99974.7
99974.5
99974.2
99973.9
99973.5
99973.2
99972.8
99972.5
99972.1
99971.7
99971.4
99971
99970.6
99970.2
99969.9
99969.6
99969.3
99969
99968.8
99968.7
99968.6
99968.6
99968.6
99968.7
99969
99969.4
99969.9
99970.5
99971.3
99972.3
99973.4
99974.7
99976.1
99977.8
99979.5
99981.5
99983.5
99985.8
99987.9
99990.7
99992.9
99996.1
99998.4
99976.9
99976.9
99976.8
99976.8
99976.8
99976.7
99976.7
99976.6
99976.6
99976.5
99976.5
99976.4
99976.4
99976.3
99976.2
99976.2
99976.1
99976
99975.9
99975.8
99975.7
99975.6
99975.5
99975.3
99975.2
99975
99974.9
99974.7
99974.5
99974.3
99974.1
99973.9
99973.6
99973.4
99973.1
99972.8
99972.5
99972.2
99971.9
99971.5
99971.2
99970.8
99970.4
99970
99969.6
99969.2
99968.7
99968.3
99967.9
99967.5
99967.1
99966.7
99966.4
99966
99965.8
99965.6
99965.4
99965.4
99965.4
99965.5
99965.7
99966
99966.5
99967.1
99967.9
99968.8
99969.9
99971.2
99972.7
99974.3
99976.1
99978
99980.2
99982.4
99984.9
99987.1
99990.1
99992.4
99995.8
99998.3
99975
99975
99974.9
99974.9
99974.8
99974.8
99974.8
99974.7
99974.7
99974.6
99974.5
99974.5
99974.4
99974.3
99974.2
99974.2
99974.1
99974
99973.8
99973.7
99973.6
99973.5
99973.3
99973.2
99973
99972.8
99972.6
99972.4
99972.2
99972
99971.7
99971.5
99971.2
99970.9
99970.6
99970.2
99969.9
99969.5
99969.2
99968.7
99968.3
99967.9
99967.4
99967
99966.5
99966
99965.6
99965.1
99964.6
99964.2
99963.7
99963.3
99963
99962.6
99962.4
99962.2
99962.1
99962
99962.1
99962.3
99962.6
99963
99963.6
99964.3
99965.2
99966.3
99967.6
99969.1
99970.7
99972.5
99974.5
99976.6
99979
99981.3
99984
99986.4
99989.6
99992
99995.7
99998.2
99973.1
99973
99972.9
99972.9
99972.9
99972.8
99972.8
99972.7
99972.6
99972.6
99972.5
99972.4
99972.3
99972.2
99972.1
99972
99971.9
99971.8
99971.7
99971.5
99971.4
99971.2
99971.1
99970.9
99970.7
99970.5
99970.3
99970
99969.8
99969.5
99969.2
99968.9
99968.6
99968.2
99967.9
99967.5
99967.1
99966.7
99966.2
99965.8
99965.3
99964.8
99964.3
99963.8
99963.3
99962.7
99962.2
99961.7
99961.2
99960.7
99960.2
99959.8
99959.4
99959.1
99958.9
99958.7
99958.6
99958.6
99958.7
99959
99959.4
99959.9
99960.7
99961.6
99962.6
99963.9
99965.4
99967
99968.9
99970.8
99973
99975.3
99977.8
99980.3
99983.2
99985.7
99989.1
99991.6
99995.5
99998.1
99971
99970.9
99970.9
99970.8
99970.8
99970.7
99970.6
99970.6
99970.5
99970.4
99970.3
99970.3
99970.2
99970.1
99969.9
99969.8
99969.7
99969.6
99969.4
99969.2
99969.1
99968.9
99968.7
99968.5
99968.3
99968
99967.8
99967.5
99967.2
99966.9
99966.5
99966.2
99965.8
99965.4
99965
99964.6
99964.1
99963.6
99963.1
99962.6
99962.1
99961.5
99961
99960.4
99959.8
99959.2
99958.6
99958.1
99957.5
99957
99956.5
99956.1
99955.7
99955.4
99955.2
99955.1
99955.1
99955.1
99955.3
99955.7
99956.2
99956.9
99957.8
99958.8
99960.1
99961.5
99963.2
99965
99967.1
99969.2
99971.6
99974
99976.7
99979.4
99982.5
99985.1
99988.7
99991.2
99995.4
99998
99968.8
99968.7
99968.7
99968.6
99968.6
99968.5
99968.4
99968.3
99968.3
99968.2
99968.1
99968
99967.9
99967.7
99967.6
99967.5
99967.3
99967.2
99967
99966.8
99966.6
99966.4
99966.2
99965.9
99965.7
99965.4
99965.1
99964.8
99964.4
99964.1
99963.7
99963.3
99962.9
99962.4
99961.9
99961.5
99960.9
99960.4
99959.8
99959.2
99958.6
99958
99957.4
99956.7
99956.1
99955.5
99954.9
99954.3
99953.7
99953.1
99952.7
99952.2
99951.9
99951.6
99951.4
99951.4
99951.4
99951.6
99951.9
99952.4
99953
99953.9
99954.9
99956.2
99957.6
99959.2
99961.1
99963.1
99965.3
99967.7
99970.2
99972.9
99975.7
99978.5
99981.8
99984.5
99988.3
99990.9
99995.2
99997.9
99966.5
99966.4
99966.4
99966.3
99966.2
99966.2
99966.1
99966
99965.9
99965.8
99965.7
99965.5
99965.4
99965.3
99965.1
99965
99964.8
99964.6
99964.4
99964.2
99964
99963.7
99963.5
99963.2
99962.9
99962.6
99962.2
99961.9
99961.5
99961.1
99960.6
99960.2
99959.7
99959.2
99958.7
99958.1
99957.5
99956.9
99956.3
99955.6
99954.9
99954.3
99953.6
99952.9
99952.2
99951.5
99950.9
99950.2
99949.6
99949.1
99948.6
99948.2
99947.9
99947.7
99947.6
99947.5
99947.7
99948
99948.4
99949
99949.9
99950.9
99952.1
99953.5
99955.2
99957
99959.1
99961.3
99963.7
99966.2
99969
99971.7
99974.8
99977.7
99981.2
99983.9
99988
99990.6
99995.1
99997.8
99964.1
99964
99963.9
99963.8
99963.7
99963.7
99963.6
99963.5
99963.3
99963.2
99963.1
99963
99962.8
99962.6
99962.5
99962.3
99962.1
99961.9
99961.6
99961.4
99961.1
99960.9
99960.6
99960.2
99959.9
99959.5
99959.1
99958.7
99958.3
99957.8
99957.3
99956.8
99956.3
99955.7
99955.1
99954.5
99953.8
99953.1
99952.4
99951.7
99951
99950.2
99949.5
99948.8
99948
99947.3
99946.6
99946
99945.4
99944.8
99944.4
99944
99943.7
99943.6
99943.5
99943.6
99943.9
99944.3
99944.9
99945.7
99946.7
99947.9
99949.4
99951
99952.8
99954.9
99957.1
99959.6
99962.2
99964.9
99967.8
99970.7
99973.9
99976.9
99980.6
99983.4
99987.6
99990.3
99995
99997.7
99961.5
99961.4
99961.3
99961.2
99961.1
99961
99960.9
99960.8
99960.6
99960.5
99960.3
99960.2
99960
99959.8
99959.6
99959.4
99959.2
99958.9
99958.7
99958.4
99958.1
99957.8
99957.4
99957.1
99956.7
99956.3
99955.8
99955.4
99954.9
99954.3
99953.8
99953.2
99952.6
99952
99951.3
99950.6
99949.9
99949.1
99948.3
99947.5
99946.7
99946
99945.2
99944.4
99943.6
99942.9
99942.1
99941.5
99940.9
99940.4
99940
99939.7
99939.5
99939.4
99939.5
99939.7
99940.1
99940.7
99941.4
99942.4
99943.6
99945.1
99946.7
99948.5
99950.6
99952.9
99955.3
99957.9
99960.7
99963.6
99966.7
99969.7
99973.1
99976.2
99980
99983
99987.3
99990
99994.9
99997.6
99958.7
99958.5
99958.4
99958.3
99958.2
99958.1
99958
99957.8
99957.7
99957.5
99957.4
99957.2
99957
99956.8
99956.5
99956.3
99956
99955.8
99955.5
99955.1
99954.8
99954.4
99954.1
99953.6
99953.2
99952.7
99952.2
99951.7
99951.2
99950.6
99949.9
99949.3
99948.6
99947.9
99947.2
99946.4
99945.6
99944.8
99943.9
99943.1
99942.2
99941.4
99940.5
99939.7
99938.9
99938.1
99937.4
99936.8
99936.2
99935.8
99935.4
99935.2
99935.1
99935.1
99935.3
99935.7
99936.2
99937
99938
99939.2
99940.6
99942.2
99944.1
99946.2
99948.4
99950.9
99953.6
99956.4
99959.3
99962.4
99965.6
99968.8
99972.4
99975.6
99979.6
99982.5
99987.1
99989.8
99994.9
99997.5
99955.6
99955.5
99955.4
99955.3
99955.1
99955
99954.8
99954.7
99954.5
99954.3
99954.1
99953.9
99953.7
99953.5
99953.2
99952.9
99952.6
99952.3
99952
99951.6
99951.2
99950.8
99950.4
99949.9
99949.4
99948.9
99948.3
99947.8
99947.1
99946.5
99945.8
99945.1
99944.3
99943.5
99942.7
99941.9
99941
99940.1
99939.2
99938.3
99937.4
99936.5
99935.6
99934.8
99933.9
99933.2
99932.5
99931.9
99931.4
99931
99930.7
99930.6
99930.6
99930.8
99931.1
99931.7
99932.4
99933.4
99934.6
99936
99937.7
99939.5
99941.6
99943.9
99946.4
99949.1
99951.9
99954.9
99958
99961.2
99964.7
99968
99971.7
99975
99979.1
99982.1
99986.8
99989.6
99994.8
99997.5
99952.3
99952.2
99952
99951.9
99951.8
99951.6
99951.4
99951.3
99951.1
99950.9
99950.7
99950.4
99950.2
99949.9
99949.6
99949.3
99948.9
99948.6
99948.2
99947.8
99947.4
99946.9
99946.4
99945.9
99945.3
99944.7
99944.1
99943.5
99942.8
99942
99941.3
99940.5
99939.6
99938.8
99937.9
99937
99936
99935.1
99934.1
99933.2
99932.2
99931.3
99930.4
99929.5
99928.7
99928
99927.3
99926.8
99926.4
99926.1
99925.9
99925.9
99926
99926.4
99926.9
99927.7
99928.6
99929.8
99931.3
99932.9
99934.8
99936.9
99939.2
99941.7
99944.4
99947.3
99950.3
99953.5
99956.8
99960.2
99963.8
99967.2
99971.1
99974.4
99978.7
99981.7
99986.6
99989.4
99994.8
99997.4
99948.7
99948.6
99948.4
99948.3
99948.1
99947.9
99947.7
99947.5
99947.3
99947.1
99946.8
99946.6
99946.3
99946
99945.7
99945.3
99944.9
99944.5
99944.1
99943.6
99943.1
99942.6
99942.1
99941.5
99940.9
99940.2
99939.5
99938.8
99938
99937.2
99936.4
99935.5
99934.6
99933.6
99932.7
99931.7
99930.7
99929.7
99928.7
99927.7
99926.7
99925.8
99924.9
99924
99923.2
99922.5
99922
99921.5
99921.2
99921
99921
99921.1
99921.4
99922
99922.7
99923.7
99924.9
99926.3
99928
99929.9
99932
99934.4
99936.9
99939.7
99942.6
99945.7
99948.9
99952.2
99955.7
99959.2
99962.9
99966.5
99970.5
99973.9
99978.4
99981.4
99986.4
99989.2
99994.7
99997.4
99944.8
99944.6
99944.5
99944.3
99944.1
99943.9
99943.7
99943.5
99943.2
99943
99942.7
99942.4
99942.1
99941.7
99941.3
99941
99940.5
99940.1
99939.6
99939.1
99938.5
99938
99937.3
99936.7
99936
99935.3
99934.5
99933.7
99932.9
99932
99931
99930.1
99929.1
99928.1
99927.1
99926
99925
99923.9
99922.9
99921.8
99920.9
99919.9
99919
99918.2
99917.5
99916.9
99916.4
99916
99915.9
99915.8
99915.9
99916.3
99916.8
99917.6
99918.5
99919.8
99921.2
99922.9
99924.9
99927
99929.4
99932
99934.7
99937.7
99940.8
99944.1
99947.5
99951
99954.6
99958.3
99962.2
99965.8
99969.9
99973.4
99978
99981.1
99986.2
99989
99994.7
99997.3
99940.5
99940.3
99940.1
99940
99939.7
99939.5
99939.3
99939
99938.8
99938.5
99938.1
99937.8
99937.4
99937
99936.6
99936.2
99935.7
99935.2
99934.7
99934.1
99933.5
99932.8
99932.2
99931.4
99930.7
99929.9
99929
99928.2
99927.2
99926.3
99925.3
99924.2
99923.2
99922.1
99921
99919.9
99918.8
99917.7
99916.7
99915.6
99914.7
99913.7
99912.9
99912.1
99911.5
99911
99910.6
99910.5
99910.4
99910.5
99910.9
99911.4
99912.2
99913.2
99914.4
99915.9
99917.7
99919.6
99921.8
99924.2
99926.8
99929.7
99932.7
99935.8
99939.2
99942.6
99946.2
99949.9
99953.7
99957.4
99961.4
99965.2
99969.4
99973
99977.7
99980.8
99986.1
99988.8
99994.7
99997.3
99935.8
99935.6
99935.4
99935.2
99935
99934.7
99934.4
99934.1
99933.8
99933.5
99933.2
99932.8
99932.4
99931.9
99931.5
99931
99930.4
99929.9
99929.3
99928.6
99928
99927.3
99926.5
99925.7
99924.9
99924
99923.1
99922.1
99921.1
99920.1
99919
99917.9
99916.8
99915.7
99914.5
99913.4
99912.3
99911.2
99910.1
99909.1
99908.1
99907.3
99906.5
99905.8
99905.3
99905
99904.8
99904.7
99904.8
99905.2
99905.8
99906.6
99907.6
99908.9
99910.4
99912.2
99914.2
99916.4
99918.9
99921.5
99924.4
99927.5
99930.7
99934.1
99937.6
99941.3
99945
99948.8
99952.8
99956.6
99960.8
99964.6
99969
99972.6
99977.4
99980.5
99985.9
99988.7
99994.6
99997.2
99930.7
99930.4
99930.2
99930
99929.7
99929.4
99929.1
99928.8
99928.4
99928.1
99927.7
99927.3
99926.8
99926.3
99925.8
99925.2
99924.7
99924
99923.4
99922.7
99921.9
99921.1
99920.3
99919.4
99918.5
99917.6
99916.6
99915.5
99914.5
99913.3
99912.2
99911.1
99909.9
99908.7
99907.6
99906.4
99905.3
99904.2
99903.1
99902.1
99901.3
99900.5
99899.8
99899.3
99898.9
99898.8
99898.7
99898.9
99899.2
99899.8
99900.7
99901.8
99903.1
99904.7
99906.5
99908.6
99910.8
99913.4
99916.1
99919
99922.1
99925.4
99928.9
99932.5
99936.2
99940
99943.9
99947.8
99951.9
99955.9
99960.2
99964.1
99968.6
99972.2
99977.2
99980.3
99985.8
99988.5
99994.6
99997.2
99925
99924.7
99924.5
99924.2
99923.9
99923.6
99923.3
99922.9
99922.5
99922.1
99921.7
99921.2
99920.7
99920.1
99919.6
99919
99918.3
99917.6
99916.9
99916.1
99915.3
99914.5
99913.6
99912.6
99911.6
99910.6
99909.5
99908.4
99907.2
99906.1
99904.9
99903.7
99902.5
99901.3
99900.1
99898.9
99897.8
99896.8
99895.8
99894.9
99894.1
99893.4
99892.9
99892.6
99892.4
99892.4
99892.6
99893
99893.6
99894.5
99895.6
99897
99898.7
99900.6
99902.7
99905
99907.6
99910.4
99913.4
99916.6
99920
99923.5
99927.1
99930.9
99934.8
99938.8
99942.8
99946.9
99951.1
99955.2
99959.6
99963.6
99968.2
99971.9
99977
99980.1
99985.7
99988.4
99994.6
99997.2
99918.8
99918.5
99918.2
99917.9
99917.6
99917.2
99916.8
99916.4
99916
99915.5
99915.1
99914.5
99914
99913.4
99912.7
99912.1
99911.4
99910.6
99909.8
99909
99908.1
99907.1
99906.2
99905.1
99904.1
99903
99901.8
99900.7
99899.5
99898.2
99897
99895.8
99894.5
99893.3
99892.1
99891
99889.9
99888.9
99888
99887.3
99886.6
99886.1
99885.8
99885.7
99885.7
99885.9
99886.3
99887.1
99888
99889.2
99890.7
99892.4
99894.4
99896.6
99899
99901.7
99904.5
99907.6
99910.9
99914.3
99917.9
99921.6
99925.5
99929.5
99933.5
99937.6
99941.9
99946.1
99950.4
99954.6
99959.1
99963.1
99967.8
99971.6
99976.7
99979.8
99985.5
99988.3
99994.6
99997.1
99911.9
99911.6
99911.3
99910.9
99910.6
99910.2
99909.8
99909.3
99908.8
99908.3
99907.8
99907.2
99906.6
99906
99905.3
99904.5
99903.7
99902.9
99902.1
99901.1
99900.2
99899.2
99898.1
99897
99895.9
99894.7
99893.5
99892.3
99891
99889.8
99888.5
99887.3
99886
99884.8
99883.7
99882.6
99881.6
99880.7
99880
99879.3
99878.9
99878.6
99878.5
99878.5
99878.8
99879.4
99880.1
99881.2
99882.5
99884
99885.8
99887.9
99890.2
99892.7
99895.5
99898.4
99901.6
99905
99908.5
99912.2
99916
99919.9
99924
99928.1
99932.3
99936.6
99941
99945.3
99949.8
99954
99958.6
99962.7
99967.5
99971.3
99976.5
99979.7
99985.5
99988.2
99994.6
99997.1
99904.4
99904
99903.7
99903.3
99902.9
99902.4
99902
99901.5
99901
99900.4
99899.8
99899.2
99898.5
99897.8
99897
99896.2
99895.4
99894.5
99893.6
99892.6
99891.5
99890.4
99889.3
99888.2
99887
99885.8
99884.5
99883.2
99882
99880.7
99879.4
99878.2
99877
99875.8
99874.8
99873.8
99872.9
99872.2
99871.6
99871.1
99870.9
99870.8
99871
99871.3
99871.9
99872.8
99873.9
99875.3
99877
99878.9
99881.1
99883.5
99886.1
99889
99892.1
99895.4
99898.8
99902.4
99906.2
99910.1
99914.2
99918.3
99922.5
99926.9
99931.2
99935.6
99940.1
99944.6
99949.1
99953.5
99958.2
99962.3
99967.2
99971
99976.4
99979.5
99985.4
99988.1
99994.6
99997.1
99896.1
99895.7
99895.3
99894.9
99894.4
99894
99893.5
99892.9
99892.3
99891.7
99891.1
99890.4
99889.7
99888.9
99888
99887.2
99886.3
99885.3
99884.3
99883.2
99882.1
99881
99879.8
99878.6
99877.3
99876.1
99874.8
99873.5
99872.2
99870.9
99869.7
99868.5
99867.4
99866.3
99865.3
99864.5
99863.8
99863.2
99862.9
99862.7
99862.7
99862.9
99863.4
99864.1
99865.1
99866.3
99867.8
99869.6
99871.6
99873.9
99876.5
99879.3
99882.3
99885.5
99888.9
99892.4
99896.2
99900.1
99904.1
99908.2
99912.5
99916.8
99921.2
99925.7
99930.2
99934.7
99939.4
99943.9
99948.6
99953
99957.8
99962
99967
99970.8
99976.2
99979.3
99985.3
99988
99994.6
99997
99887
99886.5
99886.1
99885.6
99885.2
99884.6
99884.1
99883.5
99882.9
99882.2
99881.5
99880.7
99879.9
99879.1
99878.2
99877.3
99876.3
99875.2
99874.2
99873
99871.9
99870.7
99869.4
99868.2
99866.9
99865.6
99864.3
99863
99861.8
99860.5
99859.3
99858.2
99857.2
99856.3
99855.5
99854.8
99854.3
99854
99853.9
99854
99854.3
99854.9
99855.7
99856.8
99858.2
99859.9
99861.8
99864
99866.4
99869.1
99872.1
99875.2
99878.6
99882.1
99885.8
99889.7
99893.7
99897.8
99902.1
99906.4
99910.9
99915.4
99920
99924.6
99929.3
99933.9
99938.6
99943.3
99948
99952.5
99957.4
99961.6
99966.7
99970.5
99976.1
99979.2
99985.2
99987.9
99994.5
99997
99876.9
99876.5
99876
99875.5
99875
99874.4
99873.8
99873.2
99872.5
99871.8
99871
99870.2
99869.3
99868.4
99867.4
99866.4
99865.4
99864.3
99863.1
99862
99860.8
99859.5
99858.2
99857
99855.7
99854.4
99853.1
99851.8
99850.6
99849.4
99848.3
99847.4
99846.5
99845.7
99845.2
99844.8
99844.6
99844.5
99844.7
99845.1
99845.8
99846.8
99848.1
99849.6
99851.4
99853.5
99855.9
99858.5
99861.4
99864.5
99867.8
99871.3
99875
99878.9
99882.9
99887.1
99891.3
99895.7
99900.2
99904.8
99909.4
99914.1
99918.8
99923.6
99928.4
99933.1
99938
99942.7
99947.6
99952.1
99957.1
99961.3
99966.5
99970.3
99975.9
99979
99985.2
99987.8
99994.5
99997
99866
99865.5
99864.9
99864.4
99863.8
99863.2
99862.5
99861.8
99861.1
99860.3
99859.5
99858.6
99857.7
99856.7
99855.7
99854.6
99853.5
99852.4
99851.2
99850
99848.7
99847.4
99846.1
99844.8
99843.5
99842.3
99841
99839.8
99838.7
99837.7
99836.7
99835.9
99835.3
99834.8
99834.5
99834.4
99834.4
99834.7
99835.3
99836.2
99837.3
99838.7
99840.5
99842.5
99844.8
99847.3
99850.2
99853.2
99856.5
99860
99863.7
99867.6
99871.7
99875.9
99880.2
99884.6
99889.1
99893.8
99898.4
99903.2
99908
99912.8
99917.7
99922.6
99927.5
99932.4
99937.4
99942.1
99947.1
99951.7
99956.7
99961.1
99966.3
99970.1
99975.8
99978.9
99985.1
99987.7
99994.5
99997
99853.9
99853.4
99852.8
99852.2
99851.6
99850.9
99850.2
99849.4
99848.6
99847.8
99846.9
99846
99845
99844
99842.9
99841.8
99840.6
99839.4
99838.2
99836.9
99835.7
99834.4
99833.1
99831.8
99830.6
99829.4
99828.2
99827.1
99826.1
99825.3
99824.5
99824
99823.6
99823.4
99823.4
99823.6
99824
99824.8
99825.8
99827.2
99828.8
99830.7
99832.9
99835.5
99838.3
99841.3
99844.6
99848.1
99851.9
99855.8
99859.9
99864.1
99868.5
99873
99877.6
99882.3
99887.1
99891.9
99896.8
99901.7
99906.7
99911.7
99916.7
99921.7
99926.8
99931.7
99936.8
99941.7
99946.7
99951.4
99956.5
99960.8
99966.1
99970
99975.7
99978.8
99985
99987.7
99994.5
99997
99840.7
99840.1
99839.5
99838.9
99838.2
99837.5
99836.7
99835.9
99835
99834.1
99833.2
99832.2
99831.1
99830.1
99828.9
99827.8
99826.6
99825.3
99824.1
99822.8
99821.6
99820.3
99819.1
99817.8
99816.7
99815.6
99814.6
99813.6
99812.9
99812.2
99811.8
99811.5
99811.4
99811.5
99811.9
99812.6
99813.5
99814.8
99816.3
99818.2
99820.3
99822.8
99825.6
99828.6
99831.9
99835.5
99839.3
99843.2
99847.4
99851.7
99856.2
99860.8
99865.5
99870.3
99875.2
99880.1
99885.1
99890.2
99895.3
99900.4
99905.5
99910.6
99915.8
99920.9
99926.1
99931.1
99936.3
99941.2
99946.3
99951
99956.2
99960.6
99965.9
99969.8
99975.6
99978.7
99985
99987.6
99994.5
99997
99826.3
99825.6
99825
99824.3
99823.5
99822.8
99821.9
99821.1
99820.2
99819.2
99818.2
99817.1
99816.1
99814.9
99813.8
99812.6
99811.4
99810.1
99808.9
99807.6
99806.4
99805.2
99804
99802.9
99801.9
99800.9
99800.1
99799.4
99798.9
99798.6
99798.5
99798.5
99798.8
99799.4
99800.2
99801.4
99802.9
99804.7
99806.8
99809.3
99812
99815
99818.4
99822
99825.8
99829.9
99834.1
99838.6
99843.2
99847.9
99852.7
99857.7
99862.7
99867.8
99872.9
99878.1
99883.3
99888.6
99893.8
99899.1
99904.4
99909.7
99914.9
99920.2
99925.4
99930.6
99935.8
99940.8
99946
99950.7
99955.9
99960.4
99965.8
99969.7
99975.5
99978.6
99985
99987.6
99994.5
99996.9
99810.4
99809.7
99809
99808.3
99807.5
99806.7
99805.8
99804.9
99803.9
99802.9
99801.9
99800.8
99799.6
99798.5
99797.3
99796.1
99794.9
99793.7
99792.5
99791.3
99790.1
99789
99788
99787
99786.2
99785.4
99784.9
99784.5
99784.4
99784.3
99784.6
99785.1
99785.9
99787
99788.4
99790.2
99792.2
99794.7
99797.4
99800.5
99803.8
99807.5
99811.4
99815.5
99819.9
99824.5
99829.2
99834.1
99839.1
99844.3
99849.5
99854.7
99860
99865.4
99870.8
99876.2
99881.6
99887.1
99892.5
99897.9
99903.3
99908.7
99914.1
99919.5
99924.8
99930
99935.3
99940.4
99945.6
99950.4
99955.7
99960.2
99965.6
99969.5
99975.4
99978.5
99984.9
99987.5
99994.5
99996.9
99793.1
99792.3
99791.6
99790.8
99790
99789.1
99788.2
99787.2
99786.2
99785.1
99784.1
99782.9
99781.8
99780.6
99779.4
99778.3
99777.1
99775.9
99774.8
99773.7
99772.6
99771.7
99770.8
99770.1
99769.5
99769.2
99768.9
99768.9
99769.1
99769.5
99770.3
99771.3
99772.7
99774.4
99776.5
99778.9
99781.6
99784.7
99788.1
99791.8
99795.9
99800.1
99804.6
99809.4
99814.3
99819.4
99824.6
99829.9
99835.3
99840.8
99846.4
99852
99857.6
99863.2
99868.8
99874.4
99880.1
99885.7
99891.3
99896.8
99902.4
99907.9
99913.4
99918.8
99924.2
99929.5
99934.9
99940
99945.3
99950.2
99955.5
99960
99965.5
99969.4
99975.3
99978.4
99984.9
99987.5
99994.5
99996.9
99774.1
99773.3
99772.5
99771.7
99770.8
99769.8
99768.9
99767.9
99766.8
99765.8
99764.7
99763.6
99762.4
99761.3
99760.1
99759
99757.9
99756.8
99755.8
99754.8
99754
99753.3
99752.7
99752.3
99752.1
99752
99752.1
99752.6
99753.3
99754.3
99755.6
99757.3
99759.4
99761.8
99764.5
99767.7
99771.1
99774.9
99779
99783.4
99788.1
99793
99798.2
99803.5
99808.9
99814.5
99820.2
99825.9
99831.8
99837.6
99843.5
99849.4
99855.2
99861.1
99867
99872.8
99878.6
99884.4
99890.1
99895.8
99901.5
99907.1
99912.7
99918.2
99923.7
99929.1
99934.5
99939.7
99945.1
99949.9
99955.3
99959.8
99965.3
99969.3
99975.2
99978.3
99984.8
99987.4
99994.5
99996.9
99753.3
99752.4
99751.6
99750.7
99749.8
99748.8
99747.8
99746.8
99745.8
99744.7
99743.6
99742.5
99741.4
99740.3
99739.2
99738.2
99737.2
99736.3
99735.4
99734.7
99734.2
99733.8
99733.5
99733.4
99733.6
99734
99734.7
99735.7
99737
99738.7
99740.7
99743.1
99745.9
99749.1
99752.7
99756.6
99760.8
99765.3
99770.2
99775.3
99780.7
99786.2
99792
99797.8
99803.8
99809.9
99816
99822.2
99828.4
99834.6
99840.8
99846.9
99853.1
99859.2
99865.2
99871.3
99877.2
99883.2
99889
99894.9
99900.6
99906.4
99912.1
99917.7
99923.2
99928.7
99934.2
99939.4
99944.8
99949.7
99955.1
99959.6
99965.2
99969.2
99975.2
99978.3
99984.8
99987.4
99994.5
99996.9
99730.4
99729.6
99728.7
99727.8
99726.8
99725.8
99724.8
99723.8
99722.8
99721.7
99720.7
99719.6
99718.6
99717.6
99716.6
99715.8
99715
99714.3
99713.7
99713.3
99713.1
99713
99713.2
99713.6
99714.3
99715.3
99716.6
99718.3
99720.4
99722.8
99725.7
99728.9
99732.5
99736.5
99740.9
99745.6
99750.7
99756
99761.6
99767.5
99773.5
99779.7
99786
99792.5
99799
99805.5
99812.1
99818.7
99825.2
99831.8
99838.2
99844.7
99851.1
99857.4
99863.6
99869.8
99876
99882
99888
99894
99899.9
99905.7
99911.5
99917.1
99922.8
99928.3
99933.8
99939.1
99944.6
99949.5
99955
99959.5
99965.1
99969.1
99975.1
99978.2
99984.8
99987.3
99994.5
99996.9
99705.4
99704.5
99703.6
99702.6
99701.7
99700.7
99699.7
99698.7
99697.7
99696.8
99695.8
99694.8
99693.9
99693.1
99692.3
99691.7
99691.2
99690.8
99690.6
99690.6
99690.7
99691.2
99691.9
99692.9
99694.2
99696
99698.1
99700.6
99703.5
99706.8
99710.5
99714.7
99719.2
99724.1
99729.4
99735
99740.9
99747
99753.4
99760
99766.7
99773.5
99780.4
99787.4
99794.4
99801.4
99808.4
99815.4
99822.3
99829.1
99835.9
99842.6
99849.2
99855.7
99862.1
99868.5
99874.8
99881
99887.1
99893.2
99899.2
99905.1
99910.9
99916.7
99922.4
99927.9
99933.5
99938.8
99944.3
99949.3
99954.8
99959.4
99965
99969
99975.1
99978.1
99984.8
99987.3
99994.5
99996.9
99677.9
99677
99676
99675.1
99674.2
99673.3
99672.3
99671.4
99670.5
99669.6
99668.8
99668
99667.3
99666.7
99666.2
99665.9
99665.8
99665.7
99666
99666.4
99667.2
99668.2
99669.6
99671.4
99673.5
99676.1
99679.1
99682.5
99686.4
99690.7
99695.4
99700.5
99706
99711.9
99718.1
99724.6
99731.4
99738.3
99745.5
99752.8
99760.2
99767.6
99775.1
99782.6
99790.1
99797.6
99805
99812.3
99819.5
99826.6
99833.7
99840.6
99847.4
99854.1
99860.8
99867.3
99873.7
99880
99886.3
99892.4
99898.5
99904.5
99910.4
99916.2
99922
99927.6
99933.2
99938.6
99944.1
99949.1
99954.7
99959.2
99964.9
99968.9
99975
99978.1
99984.7
99987.3
99994.5
99996.9
99647.7
99646.7
99645.8
99645
99644.1
99643.2
99642.4
99641.6
99640.8
99640.1
99639.5
99639
99638.6
99638.3
99638.2
99638.3
99638.5
99639.1
99639.9
99641
99642.5
99644.3
99646.6
99649.2
99652.3
99655.9
99659.9
99664.3
99669.3
99674.6
99680.4
99686.6
99693.1
99700
99707.2
99714.6
99722.2
99730
99737.9
99746
99754
99762.1
99770.1
99778.2
99786.1
99794
99801.7
99809.4
99816.9
99824.3
99831.6
99838.8
99845.8
99852.7
99859.5
99866.1
99872.7
99879.1
99885.5
99891.7
99897.9
99903.9
99909.9
99915.8
99921.6
99927.3
99933
99938.4
99944
99949
99954.5
99959.1
99964.9
99968.8
99975
99978
99984.7
99987.2
99994.5
99996.9
99614.4
99613.5
99612.7
99611.9
99611.1
99610.4
99609.7
99609.1
99608.6
99608.2
99607.9
99607.7
99607.6
99607.8
99608.1
99608.7
99609.6
99610.9
99612.4
99614.4
99616.7
99619.5
99622.8
99626.5
99630.7
99635.3
99640.5
99646.1
99652.2
99658.7
99665.7
99673
99680.6
99688.5
99696.6
99705
99713.5
99722.1
99730.8
99739.5
99748.2
99756.8
99765.4
99773.9
99782.3
99790.6
99798.7
99806.7
99814.5
99822.2
99829.7
99837.1
99844.3
99851.3
99858.3
99865.1
99871.7
99878.3
99884.7
99891.1
99897.3
99903.4
99909.5
99915.4
99921.3
99927
99932.7
99938.2
99943.8
99948.8
99954.4
99959
99964.8
99968.7
99974.9
99978
99984.7
99987.2
99994.5
99996.9
99577.8
99577
99576.3
99575.6
99575.1
99574.5
99574.1
99573.8
99573.6
99573.5
99573.5
99573.8
99574.3
99575
99576
99577.4
99579.1
99581.2
99583.7
99586.6
99590
99594
99598.4
99603.3
99608.7
99614.7
99621.1
99628
99635.4
99643.1
99651.2
99659.7
99668.4
99677.4
99686.5
99695.8
99705.2
99714.6
99724
99733.4
99742.7
99751.9
99761
99770
99778.8
99787.5
99795.9
99804.2
99812.3
99820.2
99827.9
99835.5
99842.9
99850.1
99857.2
99864.1
99870.9
99877.5
99884
99890.5
99896.8
99903
99909.1
99915.1
99921
99926.7
99932.5
99938
99943.6
99948.7
99954.3
99958.9
99964.7
99968.7
99974.9
99977.9
99984.7
99987.2
99994.5
99996.9
99537.4
99536.8
99536.3
99535.9
99535.6
99535.4
99535.3
99535.3
99535.5
99535.9
99536.5
99537.4
99538.6
99540.1
99542
99544.2
99546.9
99550.1
99553.7
99557.9
99562.6
99567.8
99573.5
99579.8
99586.7
99594
99601.8
99610.1
99618.8
99627.8
99637.2
99646.8
99656.7
99666.7
99676.9
99687.1
99697.3
99707.5
99717.6
99727.7
99737.6
99747.3
99756.9
99766.3
99775.5
99784.5
99793.3
99801.9
99810.2
99818.4
99826.3
99834
99841.6
99848.9
99856.1
99863.2
99870
99876.8
99883.4
99889.9
99896.3
99902.5
99908.7
99914.7
99920.7
99926.5
99932.3
99937.8
99943.5
99948.6
99954.2
99958.8
99964.6
99968.6
99974.8
99977.9
99984.7
99987.2
99994.5
99996.9
99492.9
99492.5
99492.3
99492.2
99492.2
99492.4
99492.8
99493.4
99494.2
99495.3
99496.7
99498.4
99500.5
99503
99505.9
99509.4
99513.3
99517.7
99522.7
99528.3
99534.4
99541.2
99548.4
99556.3
99564.6
99573.5
99582.8
99592.5
99602.6
99613
99623.7
99634.5
99645.5
99656.6
99667.7
99678.8
99689.8
99700.8
99711.6
99722.3
99732.8
99743
99753.1
99762.9
99772.5
99781.8
99790.9
99799.7
99808.3
99816.6
99824.8
99832.7
99840.3
99847.8
99855.2
99862.3
99869.3
99876.1
99882.8
99889.4
99895.8
99902.1
99908.4
99914.4
99920.5
99926.3
99932.1
99937.6
99943.3
99948.4
99954.1
99958.7
99964.6
99968.5
99974.8
99977.9
99984.7
99987.1
99994.5
99996.9
99443.8
99443.6
99443.8
99444.2
99444.8
99445.6
99446.7
99448
99449.6
99451.6
99454
99456.8
99460.1
99463.8
99468.1
99472.9
99478.3
99484.3
99490.9
99498.1
99505.9
99514.3
99523.3
99532.8
99542.8
99553.3
99564.2
99575.4
99586.9
99598.7
99610.6
99622.7
99634.8
99646.9
99659
99671
99682.8
99694.5
99706
99717.2
99728.3
99739
99749.5
99759.7
99769.6
99779.3
99788.6
99797.7
99806.5
99815
99823.3
99831.4
99839.2
99846.8
99854.3
99861.5
99868.6
99875.5
99882.3
99888.9
99895.4
99901.8
99908.1
99914.2
99920.2
99926.1
99932
99937.5
99943.2
99948.3
99954
99958.7
99964.5
99968.5
99974.8
99977.8
99984.7
99987.1
99994.6
99996.9
99389.6
99389.7
99390.6
99391.7
99393
99394.6
99396.6
99398.9
99401.7
99404.8
99408.5
99412.6
99417.3
99422.6
99428.5
99435
99442.1
99449.9
99458.4
99467.4
99477.1
99487.4
99498.2
99509.6
99521.3
99533.5
99546
99558.8
99571.8
99585
99598.2
99611.5
99624.7
99637.8
99650.8
99663.6
99676.2
99688.6
99700.7
99712.5
99724.1
99735.3
99746.2
99756.7
99767
99776.9
99786.5
99795.8
99804.8
99813.6
99822
99830.2
99838.2
99845.9
99853.5
99860.8
99867.9
99874.9
99881.8
99888.5
99895
99901.4
99907.8
99913.9
99920
99925.9
99931.8
99937.3
99943.1
99948.2
99953.9
99958.6
99964.5
99968.4
99974.7
99977.8
99984.6
99987.1
99994.6
99996.9
99329.6
99330.5
99332.2
99334.2
99336.6
99339.3
99342.5
99346.1
99350.2
99354.9
99360.1
99365.9
99372.4
99379.6
99387.4
99395.9
99405.1
99414.9
99425.4
99436.6
99448.4
99460.7
99473.5
99486.7
99500.4
99514.3
99528.5
99542.9
99557.4
99571.9
99586.4
99600.8
99615.1
99629.2
99643.1
99656.7
99670.1
99683.1
99695.8
99708.2
99720.1
99731.8
99743.1
99754
99764.5
99774.7
99784.6
99794.1
99803.3
99812.2
99820.8
99829.1
99837.2
99845.1
99852.7
99860.1
99867.4
99874.4
99881.3
99888
99894.7
99901.1
99907.5
99913.7
99919.8
99925.7
99931.6
99937.2
99943
99948.1
99953.9
99958.5
99964.4
99968.4
99974.7
99977.8
99984.6
99987.1
99994.6
99996.9
99263.6
99265.5
99268.3
99271.5
99275.3
99279.5
99284.2
99289.5
99295.4
99301.9
99309.1
99317
99325.6
99335
99345
99355.8
99367.4
99379.6
99392.4
99405.9
99419.9
99434.3
99449.2
99464.5
99480.1
99495.8
99511.7
99527.7
99543.6
99559.5
99575.2
99590.8
99606.1
99621.1
99635.9
99650.3
99664.3
99678
99691.2
99704.1
99716.5
99728.5
99740.2
99751.4
99762.2
99772.7
99782.7
99792.5
99801.9
99810.9
99819.7
99828.1
99836.3
99844.3
99852
99859.5
99866.8
99873.9
99880.9
99887.7
99894.3
99900.8
99907.2
99913.4
99919.6
99925.5
99931.5
99937.1
99942.9
99948
99953.8
99958.5
99964.4
99968.4
99974.7
99977.7
99984.6
99987.1
99994.6
99996.9
99190.9
99194.2
99198.6
99203.5
99209
99215
99221.7
99229.1
99237.2
99246.1
99255.7
99266
99277.2
99289.1
99301.8
99315.2
99329.4
99344.1
99359.5
99375.4
99391.8
99408.6
99425.7
99443
99460.5
99478.1
99495.7
99513.2
99530.6
99547.8
99564.7
99581.3
99597.6
99613.6
99629.1
99644.2
99658.9
99673.2
99687
99700.3
99713.1
99725.5
99737.5
99749
99760.1
99770.8
99781.1
99791
99800.5
99809.7
99818.6
99827.2
99835.5
99843.5
99851.3
99858.9
99866.3
99873.5
99880.5
99887.3
99894
99900.6
99907
99913.2
99919.4
99925.4
99931.4
99937
99942.8
99948
99953.7
99958.4
99964.3
99968.3
99974.7
99977.7
99984.6
99987.1
99994.6
99996.9
99111.3
99116.5
99122.9
99129.9
99137.6
99146.1
99155.3
99165.3
99176.1
99187.7
99200.1
99213.4
99227.5
99242.4
99258.1
99274.4
99291.4
99309
99327.1
99345.6
99364.5
99383.7
99403
99422.4
99441.9
99461.2
99480.5
99499.5
99518.3
99536.7
99554.8
99572.5
99589.7
99606.5
99622.8
99638.6
99653.9
99668.7
99683
99696.8
99710
99722.8
99735
99746.8
99758.1
99769
99779.5
99789.6
99799.3
99808.6
99817.6
99826.3
99834.7
99842.9
99850.7
99858.4
99865.8
99873
99880.1
99887
99893.7
99900.3
99906.8
99913.1
99919.3
99925.2
99931.2
99936.9
99942.7
99947.9
99953.7
99958.4
99964.3
99968.3
99974.6
99977.7
99984.6
99987.1
99994.6
99996.9
99024.4
99032.1
99041
99050.8
99061.4
99072.8
99085.1
99098.2
99112.3
99127.2
99143
99159.6
99177.1
99195.3
99214.2
99233.7
99253.8
99274.4
99295.4
99316.7
99338.1
99359.7
99381.3
99402.8
99424.1
99445.3
99466.1
99486.6
99506.7
99526.4
99545.5
99564.2
99582.4
99600
99617
99633.4
99649.3
99664.6
99679.3
99693.5
99707.1
99720.2
99732.7
99744.8
99756.3
99767.4
99778.1
99788.3
99798.2
99807.6
99816.7
99825.5
99834
99842.2
99850.2
99857.9
99865.4
99872.7
99879.8
99886.7
99893.5
99900.1
99906.6
99912.9
99919.1
99925.1
99931.1
99936.8
99942.6
99947.8
99953.6
99958.3
99964.3
99968.2
99974.6
99977.7
99984.6
99987
99994.6
99996.9
98930.2
98941
98953.3
98966.4
98980.5
98995.5
99011.5
99028.5
99046.3
99065.1
99084.7
99105.1
99126.3
99148.2
99170.8
99193.8
99217.2
99240.9
99264.8
99288.8
99312.9
99336.8
99360.6
99384.1
99407.4
99430.2
99452.6
99474.5
99495.9
99516.7
99536.9
99556.5
99575.5
99593.8
99611.5
99628.6
99645
99660.8
99675.9
99690.5
99704.4
99717.8
99730.6
99742.9
99754.7
99765.9
99776.8
99787.1
99797.1
99806.7
99815.9
99824.8
99833.4
99841.6
99849.6
99857.4
99865
99872.3
99879.4
99886.4
99893.2
99899.9
99906.4
99912.7
99919
99925
99931
99936.7
99942.6
99947.8
99953.6
99958.3
99964.2
99968.2
99974.6
99977.6
99984.6
99987
99994.6
99996.8
98828.6
98843.5
98859.8
98877.2
98895.5
98914.9
98935.3
98956.6
98978.9
99002
99026
99050.8
99076.1
99102
99128.2
99154.8
99181.6
99208.5
99235.4
99262.2
99288.8
99315.1
99341.1
99366.6
99391.6
99416.1
99440
99463.2
99485.8
99507.7
99528.9
99549.4
99569.1
99588.2
99606.5
99624.1
99641
99657.2
99672.8
99687.7
99701.9
99715.6
99728.6
99741.1
99753.1
99764.6
99775.5
99786
99796.1
99805.8
99815.1
99824.1
99832.7
99841.1
99849.2
99857
99864.6
99872
99879.1
99886.1
99893
99899.7
99906.2
99912.6
99918.9
99924.9
99930.9
99936.6
99942.5
99947.7
99953.5
99958.2
99964.2
99968.2
99974.6
99977.6
99984.6
99987
99994.6
99996.8
98720.2
98740
98761.3
98783.7
98807.2
98831.7
98857.2
98883.8
98911.1
98939.2
98967.8
98997.1
99026.8
99056.8
99086.9
99117.2
99147.4
99177.5
99207.4
99236.9
99266
99294.6
99322.7
99350.1
99376.9
99402.9
99428.2
99452.7
99476.4
99499.3
99521.5
99542.7
99563.2
99582.9
99601.8
99620
99637.3
99653.9
99669.9
99685.1
99699.6
99713.5
99726.8
99739.5
99751.7
99763.3
99774.4
99785
99795.2
99805
99814.4
99823.5
99832.2
99840.6
99848.7
99856.6
99864.2
99871.6
99878.9
99885.9
99892.8
99899.5
99906.1
99912.4
99918.7
99924.8
99930.9
99936.5
99942.4
99947.6
99953.5
99958.2
99964.2
99968.2
99974.6
99977.6
99984.6
99987
99994.6
99996.8
98605.5
98631.3
98658.8
98687.3
98716.9
98747.3
98778.7
98810.8
98843.5
98876.9
98910.6
98944.7
98978.9
99013.1
99047.3
99081.3
99114.9
99148.2
99181
99213.2
99244.7
99275.5
99305.5
99334.8
99363.1
99390.6
99417.2
99442.9
99467.7
99491.6
99514.6
99536.6
99557.8
99578.1
99597.5
99616.1
99633.9
99650.9
99667.2
99682.7
99697.5
99711.6
99725.1
99738
99750.3
99762.1
99773.3
99784.1
99794.4
99804.3
99813.8
99822.9
99831.7
99840.1
99848.3
99856.2
99863.9
99871.4
99878.6
99885.7
99892.6
99899.3
99905.9
99912.3
99918.6
99924.7
99930.8
99936.4
99942.4
99947.6
99953.5
99958.1
99964.2
99968.1
99974.5
99977.6
99984.6
99987
99994.6
99996.8
98486.4
98519.5
98553.9
98589.3
98625.6
98662.7
98700.4
98738.6
98777.2
98816.1
98855.1
98894.1
98932.9
98971.5
99009.6
99047.3
99084.3
99120.6
99156.2
99190.9
99224.8
99257.7
99289.6
99320.5
99350.4
99379.3
99407.1
99433.9
99459.7
99484.4
99508.2
99530.9
99552.7
99573.6
99593.5
99612.6
99630.8
99648.1
99664.7
99680.5
99695.5
99709.9
99723.6
99736.6
99749.1
99761
99772.4
99783.2
99793.6
99803.6
99813.1
99822.3
99831.2
99839.7
99847.9
99855.9
99863.6
99871.1
99878.4
99885.5
99892.4
99899.1
99905.8
99912.2
99918.5
99924.6
99930.7
99936.4
99942.3
99947.6
99953.4
99958.1
99964.1
99968.1
99974.5
99977.6
99984.6
99987
99994.6
99996.8
98364.6
98405.9
98448.2
98491.3
98535
98579.2
98623.7
98668.4
98713.1
98757.7
98802.1
98846
98889.4
98932.2
98974.3
99015.4
99055.7
99095
99133.2
99170.3
99206.3
99241.2
99274.8
99307.3
99338.7
99368.8
99397.8
99425.6
99452.3
99477.8
99502.3
99525.7
99548.1
99569.4
99589.8
99609.3
99627.8
99645.5
99662.4
99678.4
99693.7
99708.3
99722.1
99735.3
99747.9
99760
99771.4
99782.4
99792.9
99803
99812.6
99821.8
99830.7
99839.3
99847.6
99855.6
99863.3
99870.8
99878.2
99885.3
99892.2
99899
99905.6
99912.1
99918.4
99924.5
99930.6
99936.3
99942.3
99947.5
99953.4
99958.1
99964.1
99968.1
99974.5
99977.6
99984.6
99987
99994.6
99996.8
98242.8
98292.9
98343.9
98395.2
98446.8
98498.4
98549.9
98601.2
98652.1
98702.4
98752.1
98800.9
98848.7
98895.6
98941.3
98985.9
99029.2
99071.2
99111.9
99151.3
99189.3
99226
99261.3
99295.2
99327.8
99359.1
99389.1
99417.9
99445.4
99471.7
99496.9
99520.9
99543.8
99565.6
99586.4
99606.3
99625.1
99643.1
99660.2
99676.5
99692
99706.8
99720.8
99734.2
99746.9
99759
99770.6
99781.7
99792.2
99802.4
99812.1
99821.4
99830.3
99838.9
99847.2
99855.3
99863.1
99870.6
99878
99885.1
99892.1
99898.9
99905.5
99912
99918.3
99924.4
99930.6
99936.3
99942.2
99947.5
99953.3
99958.1
99964.1
99968.1
99974.5
99977.5
99984.6
99987
99994.6
99996.8
98123.2
98183
98243.1
98303.1
98362.7
98421.9
98480.4
98538.2
98595.1
98651
98705.6
98759.1
98811.2
98861.9
98911.1
98958.7
99004.9
99049.4
99092.4
99133.8
99173.7
99212
99248.8
99284.1
99317.9
99350.2
99381.2
99410.8
99439.1
99466.1
99491.9
99516.4
99539.8
99562.1
99583.3
99603.5
99622.7
99640.9
99658.3
99674.8
99690.5
99705.4
99719.6
99733.1
99745.9
99758.2
99769.8
99781
99791.6
99801.8
99811.6
99820.9
99829.9
99838.6
99846.9
99855
99862.8
99870.4
99877.8
99884.9
99891.9
99898.7
99905.4
99911.9
99918.3
99924.4
99930.5
99936.2
99942.2
99947.4
99953.3
99958
99964.1
99968.1
99974.5
99977.5
99984.5
99987
99994.6
99996.8
98010.5
98080
98149.2
98217.5
98285
98351.3
98416.5
98480.4
98542.9
98603.9
98663.3
98721
98777
98831.2
98883.5
98934.1
98982.7
99029.6
99074.6
99117.9
99159.4
99199.2
99237.4
99273.9
99308.7
99342.1
99373.9
99404.3
99433.3
99461
99487.3
99512.3
99536.2
99558.8
99580.4
99600.9
99620.4
99638.9
99656.5
99673.2
99689
99704.1
99718.4
99732
99745
99757.4
99769.1
99780.3
99791.1
99801.3
99811.1
99820.5
99829.6
99838.3
99846.7
99854.8
99862.6
99870.2
99877.6
99884.8
99891.8
99898.6
99905.3
99911.8
99918.2
99924.3
99930.4
99936.2
99942.1
99947.4
99953.3
99958
99964.1
99968
99974.5
99977.5
99984.5
99987
99994.6
99996.8
97906.8
97985.5
98063.1
98139.3
98213.9
98286.9
98358.2
98427.8
98495.4
98561.2
98624.9
98686.5
98746
98803.4
98858.6
98911.7
98962.7
99011.6
99058.5
99103.4
99146.5
99187.6
99226.9
99264.5
99300.4
99334.6
99367.3
99398.4
99428
99456.2
99483
99508.6
99532.8
99555.8
99577.7
99598.5
99618.3
99637
99654.8
99671.7
99687.7
99702.9
99717.4
99731.1
99744.2
99756.6
99768.5
99779.8
99790.5
99800.8
99810.7
99820.2
99829.2
99838
99846.4
99854.5
99862.4
99870
99877.5
99884.7
99891.7
99898.5
99905.2
99911.7
99918.1
99924.2
99930.4
99936.1
99942.1
99947.4
99953.3
99958
99964
99968
99974.5
99977.5
99984.5
99987
99994.6
99996.8
97815.8
97902
97986.6
98069.4
98150.2
98229
98305.8
98380.3
98452.6
98522.5
98590
98655.2
98717.8
98778.1
98835.9
98891.3
98944.4
98995.3
99043.9
99090.3
99134.7
99177
99217.5
99256
99292.8
99327.8
99361.2
99392.9
99423.1
99451.8
99479.1
99505.1
99529.7
99553.1
99575.3
99596.3
99616.3
99635.3
99653.2
99670.3
99686.5
99701.8
99716.4
99730.2
99743.4
99755.9
99767.8
99779.2
99790.1
99800.4
99810.3
99819.8
99828.9
99837.7
99846.2
99854.3
99862.2
99869.9
99877.3
99884.5
99891.6
99898.4
99905.1
99911.6
99918
99924.2
99930.3
99936.1
99942.1
99947.3
99953.2
99958
99964
99968
99974.5
99977.5
99984.5
99987
99994.6
99996.8
97741.4
97833.2
97923
98010.8
98096.3
98179.6
98260.6
98339.2
98415.3
98488.8
98559.6
98627.7
98693.1
98755.7
98815.7
98873.2
98928.1
98980.5
99030.6
99078.3
99123.9
99167.4
99208.8
99248.3
99285.8
99321.6
99355.6
99387.9
99418.6
99447.8
99475.6
99501.9
99526.9
99550.5
99573
99594.3
99614.5
99633.7
99651.8
99669
99685.3
99700.8
99715.5
99729.4
99742.7
99755.3
99767.3
99778.7
99789.6
99800
99810
99819.5
99828.7
99837.5
99845.9
99854.1
99862
99869.7
99877.2
99884.4
99891.5
99898.3
99905.1
99911.5
99918
99924.1
99930.3
99936
99942
99947.3
99953.2
99957.9
99964
99968
99974.5
99977.5
99984.5
99986.9
99994.6
99996.8
97686.2
97780.4
97872.6
97963
98051.6
98138.1
98222.4
98304.2
98383.3
98459.7
98533.2
98603.7
98671.4
98736.1
98798
98857.1
98913.5
98967.3
99018.7
99067.6
99114.2
99158.6
99200.9
99241.2
99279.5
99315.9
99350.5
99383.3
99414.5
99444.2
99472.3
99498.9
99524.2
99548.2
99570.9
99592.4
99612.8
99632.2
99650.5
99667.8
99684.3
99699.9
99714.7
99728.7
99742
99754.7
99766.8
99778.2
99789.2
99799.6
99809.6
99819.2
99828.4
99837.2
99845.7
99853.9
99861.9
99869.6
99877
99884.3
99891.4
99898.2
99905
99911.5
99917.9
99924.1
99930.3
99936
99942
99947.3
99953.2
99957.9
99964
99968
99974.5
99977.5
99984.5
99986.9
99994.6
99996.8
97646.4
97740
97832.4
97924.2
98014.8
98103.6
98190.3
98274.6
98356.1
98434.8
98510.5
98583
98652.5
98718.9
98782.3
98842.9
98900.6
98955.6
99008
99057.9
99105.5
99150.7
99193.8
99234.7
99273.7
99310.7
99345.8
99379.1
99410.8
99440.8
99469.3
99496.2
99521.8
99546
99569
99590.7
99611.3
99630.8
99649.3
99666.7
99683.3
99699
99713.9
99728
99741.4
99754.2
99766.3
99777.8
99788.8
99799.3
99809.3
99818.9
99828.1
99837
99845.5
99853.8
99861.7
99869.4
99876.9
99884.2
99891.3
99898.2
99904.9
99911.4
99917.9
99924
99930.2
99936
99942
99947.3
99953.2
99957.9
99964
99968
99974.5
99977.5
99984.5
99986.9
99994.6
99996.8
97628
97716.7
97806.5
97896.7
97987.1
98076.5
98164.6
98250.4
98333.7
98414.1
98491.3
98565.4
98636.4
98704.1
98768.8
98830.4
98889.2
98945.2
98998.5
99049.3
99097.6
99143.6
99187.3
99228.9
99268.4
99305.9
99341.5
99375.3
99407.3
99437.7
99466.5
99493.8
99519.6
99544.1
99567.2
99589.1
99609.9
99629.5
99648.1
99665.7
99682.4
99698.2
99713.2
99727.4
99740.9
99753.7
99765.8
99777.4
99788.4
99799
99809
99818.7
99827.9
99836.8
99845.4
99853.6
99861.6
99869.3
99876.8
99884.1
99891.2
99898.1
99904.8
99911.4
99917.8
99924
99930.2
99935.9
99942
99947.2
99953.2
99957.9
99964
99968
99974.4
99977.5
99984.5
99986.9
99994.6
99996.8
97633.7
97711.3
97793
97878.5
97967
98055.9
98144.4
98231.2
98315.5
98397.1
98475.5
98550.8
98622.7
98691.5
98757.1
98819.7
98879.3
98936.1
98990.2
99041.6
99090.6
99137.2
99181.5
99223.6
99263.6
99301.5
99337.6
99371.8
99404.1
99434.8
99463.9
99491.5
99517.5
99542.2
99565.6
99587.7
99608.6
99628.4
99647.1
99664.8
99681.6
99697.5
99712.5
99726.8
99740.3
99753.2
99765.4
99777
99788.1
99798.7
99808.8
99818.4
99827.7
99836.6
99845.2
99853.5
99861.5
99869.2
99876.7
99884
99891.1
99898
99904.8
99911.3
99917.8
99923.9
99930.2
99935.9
99941.9
99947.2
99953.2
99957.9
99964
99968
99974.4
99977.5
99984.5
99986.9
97638.9
97696.6
97772.2
97856.8
97947.2
98037.3
98126.9
98214.9
98300.2
98382.7
98462.1
98538.2
98611
98680.5
98746.9
98810.1
98870.5
98927.9
98982.6
99034.7
99084.2
99131.4
99176.2
99218.7
99259.2
99297.6
99334
99368.5
99401.2
99432.2
99461.6
99489.4
99515.7
99540.5
99564.1
99586.3
99607.4
99627.3
99646.1
99664
99680.8
99696.8
99711.9
99726.2
99739.8
99752.8
99765
99776.7
99787.8
99798.4
99808.5
99818.2
99827.5
99836.4
99845
99853.3
99861.3
99869.1
99876.6
99883.9
99891
99897.9
99904.7
99911.3
99917.7
99923.9
99930.1
99935.9
99941.9
99947.2
99953.1
99957.9
99964
99967.9
97623.2
97681.7
97761
97840.5
97930.8
98022.1
98112.6
98201.6
98287.7
98370.9
98450.9
98527.6
98600.9
98671
98737.9
98801.8
98862.6
98920.6
98975.8
99028.4
99078.4
99126
99171.3
99214.3
99255.1
99293.9
99330.7
99365.5
99398.6
99429.8
99459.4
99487.4
99513.9
99539
99562.7
99585.1
99606.3
99626.3
99645.2
99663.2
99680.1
99696.2
99711.3
99725.7
99739.4
99752.4
99764.7
99776.4
99787.5
99798.2
99808.3
99818
99827.3
99836.3
99844.9
99853.2
99861.2
99869
99876.5
99883.8
99891
99897.9
99904.7
99911.2
99917.7
99923.9
99930.1
99935.9
99941.9
99947.2
97679.2
97706.5
97771.5
97840.3
97924.7
98015.1
98105.1
98194.2
98280.4
98363.7
98443.6
98520.3
98593.7
98664
98731.1
98795.2
98856.3
98914.7
98970.2
99023.2
99073.6
99121.5
99167.1
99210.4
99251.6
99290.7
99327.7
99362.9
99396.2
99427.7
99457.5
99485.7
99512.3
99537.6
99561.4
99584
99605.3
99625.4
99644.4
99662.4
99679.5
99695.6
99710.8
99725.3
99739
99752
99764.3
99776.1
99787.3
99797.9
99808.1
99817.8
99827.2
99836.1
99844.8
99853.1
99861.1
99868.9
99876.4
99883.8
99890.9
99897.8
99904.6
99911.2
97764.9
97679.8
97735
97819.2
97911.1
98006
98097.5
98187.4
98273.9
98357.3
98437.3
98514.1
98587.6
98657.9
98725.2
98789.5
98850.9
98909.5
98965.3
99018.6
99069.3
99117.6
99163.5
99207.1
99248.6
99287.9
99325.1
99360.5
99394
99425.7
99455.7
99484.1
99510.9
99536.3
99560.2
99582.9
99604.3
99624.6
99643.7
99661.8
99678.9
99695
99710.4
99724.9
99738.6
99751.6
99764
99775.8
99787
99797.7
99807.9
99817.7
99827
99836
99844.6
)
;

boundaryField
{
    down
    {
        type            fixedValue;
        value           nonuniform List<scalar> 0();
    }
    right
    {
        type            fixedValue;
        value           uniform 100000;
    }
    up
    {
        type            fixedValue;
        value           uniform 100000;
    }
    meanFlow
    {
        type            fixedValue;
        value           nonuniform List<scalar> 0();
    }
    surface
    {
        type            zeroGradient;
    }
    surfaceInner
    {
        type            zeroGradient;
    }
    coandaInlet
    {
        type            zeroGradient;
    }
    defaultFaces
    {
        type            empty;
    }
    procBoundary5to2
    {
        type            processor;
        value           nonuniform List<scalar> 
137
(
99999.6
99999.5
99999.1
99998.8
99998.5
99998.2
99997.9
99997.7
99997.4
99996.7
99996.7
99996.5
99996.2
99995.9
99995.6
99995.3
99994.9
99994.5
99993.3
99993.3
99992.7
99992.1
99991.3
99990.5
99988.3
99988.3
99987
99985.5
99983.7
99980.2
99980.2
99977.6
99974.7
99971.4
99965.8
99965.8
99961.4
99954.4
99954.4
99948.7
99942.4
99933.1
99933.1
99925.2
99914
99914
99904.4
99891.1
99891.1
99879.5
99863.7
99863.7
99849.9
99831.2
99831.2
99810.7
99810.7
99792.6
99768.3
99768.3
99746.6
99717.6
99717.6
99685.5
99685.5
99656.5
99617.6
99617.6
99574.3
99574.3
99525.9
99525.9
99481.7
99421.9
99421.9
99354.7
99354.7
99279
99279
99193.2
99193.2
99114.4
99007.5
99007.5
98887.4
98887.4
98753
98753
98603.1
98603.1
98437.3
98437.3
98256.7
98256.7
98063.2
98063.2
97860.3
97828.9
97828.9
97626.6
97626.6
97433.4
97433.4
97269.5
97272.1
97272.1
97192.6
97227.7
97281.8
97281.8
97361.8
97363
97371.7
97379.4
97386.5
97393.1
97399.5
97399.5
97458
97466.5
97474.3
97481.2
97487.2
97492.5
97492.5
97544.3
97549.8
97554.8
97566.7
97566.7
97659.5
97659.5
97758.7
97758.7
97922
97866.2
97866.2
)
;
    }
    procBoundary5to4
    {
        type            processor;
        value           nonuniform List<scalar> 
85
(
99994.6
99996.8
99974.4
99977.5
99984.5
99994.6
99986.9
99953.1
99957.8
99964
99974.4
99967.9
99917.7
99923.8
99930.1
99935.8
99941.9
99953.1
99947.2
99853
99861
99868.8
99876.4
99883.7
99890.9
99897.8
99904.6
99917.7
99911.1
97363.4
97427.3
97617.6
97762.4
97876.5
97984.1
98081.5
98174.6
98262.5
98346.8
98427.6
98504.9
98578.9
98649.8
98717.4
98782.1
98843.9
98902.9
98959.2
99012.9
99064.1
99112.8
99159.1
99203.1
99244.9
99284.6
99322.2
99357.8
99391.6
99423.5
99453.8
99482.3
99509.3
99534.9
99559
99581.8
99603.3
99623.7
99642.9
99661.1
99678.2
99694.5
99709.9
99724.4
99738.2
99751.3
99763.7
99775.5
99786.8
99797.5
99807.7
99817.5
99826.9
99835.9
99853
99844.5
)
;
    }
}


// ************************************************************************* //
