/*--------------------------------*- C++ -*----------------------------------*\
  =========                 |
  \\      /  F ield         | OpenFOAM: The Open Source CFD Toolbox
   \\    /   O peration     | Website:  https://openfoam.org
    \\  /    A nd           | Version:  10
     \\/     M anipulation  |
\*---------------------------------------------------------------------------*/
FoamFile
{
    format      ascii;
    class       volScalarField;
    location    "0.0003";
    object      p;
}
// * * * * * * * * * * * * * * * * * * * * * * * * * * * * * * * * * * * * * //

dimensions      [1 -1 -2 0 0 0 0];

internalField   nonuniform List<scalar> 
13320
(
101513
101455
101363
101282
101203
101145
101101
101071
101052
101031
101023
101035
101075
101107
101076
100973
100824
100658
100492
100332
100186
100046
99915.4
99792.9
99678.1
99574.9
99489.4
99418.8
99359
99307.4
99262
99222
99187.4
99160.9
99149.2
99162.5
99205.7
99261.2
99290.2
99258.6
99181.3
99100.3
99062.7
99087.5
99170.8
99249.4
99302
99312.3
99351.1
99352.3
101493
101460
101400
101320
101245
101182
101132
101094
101070
101045
101032
101038
101077
101114
101092
100994
100846
100678
100510
100347
100198
100056
99924
99799.9
99683.6
99579.6
99493.5
99422.4
99362.4
99310.5
99265
99224.8
99190
99162.9
99150
99161.5
99203
99258.6
99290.7
99263.8
99189.3
99107.3
99064.9
99084.4
99163.3
99242.4
99298.1
99309.4
99346.2
99345.9
101473
101442
101386
101321
101250
101187
101136
101098
101074
101049
101035
101040
101074
101112
101092
100996
100848
100680
100512
100349
100199
100058
99925.2
99801.1
99684.8
99580.6
99494.2
99423.1
99363
99311
99265.5
99225.2
99190.3
99163.1
99150
99160.7
99202
99258
99291.1
99265.4
99191.1
99108.4
99064.6
99081.1
99159.4
99239.9
99297
99308.7
99343.8
99346.3
101453
101435
101398
101343
101281
101219
101165
101121
101093
101063
101044
101045
101079
101120
101108
101018
100872
100702
100530
100366
100213
100069
99934.2
99808.4
99690.6
99585.4
99498.4
99426.8
99366.4
99314.3
99268.6
99228.2
99193.1
99165.3
99151
99160.3
99199.3
99254.8
99291.1
99270.3
99200.2
99117.1
99068.4
99079.3
99152.4
99232.1
99291.4
99304.3
99335.9
99338.5
101432
101416
101387
101341
101287
101230
101176
101131
101103
101073
101051
101049
101077
101120
101111
101024
100880
100710
100537
100370
100217
100073
99937.7
99811.4
99693.2
99587.6
99500.2
99428.5
99367.9
99315.7
99270
99229.5
99194.3
99166.2
99151.2
99158.9
99197.1
99252.9
99291.4
99273.6
99205
99121.1
99069.4
99074.3
99143.9
99225
99286.8
99302.2
99331.2
99336.3
101415
101405
101384
101350
101305
101253
101201
101153
101122
101088
101062
101057
101084
101127
101126
101046
100903
100731
100556
100388
100231
100084
99946.9
99819
99699.4
99592.8
99504.7
99432.3
99371.4
99318.9
99272.9
99232.3
99196.9
99168.3
99152
99157.9
99193.3
99248.2
99289.8
99277.9
99214.1
99131
99074.5
99071.9
99135.1
99214.7
99278.3
99296.7
99321.9
99328.2
101398
101389
101373
101345
101308
101262
101214
101169
101137
101103
101073
101062
101085
101130
101135
101058
100916
100744
100567
100395
100238
100091
99953
99823.9
99703.3
99595.9
99507.3
99434.8
99373.9
99321.4
99275.5
99234.9
99199.3
99170.3
99152.9
99156.4
99190
99244.9
99289.8
99283.6
99223.8
99140.7
99079.8
99068.6
99123.7
99203.3
99269.7
99292.5
99315.1
99323.3
101385
101378
101367
101346
101318
101279
101235
101190
101155
101120
101088
101072
101092
101136
101150
101081
100943
100770
100590
100418
100256
100104
99963.3
99832.4
99710.5
99602.2
99512.9
99439.8
99378.4
99325.4
99279
99237.9
99201.7
99171.8
99152.9
99153.8
99183.9
99236.9
99284.9
99285.4
99231.9
99150.4
99085.1
99064.2
99108.8
99185.7
99254.7
99282.5
99303.5
99313.3
101370
101364
101356
101339
101317
101286
101251
101209
101175
101140
101105
101084
101099
101142
101161
101094
100956
100783
100600
100423
100263
100112
99970.9
99839.2
99716.2
99606.5
99516
99442.2
99380.3
99327.2
99280.8
99239.8
99203.7
99173.6
99153.7
99152.3
99179.4
99231.3
99282.9
99291.7
99245.7
99166.9
99097.1
99065.9
99099
99171.4
99242.3
99276.4
99297.2
99308.6
101362
101358
101351
101336
101318
101291
101260
101220
101188
101157
101123
101098
101111
101155
101182
101127
100995
100820
100635
100456
100287
100130
99985.2
99849.4
99723.7
99612.9
99522.3
99448.6
99386.9
99333.8
99287.4
99246.3
99209.9
99178.8
99156.7
99151.8
99174.1
99222.9
99277
99295.9
99259.1
99184.5
99110.9
99067.9
99085.4
99149.7
99222
99263.4
99286.3
99299.3
101363
101358
101354
101342
101329
101309
101283
101243
101212
101179
101141
101110
101115
101156
101188
101137
101008
100833
100645
100464
100296
100139
99992.8
99857.9
99732.7
99621.1
99529
99453.7
99390.4
99335.9
99288.4
99246.3
99209
99176.9
99153.1
99144.1
99160.5
99204.5
99259.6
99287.4
99262.5
99195.6
99120.5
99066
99065.4
99116.3
99187.5
99236.9
99264.6
99279.5
101340
101337
101334
101326
101319
101306
101289
101261
101241
101217
101182
101146
101145
101185
101219
101174
101046
100868
100677
100491
100317
100158
100009
99870.1
99740.2
99625.2
99531.4
99455.7
99392.7
99339.1
99292.6
99251.6
99215.5
99184.2
99160.1
99148.9
99160.7
99201.8
99258.9
99298
99288.8
99233.6
99162
99100.3
99079.4
99112.9
99178.8
99236.7
99269.7
99284.5
101339
101338
101335
101321
101310
101292
101275
101245
101229
101211
101183
101154
101159
101209
101249
101214
101093
100915
100718
100527
100348
100181
100026
99882.3
99750.3
99636.1
99543.5
99469
99406.9
99353.7
99307.4
99266.3
99229.5
99196.9
99170
99154
99157
99187.5
99241.1
99288.5
99297.1
99252.5
99182.5
99114.2
99075.1
99082.5
99135.2
99200.4
99249.5
99277.3
101408
101405
101406
101396
101387
101368
101347
101306
101277
101244
101201
101154
101146
101187
101234
101209
101089
100913
100718
100527
100350
100185
100033
99894.1
99765
99649
99552.7
99474.2
99407.9
99350.6
99299.9
99254.5
99213.7
99177.4
99146.6
99124.6
99119.1
99138.3
99184.4
99238
99262.8
99240.7
99179.1
99104.8
99045.3
99022.1
99046.3
99101.7
99164.1
99214.8
101358
101350
101351
101354
101363
101368
101377
101366
101363
101351
101318
101273
101256
101288
101322
101287
101161
100975
100772
100574
100388
100218
100060
99911
99770.7
99647.7
99547.3
99466.4
99399.8
99344
99296.6
99255.9
99220.5
99189.7
99163.7
99144.3
99137.2
99150.3
99189.6
99247.8
99300.6
99314.3
99284.4
99222.6
99154.1
99099.7
99078
99094
99133.5
99180.7
101244
101250
101243
101235
101237
101228
101237
101238
101261
101284
101287
101277
101297
101359
101414
101378
101250
101061
100849
100639
100440
100256
100087
99929
99785.1
99664.7
99569.8
99496.7
99438.3
99390.1
99348.9
99312.6
99280.2
99250.9
99224.5
99202.2
99187.8
99186.7
99206.6
99249.1
99302.6
99343
99352.7
99325.9
99276.7
99218.3
99168
99139.3
99133.8
99146.3
101446
101476
101473
101442
101423
101367
101322
101267
101231
101199
101159
101131
101154
101225
101287
101287
101180
101004
100801
100604
100419
100244
100083
99940.1
99810.3
99694
99600.2
99524.5
99459.6
99401.7
99348.9
99299.9
99254.4
99211.9
99172.6
99137.1
99107.3
99087.2
99082.3
99095.7
99127.3
99163.6
99190.6
99197.4
99183.4
99155.5
99120.3
99084.3
99058.4
99045.4
101808
101809
101830
101805
101807
101769
101731
101672
101609
101530
101436
101361
101348
101380
101412
101361
101224
101032
100827
100625
100440
100271
100110
99960.8
99818.4
99686.7
99573.8
99478.8
99396.8
99324.7
99260.9
99204.1
99153.5
99108.4
99068.1
99032.6
99002.1
98978.3
98964.5
98964.3
98978.5
99003.2
99031.7
99055.6
99070.2
99072.9
99068.7
99056.6
99045.5
99031.5
101742
101678
101716
101714
101766
101803
101849
101883
101907
101906
101885
101867
101876
101893
101853
101729
101529
101288
101039
100801
100579
100371
100178
99992.5
99816.7
99664.1
99541.3
99446
99371.1
99311.7
99264
99225.3
99193.7
99167.7
99146.3
99128.7
99114.4
99103.8
99098.1
99099.3
99108.6
99125.9
99149
99173.4
99196
99214
99227.4
99234.8
99240.7
99241
101193
101104
101135
101147
101212
101289
101386
101493
101604
101708
101802
101893
101975
102010
101967
101837
101631
101384
101126
100874
100637
100412
100205
100016
99843.5
99706
99608.3
99542.9
99499.4
99470.7
99451.8
99439.6
99432
99427.7
99425.4
99424.7
99425
99426.4
99429.2
99434.1
99442
99453.3
99467.5
99483.8
99500.7
99516.6
99530.9
99542.2
99552.5
99558.2
100595
100528
100543
100555
100599
100659
100738
100834
100944
101063
101188
101312
101419
101480
101471
101392
101253
101077
100885
100691
100504
100326
100164
100019
99897.3
99808.4
99753.6
99723.5
99708.4
99702.3
99701.3
99703.1
99706.6
99710.7
99715.3
99719.9
99724.5
99728.9
99733.3
99738
99743.2
99749.4
99756.6
99764.7
99773.2
99781.7
99789.9
99796.9
99803.7
99808.1
100222
100189
100194
100200
100220
100249
100289
100341
100403
100476
100558
100643
100718
100768
100779
100751
100687
100598
100495
100388
100282
100181
100091
100012
99949.5
99907.9
99885.8
99876.6
99874.4
99875.8
99878.9
99882.7
99886.8
99890.7
99894.4
99897.9
99901
99903.8
99906.5
99908.9
99911.4
99913.9
99916.7
99919.7
99922.9
99926
99929.2
99932
99934.8
99936.7
100064
100052
100054
100056
100062
100072
100086
100105
100129
100159
100194
100231
100266
100292
100302
100296
100275
100242
100203
100159
100115
100074
100036
100005
99981.2
99966.7
99960.2
99958.4
99959.1
99960.7
99962.7
99964.8
99966.7
99968.5
99970.1
99971.5
99972.7
99973.8
99974.8
99975.7
99976.5
99977.3
99978.1
99979
99979.9
99980.8
99981.7
99982.5
99983.3
99983.9
100015
100011
100012
100012
100014
100016
100020
100025
100032
100041
100051
100063
100075
100084
100088
100088
100083
100074
100062
100049
100035
100022
100011
100002
99994.7
99990.8
99989.3
99989.2
99989.7
99990.4
99991.1
99991.8
99992.4
99992.9
99993.4
99993.8
99994.1
99994.4
99994.7
99994.9
99995.1
99995.3
99995.5
99995.7
99995.9
99996.1
99996.3
99996.5
99996.6
99996.8
100003
100002
100002
100002
100002
100003
100004
100005
100006
100008
100011
100013
100016
100019
100020
100020
100019
100017
100015
100012
100008
100005
100003
100000
99998.8
99998
99997.8
99997.8
99998
99998.2
99998.3
99998.5
99998.6
99998.8
99998.8
99998.9
99999
99999.1
99999.1
99999.2
99999.2
99999.2
99999.3
99999.3
99999.3
99999.4
99999.4
99999.4
99999.5
99999.5
100000
100000
100000
100000
100000
100000
100001
100001
100001
100001
100002
100002
100003
100003
100004
100004
100004
100003
100003
100002
100002
100001
100000
100000
99999.8
99999.7
99999.6
99999.7
99999.7
99999.7
99999.8
99999.8
99999.8
99999.8
99999.8
99999.9
99999.9
99999.9
99999.9
99999.9
99999.9
99999.9
99999.9
99999.9
99999.9
99999.9
99999.9
99999.9
99999.9
99999.9
100000
100000
100000
100000
100000
100000
100000
100000
100000
100000
100000
100000
100000
100000
100000
100001
100001
100000
100000
100000
100000
100000
100000
100000
100000
100000
100000
100000
100000
100000
100000
100000
100000
100000
100000
100000
100000
100000
100000
100000
100000
100000
100000
100000
100000
100000
100000
100000
100000
100000
100000
100000
100000
100000
100000
100000
100000
100000
100000
100000
100000
100000
100000
100000
100000
100000
100000
100000
100000
100000
100000
100000
100000
100000
100000
100000
100000
100000
100000
100000
100000
100000
100000
100000
100000
100000
100000
100000
100000
100000
100000
100000
100000
100000
100000
100000
100000
100000
100000
100000
100000
100000
100000
100000
100000
100000
100000
100000
100000
100000
100000
100000
100000
100000
100000
100000
100000
100000
100000
100000
100000
100000
100000
100000
100000
100000
100000
100000
100000
100000
100000
100000
100000
100000
100000
100000
100000
100000
100000
100000
100000
100000
100000
100000
100000
100000
100000
100000
100000
100000
100000
100000
100000
100000
100000
100000
100000
100000
100000
100000
100000
100000
100000
100000
100000
100000
100000
100000
100000
100000
100000
100000
100000
100000
100000
100000
100000
100000
100000
100000
100000
100000
100000
100000
100000
100000
100000
100000
100000
100000
100000
100000
100000
100000
100000
100000
100000
100000
100000
100000
100000
100000
100000
100000
100000
100000
100000
100000
100000
100000
100000
100000
100000
100000
100000
100000
100000
100000
100000
100000
100000
100000
100000
100000
100000
100000
100000
100000
100000
100000
100000
100000
100000
100000
100000
100000
100000
100000
100000
100000
100000
100000
100000
100000
100000
100000
100000
100000
100000
100000
100000
100000
100000
100000
100000
100000
100000
100000
100000
100000
100000
100000
100000
100000
100000
100000
100000
100000
100000
100000
100000
100000
100000
100000
100000
100000
100000
100000
100000
100000
100000
100000
100000
100000
100000
100000
100000
100000
100000
100000
100000
100000
100000
100000
100000
100000
100000
100000
100000
100000
100000
100000
100000
100000
100000
100000
100000
100000
100000
100000
100000
100000
100000
100000
100000
100000
100000
100000
100000
100000
100000
100000
100000
100000
100000
100000
100000
100000
100000
100000
100000
100000
100000
100000
100000
100000
100000
100000
100000
100000
100000
100000
100000
100000
100000
100000
100000
100000
100000
100000
100000
100000
100000
100000
100000
100000
100000
100000
100000
100000
100000
100000
100000
100000
100000
100000
100000
100000
100000
100000
100000
100000
100000
100000
100000
100000
100000
100000
100000
100000
100000
100000
100000
100000
100000
100000
100000
100000
100000
100000
100000
100000
100000
100000
100000
100000
100000
100000
100000
100000
100000
100000
100000
100000
100000
100000
100000
100000
100000
100000
100000
100000
100000
100000
100000
100000
100000
100000
100000
100000
100000
100000
100000
100000
100000
100000
100000
100000
100000
100000
100000
100000
100000
100000
100000
100000
100000
100000
100000
100000
100000
100000
100000
100000
100000
100000
100000
100000
100000
100000
100000
100000
100000
100000
100000
100000
100000
100000
100000
100000
100000
100000
100000
100000
100000
100000
100000
100000
100000
100000
100000
100000
100000
100000
100000
100000
100000
100000
100000
100000
100000
100000
100000
100000
100000
100000
100000
100000
100000
100000
100000
100000
100000
100000
100000
100000
100000
100000
100000
100000
100000
100000
100000
100000
100000
100000
100000
100000
100000
100000
100000
100000
100000
100000
100000
100000
100000
100000
100000
100000
100000
100000
100000
100000
100000
100000
100000
100000
100000
100000
100000
100000
100000
100000
100000
100000
100000
100000
100000
100000
100000
100000
100000
100000
100000
100000
100000
100000
100000
100000
100000
100000
100000
100000
100000
100000
100000
100000
100000
100000
100000
100000
100000
100000
100000
100000
100000
100000
100000
100000
100000
100000
100000
100000
100000
100000
100000
100000
100000
100000
100000
100000
100000
100000
100000
100000
100000
100000
100000
100000
100000
100000
100000
100000
100000
100000
100000
100000
100000
100000
100000
100000
100000
100000
100000
100000
100000
100000
100000
100000
100000
100000
100000
100000
100000
100000
100000
100000
100000
100000
100000
100000
100000
100000
100000
100000
100000
100000
100000
100000
100000
100000
100000
100000
100000
100000
100000
100000
100000
100000
100000
100000
100000
100000
100000
100000
100000
100000
100000
100000
100000
100000
100000
100000
100000
100000
100000
100000
100000
100000
100000
100000
100000
100000
100000
100000
100000
100000
100000
100000
100000
100000
100000
100000
100000
100000
100000
100000
100000
100000
100000
100000
100000
100000
100000
100000
100000
100000
100000
100000
100000
100000
100000
100000
100000
100000
100000
100000
100000
100000
100000
100000
100000
100000
100000
100000
100000
100000
100000
100000
100000
100000
100000
100000
100000
100000
100000
100000
100000
100000
100000
100000
100000
100000
100000
100000
100000
100000
100000
100000
100000
100000
100000
100000
100000
100000
100000
100000
100000
100000
100000
100000
100000
100000
100000
100000
100000
100000
100000
100000
100000
100000
100000
100000
100000
100000
100000
100000
100000
100000
100000
100000
100000
100000
100000
100000
100000
100000
100000
100000
100000
100000
100000
100000
100000
100000
100000
100000
100000
100000
100000
100000
100000
100000
100000
100000
100000
100000
100000
100000
100000
100000
100000
100000
100000
100000
100000
100000
100000
100000
100000
100000
100000
100000
100000
100000
100000
100000
100000
100000
100000
100000
100000
100000
100000
100000
100000
100000
100000
100000
100000
100000
100000
100000
100000
100000
100000
100000
100000
100000
100000
100000
100000
100000
100000
100000
100000
100000
100000
100000
100000
100000
100000
100000
100000
100000
100000
100000
100000
100000
100000
100000
100000
100000
100000
100000
100000
100000
100000
100000
100000
100000
100000
100000
100000
100000
100000
100000
100000
100000
100000
100000
100000
100000
100000
100000
100000
100000
100000
100000
100000
100000
100000
100000
100000
100000
100000
100000
100000
100000
100000
100000
100000
100000
100000
100000
100000
100000
100000
100000
100000
100000
100000
100000
100000
100000
100000
100000
100000
100000
100000
100000
100000
100000
100000
100000
100000
100000
100000
100000
100000
100000
100000
100000
100000
100000
100000
100000
100000
100000
100000
100000
100000
100000
100000
100000
100000
100000
100000
100000
100000
100000
100000
100000
100000
100000
100000
100000
100000
100000
100000
100000
100000
100000
100000
100000
100000
100000
100000
100000
100000
100000
100000
100000
100000
100000
100000
100000
100000
100000
100000
100000
100000
100000
100000
100000
100000
100000
100000
100000
100000
100000
100000
100000
100000
100000
100000
100000
100000
100000
100000
100000
100000
100000
100000
100000
100000
100000
100000
100000
100000
100000
100000
100000
100000
100000
100000
100000
100000
100000
100000
100000
100000
100000
100000
100000
100000
100000
100000
100000
100000
100000
100000
100000
100000
100000
100000
100000
100000
100000
100000
100000
100000
100000
100000
100000
100000
100000
100000
100000
100000
100000
100000
100000
100000
100000
100000
100000
100000
100000
100000
100000
100000
100000
100000
100000
100000
100000
100000
100000
100000
100000
100000
100000
100000
100000
100000
100000
100000
100000
100000
100000
100000
100000
100000
100000
100000
100000
100000
100000
100000
100000
100000
100000
100000
100000
100000
100000
100000
100000
100000
100000
100000
100000
100000
100000
100000
100000
100000
100000
100000
100000
100000
100000
100000
100000
100000
100000
100000
100000
100000
100000
100000
100000
100000
100000
100000
100000
100000
100000
100000
100000
100000
100000
100000
100000
100000
100000
100000
100000
100000
100000
100000
100000
100000
100000
100000
100000
100000
100000
100000
100000
100000
100000
100000
100000
100000
100000
100000
100000
100000
100000
100000
100000
100000
100000
100000
100000
100000
100000
100000
100000
100000
100000
100000
100000
100000
100000
100000
100000
100000
100000
100000
100000
100000
100000
100000
100000
100000
100000
100000
100000
100000
100000
100000
100000
100000
100000
100000
100000
100000
100000
100000
100000
100000
100000
100000
100000
100000
100000
100000
100000
100000
100000
100000
100000
100000
100000
100000
100000
100000
100000
100000
100000
100000
100000
100000
100000
100000
100000
100000
100000
100000
100000
100000
100000
100000
100000
100000
100000
100000
100000
100000
100000
100000
100000
100000
100000
100000
100000
100000
100000
100000
100000
100000
100000
100000
100000
100000
100000
100000
100000
100000
100000
100000
100000
100000
100000
100000
100000
100000
100000
100000
100000
100000
100000
100000
100000
100000
100000
100000
100000
100000
100000
100000
100000
100000
100000
100000
100000
100000
100000
100000
100000
100000
100000
100000
100000
100000
100000
100000
100000
100000
100000
100000
100000
100000
100000
100000
100000
100000
100000
100000
100000
100000
100000
100000
100000
100000
100000
100000
100000
100000
100000
100000
100000
100000
100000
100000
100000
100000
100000
100000
100000
100000
100000
100000
100000
100000
100000
100000
100000
100000
100000
100000
100000
100000
100000
100000
100000
100000
100000
100000
100000
100000
100000
100000
100000
100000
100000
100000
100000
100000
100000
100000
100000
100000
100000
100000
100000
100000
100000
100000
100000
100000
100000
100000
100000
100000
100000
100000
100000
100000
100000
100000
100000
100000
100000
100000
100000
100000
100000
100000
100000
100000
100000
100000
100000
100000
100000
100000
100000
100000
100000
100000
100000
100000
100000
100000
100000
100000
100000
100000
100000
100000
100000
100000
100000
100000
100000
100000
100000
100000
100000
100000
100000
100000
100000
100000
100000
100000
100000
100000
100000
100000
100000
100000
100000
100000
100000
100000
100000
100000
100000
100000
100000
100000
100000
100000
100000
100000
100000
100000
100000
100000
100000
100000
100000
100000
100000
100000
100000
100000
100000
100000
100000
100000
100000
100000
100000
100000
100000
100000
100000
100000
100000
100000
100000
100000
100000
100000
100000
100000
100000
100000
100000
100000
100000
100000
100000
100000
100000
100000
100000
100000
100000
100000
100000
100000
100000
100000
100000
100000
100000
100000
100000
100000
100000
100000
100000
100000
100000
100000
100000
100000
100000
100000
100000
100000
100000
100000
100000
100000
100000
100000
100000
100000
100000
100000
100000
100000
100000
100000
100000
100000
100000
100000
100000
100000
100000
100000
100000
100000
100000
100000
100000
100000
100000
100000
100000
100000
100000
100000
100000
100000
100000
100000
100000
100000
100000
100000
100000
100000
100000
100000
100000
100000
100000
100000
100000
100000
100000
100000
100000
100000
100000
100000
100000
100000
100000
100000
100000
100000
100000
100000
100000
100000
100000
100000
100000
100000
100000
100000
100000
100000
100000
100000
100000
100000
100000
100000
100000
100000
100000
100000
100000
100000
100000
100000
100000
100000
100000
100000
100000
100000
100000
100000
100000
100000
100000
100000
100000
100000
100000
100000
100000
100000
100000
100000
100000
100000
100000
100000
100000
100000
100000
100000
100000
100000
100000
100000
100000
100000
100000
100000
100000
100000
100000
100000
100000
100000
100000
100000
100000
100000
100000
100000
100000
100000
100000
100000
100000
100000
100000
100000
100000
100000
100000
100000
100000
100000
100000
100000
100000
100000
100000
100000
100000
100000
100000
100000
100000
100000
100000
100000
100000
100000
100000
100000
100000
100000
100000
100000
100000
100000
100000
100000
100000
100000
100000
100000
100000
100000
100000
100000
100000
100000
100000
100000
100000
99478
99369.4
99402.5
99386.5
99393.7
99392.2
99393.2
99390.5
99388.9
99381.6
99378.5
99358.6
99357.8
99292.7
99330.5
99427.9
99368.7
99399
99385.8
99392.6
99391.5
99392.5
99390
99388.6
99381.4
99378.9
99358.9
99357.5
99295
99294.6
99426.2
99369
99395.9
99384.7
99391.3
99391
99392.3
99390.5
99389.6
99384.2
99383.1
99371
99374.7
99353.3
99379.1
99391.7
99365.2
99389.5
99383
99389.3
99389.9
99391.6
99390.5
99390.1
99385.7
99384.4
99374.2
99372.9
99353
99353
99385.6
99362.7
99384.3
99380.9
99387.3
99389.2
99391.7
99392
99392.9
99391.7
99393.1
99391.2
99396.4
99397.8
99410.2
99363.4
99358.4
99377.2
99377.7
99384.4
99387.7
99391.1
99392.6
99394.3
99394.4
99395.8
99394.9
99397
99396.9
99400.6
99354.3
99354.1
99371
99374.3
99381.5
99386.3
99391
99394.3
99397.8
99400.9
99405
99409.1
99415.6
99422.8
99432.5
99338
99346
99362.5
99369.1
99377.6
99384.3
99390.3
99395.2
99399.8
99404
99408.5
99412.9
99418.1
99423.6
99430.2
99329.9
99340.6
99356.3
99364.9
99374.1
99382.4
99390.3
99397.2
99403.9
99410.6
99417.7
99424.9
99432.8
99441.1
99449.9
99317.7
99330.7
99346.5
99356.7
99366.4
99375.2
99383.7
99391.3
99398.5
99405.7
99412.9
99420.1
99427.4
99435
99442.7
99298.1
99315.4
99335
99350.3
99363.7
99375.9
99387.3
99397.7
99407.4
99416.7
99425.6
99434.1
99442.3
99450.4
99458
99298.1
99311
99328.2
99343.4
99357.6
99370.7
99383.2
99395.1
99406.3
99416.8
99426.9
99436.5
99445.8
99454.8
99463.5
99292.7
99300.4
99311.2
99321.1
99330.7
99340
99349.5
99359
99368.6
99378.2
99387.8
99397.4
99407
99416.6
99426.3
99254
99280.1
99302.9
99321.5
99337
99350.3
99362.1
99372.9
99383
99392.4
99401.5
99410.1
99418.2
99426.1
99433.4
99229.8
99271
99307.6
99339
99365.5
99388.1
99407.3
99423.9
99438.3
99450.8
99461.8
99471.5
99480.1
99487.7
99494.6
99168.1
99190.4
99214.1
99237.8
99260.3
99281.4
99300.7
99318.5
99334.8
99349.9
99363.9
99376.9
99389.2
99400.7
99412
99039.5
99040.1
99045.4
99056.1
99069.4
99084.6
99101
99118
99135.3
99152.8
99170.2
99187.6
99204.8
99221.7
99238.5
99026.6
99031.3
99037
99047.2
99059.7
99074.5
99090.9
99108.4
99126.7
99145.3
99164.1
99182.9
99201.4
99219.8
99237.3
99247
99263.4
99276.1
99290.9
99306
99321.6
99337.5
99353.6
99369.6
99385.5
99401
99416.2
99430.7
99445
99458
99568.2
99585.6
99598.8
99612.1
99624.6
99636.4
99647.8
99658.7
99669.1
99679
99688.4
99697.3
99705.7
99713.9
99721
99814.8
99825.3
99833.2
99840.8
99847.7
99854
99859.8
99865.1
99870.1
99874.6
99878.9
99882.8
99886.4
99889.9
99892.8
99939.5
99943.8
99947
99950
99952.7
99955.1
99957.2
99959.2
99960.9
99962.5
99963.9
99965.2
99966.4
99967.5
99968.5
99984.7
99985.9
99986.9
99987.8
99988.5
99989.2
99989.8
99990.3
99990.8
99991.2
99991.6
99991.9
99992.2
99992.5
99992.8
99997
99997.2
99997.4
99997.6
99997.8
99997.9
99998.1
99998.2
99998.3
99998.4
99998.4
99998.5
99998.6
99998.6
99998.7
99999.5
99999.6
99999.6
99999.6
99999.7
99999.7
99999.7
99999.7
99999.7
99999.8
99999.8
99999.8
99999.8
99999.8
99999.8
99999.9
99999.9
99999.9
100000
100000
100000
100000
100000
100000
100000
100000
100000
100000
100000
100000
100000
100000
100000
100000
100000
100000
100000
100000
100000
100000
100000
100000
100000
100000
100000
100000
100000
100000
100000
100000
100000
100000
100000
100000
100000
100000
100000
100000
100000
100000
100000
100000
100000
100000
100000
100000
100000
100000
100000
100000
100000
100000
100000
100000
100000
100000
100000
100000
100000
100000
100000
100000
100000
100000
100000
100000
100000
100000
100000
100000
100000
100000
100000
100000
100000
100000
100000
100000
100000
100000
100000
100000
100000
100000
100000
100000
100000
100000
100000
100000
100000
100000
100000
100000
100000
100000
100000
100000
100000
100000
100000
100000
100000
100000
100000
100000
100000
100000
100000
100000
100000
100000
100000
100000
100000
100000
100000
100000
100000
100000
100000
100000
100000
100000
100000
100000
100000
100000
100000
100000
100000
100000
100000
100000
100000
100000
100000
100000
100000
100000
100000
100000
100000
100000
100000
100000
100000
100000
100000
100000
100000
100000
100000
100000
100000
100000
100000
100000
100000
100000
100000
100000
100000
100000
100000
100000
100000
100000
100000
100000
100000
100000
100000
100000
100000
100000
100000
100000
100000
100000
100000
100000
100000
100000
100000
100000
100000
100000
100000
100000
100000
100000
100000
100000
100000
100000
100000
100000
100000
100000
100000
100000
100000
100000
100000
100000
100000
100000
100000
100000
100000
100000
100000
100000
100000
100000
100000
100000
100000
100000
100000
100000
100000
100000
100000
100000
100000
100000
100000
100000
100000
100000
100000
100000
100000
100000
100000
100000
100000
100000
100000
100000
100000
100000
100000
100000
100000
100000
100000
100000
100000
100000
100000
100000
100000
100000
100000
100000
100000
100000
100000
100000
100000
100000
100000
100000
100000
100000
100000
100000
100000
100000
100000
100000
100000
100000
100000
100000
100000
100000
100000
100000
100000
100000
100000
100000
100000
100000
100000
100000
100000
100000
100000
100000
100000
100000
100000
100000
100000
100000
100000
100000
100000
100000
100000
100000
100000
100000
100000
100000
100000
100000
100000
100000
100000
100000
100000
100000
100000
100000
100000
100000
100000
100000
100000
100000
100000
100000
100000
100000
100000
100000
100000
100000
100000
100000
100000
100000
100000
100000
100000
100000
100000
100000
100000
100000
100000
100000
100000
100000
100000
100000
100000
100000
100000
100000
100000
100000
100000
100000
100000
100000
100000
100000
100000
100000
100000
100000
100000
100000
100000
100000
100000
100000
100000
100000
100000
100000
100000
100000
100000
100000
100000
100000
100000
100000
100000
100000
100000
100000
100000
100000
100000
100000
100000
100000
100000
100000
100000
100000
100000
100000
100000
100000
100000
100000
100000
100000
100000
100000
100000
100000
100000
100000
100000
100000
100000
100000
100000
100000
100000
100000
100000
100000
100000
100000
100000
100000
100000
100000
100000
100000
100000
100000
100000
100000
100000
100000
100000
100000
100000
100000
100000
100000
100000
100000
100000
100000
100000
100000
100000
100000
100000
100000
100000
100000
100000
100000
100000
100000
100000
100000
100000
100000
100000
100000
100000
100000
100000
100000
100000
100000
100000
100000
100000
100000
100000
100000
100000
100000
100000
100000
100000
100000
100000
100000
100000
100000
100000
100000
100000
100000
100000
100000
100000
100000
100000
100000
100000
100000
100000
100000
100000
100000
100000
100000
100000
100000
100000
100000
100000
100000
100000
100000
100000
100000
100000
100000
100000
100000
99150
99351.8
99398.2
99372.5
99350.6
99336
99324.2
99311.8
99302.5
99298.8
99296.7
99296.5
99300.2
99307.8
99318
99330
99343.4
99357.9
99373.7
99390.9
99409.4
99429.3
99450.7
99473.5
99497.8
99523.6
99550.7
99579.1
99607
99636.5
99669
99700.7
99728.6
99749.7
99767.9
99783.6
99792
99795.1
99795.9
99795
99792.5
99788.9
99784.2
99778.6
99772.1
99764.6
99756.1
99746.4
99735.6
99723.8
99711
99697.5
99683.5
99669.2
99654.6
99640
99625.2
99610.2
99594.9
99579
99562.5
99545.5
99528.1
99510
99491.5
99472.8
99454.2
99435.3
99415.6
99394.5
99373
99351.1
99329.5
99309.5
99293.2
99283
99282.1
99291.6
99312.2
99345.2
99154.7
99151.5
99168.6
99183.2
99197.9
99212.6
99225.8
99239.5
99251.9
99265
99278.4
99291.1
99305.3
99319.2
99332.7
99346.5
99360.9
99375.9
99391.3
99407.3
99423.9
99441.1
99458.7
99476.6
99495.2
99515.1
99536.4
99559.6
99585
99613.3
99642.7
99670.9
99697.9
99722.8
99742.2
99755
99762.7
99766.8
99768.4
99768.2
99766.7
99764.3
99761.1
99757.1
99752.3
99746.7
99740.2
99732.7
99724.1
99714.6
99704.1
99692.9
99681
99668.5
99655.6
99642.3
99628.7
99614.8
99600.7
99586.5
99572.1
99557.6
99542.9
99528
99512.7
99497.2
99481.3
99465.2
99448.8
99432.7
99417.2
99402.1
99387.8
99374.7
99362.9
99353.5
99348.4
99347.7
99350.2
99359.1
99382.1
99391.1
99400.3
99407.2
99412.8
99417.6
99422.1
99425.8
99431.2
99437.1
99442.7
99447.8
99452.3
99456.8
99462.2
99469.1
99476.9
99485.1
99493.9
99503.2
99513.2
99523.9
99535.3
99547.5
99560.7
99574.8
99589.7
99605
99620.9
99636.7
99652.1
99666.2
99679.4
99691.7
99703
99712.8
99720.8
99726.7
99730.9
99733.8
99735.5
99736.1
99735.7
99734.4
99732.2
99729.1
99725
99720
99714.1
99707.3
99699.8
99691.6
99682.7
99673.4
99663.6
99653.4
99643
99632.3
99621.3
99610.3
99599.2
99588.1
99577
99565.9
99554.9
99544
99533.2
99522.5
99512
99501.7
99491.6
99481.9
99472.8
99464.7
99457.5
99451.7
99447
99443.4
99440.6
99437.7
99339.5
99338.2
99339.5
99342.2
99346.3
99352
99358.8
99366.2
99374.4
99383.3
99392.4
99401.8
99411.7
99422.3
99433.3
99444.8
99456.9
99469.6
99482.6
99495.6
99508.7
99521.9
99535
99548.4
99561.8
99574.5
99586.7
99599.1
99611.5
99624.1
99636.6
99648.9
99660
99669.8
99678.3
99685.6
99691.8
99697
99701.1
99704.3
99706.5
99707.8
99708.2
99707.8
99706.5
99704.3
99701.3
99697.5
99692.9
99687.5
99681.4
99674.7
99667.4
99659.5
99651.2
99642.6
99633.5
99624.2
99614.6
99604.8
99594.8
99584.7
99574.4
99564.1
99553.8
99543.5
99533.3
99523.3
99513.6
99504.2
99495.3
99486.8
99479
99471.9
99465.6
99460
99455.5
99452
99449.3
99447.1
99419.8
99426
99431.5
99437.3
99443.8
99449.8
99456.3
99462.9
99469.5
99475.3
99480.8
99486.5
99492.6
99499.2
99506.1
99513.2
99520.4
99527.9
99535.5
99543.4
99551.4
99559.5
99567.8
99576.1
99584.7
99593.5
99602.3
99611.1
99619.8
99628.2
99636.5
99644.4
99652.1
99659.4
99666
99671.7
99676.6
99680.9
99684.5
99687.4
99689.6
99691.1
99691.9
99691.9
99691.2
99689.9
99687.8
99685.1
99681.7
99677.7
99673.2
99668.1
99662.6
99656.6
99650.2
99643.6
99636.6
99629.3
99621.9
99614.2
99606.4
99598.6
99590.6
99582.6
99574.5
99566.6
99558.6
99550.8
99543.1
99535.5
99528.1
99521
99514.2
99507.6
99501.4
99495.7
99490.3
99485.3
99480.7
99475.8
99404.3
99407.6
99411.3
99415.2
99419.8
99425.1
99430.3
99436.1
99442.2
99448.8
99455.7
99463.1
99470.8
99479
99487.5
99496.4
99505.4
99514.5
99523.7
99532.9
99542.1
99551.3
99560.4
99569.4
99578.2
99586.9
99595.4
99603.7
99611.7
99619.5
99626.9
99633.9
99640.6
99646.8
99652.5
99657.6
99662.1
99666.1
99669.4
99672.1
99674.1
99675.5
99676.2
99676.3
99675.8
99674.6
99672.8
99670.5
99667.5
99664.1
99660.1
99655.7
99650.8
99645.5
99639.8
99633.8
99627.5
99621
99614.2
99607.2
99600
99592.7
99585.3
99577.9
99570.4
99562.9
99555.5
99548.2
99541
99534
99527.2
99520.7
99514.4
99508.4
99502.7
99497.4
99492.3
99487.7
99483.4
99479.1
99441.1
99446.7
99452.1
99457.6
99462.9
99468.8
99474.6
99480.3
99486.2
99492.3
99498.5
99504.8
99511.2
99517.7
99524.2
99530.9
99537.6
99544.4
99551.2
99558.1
99564.9
99571.8
99578.7
99585.5
99592.3
99598.9
99605.5
99611.9
99618.2
99624.2
99630.1
99635.6
99640.9
99645.8
99650.3
99654.4
99658.1
99661.3
99664
99666.1
99667.8
99669
99669.6
99669.7
99669.2
99668.3
99666.8
99664.8
99662.4
99659.6
99656.3
99652.6
99648.5
99644.1
99639.3
99634.3
99629
99623.4
99617.7
99611.7
99605.6
99599.4
99593
99586.6
99580.1
99573.6
99567
99560.5
99554
99547.6
99541.3
99535.1
99529
99523.1
99517.3
99511.7
99506.3
99501
99496
99490.9
99436.2
99440.4
99444.8
99449.2
99454.3
99459.3
99464.7
99470.4
99476.3
99482.4
99488.8
99495.4
99502.1
99509
99516
99523.2
99530.4
99537.6
99544.9
99552.2
99559.5
99566.6
99573.7
99580.7
99587.5
99594.1
99600.6
99606.8
99612.8
99618.5
99623.9
99629.1
99633.8
99638.3
99642.3
99646
99649.2
99652.1
99654.4
99656.3
99657.8
99658.8
99659.2
99659.3
99658.8
99657.9
99656.5
99654.7
99652.5
99649.9
99646.8
99643.4
99639.6
99635.5
99631
99626.3
99621.3
99616
99610.6
99604.9
99599
99593.1
99587
99580.8
99574.6
99568.3
99562.1
99555.9
99549.7
99543.6
99537.7
99531.8
99526.1
99520.5
99515.1
99509.8
99504.7
99499.8
99495.1
99490.4
99457.3
99462.9
99468.5
99474.1
99479.7
99485.5
99491.4
99497.3
99503.3
99509.4
99515.6
99521.8
99528.1
99534.4
99540.8
99547.1
99553.5
99559.8
99566.1
99572.3
99578.5
99584.5
99590.5
99596.3
99602
99607.5
99612.8
99618
99622.9
99627.6
99632
99636.2
99640.1
99643.7
99647
99650
99652.6
99654.9
99656.8
99658.4
99659.5
99660.3
99660.7
99660.7
99660.4
99659.6
99658.5
99657
99655.1
99652.9
99650.4
99647.5
99644.3
99640.8
99637
99632.9
99628.5
99623.9
99619.1
99614
99608.8
99603.3
99597.8
99592.1
99586.2
99580.3
99574.4
99568.4
99562.4
99556.4
99550.4
99544.5
99538.6
99532.8
99527.1
99521.4
99515.9
99510.4
99505
99499.6
99449.5
99455
99460.7
99466.5
99472.4
99478.5
99484.7
99491.1
99497.6
99504.2
99510.9
99517.7
99524.5
99531.4
99538.4
99545.3
99552.2
99559
99565.8
99572.4
99578.9
99585.2
99591.4
99597.3
99603
99608.5
99613.7
99618.7
99623.3
99627.8
99631.9
99635.8
99639.3
99642.6
99645.5
99648.2
99650.5
99652.6
99654.3
99655.6
99656.7
99657.4
99657.8
99657.8
99657.5
99656.9
99655.9
99654.6
99652.9
99650.9
99648.6
99645.9
99642.9
99639.5
99635.8
99631.8
99627.5
99622.9
99617.9
99612.8
99607.3
99601.7
99595.8
99589.8
99583.6
99577.3
99571
99564.6
99558.1
99551.7
99545.3
99538.9
99532.5
99526.2
99520
99513.9
99507.8
99501.9
99496
99490.2
99464.6
99470.2
99475.9
99481.7
99487.6
99493.6
99499.6
99505.8
99512.2
99518.6
99525.1
99531.7
99538.3
99544.9
99551.4
99557.9
99564.2
99570.4
99576.3
99582.1
99587.7
99593
99598.1
99602.9
99607.6
99612
99616.2
99620.2
99623.9
99627.5
99630.8
99633.9
99636.9
99639.5
99642
99644.1
99646.1
99647.7
99649
99650.1
99650.9
99651.3
99651.5
99651.3
99650.9
99650.1
99649.1
99647.9
99646.3
99644.5
99642.4
99640.1
99637.5
99634.7
99631.5
99628.1
99624.5
99620.5
99616.3
99611.7
99606.9
99601.8
99596.4
99590.8
99585
99579
99572.9
99566.6
99560.4
99554.1
99547.9
99541.7
99535.7
99529.7
99523.8
99518
99512.2
99506.6
99501.1
99495.6
99471.4
99478.4
99485.6
99492.8
99500.3
99508
99515.9
99524
99532.2
99540.4
99548.6
99556.7
99564.6
99572.2
99579.5
99586.5
99593.2
99599.6
99605.7
99611.6
99617.2
99622.6
99627.9
99633.1
99638.2
99643.2
99648.1
99652.8
99657.5
99661.9
99666.2
99670.3
99674
99677.5
99680.7
99683.5
99685.9
99688
99689.6
99690.8
99691.5
99691.8
99691.7
99691.2
99690.2
99688.9
99687.2
99685.1
99682.7
99680.1
99677.2
99674
99670.7
99667.2
99663.5
99659.7
99655.8
99651.7
99647.4
99643
99638.3
99633.3
99628.1
99622.5
99616.6
99610.2
99603.5
99596.5
99589.1
99581.5
99573.7
99565.8
99557.9
99550.1
99542.3
99534.7
99527.2
99520.1
99512.8
99505.7
99435.5
99445
99454.6
99464.4
99474.3
99484.3
99494.3
99504.2
99513.9
99523.3
99532.3
99541
99549.3
99557.3
99565.1
99572.8
99580.3
99587.9
99595.6
99603.3
99611.1
99619
99627
99635
99643
99650.9
99658.7
99666.2
99673.5
99680.4
99686.8
99692.9
99698.4
99703.4
99707.9
99711.8
99715
99717.7
99719.7
99721.1
99721.8
99721.9
99721.4
99720.3
99718.5
99716
99713
99709.3
99705.1
99700.4
99695.1
99689.4
99683.3
99676.9
99670.1
99663.2
99656.1
99648.9
99641.7
99634.5
99627.3
99620.2
99613
99605.9
99598.7
99591.3
99583.8
99576
99567.8
99559.2
99550.3
99540.9
99531.2
99521.3
99511.2
99501.1
99491.1
99481
99471.1
99461.3
99440.9
99448.5
99456
99464
99471.6
99478.8
99485.8
99492.5
99499
99505.3
99511.7
99518.3
99525.2
99532.6
99540.5
99548.9
99557.8
99567.2
99576.9
99586.9
99597.1
99607.2
99617.3
99627.2
99636.8
99646.1
99654.8
99663.1
99670.8
99677.9
99684.5
99690.4
99695.7
99700.4
99704.4
99707.9
99710.7
99712.8
99714.4
99715.3
99715.6
99715.3
99714.3
99712.7
99710.5
99707.6
99704.1
99700
99695.2
99689.8
99683.7
99677
99669.8
99661.9
99653.6
99644.8
99635.6
99626
99616.3
99606.4
99596.6
99586.9
99577.4
99568.3
99559.6
99551.5
99543.8
99536.6
99529.8
99523.3
99517.1
99510.9
99504.5
99498
99491.2
99484.1
99476.5
99468.6
99461.2
99453.7
99501.7
99508.3
99515.3
99522.4
99529.9
99537.4
99545.1
99553.3
99562.3
99572
99582.5
99593.8
99605.7
99618.3
99631.2
99644.4
99657.6
99670.8
99683.6
99696
99707.8
99718.9
99729.3
99739
99748
99756.2
99763.7
99770.6
99776.8
99782.4
99787.4
99791.8
99795.8
99799.2
99802.2
99804.7
99806.7
99808.3
99809.4
99810.1
99810.4
99810.2
99809.6
99808.6
99807.1
99805.2
99802.7
99799.8
99796.4
99792.5
99788.1
99783.1
99777.5
99771.2
99764.3
99756.6
99748.3
99739.2
99729.4
99718.9
99707.7
99696
99683.8
99671.3
99658.7
99646.1
99633.8
99621.8
99610.3
99599.6
99589.6
99580.4
99572.1
99564.3
99557.1
99550.2
99543.1
99536.5
99529.9
99523.8
99424.1
99438.7
99454.6
99471
99488.7
99507.7
99527.8
99548.7
99570.3
99592.3
99614.6
99636.8
99658.7
99679.9
99700.4
99720
99738.4
99755.5
99771.4
99786
99799.6
99812
99823.4
99833.8
99843.3
99851.9
99859.8
99866.9
99873.3
99879.2
99884.4
99889.1
99893.2
99896.9
99900.1
99902.8
99905.2
99907.2
99908.8
99910.1
99910.9
99911.4
99911.5
99911.1
99910.4
99909.3
99907.7
99905.6
99903.1
99900
99896.2
99891.9
99886.9
99881.2
99874.7
99867.3
99859.1
99849.9
99839.7
99828.3
99815.8
99802.1
99787.2
99770.9
99753.4
99734.6
99714.6
99693.8
99672.4
99650.6
99628.6
99606.7
99585.3
99564.5
99544.5
99525.6
99508
99491.5
99475.3
99460.3
99258.5
99284.8
99311.8
99340.1
99368.7
99397.8
99426.7
99455.2
99482.9
99509.5
99534.8
99558.6
99580.8
99601.5
99620.6
99638.2
99654.3
99669.2
99682.9
99695.5
99707.1
99717.8
99727.6
99736.7
99745.1
99752.9
99760.1
99766.7
99772.7
99778.3
99783.3
99787.8
99791.9
99795.6
99798.8
99801.6
99804
99805.9
99807.4
99808.5
99809.2
99809.6
99809.5
99808.9
99808
99806.6
99804.7
99802.3
99799.5
99796.1
99792.2
99787.7
99782.7
99777
99770.7
99763.7
99755.9
99747.4
99738.1
99727.8
99716.5
99704.2
99690.7
99675.9
99659.7
99642
99622.8
99601.9
99579.3
99555.1
99529.3
99502.1
99473.8
99444.6
99415
99385.2
99355.7
99326.4
99298.3
99270.9
99261.3
99291.7
99321
99349.4
99376.3
99401.5
99424.7
99445.9
99465.1
99482.5
99498
99511.8
99524
99534.9
99544.6
99553.1
99560.9
99567.8
99574.1
99579.9
99585.1
99589.9
99594.3
99598.4
99602.2
99605.7
99609
99612
99614.8
99617.4
99619.7
99621.8
99623.7
99625.3
99626.7
99627.9
99628.8
99629.4
99629.8
99629.9
99629.7
99629.3
99628.6
99627.6
99626.4
99624.8
99623.1
99621
99618.8
99616.2
99613.4
99610.3
99607
99603.4
99599.6
99595.5
99591
99586.3
99581.2
99575.7
99569.7
99563.2
99556.2
99548.5
99539.9
99530.5
99520
99508.3
99495.2
99480.5
99464.1
99445.8
99425.6
99403.3
99379.1
99352.9
99325
99295.4
99265.4
99234
99478.5
99502.6
99524.6
99543.3
99559.4
99573
99584.2
99593.4
99600.8
99606.7
99611.2
99614.6
99617.2
99619
99620.3
99621.1
99621.5
99621.6
99621.6
99621.3
99621
99620.5
99619.9
99619.4
99618.7
99618.1
99617.4
99616.7
99616
99615.3
99614.6
99613.9
99613.2
99612.5
99611.9
99611.2
99610.5
99609.8
99609.1
99608.4
99607.6
99606.9
99606.1
99605.3
99604.6
99603.8
99603
99602.3
99601.5
99600.8
99600.1
99599.5
99598.8
99598.2
99597.6
99596.9
99596.3
99595.7
99595.1
99594.4
99593.6
99592.8
99591.8
99590.6
99589.2
99587.4
99585.2
99582.5
99579.1
99574.8
99569.5
99562.9
99554.8
99544.8
99532.9
99518.7
99502
99482.9
99460.2
99435.7
99733.8
99747.7
99759.1
99767.9
99774.6
99779.5
99782.8
99784.9
99786
99786.3
99786
99785.2
99784
99782.6
99780.9
99779.1
99777.1
99775.1
99773.1
99771
99768.9
99766.9
99764.8
99762.8
99760.8
99758.9
99757.1
99755.3
99753.5
99751.9
99750.3
99748.8
99747.3
99746
99744.7
99743.6
99742.5
99741.5
99740.7
99739.9
99739.2
99738.7
99738.3
99737.9
99737.7
99737.6
99737.6
99737.7
99737.9
99738.3
99738.7
99739.2
99739.8
99740.5
99741.4
99742.2
99743.2
99744.3
99745.4
99746.6
99747.8
99749.1
99750.4
99751.6
99752.9
99754
99755.1
99756
99756.6
99756.9
99756.8
99756.1
99754.6
99752.1
99748.5
99743.3
99736.4
99727.4
99715.9
99701.8
99898.9
99904.8
99909.3
99912.4
99914.4
99915.5
99916
99916
99915.6
99915
99914.1
99913
99911.8
99910.6
99909.2
99907.9
99906.4
99905
99903.6
99902.2
99900.8
99899.4
99898
99896.7
99895.4
99894.1
99892.9
99891.7
99890.6
99889.5
99888.5
99887.5
99886.6
99885.8
99885
99884.3
99883.7
99883.1
99882.6
99882.2
99881.9
99881.6
99881.5
99881.4
99881.4
99881.4
99881.6
99881.8
99882.1
99882.5
99882.9
99883.4
99884
99884.6
99885.3
99886
99886.8
99887.7
99888.6
99889.5
99890.5
99891.6
99892.6
99893.7
99894.7
99895.8
99896.8
99897.8
99898.8
99899.6
99900.3
99900.8
99901
99900.9
99900.3
99899
99896.9
99893.8
99889.3
99883.3
99970.6
99972.6
99974
99974.8
99975.2
99975.4
99975.4
99975.2
99974.9
99974.5
99974.1
99973.7
99973.2
99972.6
99972.1
99971.6
99971
99970.4
99969.9
99969.3
99968.8
99968.2
99967.7
99967.2
99966.7
99966.2
99965.7
99965.2
99964.8
99964.4
99964
99963.6
99963.3
99963
99962.7
99962.4
99962.2
99962
99961.8
99961.6
99961.5
99961.5
99961.4
99961.4
99961.4
99961.5
99961.5
99961.7
99961.8
99962
99962.1
99962.4
99962.6
99962.9
99963.2
99963.5
99963.8
99964.1
99964.5
99964.9
99965.3
99965.7
99966.1
99966.6
99967
99967.4
99967.8
99968.3
99968.7
99969.1
99969.4
99969.7
99969.9
99970.1
99970.1
99969.9
99969.4
99968.5
99967.2
99965.2
99993.4
99993.9
99994.2
99994.4
99994.4
99994.4
99994.4
99994.3
99994.3
99994.1
99994
99993.9
99993.8
99993.6
99993.5
99993.3
99993.2
99993
99992.9
99992.7
99992.6
99992.5
99992.3
99992.2
99992
99991.9
99991.8
99991.7
99991.6
99991.5
99991.4
99991.3
99991.2
99991.1
99991
99990.9
99990.9
99990.8
99990.8
99990.7
99990.7
99990.7
99990.7
99990.7
99990.7
99990.7
99990.7
99990.8
99990.8
99990.9
99990.9
99991
99991
99991.1
99991.2
99991.3
99991.3
99991.4
99991.5
99991.6
99991.7
99991.8
99991.9
99992.1
99992.2
99992.3
99992.4
99992.5
99992.6
99992.7
99992.8
99992.9
99993
99993
99993.1
99993
99992.9
99992.8
99992.4
99991.9
99998.8
99998.9
99999
99999
99999
99999
99999
99999
99999
99998.9
99998.9
99998.9
99998.9
99998.8
99998.8
99998.8
99998.8
99998.7
99998.7
99998.7
99998.6
99998.6
99998.6
99998.6
99998.5
99998.5
99998.5
99998.5
99998.4
99998.4
99998.4
99998.4
99998.4
99998.3
99998.3
99998.3
99998.3
99998.3
99998.3
99998.3
99998.3
99998.3
99998.3
99998.3
99998.3
99998.3
99998.3
99998.3
99998.3
99998.3
99998.3
99998.3
99998.3
99998.4
99998.4
99998.4
99998.4
99998.4
99998.4
99998.5
99998.5
99998.5
99998.5
99998.5
99998.6
99998.6
99998.6
99998.6
99998.6
99998.7
99998.7
99998.7
99998.7
99998.7
99998.7
99998.7
99998.7
99998.7
99998.6
99998.5
99999.8
99999.8
99999.9
99999.9
99999.9
99999.9
99999.9
99999.9
99999.9
99999.8
99999.8
99999.8
99999.8
99999.8
99999.8
99999.8
99999.8
99999.8
99999.8
99999.8
99999.8
99999.8
99999.8
99999.8
99999.8
99999.8
99999.8
99999.8
99999.8
99999.8
99999.8
99999.8
99999.8
99999.8
99999.8
99999.8
99999.8
99999.7
99999.7
99999.7
99999.7
99999.7
99999.7
99999.7
99999.7
99999.7
99999.7
99999.7
99999.7
99999.8
99999.8
99999.8
99999.8
99999.8
99999.8
99999.8
99999.8
99999.8
99999.8
99999.8
99999.8
99999.8
99999.8
99999.8
99999.8
99999.8
99999.8
99999.8
99999.8
99999.8
99999.8
99999.8
99999.8
99999.8
99999.8
99999.8
99999.8
99999.8
99999.8
99999.8
100000
100000
100000
100000
100000
100000
100000
100000
100000
100000
100000
100000
100000
100000
100000
100000
100000
100000
100000
100000
100000
100000
100000
100000
100000
100000
100000
100000
100000
100000
100000
100000
100000
100000
100000
100000
100000
100000
100000
100000
100000
100000
100000
100000
100000
100000
100000
100000
100000
100000
100000
100000
100000
100000
100000
100000
100000
100000
100000
100000
100000
100000
100000
100000
100000
100000
100000
100000
100000
100000
100000
100000
100000
100000
100000
100000
100000
100000
100000
100000
100000
100000
100000
100000
100000
100000
100000
100000
100000
100000
100000
100000
100000
100000
100000
100000
100000
100000
100000
100000
100000
100000
100000
100000
100000
100000
100000
100000
100000
100000
100000
100000
100000
100000
100000
100000
100000
100000
100000
100000
100000
100000
100000
100000
100000
100000
100000
100000
100000
100000
100000
100000
100000
100000
100000
100000
100000
100000
100000
100000
100000
100000
100000
100000
100000
100000
100000
100000
100000
100000
100000
100000
100000
100000
100000
100000
100000
100000
100000
100000
100000
100000
100000
100000
100000
100000
100000
100000
100000
100000
100000
100000
100000
100000
100000
100000
100000
100000
100000
100000
100000
100000
100000
100000
100000
100000
100000
100000
100000
100000
100000
100000
100000
100000
100000
100000
100000
100000
100000
100000
100000
100000
100000
100000
100000
100000
100000
100000
100000
100000
100000
100000
100000
100000
100000
100000
100000
100000
100000
100000
100000
100000
100000
100000
100000
100000
100000
100000
100000
100000
100000
100000
100000
100000
100000
100000
100000
100000
100000
100000
100000
100000
100000
100000
100000
100000
100000
100000
100000
100000
100000
100000
100000
100000
100000
100000
100000
100000
100000
100000
100000
100000
100000
100000
100000
100000
100000
100000
100000
100000
100000
100000
100000
100000
100000
100000
100000
100000
100000
100000
100000
100000
100000
100000
100000
100000
100000
100000
100000
100000
100000
100000
100000
100000
100000
100000
100000
100000
100000
100000
100000
100000
100000
100000
100000
100000
100000
100000
100000
100000
100000
100000
100000
100000
100000
100000
100000
100000
100000
100000
100000
100000
100000
100000
100000
100000
100000
100000
100000
100000
100000
100000
100000
100000
100000
100000
100000
100000
100000
100000
100000
100000
100000
100000
100000
100000
100000
100000
100000
100000
100000
100000
100000
100000
100000
100000
100000
100000
100000
100000
100000
100000
100000
100000
100000
100000
100000
100000
100000
100000
100000
100000
100000
100000
100000
100000
100000
100000
100000
100000
100000
100000
100000
100000
100000
100000
100000
100000
100000
100000
100000
100000
100000
100000
100000
100000
100000
100000
100000
100000
100000
100000
100000
100000
100000
100000
100000
100000
100000
100000
100000
100000
100000
100000
100000
100000
100000
100000
100000
100000
100000
100000
100000
100000
100000
100000
100000
100000
100000
100000
100000
100000
100000
100000
100000
100000
100000
100000
100000
100000
100000
100000
100000
100000
100000
100000
100000
100000
100000
100000
100000
100000
100000
100000
100000
100000
100000
100000
100000
100000
100000
100000
100000
100000
100000
100000
100000
100000
100000
100000
100000
100000
100000
100000
100000
100000
100000
100000
100000
100000
100000
100000
100000
100000
100000
100000
100000
100000
100000
100000
100000
100000
100000
100000
100000
100000
100000
100000
100000
100000
100000
100000
100000
100000
100000
100000
100000
100000
100000
100000
100000
100000
100000
100000
100000
100000
100000
100000
100000
100000
100000
100000
100000
100000
100000
100000
100000
100000
100000
100000
100000
100000
100000
100000
100000
100000
100000
100000
100000
100000
100000
100000
100000
100000
100000
100000
100000
100000
100000
100000
100000
100000
100000
100000
100000
100000
100000
100000
100000
100000
100000
100000
100000
100000
100000
100000
100000
100000
100000
100000
100000
100000
100000
100000
100000
100000
100000
100000
100000
100000
100000
100000
100000
100000
100000
100000
100000
100000
100000
100000
100000
100000
100000
100000
100000
100000
100000
100000
100000
100000
100000
100000
100000
100000
100000
100000
100000
100000
100000
100000
100000
100000
100000
100000
100000
100000
100000
100000
100000
100000
100000
100000
100000
100000
100000
100000
100000
100000
100000
100000
100000
100000
100000
100000
100000
100000
100000
100000
100000
100000
100000
100000
100000
100000
100000
100000
100000
100000
100000
100000
100000
100000
100000
100000
100000
100000
100000
100000
100000
100000
100000
100000
100000
100000
100000
100000
100000
100000
100000
100000
100000
100000
100000
100000
100000
100000
100000
100000
100000
100000
100000
100000
100000
100000
100000
100000
100000
100000
100000
100000
100000
100000
100000
100000
100000
100000
100000
100000
100000
100000
100000
100000
100000
100000
100000
100000
100000
100000
100000
100000
100000
100000
100000
100000
100000
100000
100000
100000
100000
100000
100000
100000
100000
100000
100000
100000
100000
100000
100000
100000
100000
100000
100000
100000
100000
100000
100000
100000
100000
100000
100000
100000
100000
100000
100000
100000
100000
100000
100000
100000
100000
100000
100000
100000
100000
100000
100000
100000
100000
100000
100000
100000
100000
100000
100000
100000
100000
100000
100000
100000
100000
100000
100000
100000
100000
100000
100000
100000
100000
100000
100000
100000
100000
100000
100000
100000
100000
100000
100000
100000
100000
100000
100000
100000
100000
100000
100000
100000
100000
100000
100000
100000
100000
100000
100000
100000
100000
100000
100000
100000
100000
100000
100000
100000
100000
100000
100000
100000
100000
100000
100000
100000
100000
100000
100000
100000
100000
100000
100000
100000
100000
100000
100000
100000
100000
100000
100000
100000
100000
100000
100000
100000
100000
100000
100000
100000
100000
100000
100000
100000
100000
100000
100000
100000
100000
100000
100000
100000
100000
100000
100000
100000
100000
100000
100000
100000
100000
100000
100000
100000
100000
100000
100000
100000
100000
100000
100000
100000
100000
100000
100000
100000
100000
100000
100000
100000
100000
100000
100000
100000
100000
100000
100000
100000
100000
100000
100000
100000
100000
100000
100000
100000
100000
100000
100000
100000
100000
100000
100000
100000
100000
100000
100000
100000
100000
100000
100000
100000
100000
100000
100000
100000
100000
100000
100000
100000
100000
100000
100000
100000
100000
100000
100000
100000
100000
100000
100000
100000
100000
100000
100000
100000
100000
100000
100000
100000
100000
100000
100000
100000
100000
100000
100000
100000
100000
100000
100000
100000
100000
100000
100000
100000
100000
100000
100000
100000
100000
100000
100000
100000
100000
100000
100000
100000
100000
100000
100000
100000
100000
100000
100000
100000
100000
100000
100000
100000
100000
100000
100000
100000
100000
100000
100000
100000
100000
100000
100000
100000
100000
100000
100000
100000
100000
100000
100000
100000
100000
100000
100000
100000
100000
100000
100000
100000
100000
100000
100000
100000
100000
100000
100000
100000
100000
100000
100000
100000
100000
100000
100000
100000
100000
100000
100000
100000
100000
100000
100000
100000
100000
100000
100000
100000
100000
100000
100000
100000
100000
100000
100000
100000
100000
100000
100000
100000
100000
100000
100000
100000
100000
100000
100000
100000
100000
100000
100000
100000
100000
100000
100000
100000
100000
100000
100000
100000
100000
100000
100000
100000
100000
100000
100000
100000
100000
100000
100000
100000
100000
100000
100000
100000
100000
100000
100000
100000
100000
100000
100000
100000
100000
100000
100000
100000
100000
100000
100000
100000
100000
100000
100000
100000
100000
100000
100000
100000
100000
100000
100000
100000
100000
100000
100000
100000
100000
100000
100000
100000
100000
100000
100000
100000
100000
100000
100000
100000
100000
100000
100000
100000
100000
100000
100000
100000
100000
100000
100000
100000
100000
100000
100000
100000
100000
100000
100000
100000
100000
100000
100000
100000
100000
100000
100000
100000
100000
100000
100000
100000
100000
100000
100000
100000
100000
100000
100000
100000
100000
100000
100000
100000
100000
100000
100000
100000
100000
100000
100000
100000
100000
100000
100000
100000
100000
100000
100000
100000
100000
100000
100000
100000
100000
100000
100000
100000
100000
100000
100000
100000
100000
100000
100000
100000
100000
100000
100000
100000
100000
100000
100000
100000
100000
100000
100000
100000
100000
100000
100000
100000
100000
100000
100000
100000
100000
100000
100000
100000
100000
100000
100000
100000
100000
100000
100000
100000
100000
100000
100000
100000
100000
100000
100000
100000
100000
100000
100000
100000
100000
100000
100000
100000
100000
100000
100000
100000
100000
100000
100000
100000
100000
100000
100000
100000
100000
100000
100000
100000
100000
100000
100000
100000
100000
100000
100000
100000
100000
100000
100000
100000
100000
100000
100000
100000
100000
100000
100000
100000
100000
100000
100000
100000
100000
100000
100000
100000
100000
100000
100000
100000
100000
100000
100000
100000
100000
100000
100000
100000
100000
100000
100000
100000
100000
100000
100000
100000
100000
100000
100000
100000
100000
100000
100000
100000
100000
100000
100000
100000
100000
100000
100000
100000
100000
100000
100000
100000
100000
100000
100000
100000
100000
100000
100000
100000
100000
100000
100000
100000
100000
100000
100000
100000
100000
100000
100000
100000
100000
100000
100000
100000
100000
100000
100000
100000
100000
100000
100000
100000
100000
100000
100000
100000
100000
100000
100000
100000
100000
100000
100000
100000
100000
100000
100000
100000
100000
100000
100000
100000
100000
100000
100000
100000
100000
100000
100000
100000
100000
100000
100000
100000
100000
100000
100000
100000
100000
100000
100000
100000
100000
100000
100000
100000
100000
100000
100000
100000
100000
100000
100000
100000
100000
100000
100000
100000
100000
100000
100000
100000
100000
100000
100000
100000
100000
100000
100000
100000
100000
100000
100000
100000
100000
100000
100000
100000
100000
100000
100000
100000
100000
100000
100000
100000
100000
100000
100000
100000
100000
100000
100000
100000
100000
100000
100000
100000
100000
100000
100000
100000
100000
100000
100000
100000
100000
100000
100000
100000
100000
100000
100000
100000
100000
100000
100000
100000
100000
100000
100000
100000
100000
100000
100000
100000
100000
100000
100000
100000
100000
100000
100000
100000
100000
100000
100000
100000
100000
100000
100000
100000
100000
100000
100000
100000
100000
100000
100000
100000
100000
100000
100000
100000
100000
100000
100000
100000
100000
100000
100000
100000
100000
100000
100000
100000
100000
100000
100000
100000
100000
100000
100000
100000
100000
100000
100000
100000
100000
100000
100000
100000
100000
100000
100000
100000
100000
100000
100000
100000
100000
100000
100000
100000
100000
100000
100000
100000
100000
100000
100000
100000
100000
100000
100000
100000
100000
100000
100000
100000
100000
100000
100000
100000
100000
100000
100000
100000
100000
100000
100000
100000
100000
100000
100000
100000
100000
100000
100000
100000
100000
100000
100000
100000
100000
100000
100000
100000
100000
100000
100000
100000
100000
100000
100000
100000
100000
100000
100000
100000
100000
100000
100000
100000
100000
100000
100000
100000
100000
100000
100000
100000
100000
100000
100000
100000
100000
100000
100000
100000
100000
100000
100000
100000
100000
100000
100000
100000
100000
100000
100000
100000
100000
100000
100000
100000
100000
100000
100000
100000
100000
100000
100000
100000
100000
100000
100000
100000
100000
100000
100000
100000
100000
100000
100000
100000
100000
100000
100000
100000
100000
100000
100000
100000
100000
100000
100000
100000
100000
100000
100000
100000
100000
100000
100000
100000
100000
100000
100000
100000
100000
100000
100000
100000
100000
100000
100000
100000
100000
100000
100000
100000
100000
100000
100000
100000
100000
100000
100000
100000
100000
100000
100000
100000
100000
100000
100000
100000
100000
100000
100000
100000
100000
100000
100000
100000
100000
100000
100000
100000
100000
100000
100000
100000
100000
100000
100000
100000
100000
100000
100000
100000
100000
100000
100000
100000
100000
100000
100000
100000
100000
100000
100000
100000
100000
100000
100000
100000
100000
100000
100000
100000
100000
100000
100000
100000
100000
100000
100000
100000
100000
100000
100000
100000
100000
100000
100000
100000
100000
100000
100000
100000
100000
100000
100000
100000
100000
100000
100000
100000
100000
100000
100000
100000
100000
100000
100000
100000
100000
100000
100000
100000
100000
100000
100000
100000
100000
100000
100000
100000
100000
100000
100000
100000
100000
100000
100000
100000
100000
100000
100000
100000
100000
100000
100000
100000
100000
100000
100000
100000
100000
100000
100000
100000
100000
100000
100000
100000
100000
100000
100000
100000
100000
100000
100000
100000
100000
100000
100000
100000
100000
100000
100000
100000
100000
100000
100000
100000
100000
100000
100000
100000
100000
100000
100000
100000
100000
100000
100000
100000
100000
100000
100000
100000
100000
100000
100000
100000
100000
100000
100000
100000
100000
100000
100000
100000
100000
100000
100000
100000
100000
100000
100000
100000
100000
100000
100000
100000
100000
100000
100000
100000
100000
100000
100000
100000
100000
100000
100000
100000
100000
100000
100000
100000
100000
100000
100000
100000
100000
100000
100000
100000
100000
100000
100000
100000
100000
100000
100000
100000
100000
100000
100000
100000
100000
100000
100000
100000
100000
100000
100000
100000
100000
100000
100000
100000
100000
100000
100000
100000
100000
100000
100000
100000
100000
100000
100000
100000
100000
100000
100000
100000
100000
100000
100000
100000
100000
100000
100000
100000
100000
100000
100000
100000
100000
100000
100000
100000
100000
100000
100000
100000
100000
100000
100000
100000
100000
100000
100000
100000
100000
100000
100000
100000
100000
100000
100000
100000
100000
100000
100000
100000
100000
100000
100000
100000
100000
100000
100000
100000
100000
100000
100000
100000
100000
100000
100000
100000
100000
100000
100000
100000
100000
100000
100000
100000
100000
100000
100000
100000
100000
100000
100000
100000
100000
100000
100000
100000
100000
100000
100000
100000
100000
100000
100000
100000
100000
100000
100000
100000
100000
100000
100000
100000
100000
100000
100000
100000
100000
100000
100000
100000
100000
100000
100000
100000
100000
100000
100000
100000
100000
100000
100000
100000
100000
100000
100000
100000
100000
100000
100000
100000
100000
100000
100000
100000
100000
100000
100000
100000
100000
100000
100000
100000
100000
100000
100000
100000
100000
100000
100000
100000
100000
100000
100000
100000
100000
100000
100000
100000
100000
100000
100000
100000
100000
100000
100000
100000
100000
100000
100000
100000
100000
100000
100000
100000
100000
100000
100000
100000
100000
100000
100000
100000
100000
100000
100000
100000
100000
100000
100000
100000
100000
100000
100000
100000
100000
100000
100000
100000
100000
100000
100000
100000
100000
100000
100000
100000
100000
100000
100000
100000
100000
100000
100000
100000
100000
100000
100000
100000
100000
100000
100000
100000
100000
100000
100000
100000
100000
100000
100000
100000
100000
100000
100000
100000
100000
100000
100000
100000
100000
100000
100000
100000
100000
100000
100000
100000
100000
100000
100000
100000
100000
100000
100000
100000
100000
100000
100000
100000
100000
100000
100000
100000
100000
100000
100000
100000
100000
100000
100000
100000
100000
100000
100000
100000
100000
100000
100000
100000
100000
100000
100000
100000
100000
100000
100000
100000
100000
100000
100000
100000
100000
100000
100000
100000
100000
100000
100000
100000
100000
100000
100000
100000
100000
100000
100000
100000
100000
100000
100000
100000
100000
100000
100000
100000
100000
100000
100000
100000
100000
100000
100000
100000
100000
100000
100000
100000
100000
100000
100000
100000
100000
100000
100000
100000
100000
100000
100000
100000
100000
100000
100000
100000
100000
100000
100000
100000
100000
100000
100000
100000
100000
100000
100000
100000
100000
100000
100000
100000
100000
100000
100000
100000
100000
100000
100000
100000
100000
100000
100000
100000
100000
100000
100000
100000
100000
100000
100000
100000
100000
100000
100000
100000
100000
100000
100000
100000
100000
100000
100000
100000
100000
100000
100000
100000
100000
100000
100000
100000
100000
100000
100000
100000
100000
100000
100000
100000
100000
100000
100000
100000
100000
100000
100000
100000
100000
100000
100000
100000
100000
100000
100000
100000
100000
100000
100000
100000
100000
100000
100000
100000
100000
100000
100000
100000
100000
100000
100000
100000
100000
100000
100000
100000
100000
100000
100000
100000
100000
100000
100000
100000
100000
100000
100000
100000
100000
100000
100000
100000
100000
100000
100000
100000
100000
100000
100000
100000
100000
100000
100000
100000
100000
100000
100000
100000
100000
100000
100000
100000
100000
100000
100000
100000
100000
100000
100000
100000
100000
100000
100000
100000
100000
100000
100000
100000
100000
100000
100000
100000
100000
100000
100000
100000
100000
100000
100000
100000
100000
100000
100000
100000
100000
100000
100000
100000
100000
100000
100000
100000
100000
100000
100000
100000
100000
100000
100000
100000
100000
100000
100000
100000
100000
100000
100000
100000
100000
100000
100000
100000
100000
100000
100000
100000
100000
100000
100000
100000
100000
100000
100000
100000
100000
100000
100000
100000
100000
100000
100000
100000
100000
100000
100000
100000
100000
100000
100000
100000
100000
100000
100000
100000
100000
100000
100000
100000
100000
100000
100000
100000
100000
100000
100000
100000
100000
100000
100000
100000
100000
100000
100000
100000
100000
100000
100000
100000
100000
100000
100000
100000
100000
100000
100000
100000
100000
100000
100000
100000
100000
100000
100000
100000
100000
100000
100000
100000
100000
100000
100000
100000
100000
100000
100000
100000
100000
100000
100000
100000
100000
100000
100000
100000
100000
100000
100000
100000
100000
100000
100000
100000
100000
100000
100000
100000
100000
100000
100000
100000
100000
100000
100000
100000
100000
100000
100000
100000
100000
100000
100000
100000
100000
100000
100000
100000
100000
100000
100000
100000
100000
100000
100000
100000
100000
100000
100000
100000
100000
100000
100000
100000
100000
100000
100000
100000
100000
100000
100000
100000
100000
100000
100000
100000
100000
100000
100000
100000
100000
100000
100000
100000
100000
100000
100000
100000
100000
100000
100000
100000
100000
100000
100000
100000
100000
100000
100000
100000
100000
100000
100000
100000
100000
100000
100000
100000
100000
100000
100000
100000
100000
100000
100000
100000
100000
100000
100000
100000
100000
100000
100000
100000
100000
100000
100000
100000
100000
100000
100000
100000
100000
100000
100000
100000
100000
100000
100000
100000
100000
100000
100000
100000
100000
100000
100000
100000
100000
100000
100000
100000
100000
100000
100000
100000
100000
100000
100000
100000
100000
100000
100000
100000
100000
100000
100000
100000
100000
100000
100000
100000
100000
100000
100000
100000
100000
100000
100000
100000
100000
100000
100000
100000
100000
100000
100000
100000
100000
100000
100000
100000
100000
100000
100000
100000
100000
100000
100000
100000
100000
100000
100000
100000
100000
100000
100000
100000
100000
100000
100000
100000
100000
100000
100000
100000
100000
100000
100000
100000
100000
100000
99394.5
99411.4
99432.3
99436.3
99441.5
99441.1
99440.9
99438.6
99436.3
99431.8
99429.9
99419.5
99431.9
99395.6
99501.6
99412.5
99414.2
99435.7
99436.8
99441.5
99440.6
99440.2
99437.8
99435.4
99430.9
99428.5
99418.7
99428.3
99394.7
99451.5
99437.8
99435.9
99441.9
99441.3
99443.1
99441.5
99440.4
99437.7
99434.8
99430.1
99427.1
99417.2
99425.1
99395
99449.7
99446.7
99443.1
99446.4
99444.2
99444.4
99441.9
99440
99436.8
99433.5
99428.5
99424.6
99415.2
99418.3
99390.9
99415.1
99468.1
99460.1
99455.7
99450.8
99447.8
99444
99440.7
99436.7
99432.5
99426.9
99421.9
99412.6
99412.7
99388.2
99409
99472.4
99465
99459.6
99454.1
99449.8
99445.1
99440.8
99435.9
99430.7
99424.4
99418.3
99408.6
99404.9
99383.3
99386.4
99483.1
99474
99466.1
99458.9
99452.7
99446.6
99440.8
99434.9
99428.6
99421.4
99414.1
99404.2
99397.9
99378.4
99376.7
99483.8
99475.8
99468.3
99461.1
99454.3
99447.5
99440.7
99433.7
99426.2
99417.7
99408.8
99397.8
99388.3
99369.5
99359.7
99492.2
99483.3
99474.5
99466
99457.6
99449.3
99441
99432.4
99423.5
99413.8
99403.6
99392
99380.8
99363
99350.4
99483.1
99474.6
99466.1
99457.7
99449.2
99440.6
99431.9
99423
99413.7
99403.7
99393.1
99381.2
99368.7
99351.2
99336.8
99489.2
99481.5
99473.4
99464.9
99456
99446.5
99436.5
99425.8
99414.4
99401.8
99388.1
99372.7
99355.9
99335.3
99316.8
99497.5
99488.4
99478.9
99468.9
99458.5
99447.3
99435.5
99422.9
99409.6
99395.3
99380.1
99363.8
99347.1
99328.5
99313
99451.7
99441.4
99431.1
99420.7
99410.1
99399.4
99388.7
99377.8
99366.9
99355.9
99344.9
99334
99323.3
99311.3
99301.5
99446.4
99439.2
99431.4
99423.3
99414.6
99405.5
99395.9
99385.8
99375
99363.3
99350.2
99335.1
99317.1
99294.1
99267.8
99517.1
99510.7
99503.5
99495.3
99486
99475.4
99463.3
99449.2
99432.9
99413.8
99391.1
99364
99331.2
99291.6
99247.3
99447.7
99435.9
99423.7
99410.6
99396.6
99381.4
99364.9
99346.7
99326.7
99304.5
99280
99253.2
99223.9
99193.2
99163.5
99249.8
99231.8
99213.5
99194.7
99175.4
99155.7
99135.5
99115
99094.3
99073.7
99053.6
99034.8
99018
99006.1
98998.4
99209.2
99190.8
99171.4
99151.8
99131.6
99111.2
99090.8
99070.5
99050.8
99031.9
99014.6
98999.3
98986.5
98978.6
98972
99414.9
99401.6
99387.1
99372.2
99356.8
99341
99324.8
99308.6
99292.3
99276.3
99260.8
99246.1
99232
99220.2
99205.6
99689
99682
99673.9
99665.7
99657
99647.8
99638.3
99628.5
99618.2
99607.7
99596.8
99585.5
99573.8
99562.3
99546.9
99877.3
99874.5
99871.1
99867.7
99864
99860
99855.8
99851.3
99846.5
99841.3
99835.8
99829.7
99823.1
99816.1
99806.8
99963.1
99962.2
99961.1
99960
99958.8
99957.5
99956.1
99954.6
99952.9
99951
99948.9
99946.6
99943.9
99941.1
99937.3
99991.3
99991.1
99990.9
99990.6
99990.3
99989.9
99989.6
99989.2
99988.7
99988.2
99987.6
99986.9
99986.2
99985.3
99984.2
99998.4
99998.3
99998.3
99998.2
99998.2
99998.1
99998
99998
99997.9
99997.7
99997.6
99997.5
99997.3
99997.1
99996.9
99999.8
99999.8
99999.7
99999.7
99999.7
99999.7
99999.7
99999.7
99999.7
99999.7
99999.6
99999.6
99999.6
99999.5
99999.5
100000
100000
100000
100000
100000
100000
100000
100000
100000
100000
100000
100000
99999.9
99999.9
99999.9
100000
100000
100000
100000
100000
100000
100000
100000
100000
100000
100000
100000
100000
100000
100000
100000
100000
100000
100000
100000
100000
100000
100000
100000
100000
100000
100000
100000
100000
100000
100000
100000
100000
100000
100000
100000
100000
100000
100000
100000
100000
100000
100000
100000
100000
100000
100000
100000
100000
100000
100000
100000
100000
100000
100000
100000
100000
100000
100000
100000
100000
100000
100000
100000
100000
100000
100000
100000
100000
100000
100000
100000
100000
100000
100000
100000
100000
100000
100000
100000
100000
100000
100000
100000
100000
100000
100000
100000
100000
100000
100000
100000
100000
100000
100000
100000
100000
100000
100000
100000
100000
100000
100000
100000
100000
100000
100000
100000
100000
100000
100000
100000
100000
100000
100000
100000
100000
100000
100000
100000
100000
100000
100000
100000
100000
100000
100000
100000
100000
100000
100000
100000
100000
100000
100000
100000
100000
100000
100000
100000
100000
100000
100000
100000
100000
100000
100000
100000
100000
100000
100000
100000
100000
100000
100000
100000
100000
100000
100000
100000
100000
100000
100000
100000
100000
100000
100000
100000
100000
100000
100000
100000
100000
100000
100000
100000
100000
100000
100000
100000
100000
100000
100000
100000
100000
100000
100000
100000
100000
100000
100000
100000
100000
100000
100000
100000
100000
100000
100000
100000
100000
100000
100000
100000
100000
100000
100000
100000
100000
100000
100000
100000
100000
100000
100000
100000
100000
100000
100000
100000
100000
100000
100000
100000
100000
100000
100000
100000
100000
100000
100000
100000
100000
100000
100000
100000
100000
100000
100000
100000
100000
100000
100000
100000
100000
100000
100000
100000
100000
100000
100000
100000
100000
100000
100000
100000
100000
100000
100000
100000
100000
100000
100000
100000
100000
100000
100000
100000
100000
100000
100000
100000
100000
100000
100000
100000
100000
100000
100000
100000
100000
100000
100000
100000
100000
100000
100000
100000
100000
100000
100000
100000
100000
100000
100000
100000
100000
100000
100000
100000
100000
100000
100000
100000
100000
100000
100000
100000
100000
100000
100000
100000
100000
100000
100000
100000
100000
100000
100000
100000
100000
100000
100000
100000
100000
100000
100000
100000
100000
100000
100000
100000
100000
100000
100000
100000
100000
100000
100000
100000
100000
100000
100000
100000
100000
100000
100000
100000
100000
100000
100000
100000
100000
100000
100000
100000
100000
100000
100000
100000
100000
100000
100000
100000
100000
100000
100000
100000
100000
100000
100000
100000
100000
100000
100000
100000
100000
100000
100000
100000
100000
100000
100000
100000
100000
100000
100000
100000
100000
100000
100000
100000
100000
100000
100000
100000
100000
100000
100000
100000
100000
100000
100000
100000
100000
100000
100000
100000
100000
100000
100000
100000
100000
100000
100000
100000
100000
100000
100000
100000
100000
100000
100000
100000
100000
100000
100000
100000
100000
100000
100000
100000
100000
100000
100000
100000
100000
100000
100000
100000
100000
100000
100000
100000
100000
100000
100000
100000
100000
100000
100000
100000
100000
100000
100000
100000
100000
100000
100000
100000
100000
100000
100000
100000
100000
100000
100000
100000
100000
100000
100000
100000
100000
100000
100000
100000
100000
100000
100000
100000
100000
100000
100000
100000
100000
100000
100000
100000
100000
100000
100000
100000
100000
100000
100000
100000
100000
100000
100000
100000
100000
100000
100000
100000
100000
100000
100000
100000
100000
100000
99375.2
99371.3
99327.9
99314.7
99266.4
99188.8
99088.1
99030
99042.2
99121.3
99215.5
99267.4
99251.7
99202.6
99161.6
99149
99160.9
99187.4
99222
99262
99307.4
99359
99418.8
99489.4
99574.9
99678.1
99792.9
99915.4
100046
100186
100332
100492
100658
100824
100973
101076
101107
101075
101035
101023
101031
101052
101071
101101
101145
101203
101282
101363
101455
101513
99368.7
99366
99324.5
99310.8
99259.2
99180.3
99081.6
99030
99048.3
99130.3
99222.3
99269
99249.8
99200.1
99160.8
99149.9
99162.9
99190
99224.8
99265
99310.5
99362.4
99422.4
99493.5
99579.6
99683.6
99799.9
99924
100056
100198
100347
100510
100678
100846
100994
101092
101114
101077
101038
101032
101045
101070
101094
101132
101182
101245
101320
101400
101460
101493
99368.9
99363.8
99323.8
99309.9
99257.1
99176.6
99077.8
99028
99048.2
99131.8
99223.9
99270
99249.4
99199.3
99159.9
99149.8
99163.1
99190.3
99225.2
99265.5
99311
99363
99423.1
99494.2
99580.6
99684.8
99801.1
99925.2
100058
100199
100349
100512
100680
100848
100996
101092
101112
101074
101040
101035
101049
101074
101098
101136
101187
101250
101321
101386
101442
101473
99360.6
99355.1
99318.9
99304.2
99249.1
99167.5
99073.1
99029
99056.6
99142.6
99231.6
99271.1
99246.9
99196.8
99159.6
99150.8
99165.3
99193.1
99228.2
99268.6
99314.3
99366.4
99426.8
99498.4
99585.4
99690.6
99808.4
99934.2
100069
100213
100366
100530
100702
100872
101018
101108
101120
101079
101045
101044
101063
101093
101121
101165
101219
101281
101343
101398
101435
101453
99358
99349.8
99316.5
99299.9
99242.7
99158.4
99065.7
99027.7
99058.8
99147.1
99235.5
99272.2
99245.4
99194.7
99158.3
99151
99166.2
99194.3
99229.5
99270
99315.7
99367.9
99428.5
99500.2
99587.6
99693.2
99811.4
99937.7
100073
100217
100370
100537
100710
100880
101024
101111
101120
101077
101049
101051
101073
101103
101131
101176
101230
101287
101341
101387
101416
101432
99349.3
99339.6
99310.3
99291.3
99231.7
99147.2
99059.8
99029.4
99068.9
99159
99242.2
99272.5
99241.5
99191.3
99157.4
99151.9
99168.2
99196.9
99232.3
99272.9
99318.9
99371.4
99432.3
99504.7
99592.8
99699.4
99819
99946.9
100084
100231
100388
100556
100731
100903
101046
101126
101127
101084
101057
101062
101088
101122
101153
101201
101253
101305
101350
101384
101405
101415
99343.9
99332.2
99305.9
99283.1
99220.2
99133.6
99052
99031.3
99077.6
99169.8
99249.8
99273.4
99238.8
99188.2
99156
99152.8
99170.3
99199.3
99234.9
99275.5
99321.4
99373.9
99434.8
99507.3
99595.9
99703.3
99823.9
99953
100091
100238
100395
100567
100744
100916
101058
101135
101130
101085
101062
101073
101103
101137
101169
101214
101262
101308
101345
101373
101389
101398
99332.9
99319.6
99295.3
99268.1
99201.2
99114.7
99041.8
99032.9
99087.4
99180
99253.9
99270.6
99231.7
99182.4
99153.5
99152.8
99171.8
99201.7
99237.9
99279
99325.4
99378.4
99439.8
99512.9
99602.2
99710.5
99832.4
99963.3
100104
100256
100418
100590
100770
100943
101081
101150
101136
101092
101072
101088
101120
101155
101190
101235
101279
101318
101346
101367
101378
101385
99326.7
99312.1
99288.9
99256
99185.3
99099.6
99037.5
99041
99104.2
99196.8
99263.6
99270.4
99226.8
99178.1
99152
99153.6
99173.6
99203.7
99239.8
99280.8
99327.2
99380.3
99442.2
99516
99606.5
99716.2
99839.2
99970.9
100112
100263
100423
100600
100783
100956
101094
101161
101142
101099
101084
101105
101140
101175
101209
101251
101286
101317
101339
101356
101364
101370
99316
99299.9
99275.5
99235.5
99160.9
99079.4
99032.2
99051.6
99123.4
99214.2
99270.3
99266.4
99219.2
99173.1
99151.6
99156.7
99178.8
99209.9
99246.3
99287.4
99333.8
99386.9
99448.6
99522.3
99612.9
99723.7
99849.4
99985.2
100130
100287
100456
100635
100820
100995
101127
101182
101155
101111
101098
101123
101157
101188
101220
101260
101291
101318
101336
101351
101358
101362
99294.9
99276.4
99247.5
99198.8
99121.4
99049.5
99020.4
99055.9
99135.6
99221.7
99266.7
99251.3
99201.7
99159.7
99144
99153.1
99176.9
99209
99246.3
99288.4
99335.9
99390.4
99453.7
99529
99621.1
99732.7
99857.9
99992.8
100139
100296
100464
100645
100833
101008
101137
101188
101156
101115
101110
101141
101179
101212
101243
101283
101309
101329
101342
101354
101358
101363
99295.8
99278
99245.4
99187.8
99111.9
99054.3
99048.1
99098.4
99179.7
99254.8
99280.9
99252.2
99199.7
99160.2
99148.8
99160.1
99184.2
99215.5
99251.6
99292.6
99339.1
99392.7
99455.7
99531.4
99625.2
99740.2
99870.1
100009
100158
100317
100491
100677
100868
101046
101174
101219
101185
101145
101146
101182
101217
101241
101261
101289
101306
101319
101326
101334
101337
101340
99285
99258.1
99210.7
99141.9
99072.3
99036
99052.7
99119.3
99204.6
99267.8
99275.8
99236.5
99186.2
99156.7
99153.9
99170
99196.9
99229.5
99266.3
99307.4
99353.7
99406.9
99469
99543.5
99636.1
99750.3
99882.3
100026
100181
100348
100527
100718
100915
101093
101214
101249
101209
101159
101154
101183
101211
101229
101245
101275
101292
101310
101321
101335
101338
101339
99229
99177.7
99110.1
99039.3
98988.9
98988
99037.3
99119.8
99200.5
99242.9
99229.6
99181.6
99137.5
99119
99124.6
99146.6
99177.4
99213.7
99254.5
99299.9
99350.6
99407.9
99474.2
99552.7
99649
99765
99894.1
100033
100185
100350
100527
100718
100913
101089
101209
101234
101187
101146
101154
101201
101244
101277
101306
101347
101368
101387
101396
101406
101405
101408
99192.5
99136.4
99082.3
99045.9
99045.8
99088.7
99161
99237.6
99287.1
99286.6
99242.6
99188
99149.9
99137.1
99144.3
99163.7
99189.7
99220.5
99255.9
99296.6
99344
99399.8
99466.4
99547.3
99647.7
99770.7
99911
100060
100218
100388
100574
100772
100975
101161
101287
101322
101288
101256
101273
101318
101351
101363
101366
101377
101368
101363
101354
101351
101350
101358
99131.3
99105.1
99096.1
99110.8
99153.9
99215.7
99276.8
99319.3
99326
99295.6
99246.6
99205.9
99186.5
99187.7
99202.2
99224.5
99250.9
99280.2
99312.6
99348.9
99390.1
99438.3
99496.7
99569.8
99664.7
99785.1
99929
100087
100256
100440
100639
100849
101061
101250
101378
101414
101359
101297
101277
101287
101284
101261
101238
101237
101228
101237
101235
101243
101250
101244
98996.1
99001.1
99021.1
99056.4
99098.7
99138.9
99165.6
99173.3
99155.6
99124.2
99094.7
99082
99087.1
99107.3
99137.1
99172.6
99211.9
99254.4
99299.9
99348.9
99401.7
99459.6
99524.5
99600.2
99694
99810.3
99940.1
100083
100244
100419
100604
100801
101004
101180
101287
101287
101225
101154
101131
101159
101199
101231
101267
101322
101367
101423
101442
101473
101476
101446
98976
98990.7
99005.5
99025.7
99038.9
99045.1
99040.3
99023.9
98999.8
98977.3
98963.9
98964.4
98978.3
99002.1
99032.6
99068.1
99108.4
99153.5
99204.1
99260.9
99324.7
99396.8
99478.8
99573.8
99686.7
99818.4
99960.8
100110
100271
100440
100625
100827
101032
101224
101361
101412
101380
101348
101361
101436
101530
101609
101672
101731
101769
101807
101805
101830
101809
101808
99202.2
99207.4
99206.3
99204.9
99197.7
99185.5
99167.5
99146.1
99124.7
99108.2
99099.1
99098.1
99103.8
99114.4
99128.7
99146.3
99167.7
99193.7
99225.3
99264
99311.7
99371.1
99446
99541.3
99664.1
99816.7
99992.5
100178
100371
100579
100801
101039
101288
101529
101729
101853
101893
101876
101867
101885
101906
101907
101883
101849
101803
101766
101714
101716
101678
101742
99539.7
99537.3
99530.2
99522.1
99510.7
99497.2
99481.9
99466.6
99452.9
99441.9
99434.1
99429.2
99426.4
99425
99424.7
99425.4
99427.7
99432
99439.6
99451.8
99470.7
99499.4
99542.9
99608.3
99706
99843.5
100016
100205
100412
100637
100874
101126
101384
101631
101837
101967
102010
101975
101893
101802
101708
101604
101493
101386
101289
101212
101147
101135
101104
101193
99801.5
99798.5
99793.1
99787.2
99780.1
99772.3
99764.2
99756.4
99749.3
99743.2
99738
99733.3
99728.9
99724.5
99719.9
99715.3
99710.7
99706.6
99703.1
99701.3
99702.3
99708.4
99723.5
99753.6
99808.4
99897.3
100019
100164
100326
100504
100691
100885
101077
101253
101392
101471
101480
101419
101312
101188
101063
100944
100834
100738
100659
100599
100555
100543
100528
100595
99934.9
99933.4
99931.1
99928.6
99925.7
99922.7
99919.6
99916.7
99913.9
99911.4
99908.9
99906.5
99903.8
99901
99897.9
99894.4
99890.7
99886.8
99882.7
99878.9
99875.8
99874.4
99876.6
99885.8
99907.9
99949.5
100012
100091
100181
100282
100388
100495
100598
100687
100751
100779
100768
100718
100643
100558
100476
100403
100341
100289
100249
100220
100200
100194
100189
100222
99983.5
99983
99982.3
99981.6
99980.7
99979.9
99979
99978.1
99977.3
99976.5
99975.7
99974.8
99973.8
99972.7
99971.5
99970.1
99968.5
99966.7
99964.8
99962.7
99960.7
99959.1
99958.4
99960.2
99966.7
99981.2
100005
100036
100074
100115
100159
100203
100242
100275
100296
100302
100292
100266
100231
100194
100159
100129
100105
100086
100072
100062
100056
100054
100052
100064
99996.7
99996.6
99996.4
99996.3
99996.1
99995.9
99995.7
99995.5
99995.3
99995.1
99994.9
99994.7
99994.4
99994.1
99993.8
99993.4
99992.9
99992.4
99991.8
99991.1
99990.4
99989.7
99989.2
99989.3
99990.8
99994.7
100002
100011
100022
100035
100049
100062
100074
100083
100088
100088
100084
100075
100063
100051
100041
100032
100025
100020
100016
100014
100012
100012
100011
100015
99999.5
99999.5
99999.4
99999.4
99999.4
99999.3
99999.3
99999.3
99999.2
99999.2
99999.2
99999.1
99999.1
99999
99998.9
99998.8
99998.8
99998.6
99998.5
99998.3
99998.2
99998
99997.8
99997.8
99998
99998.8
100000
100003
100005
100008
100012
100015
100017
100019
100020
100020
100019
100016
100013
100011
100008
100006
100005
100004
100003
100002
100002
100002
100002
100003
99999.9
99999.9
99999.9
99999.9
99999.9
99999.9
99999.9
99999.9
99999.9
99999.9
99999.9
99999.9
99999.9
99999.9
99999.9
99999.8
99999.8
99999.8
99999.8
99999.8
99999.7
99999.7
99999.7
99999.6
99999.7
99999.8
100000
100000
100001
100002
100002
100003
100003
100004
100004
100004
100003
100003
100002
100002
100001
100001
100001
100001
100000
100000
100000
100000
100000
100000
100000
100000
100000
100000
100000
100000
100000
100000
100000
100000
100000
100000
100000
100000
100000
100000
100000
100000
100000
100000
100000
100000
100000
100000
100000
100000
100000
100000
100000
100000
100000
100000
100000
100001
100001
100000
100000
100000
100000
100000
100000
100000
100000
100000
100000
100000
100000
100000
100000
100000
100000
100000
100000
100000
100000
100000
100000
100000
100000
100000
100000
100000
100000
100000
100000
100000
100000
100000
100000
100000
100000
100000
100000
100000
100000
100000
100000
100000
100000
100000
100000
100000
100000
100000
100000
100000
100000
100000
100000
100000
100000
100000
100000
100000
100000
100000
100000
100000
100000
100000
100000
100000
100000
100000
100000
100000
100000
100000
100000
100000
100000
100000
100000
100000
100000
100000
100000
100000
100000
100000
100000
100000
100000
100000
100000
100000
100000
100000
100000
100000
100000
100000
100000
100000
100000
100000
100000
100000
100000
100000
100000
100000
100000
100000
100000
100000
100000
100000
100000
100000
100000
100000
100000
100000
100000
100000
100000
100000
100000
100000
100000
100000
100000
100000
100000
100000
100000
100000
100000
100000
100000
100000
100000
100000
100000
100000
100000
100000
100000
100000
100000
100000
100000
100000
100000
100000
100000
100000
100000
100000
100000
100000
100000
100000
100000
100000
100000
100000
100000
100000
100000
100000
100000
100000
100000
100000
100000
100000
100000
100000
100000
100000
100000
100000
100000
100000
100000
100000
100000
100000
100000
100000
100000
100000
100000
100000
100000
100000
100000
100000
100000
100000
100000
100000
100000
100000
100000
100000
100000
100000
100000
100000
100000
100000
100000
100000
100000
100000
100000
100000
100000
100000
100000
100000
100000
100000
100000
100000
100000
100000
100000
100000
100000
100000
100000
100000
100000
100000
100000
100000
100000
100000
100000
100000
100000
100000
100000
100000
100000
100000
100000
100000
100000
100000
100000
100000
100000
100000
100000
100000
100000
100000
100000
100000
100000
100000
100000
100000
100000
100000
100000
100000
100000
100000
100000
100000
100000
100000
100000
100000
100000
100000
100000
100000
100000
100000
100000
100000
100000
100000
100000
100000
100000
100000
100000
100000
100000
100000
100000
100000
100000
100000
100000
100000
100000
100000
100000
100000
100000
100000
100000
100000
100000
100000
100000
100000
100000
100000
100000
100000
100000
100000
100000
100000
100000
100000
100000
100000
100000
100000
100000
100000
100000
100000
100000
100000
100000
100000
100000
100000
100000
100000
100000
100000
100000
100000
100000
100000
100000
100000
100000
100000
100000
100000
100000
100000
100000
100000
100000
100000
100000
100000
100000
100000
100000
100000
100000
100000
100000
100000
100000
100000
100000
100000
100000
100000
100000
100000
100000
100000
100000
100000
100000
100000
100000
100000
100000
100000
100000
100000
100000
100000
100000
100000
100000
100000
100000
100000
100000
100000
100000
100000
100000
100000
100000
100000
100000
100000
100000
100000
100000
100000
100000
100000
100000
100000
100000
100000
100000
100000
100000
100000
100000
100000
100000
100000
100000
100000
100000
100000
100000
100000
100000
100000
100000
100000
100000
100000
100000
100000
100000
100000
100000
100000
100000
100000
100000
100000
100000
100000
100000
100000
100000
100000
100000
100000
100000
100000
100000
100000
100000
100000
100000
100000
100000
100000
100000
100000
100000
100000
100000
100000
100000
100000
100000
100000
100000
100000
100000
100000
100000
100000
100000
100000
100000
100000
100000
100000
100000
100000
100000
100000
100000
100000
100000
100000
100000
100000
100000
100000
100000
100000
100000
100000
100000
100000
100000
100000
100000
100000
100000
100000
100000
100000
100000
100000
100000
100000
100000
100000
100000
100000
100000
100000
100000
100000
100000
100000
100000
100000
100000
100000
100000
100000
100000
100000
100000
100000
100000
100000
100000
100000
100000
100000
100000
100000
100000
100000
100000
100000
100000
100000
100000
100000
100000
100000
100000
100000
100000
100000
100000
100000
100000
100000
100000
100000
100000
100000
100000
100000
100000
100000
100000
100000
100000
100000
100000
100000
100000
100000
100000
100000
100000
100000
100000
100000
100000
100000
100000
100000
100000
100000
100000
100000
100000
100000
100000
100000
100000
100000
100000
100000
100000
100000
100000
100000
100000
100000
100000
100000
100000
100000
100000
100000
100000
100000
100000
100000
100000
100000
100000
100000
100000
100000
100000
100000
100000
100000
100000
100000
100000
100000
100000
100000
100000
100000
100000
100000
100000
100000
100000
100000
100000
100000
100000
100000
100000
100000
100000
100000
100000
100000
100000
100000
100000
100000
100000
100000
100000
100000
100000
100000
100000
100000
100000
100000
100000
100000
100000
100000
100000
100000
100000
100000
100000
100000
100000
100000
100000
100000
100000
100000
100000
100000
100000
100000
100000
100000
100000
100000
100000
100000
100000
100000
100000
100000
100000
100000
100000
100000
100000
100000
100000
100000
100000
100000
100000
100000
100000
100000
100000
100000
100000
100000
100000
100000
100000
100000
100000
100000
100000
100000
100000
100000
100000
100000
100000
100000
100000
100000
100000
100000
100000
100000
100000
100000
100000
100000
100000
100000
100000
100000
100000
100000
100000
100000
100000
100000
100000
100000
100000
100000
100000
100000
100000
100000
100000
100000
100000
100000
100000
100000
100000
100000
100000
100000
100000
100000
100000
100000
100000
100000
100000
100000
100000
100000
100000
100000
100000
100000
100000
100000
100000
100000
100000
100000
100000
100000
100000
100000
100000
100000
100000
100000
100000
100000
100000
100000
100000
100000
100000
100000
100000
100000
100000
100000
100000
100000
100000
100000
100000
100000
100000
100000
100000
100000
100000
100000
100000
100000
100000
100000
100000
100000
100000
100000
100000
100000
100000
100000
100000
100000
100000
100000
100000
100000
100000
100000
100000
100000
100000
100000
100000
100000
100000
100000
100000
100000
100000
100000
100000
100000
100000
100000
100000
100000
100000
100000
100000
100000
100000
100000
100000
100000
100000
100000
100000
100000
100000
100000
100000
100000
100000
100000
100000
100000
100000
100000
100000
100000
100000
100000
100000
100000
100000
100000
100000
100000
100000
100000
100000
100000
100000
100000
100000
100000
100000
100000
100000
100000
100000
100000
100000
100000
100000
100000
100000
100000
100000
100000
100000
100000
100000
100000
100000
100000
100000
100000
100000
100000
100000
100000
100000
100000
100000
100000
100000
100000
100000
100000
100000
100000
100000
100000
100000
100000
100000
100000
100000
100000
100000
100000
100000
100000
100000
100000
100000
100000
100000
100000
100000
100000
100000
100000
100000
100000
100000
100000
100000
100000
100000
100000
100000
100000
100000
100000
100000
100000
100000
100000
100000
100000
100000
100000
100000
100000
100000
100000
100000
100000
100000
100000
100000
100000
100000
100000
100000
100000
100000
100000
100000
100000
100000
100000
100000
100000
100000
100000
100000
100000
100000
100000
100000
100000
100000
100000
100000
100000
100000
100000
100000
100000
100000
100000
100000
100000
100000
100000
100000
100000
100000
100000
100000
100000
100000
100000
100000
100000
100000
100000
100000
100000
100000
100000
100000
100000
100000
100000
100000
100000
100000
100000
100000
100000
100000
100000
100000
100000
100000
100000
100000
100000
100000
100000
100000
100000
100000
100000
100000
100000
100000
100000
100000
100000
100000
100000
100000
100000
100000
100000
100000
100000
100000
100000
100000
100000
100000
100000
100000
100000
100000
100000
100000
100000
100000
100000
100000
100000
100000
100000
100000
100000
100000
100000
100000
100000
100000
100000
100000
100000
100000
100000
100000
100000
100000
100000
100000
100000
100000
100000
100000
100000
100000
100000
100000
100000
100000
100000
100000
100000
100000
100000
100000
100000
100000
100000
100000
100000
100000
100000
100000
100000
100000
100000
100000
100000
100000
100000
100000
100000
100000
100000
100000
100000
100000
100000
100000
100000
100000
100000
100000
100000
100000
100000
100000
100000
100000
100000
100000
100000
100000
100000
100000
100000
100000
100000
100000
100000
100000
100000
100000
100000
100000
100000
100000
100000
100000
100000
100000
100000
100000
100000
100000
100000
100000
100000
100000
100000
100000
100000
100000
100000
100000
100000
100000
100000
100000
100000
100000
100000
100000
100000
100000
100000
100000
100000
100000
100000
100000
100000
100000
100000
100000
100000
100000
100000
100000
100000
100000
100000
100000
100000
100000
100000
100000
100000
100000
100000
100000
100000
100000
100000
100000
100000
100000
100000
100000
100000
100000
100000
100000
100000
100000
100000
100000
100000
100000
100000
100000
100000
100000
100000
100000
100000
100000
100000
100000
100000
100000
100000
100000
100000
100000
100000
100000
100000
100000
100000
100000
100000
100000
100000
100000
100000
100000
100000
100000
100000
100000
100000
100000
100000
100000
100000
100000
100000
100000
100000
100000
100000
100000
100000
100000
100000
100000
100000
100000
100000
100000
100000
100000
100000
100000
100000
100000
100000
100000
100000
100000
100000
100000
100000
100000
100000
100000
100000
100000
100000
100000
100000
100000
100000
100000
100000
100000
100000
100000
100000
100000
100000
100000
100000
100000
100000
100000
100000
100000
100000
100000
100000
100000
100000
100000
100000
100000
100000
100000
100000
100000
100000
100000
100000
100000
100000
100000
100000
100000
100000
100000
100000
100000
100000
100000
100000
100000
100000
100000
100000
100000
100000
100000
100000
100000
100000
100000
100000
100000
100000
100000
100000
100000
100000
100000
100000
100000
100000
100000
100000
100000
100000
100000
100000
100000
100000
100000
100000
100000
100000
100000
100000
100000
100000
100000
100000
100000
100000
100000
100000
100000
100000
100000
100000
100000
100000
100000
100000
100000
100000
100000
100000
100000
100000
100000
100000
100000
100000
100000
100000
100000
100000
100000
100000
100000
100000
100000
100000
100000
100000
100000
100000
100000
100000
100000
100000
100000
100000
100000
100000
100000
100000
100000
100000
100000
100000
100000
100000
100000
100000
100000
100000
100000
100000
100000
100000
100000
100000
100000
100000
100000
100000
100000
100000
100000
100000
100000
100000
100000
100000
100000
100000
100000
100000
100000
100000
100000
100000
100000
100000
100000
100000
100000
100000
100000
100000
100000
100000
100000
100000
100000
100000
100000
100000
100000
100000
100000
100000
100000
100000
100000
100000
100000
100000
100000
100000
100000
100000
100000
100000
100000
100000
100000
100000
100000
100000
100000
100000
100000
100000
100000
100000
100000
100000
100000
100000
100000
100000
100000
100000
100000
100000
100000
100000
100000
100000
100000
100000
100000
100000
100000
100000
100000
100000
100000
100000
100000
100000
100000
100000
100000
100000
100000
100000
100000
100000
100000
100000
100000
100000
100000
100000
100000
100000
100000
100000
100000
100000
100000
100000
100000
100000
100000
100000
100000
100000
100000
100000
100000
100000
100000
100000
100000
100000
100000
100000
100000
100000
100000
100000
100000
100000
100000
100000
100000
100000
100000
100000
100000
100000
100000
100000
100000
100000
100000
100000
100000
100000
100000
100000
100000
100000
100000
100000
100000
100000
100000
100000
100000
100000
100000
100000
100000
100000
100000
100000
100000
100000
100000
100000
100000
100000
100000
100000
100000
100000
100000
100000
100000
100000
100000
100000
100000
100000
100000
100000
100000
100000
100000
100000
100000
100000
100000
100000
100000
100000
100000
100000
100000
100000
100000
100000
96241.9
99417.6
99041.5
98986.2
99052.9
99062.6
99062.7
99064.2
99063.8
99063.2
99064.6
99069.1
99077.4
99090.3
99106.9
99125
99141.1
99154.5
99170.2
99193.9
99220
99251.1
99282.4
99312
99344.6
99376.6
99408.4
99447.1
99491.9
99535.8
99575.6
99611
99642.2
99669.5
99693.1
99713
99728.7
99740.2
99747.8
99752.2
99754.1
99754
99752
99748.3
99743.1
99736.3
99728.1
99718.2
99706.7
99693.8
99679.7
99664.7
99649.1
99633
99616.4
99599.8
99583.3
99567.3
99551.6
99536.1
99520.6
99505.1
99489.6
99474
99458.2
99441.5
99423
99401.8
99376.9
99346.8
99310.6
99267.1
99216.7
99161.9
99107.3
99060.7
99030.6
99026.3
99054.8
99079
96771.9
99093.1
99052.3
99048.8
99109.3
99113.6
99109.5
99107.5
99104.3
99101.6
99101
99103.8
99110.5
99121.5
99135.9
99151.9
99167
99180.9
99196.7
99218.9
99244.1
99272.8
99303.3
99333.7
99364.3
99396.2
99429.4
99467.3
99509.6
99550.6
99587.9
99621.1
99650.2
99675.7
99698
99716.8
99731.9
99742.9
99750.2
99754.3
99756
99755.7
99753.6
99749.8
99744.6
99737.8
99729.6
99719.7
99708.2
99695.4
99681.4
99666.5
99651
99635
99618.5
99601.8
99585.3
99569.1
99553.2
99537.4
99521.7
99506
99490.3
99474.5
99458.5
99441.5
99422.5
99400.8
99375.3
99344.9
99308.5
99265.3
99215.6
99161.8
99108.4
99062.8
99033.1
99028.3
99054.8
99076.9
97218.3
98809.8
99006.3
99084.2
99151.7
99159.6
99155.4
99151.7
99146.7
99142.2
99140
99141.1
99146.3
99155.5
99167.8
99181.8
99195.9
99210
99226
99247
99270.9
99297.7
99326.4
99355.8
99386.9
99418.7
99453.4
99491.6
99532.7
99571.4
99606
99636.4
99662.6
99685.4
99705.5
99722.7
99736.6
99746.8
99753.6
99757.3
99758.6
99758
99755.7
99751.8
99746.5
99739.8
99731.6
99721.8
99710.4
99697.7
99683.8
99669
99653.6
99637.6
99621.2
99604.5
99587.9
99571.5
99555.3
99539.3
99523.3
99507.4
99491.4
99475.5
99459.4
99442.2
99422.8
99400.6
99374.7
99344.1
99307.8
99265.2
99216.8
99164.6
99112.9
99068.8
99040.4
99037.9
99063.6
99085.9
97276.2
98773.6
98955.2
99065.3
99159.5
99188.3
99193.7
99193.2
99189.3
99184.8
99181.7
99181.5
99185.5
99193.3
99203.9
99216
99228.8
99242.5
99258.4
99278.2
99300.7
99325.6
99352.4
99380.6
99411
99444
99481.1
99521.2
99563.4
99601.8
99634.2
99660.7
99681.6
99699.2
99715.3
99730.1
99742.3
99751.4
99757.4
99760.6
99761.5
99760.6
99758.1
99754.1
99748.8
99742.1
99733.9
99724.3
99713
99700.4
99686.7
99672.1
99656.7
99640.7
99624.2
99607.4
99590.5
99573.7
99557.2
99540.9
99524.6
99508.4
99492.3
99476.4
99460.8
99444.4
99425.2
99403.3
99377.7
99347.6
99312.2
99271.1
99224.7
99174.9
99125.1
99081.1
99049.8
99038.6
99057.5
99071.3
98186.7
98368.2
98409.6
98483.6
98599.3
98677.7
98719.5
98749.5
98773.7
98793.2
98812.3
98834.2
98861.7
98895
98933.3
98973
99004.3
99017.7
99032.4
99059.5
99104.2
99151.7
99196.2
99239.9
99282.2
99318.4
99353.7
99399.2
99453.7
99506.9
99554.2
99595.3
99630.9
99661.3
99687.1
99708.4
99724.4
99735.9
99743.6
99748.3
99750.6
99750.7
99749
99745.4
99740.2
99733.3
99724.9
99715
99703.5
99690.5
99675.9
99660.3
99644.3
99627.8
99610.9
99593.8
99577.1
99561.4
99546.5
99531.8
99517.3
99502.8
99488.4
99474
99459.7
99445.1
99429.3
99411.3
99389.9
99363.4
99330
99287.9
99237.2
99180.1
99121.1
99069.8
99038.7
99040.7
99066.6
99080.5
98181
98567.2
98553.6
98612.6
98725.2
98793.4
98828
98851.3
98868.1
98880.3
98892.3
98906.2
98923.9
98947.6
98976.2
99005.3
99025
99031.4
99044.6
99070.5
99112.7
99158.4
99201.2
99243.7
99284.9
99320.8
99355.2
99400.1
99455.1
99508.4
99555.4
99596.2
99631.6
99661.8
99687.5
99708.6
99724.6
99736
99743.7
99748.4
99750.6
99750.8
99749
99745.4
99740.2
99733.4
99725.1
99715.3
99703.8
99690.8
99676.3
99660.8
99644.9
99628.6
99611.7
99594.5
99577.8
99562
99546.8
99532.1
99517.6
99503.2
99488.7
99474.3
99459.7
99444.8
99428.8
99410.6
99389
99362.2
99328.7
99286.5
99235.6
99178.5
99120.1
99069.9
99038.4
99039.1
99065.6
99082.3
98331.2
98809.8
98685.5
98716.3
98812.3
98861.6
98884.6
98900.6
98912
98920.5
98929.8
98941.4
98955.8
98976.7
99003.7
99032.7
99054.2
99064.1
99077.5
99103.4
99136.6
99175.8
99214.7
99253.8
99292.1
99325.9
99359.9
99404.9
99458.8
99510.7
99556.5
99596.5
99631.3
99661.4
99687.2
99708.6
99724.8
99736.3
99744
99748.7
99751
99751.1
99749.3
99745.8
99740.6
99733.8
99725.5
99715.7
99704.3
99691.2
99676.7
99661.1
99645.1
99628.6
99611.8
99594.8
99578.1
99562.4
99547.3
99532.4
99517.8
99503.2
99488.7
99474.1
99459.3
99443.9
99427.2
99408.2
99385.7
99358
99323.6
99280.9
99230
99173.4
99115.9
99066.3
99033.9
99033.5
99061.2
99083.3
98643.1
99101.2
98813.7
98818.7
98902.9
98936.8
98952
98963.5
98971.2
98976.8
98983.4
98992.4
99004.8
99022.9
99045.7
99069.9
99087.9
99098.8
99109.3
99135.2
99163.6
99199.1
99235.6
99272.8
99308.7
99340.1
99373
99416.1
99467
99516.3
99560.4
99599.1
99632.9
99662.3
99687.7
99708.9
99725.2
99736.9
99744.7
99749.4
99751.6
99751.7
99749.9
99746.3
99741.1
99734.3
99726
99716.1
99704.6
99691.6
99677.2
99661.9
99646.1
99629.8
99613
99596.2
99579.8
99564
99548.8
99533.7
99518.7
99503.8
99488.9
99473.9
99458.7
99442.8
99425.4
99405.5
99382.1
99353.4
99318.2
99275.1
99224.1
99167.9
99111.4
99063.1
99031.6
99029.2
99058.1
99082.1
98661.1
99445.4
98942.7
98911.8
98986.3
99005.8
99012.4
99018.4
99021.5
99023.6
99027.2
99033.7
99043.8
99059
99078.2
99098.7
99115.6
99128.1
99143.1
99168.8
99194.8
99227.1
99258.7
99291.2
99326.8
99357.8
99389.8
99430.5
99478.2
99524.8
99566.9
99604.1
99636.7
99665.2
99689.8
99710.4
99726.5
99738.3
99746
99750.6
99752.7
99752.7
99750.8
99747.2
99742
99735.2
99726.9
99717
99705.5
99692.5
99678.3
99663.2
99647.5
99631.3
99614.7
99598
99581.5
99565.7
99550.3
99535
99519.7
99504.4
99489.1
99473.8
99458.3
99441.9
99423.9
99403.4
99379.1
99349.6
99313.8
99270.3
99219.5
99163.9
99108.3
99061
99030.3
99026.9
99056.2
99080.4
)
;

boundaryField
{
    inOut
    {
        type            fixedValue;
        value           uniform 100000;
    }
    coandaUpper
    {
        type            zeroGradient;
    }
    coandaLower
    {
        type            zeroGradient;
    }
    surface
    {
        type            zeroGradient;
    }
    defaultFaces
    {
        type            empty;
    }
}


// ************************************************************************* //
