/*--------------------------------*- C++ -*----------------------------------*\
  =========                 |
  \\      /  F ield         | OpenFOAM: The Open Source CFD Toolbox
   \\    /   O peration     | Website:  https://openfoam.org
    \\  /    A nd           | Version:  9
     \\/     M anipulation  |
\*---------------------------------------------------------------------------*/
FoamFile
{
    format      ascii;
    class       volScalarField;
    location    "0.05";
    object      nuTilda;
}
// * * * * * * * * * * * * * * * * * * * * * * * * * * * * * * * * * * * * * //

dimensions      [0 2 -1 0 0 0 0];

internalField   nonuniform List<scalar> 
7864
(
0.00085587
0.000145292
6.64245e-05
4.35105e-05
3.32631e-05
2.75628e-05
2.51327e-05
2.48533e-05
2.41845e-05
2.31276e-05
2.19807e-05
2.15924e-05
2.97678e-05
3.46643e-05
3.32017e-05
0.0024177
0.000665033
0.00033646
0.000224934
0.00017245
0.000142239
0.000130211
0.000130094
0.000125502
0.000117279
0.000108071
0.000100068
9.52733e-05
9.04961e-05
8.66538e-05
0.00379567
0.00123358
0.000637403
0.000415973
0.000307523
0.000242956
0.000200061
0.000179967
0.000162288
0.000145603
0.000131027
0.000119181
0.00011113
0.000104378
0.000101125
0.00500011
0.00183451
0.000949359
0.000609161
0.000439192
0.000336545
0.000265105
0.000217517
0.000184175
0.000159506
0.000140915
0.000127779
0.000122418
0.000118527
0.000115527
0.00602412
0.00240628
0.00125037
0.000792018
0.000558806
0.0004156
0.000322855
0.000261249
0.000219225
0.000189587
0.000167904
0.000151718
0.00014303
0.00013552
0.000128563
0.00685286
0.00290657
0.00152238
0.000953431
0.000658847
0.000486375
0.000377933
0.000306647
0.000258168
0.000223629
0.000197604
0.000176349
0.000159879
0.000146968
0.000136799
0.00745965
0.00329814
0.00174726
0.00108096
0.000741509
0.000546892
0.000425859
0.000346266
0.000291746
0.000251883
0.000220549
0.000195643
0.000176037
0.000160562
0.000148159
0.00779286
0.00352244
0.00186625
0.00114378
0.000782485
0.000578074
0.000450947
0.000366447
0.000307953
0.0002645
0.000231001
0.0002049
0.000184274
0.000167348
0.000153374
0.00768081
0.00345079
0.0018312
0.0011198
0.000764544
0.000565382
0.000441113
0.000358038
0.000300233
0.000258055
0.000225239
0.000199658
0.000179445
0.000163164
0.000149542
0.00734492
0.00324754
0.00172668
0.00105486
0.000717778
0.000529386
0.000414094
0.000336138
0.000281275
0.000241264
0.000211017
0.000187433
0.000168695
0.000153796
0.000140648
0.00674646
0.00290381
0.0015574
0.000955494
0.000646647
0.000473802
0.00036888
0.000300412
0.000252467
0.000215821
0.000188057
0.000166552
0.000149835
0.000136369
0.000125476
0.00588797
0.0023994
0.0012929
0.000810648
0.000549508
0.000398965
0.000306606
0.000247319
0.000207564
0.000179117
0.000158014
0.000139828
0.000124919
0.000114614
0.000108914
0.0047419
0.00174692
0.0009408
0.000602849
0.000424778
0.00031385
0.000239359
0.000189937
0.000157148
0.000133944
0.000117378
0.000104827
9.51612e-05
9.0614e-05
8.30948e-05
0.00324156
0.00102379
0.00053548
0.00035149
0.000258514
0.000201469
0.000162525
0.000137484
0.000125132
0.000110108
9.71157e-05
8.58867e-05
7.5279e-05
6.59377e-05
6.76157e-05
0.00126049
0.00024392
0.000112242
7.16712e-05
5.24765e-05
4.10968e-05
3.3448e-05
2.83415e-05
2.55225e-05
2.30522e-05
2.56318e-05
2.91398e-05
3.09237e-05
3.13331e-05
3.23841e-05
3.3113e-05
3.7097e-05
3.85084e-05
3.82172e-05
3.76754e-05
3.5359e-05
3.13518e-05
2.81874e-05
2.59459e-05
2.40813e-05
2.24395e-05
2.08032e-05
1.91055e-05
1.76526e-05
1.6454e-05
8.63668e-05
8.93163e-05
9.22087e-05
9.40329e-05
9.45859e-05
9.37056e-05
9.10782e-05
8.24967e-05
7.40012e-05
6.63584e-05
5.92768e-05
5.26249e-05
4.66374e-05
4.12629e-05
3.62924e-05
0.000102886
0.00010562
0.000107845
0.00010968
0.000110666
0.000110508
0.000109026
0.000105318
9.8873e-05
9.21346e-05
8.49941e-05
7.75883e-05
6.98697e-05
6.19789e-05
5.404e-05
0.000115788
0.000116036
0.000117251
0.000117883
0.000118067
0.000117615
0.000116433
0.000113962
0.000109591
0.000104668
9.90519e-05
9.27185e-05
8.54395e-05
7.742e-05
6.89936e-05
0.000125351
0.000124677
0.000123523
0.000122767
0.000121811
0.000120497
0.000118666
0.000116203
0.000113054
0.000109599
0.000105524
0.000100615
9.47102e-05
8.77559e-05
7.99636e-05
0.000132984
0.000130015
0.000127346
0.000124956
0.000122272
0.000119681
0.000117029
0.000114289
0.000111718
0.000109084
0.000106258
0.000102949
9.87873e-05
9.33588e-05
8.68069e-05
0.000140795
0.000134415
0.000129104
0.000124123
0.000119768
0.000115834
0.000112336
0.000109335
0.000106863
0.000104754
0.000102829
0.000100885
9.83258e-05
9.47873e-05
9.00032e-05
0.000143082
0.00013433
0.000126944
0.000120516
0.00011496
0.000110093
0.00010595
0.000102537
9.97723e-05
9.7668e-05
9.61604e-05
9.5077e-05
9.39482e-05
9.2352e-05
8.96939e-05
0.000138488
0.00012895
0.000120779
0.000113692
0.000107518
0.000102175
9.76572e-05
9.39415e-05
9.10165e-05
8.89327e-05
8.76524e-05
8.69498e-05
8.66224e-05
8.63902e-05
8.57404e-05
0.000129144
0.000119202
0.000110673
0.000103459
9.74024e-05
9.23347e-05
8.80902e-05
8.4511e-05
8.16177e-05
7.95223e-05
7.80933e-05
7.74126e-05
7.74598e-05
7.80996e-05
7.87739e-05
0.000114856
0.000105768
9.83193e-05
9.22821e-05
8.73655e-05
8.3276e-05
7.96796e-05
7.6004e-05
7.26205e-05
6.99745e-05
6.81862e-05
6.73348e-05
6.74549e-05
6.8484e-05
6.97824e-05
9.90686e-05
9.19024e-05
8.69779e-05
8.3362e-05
8.03034e-05
7.74302e-05
7.40361e-05
6.94003e-05
6.51931e-05
6.19531e-05
5.96797e-05
5.83153e-05
5.79617e-05
5.84293e-05
5.93455e-05
7.66814e-05
7.53358e-05
7.47935e-05
7.41811e-05
7.30322e-05
7.19907e-05
7.00171e-05
6.72238e-05
6.38065e-05
6.02385e-05
5.66053e-05
5.28065e-05
4.98596e-05
4.8155e-05
4.76016e-05
6.80801e-05
6.81792e-05
6.84731e-05
6.81315e-05
6.56577e-05
6.61188e-05
6.43288e-05
6.15561e-05
5.81529e-05
5.435e-05
5.02727e-05
4.58235e-05
4.00901e-05
3.59846e-05
3.33786e-05
3.44222e-05
3.42151e-05
3.33091e-05
3.15831e-05
1.77929e-05
2.61858e-05
2.78157e-05
2.773e-05
2.7243e-05
2.61739e-05
2.48021e-05
2.33274e-05
2.12854e-05
2.20369e-05
1.89057e-05
1.62808e-05
1.58172e-05
1.54343e-05
1.51471e-05
1.50609e-05
1.51355e-05
1.52692e-05
1.54533e-05
1.54973e-05
1.55889e-05
1.61726e-05
1.71704e-05
1.89131e-05
2.19437e-05
2.60714e-05
3.50456e-05
3.32511e-05
3.1336e-05
2.96573e-05
2.89045e-05
2.83608e-05
2.78179e-05
2.72199e-05
2.64515e-05
2.55545e-05
2.50719e-05
2.51495e-05
2.62117e-05
2.94528e-05
3.46735e-05
5.13861e-05
4.87947e-05
4.65313e-05
4.45031e-05
4.22496e-05
3.99402e-05
3.76058e-05
3.52652e-05
3.29257e-05
3.05749e-05
2.83905e-05
2.63333e-05
2.50414e-05
2.73761e-05
3.12276e-05
6.61522e-05
6.30805e-05
6.00581e-05
5.71729e-05
5.44907e-05
5.18686e-05
4.90638e-05
4.61122e-05
4.30528e-05
3.98817e-05
3.67479e-05
3.34929e-05
3.08038e-05
2.88409e-05
3.2096e-05
7.7242e-05
7.42276e-05
7.10525e-05
6.78125e-05
6.46304e-05
6.16191e-05
5.86716e-05
5.549e-05
5.21011e-05
4.85016e-05
4.48152e-05
4.0938e-05
3.74369e-05
3.38408e-05
3.59715e-05
8.41768e-05
8.1475e-05
7.8528e-05
7.53875e-05
7.21356e-05
6.88937e-05
6.57488e-05
6.25275e-05
5.90112e-05
5.51954e-05
5.11713e-05
4.69149e-05
4.2866e-05
3.86559e-05
3.81877e-05
8.75166e-05
8.5022e-05
8.24431e-05
7.96302e-05
7.66009e-05
7.34261e-05
7.01968e-05
6.69545e-05
6.34095e-05
5.94919e-05
5.52613e-05
5.07857e-05
4.63512e-05
4.19649e-05
3.83807e-05
8.75555e-05
8.53409e-05
8.3025e-05
8.05412e-05
7.78163e-05
7.48599e-05
7.17108e-05
6.84194e-05
6.48874e-05
6.09342e-05
5.66073e-05
5.20607e-05
4.74231e-05
4.31219e-05
3.76766e-05
8.38987e-05
8.20091e-05
8.00002e-05
7.78019e-05
7.53712e-05
7.26667e-05
6.96638e-05
6.63646e-05
6.27618e-05
5.88314e-05
5.45668e-05
5.0146e-05
4.55775e-05
4.15421e-05
3.52649e-05
7.70465e-05
7.52986e-05
7.34502e-05
7.14431e-05
6.92314e-05
6.67685e-05
6.4012e-05
6.09309e-05
5.75218e-05
5.38059e-05
4.97935e-05
4.56809e-05
4.14421e-05
3.77947e-05
3.18015e-05
6.81318e-05
6.64163e-05
6.46182e-05
6.26834e-05
6.05734e-05
5.82578e-05
5.57042e-05
5.28802e-05
4.97779e-05
4.64285e-05
4.28593e-05
3.92548e-05
3.56434e-05
3.2697e-05
2.81631e-05
5.76247e-05
5.58623e-05
5.40248e-05
5.20673e-05
4.99727e-05
4.77393e-05
4.53605e-05
4.28292e-05
4.01434e-05
3.73361e-05
3.44547e-05
3.16448e-05
2.91338e-05
2.77446e-05
2.5416e-05
4.56034e-05
4.36469e-05
4.16688e-05
3.96485e-05
3.75952e-05
3.55334e-05
3.35111e-05
3.15431e-05
2.96315e-05
2.77926e-05
2.60988e-05
2.46396e-05
2.43289e-05
2.65525e-05
2.49054e-05
3.0994e-05
2.89313e-05
2.70131e-05
2.52465e-05
2.36498e-05
2.28906e-05
2.26511e-05
2.25885e-05
2.25827e-05
2.25878e-05
2.28529e-05
2.35284e-05
2.54171e-05
2.86716e-05
2.8371e-05
1.69983e-05
1.55025e-05
1.46342e-05
1.42027e-05
1.40097e-05
1.40085e-05
1.41227e-05
1.4305e-05
1.44173e-05
1.43742e-05
1.50713e-05
1.6444e-05
1.89329e-05
2.17309e-05
2.64569e-05
0.0140468
0.0140469
0.014047
0.014047
0.0140471
0.0140472
0.0140473
0.0140473
0.0140474
0.0140475
0.0140475
0.0140476
0.0140477
0.0140478
0.0140478
0.0140479
0.014048
0.0140481
0.0140481
0.0140482
0.0140483
0.0140484
0.0140484
0.0140485
0.0140486
0.0140487
0.0140487
0.0140488
0.0140489
0.0140489
0.014049
0.0140491
0.0140491
0.0140492
0.0140493
0.0140493
0.0140494
0.0140495
0.0140495
0.0140495
0.0140496
0.0140496
0.0140496
0.0140496
0.0140496
0.0140496
0.0140496
0.0140496
0.0140496
0.0140496
0.0140497
0.0140497
0.0140497
0.0140497
0.0140497
0.0140497
0.0140497
0.0140497
0.0140497
0.0140497
0.0140497
0.0140497
0.0140497
0.0140497
0.0140497
0.0140497
0.0140497
0.0140498
0.0140498
0.0140498
0.0140498
0.0140498
0.0140498
0.0140498
0.0140499
0.0140499
0.0140499
0.0140499
0.0140499
0.01405
0.01405
0.01405
0.01405
0.01405
0.0140501
0.0140501
0.0140501
0.0140501
0.0140502
0.0140685
0.0140691
0.0140697
0.0140704
0.014071
0.0140716
0.0140722
0.0140728
0.0140734
0.0140739
0.0140745
0.0140751
0.0140756
0.0140762
0.0140767
0.0140773
0.0140778
0.0140783
0.0140788
0.0140793
0.0140798
0.0140803
0.0140808
0.0140813
0.0140818
0.0140823
0.0140827
0.0140832
0.0140837
0.0140841
0.0140846
0.014085
0.0140854
0.0140859
0.0140863
0.0140867
0.0140872
0.0140876
0.014088
0.0140884
0.0140888
0.0140892
0.0140896
0.0140899
0.0140903
0.0140906
0.0140909
0.0140912
0.0140915
0.0140918
0.014092
0.0140923
0.0140925
0.0140927
0.014093
0.0140932
0.0140934
0.0140935
0.0140937
0.0140939
0.0140941
0.0140942
0.0140944
0.0140945
0.0140947
0.0140948
0.0140949
0.0140951
0.0140952
0.0140953
0.0140954
0.0140956
0.0140957
0.0140958
0.0140959
0.014096
0.0140961
0.0140962
0.0140963
0.0140963
0.0140964
0.0140965
0.0140966
0.0140967
0.0140967
0.0140968
0.0140969
0.0140969
0.0140969
0.0140306
0.0140309
0.0140312
0.0140315
0.0140318
0.0140321
0.0140324
0.0140327
0.0140331
0.0140334
0.0140337
0.014034
0.0140343
0.0140346
0.0140349
0.0140352
0.0140356
0.0140359
0.0140362
0.0140365
0.0140368
0.0140371
0.0140375
0.0140378
0.0140381
0.0140384
0.0140387
0.014039
0.0140394
0.0140397
0.01404
0.0140403
0.0140406
0.0140409
0.0140412
0.0140416
0.0140419
0.0140422
0.0140425
0.0140428
0.0140431
0.0140434
0.0140437
0.014044
0.0140443
0.0140447
0.014045
0.0140453
0.0140456
0.0140459
0.0140462
0.0140465
0.0140468
0.0140471
0.0140474
0.0140478
0.0140481
0.0140484
0.0140487
0.014049
0.0140493
0.0140496
0.0140499
0.0140502
0.0140505
0.0140509
0.0140512
0.0140515
0.0140518
0.0140521
0.0140524
0.0140527
0.014053
0.0140533
0.0140537
0.014054
0.0140543
0.0140546
0.0140549
0.0140552
0.0140555
0.0140558
0.0140561
0.0140564
0.0140567
0.014057
0.0140573
0.0140576
0.0140577
0.0140371
0.0140374
0.0140378
0.0140382
0.0140385
0.0140388
0.0140392
0.0140395
0.0140398
0.0140402
0.0140405
0.0140408
0.0140411
0.0140414
0.0140417
0.0140419
0.0140422
0.0140424
0.0140426
0.0140428
0.014043
0.0140432
0.0140433
0.0140435
0.0140436
0.0140437
0.0140438
0.0140438
0.0140439
0.0140439
0.0140439
0.0140439
0.0140438
0.0140437
0.0140435
0.0140433
0.0140433
0.0140433
0.0140433
0.0140434
0.0140435
0.0140436
0.0140437
0.0140439
0.0140441
0.0140443
0.0140445
0.0140447
0.0140449
0.0140451
0.0140454
0.0140456
0.0140458
0.0140461
0.0140463
0.0140465
0.0140468
0.014047
0.0140473
0.0140475
0.0140478
0.0140481
0.0140483
0.0140486
0.0140489
0.0140492
0.0140494
0.0140497
0.01405
0.0140503
0.0140506
0.0140509
0.0140512
0.0140515
0.0140518
0.0140521
0.0140524
0.0140527
0.014053
0.0140533
0.0140536
0.0140539
0.0140542
0.0140545
0.0140548
0.0140551
0.0140554
0.0140557
0.0140559
0.0140276
0.0140277
0.0140278
0.0140279
0.014028
0.0140281
0.0140282
0.0140283
0.0140283
0.0140284
0.0140285
0.0140286
0.0140287
0.0140288
0.0140288
0.0140289
0.014029
0.0140291
0.0140292
0.0140292
0.0140293
0.0140294
0.0140295
0.0140295
0.0140296
0.0140297
0.0140297
0.0140298
0.0140299
0.0140299
0.01403
0.0140301
0.0140301
0.0140302
0.0140302
0.0140303
0.0140304
0.0140304
0.0140305
0.0140305
0.0140306
0.0140306
0.0140306
0.0140306
0.0140306
0.0140306
0.0140306
0.0140306
0.0140306
0.0140305
0.0140305
0.0140304
0.0140304
0.0140303
0.0140303
0.0140302
0.0140301
0.01403
0.0140299
0.0140298
0.0140297
0.0140295
0.0140294
0.0140293
0.0140291
0.0140289
0.0140288
0.0140286
0.0140284
0.0140282
0.0140279
0.0140276
0.0140272
0.0140268
0.0140265
0.0140261
0.0140257
0.0140254
0.014025
0.0140247
0.0140244
0.0140242
0.014024
0.0140238
0.0140237
0.0140235
0.0140234
0.0140232
0.0140229
0.0139974
0.0139975
0.0139977
0.0139978
0.0139979
0.0139981
0.0139982
0.0139983
0.0139984
0.0139984
0.0139985
0.0139986
0.0139986
0.0139986
0.0139987
0.0139987
0.0139987
0.0139986
0.0139986
0.0139985
0.0139984
0.0139982
0.013998
0.0139976
0.0139973
0.0139969
0.0139965
0.0139961
0.0139958
0.0139954
0.013995
0.0139947
0.0139943
0.0139939
0.0139936
0.0139932
0.0139929
0.0139925
0.0139922
0.0139918
0.0139915
0.0139911
0.0139908
0.0139904
0.0139901
0.0139898
0.0139894
0.0139891
0.0139888
0.0139884
0.0139881
0.0139878
0.0139875
0.0139871
0.0139868
0.0139865
0.0139862
0.0139859
0.0139856
0.0139853
0.013985
0.0139847
0.0139844
0.0139841
0.0139838
0.0139835
0.0139832
0.0139829
0.0139827
0.0139827
0.0139826
0.0139827
0.0139827
0.0139827
0.0139828
0.0139829
0.013983
0.0139831
0.0139832
0.0139834
0.0139835
0.0139837
0.0139838
0.013984
0.0139842
0.0139844
0.0139846
0.0139848
0.013985
0.0139526
0.0139526
0.0139526
0.0139526
0.0139527
0.0139528
0.0139529
0.013953
0.0139531
0.0139533
0.0139534
0.0139536
0.0139537
0.0139539
0.0139541
0.0139542
0.0139544
0.0139546
0.0139548
0.013955
0.0139552
0.0139554
0.0139556
0.0139558
0.0139561
0.0139563
0.0139565
0.0139567
0.0139569
0.0139571
0.0139574
0.0139576
0.0139578
0.013958
0.0139583
0.0139585
0.0139587
0.0139589
0.0139592
0.0139594
0.0139596
0.0139598
0.01396
0.0139603
0.0139605
0.0139607
0.0139609
0.0139611
0.0139614
0.0139616
0.0139618
0.013962
0.0139622
0.0139625
0.0139627
0.0139629
0.0139631
0.0139634
0.0139636
0.0139638
0.013964
0.0139642
0.0139645
0.0139647
0.0139649
0.0139651
0.0139653
0.0139656
0.0139658
0.013966
0.0139662
0.0139664
0.0139667
0.0139669
0.0139671
0.0139673
0.0139675
0.0139678
0.013968
0.0139682
0.0139684
0.0139686
0.0139688
0.0139691
0.0139693
0.0139695
0.0139697
0.0139699
0.0139702
0.0139488
0.0139483
0.0139479
0.0139474
0.0139469
0.0139465
0.013946
0.0139456
0.0139451
0.0139446
0.0139442
0.0139437
0.0139433
0.0139428
0.0139424
0.0139419
0.0139415
0.013941
0.0139406
0.0139401
0.0139397
0.0139392
0.0139388
0.0139384
0.013938
0.0139375
0.0139371
0.0139367
0.0139363
0.0139359
0.0139355
0.0139351
0.0139347
0.0139343
0.0139339
0.0139335
0.0139331
0.0139327
0.0139323
0.013932
0.0139316
0.0139312
0.0139309
0.0139307
0.0139306
0.0139306
0.0139306
0.0139307
0.0139307
0.0139308
0.0139309
0.013931
0.0139312
0.0139313
0.0139315
0.0139316
0.0139318
0.013932
0.0139322
0.0139324
0.0139326
0.0139328
0.013933
0.0139333
0.0139335
0.0139337
0.013934
0.0139342
0.0139345
0.0139347
0.013935
0.0139353
0.0139355
0.0139358
0.0139361
0.0139364
0.0139366
0.0139369
0.0139372
0.0139375
0.0139378
0.0139381
0.0139384
0.0139386
0.0139389
0.0139392
0.0139395
0.0139398
0.0139401
0.013917
0.0139166
0.0139162
0.0139158
0.0139154
0.013915
0.0139146
0.0139141
0.0139137
0.0139133
0.0139129
0.0139125
0.0139121
0.0139117
0.0139115
0.0139114
0.0139114
0.0139114
0.0139114
0.0139115
0.0139115
0.0139116
0.0139117
0.0139118
0.013912
0.0139121
0.0139122
0.0139124
0.0139125
0.0139127
0.0139128
0.013913
0.0139132
0.0139134
0.0139136
0.0139138
0.013914
0.0139142
0.0139144
0.0139146
0.0139148
0.013915
0.0139152
0.0139155
0.0139157
0.0139159
0.0139161
0.0139164
0.0139166
0.0139169
0.0139171
0.0139173
0.0139176
0.0139178
0.0139181
0.0139183
0.0139185
0.0139188
0.013919
0.0139193
0.0139195
0.0139198
0.01392
0.0139203
0.0139205
0.0139208
0.013921
0.0139213
0.0139215
0.0139218
0.013922
0.0139223
0.0139225
0.0139228
0.013923
0.0139232
0.0139235
0.0139237
0.0139239
0.0139241
0.0139243
0.0139245
0.0139247
0.0139248
0.0139249
0.013925
0.0139251
0.0139252
0.0139253
0.0139038
0.0139032
0.0139026
0.0139021
0.0139015
0.013901
0.0139004
0.0138998
0.0138993
0.0138987
0.0138981
0.0138976
0.013897
0.0138964
0.0138959
0.0138953
0.0138947
0.0138942
0.0138936
0.013893
0.0138925
0.0138919
0.0138914
0.0138908
0.0138903
0.0138897
0.0138892
0.0138887
0.0138881
0.0138876
0.0138872
0.013887
0.0138869
0.0138869
0.0138869
0.0138869
0.0138869
0.013887
0.0138871
0.0138872
0.0138873
0.0138875
0.0138876
0.0138878
0.0138879
0.0138881
0.0138883
0.0138885
0.0138887
0.0138889
0.0138891
0.0138893
0.0138895
0.0138897
0.0138899
0.0138901
0.0138904
0.0138906
0.0138908
0.013891
0.0138912
0.0138914
0.0138916
0.0138918
0.013892
0.0138922
0.0138924
0.0138925
0.0138927
0.0138929
0.013893
0.0138932
0.0138933
0.0138935
0.0138936
0.0138938
0.0138939
0.013894
0.0138941
0.0138942
0.0138943
0.0138943
0.0138944
0.0138944
0.0138943
0.0138943
0.0138943
0.0138942
0.0138942
0.0138775
0.0138769
0.0138762
0.0138755
0.0138749
0.0138742
0.0138735
0.0138729
0.0138722
0.0138716
0.0138709
0.0138702
0.0138695
0.0138689
0.0138682
0.0138675
0.0138669
0.0138663
0.0138658
0.0138656
0.0138655
0.0138654
0.0138653
0.0138653
0.0138652
0.0138652
0.0138653
0.0138653
0.0138654
0.0138654
0.0138655
0.0138656
0.0138657
0.0138658
0.013866
0.0138661
0.0138662
0.0138664
0.0138665
0.0138667
0.0138668
0.0138669
0.013867
0.013867
0.013867
0.013867
0.013867
0.0138669
0.0138668
0.0138666
0.0138664
0.0138662
0.013866
0.0138657
0.0138653
0.0138648
0.0138641
0.0138633
0.0138626
0.0138618
0.013861
0.0138602
0.0138594
0.0138586
0.0138579
0.0138571
0.0138563
0.0138555
0.0138547
0.0138539
0.0138531
0.0138524
0.0138516
0.0138508
0.01385
0.0138492
0.0138484
0.0138476
0.0138468
0.013846
0.0138452
0.0138444
0.0138436
0.0138428
0.013842
0.0138412
0.0138405
0.0138397
0.0138391
0.0138479
0.0138472
0.0138464
0.0138457
0.013845
0.0138442
0.0138435
0.0138428
0.013842
0.0138413
0.0138405
0.0138398
0.0138391
0.0138383
0.0138376
0.0138368
0.0138361
0.0138353
0.0138346
0.0138338
0.0138331
0.0138323
0.0138316
0.0138308
0.0138301
0.0138295
0.0138293
0.0138291
0.013829
0.0138289
0.0138289
0.0138288
0.0138288
0.0138288
0.0138289
0.0138289
0.0138289
0.013829
0.013829
0.0138291
0.0138292
0.0138292
0.0138292
0.0138291
0.0138291
0.0138289
0.0138288
0.0138286
0.0138283
0.0138281
0.0138278
0.0138274
0.013827
0.0138265
0.013826
0.0138252
0.0138243
0.0138233
0.0138223
0.0138213
0.0138203
0.0138193
0.0138183
0.0138174
0.0138164
0.0138154
0.0138144
0.0138134
0.0138124
0.0138115
0.0138105
0.0138095
0.0138085
0.0138075
0.0138065
0.0138055
0.0138045
0.0138035
0.0138025
0.0138015
0.0138005
0.0137995
0.0137985
0.0137975
0.0137965
0.0137955
0.0137946
0.0137936
0.0137928
0.0138208
0.0138199
0.013819
0.0138181
0.0138172
0.0138164
0.0138155
0.0138146
0.0138137
0.0138128
0.0138119
0.013811
0.0138101
0.0138092
0.0138083
0.0138074
0.0138065
0.0138056
0.0138047
0.0138039
0.0138035
0.0138033
0.013803
0.0138025
0.0138015
0.0138006
0.0137996
0.0137986
0.0137977
0.0137967
0.0137958
0.0137948
0.0137939
0.0137929
0.0137919
0.013791
0.01379
0.0137891
0.0137881
0.0137871
0.0137862
0.0137852
0.0137842
0.0137833
0.0137823
0.0137814
0.0137804
0.0137794
0.0137784
0.0137775
0.0137765
0.0137755
0.0137745
0.0137736
0.0137726
0.0137716
0.0137706
0.0137696
0.0137686
0.0137676
0.0137666
0.0137656
0.0137646
0.0137636
0.0137626
0.0137616
0.0137605
0.0137595
0.0137585
0.0137575
0.0137564
0.0137554
0.0137543
0.0137533
0.0137523
0.0137512
0.0137501
0.0137491
0.013748
0.013747
0.0137459
0.0137448
0.0137438
0.0137427
0.0137416
0.0137405
0.0137395
0.0137385
0.0137376
0.0137903
0.0137892
0.0137882
0.0137872
0.0137861
0.0137851
0.0137841
0.013783
0.013782
0.0137809
0.0137799
0.0137788
0.0137778
0.0137767
0.0137757
0.0137746
0.0137735
0.0137725
0.0137714
0.0137703
0.0137692
0.0137682
0.0137671
0.0137661
0.013765
0.0137639
0.0137628
0.0137617
0.0137606
0.0137595
0.0137584
0.0137573
0.0137561
0.013755
0.0137539
0.0137528
0.0137517
0.0137505
0.0137494
0.0137483
0.0137471
0.013746
0.0137448
0.0137437
0.0137425
0.0137414
0.0137402
0.013739
0.0137379
0.0137367
0.0137355
0.0137343
0.0137331
0.013732
0.0137308
0.0137296
0.0137284
0.0137272
0.013726
0.0137248
0.0137235
0.0137223
0.0137211
0.0137199
0.0137186
0.0137174
0.0137162
0.0137149
0.0137137
0.0137124
0.0137112
0.0137099
0.0137087
0.0137074
0.0137061
0.0137049
0.0137036
0.0137023
0.013701
0.0136997
0.0136984
0.0136971
0.0136958
0.0136945
0.0136932
0.0136919
0.0136906
0.0136894
0.0136884
0.0137579
0.0137567
0.0137555
0.0137543
0.013753
0.0137518
0.0137505
0.0137493
0.013748
0.0137468
0.0137455
0.0137443
0.013743
0.0137417
0.0137405
0.0137392
0.0137379
0.0137366
0.0137353
0.013734
0.0137327
0.0137314
0.0137301
0.0137288
0.0137275
0.0137262
0.0137249
0.0137235
0.0137222
0.0137209
0.0137195
0.0137182
0.0137169
0.0137155
0.0137141
0.0137128
0.0137114
0.01371
0.0137087
0.0137073
0.0137059
0.0137045
0.0137031
0.0137017
0.0137003
0.0136989
0.0136975
0.0136961
0.0136947
0.0136933
0.0136918
0.0136904
0.013689
0.0136875
0.0136861
0.0136846
0.0136832
0.0136817
0.0136802
0.0136788
0.0136773
0.0136758
0.0136743
0.0136728
0.0136713
0.0136698
0.0136683
0.0136668
0.0136653
0.0136638
0.0136623
0.0136607
0.0136592
0.0136576
0.0136561
0.0136545
0.013653
0.0136514
0.0136499
0.0136483
0.0136467
0.0136451
0.0136435
0.0136419
0.0136403
0.0136388
0.0136372
0.0136357
0.0136344
0.0137221
0.0137207
0.0137192
0.0137178
0.0137163
0.0137148
0.0137134
0.0137119
0.0137104
0.0137089
0.0137074
0.0137059
0.0137044
0.0137029
0.0137014
0.0136999
0.0136984
0.0136968
0.0136953
0.0136938
0.0136922
0.0136907
0.0136891
0.0136875
0.013686
0.0136844
0.0136828
0.0136812
0.0136797
0.0136781
0.0136765
0.0136749
0.0136732
0.0136716
0.01367
0.0136684
0.0136667
0.0136651
0.0136635
0.0136618
0.0136601
0.0136585
0.0136568
0.0136551
0.0136534
0.0136518
0.0136501
0.0136484
0.0136466
0.0136449
0.0136432
0.0136415
0.0136398
0.013638
0.0136363
0.0136345
0.0136328
0.013631
0.0136292
0.0136274
0.0136257
0.0136239
0.0136221
0.0136203
0.0136184
0.0136166
0.0136148
0.013613
0.0136111
0.0136093
0.0136074
0.0136056
0.0136037
0.0136018
0.0136
0.0135981
0.0135962
0.0135943
0.0135924
0.0135905
0.0135885
0.0135866
0.0135847
0.0135827
0.0135808
0.0135789
0.0135769
0.0135751
0.0135736
0.0136826
0.0136809
0.0136792
0.0136775
0.0136757
0.013674
0.0136723
0.0136705
0.0136687
0.013667
0.0136652
0.0136634
0.0136616
0.0136598
0.013658
0.0136562
0.0136544
0.0136526
0.0136508
0.013649
0.0136471
0.0136453
0.0136434
0.0136415
0.0136397
0.0136378
0.0136359
0.013634
0.0136321
0.0136302
0.0136283
0.0136264
0.0136245
0.0136225
0.0136206
0.0136186
0.0136167
0.0136147
0.0136127
0.0136108
0.0136088
0.0136068
0.0136048
0.0136027
0.0136007
0.0135987
0.0135967
0.0135946
0.0135926
0.0135905
0.0135884
0.0135863
0.0135843
0.0135822
0.0135801
0.0135779
0.0135758
0.0135737
0.0135715
0.0135694
0.0135672
0.0135651
0.0135629
0.0135607
0.0135585
0.0135563
0.0135541
0.0135519
0.0135497
0.0135474
0.0135452
0.0135429
0.0135407
0.0135384
0.0135361
0.0135338
0.0135315
0.0135292
0.0135269
0.0135246
0.0135222
0.0135199
0.0135175
0.0135152
0.0135128
0.0135104
0.0135081
0.0135058
0.013504
0.0136397
0.0136376
0.0136356
0.0136336
0.0136315
0.0136295
0.0136274
0.0136253
0.0136233
0.0136212
0.0136191
0.013617
0.0136148
0.0136127
0.0136106
0.0136084
0.0136063
0.0136041
0.013602
0.0135998
0.0135976
0.0135954
0.0135932
0.013591
0.0135888
0.0135865
0.0135843
0.013582
0.0135798
0.0135775
0.0135752
0.0135729
0.0135706
0.0135683
0.013566
0.0135636
0.0135613
0.0135589
0.0135566
0.0135542
0.0135518
0.0135494
0.013547
0.0135446
0.0135421
0.0135397
0.0135372
0.0135348
0.0135323
0.0135298
0.0135273
0.0135248
0.0135223
0.0135197
0.0135172
0.0135147
0.0135121
0.0135095
0.0135069
0.0135043
0.0135017
0.0134991
0.0134964
0.0134938
0.0134911
0.0134885
0.0134858
0.0134831
0.0134804
0.0134776
0.0134749
0.0134721
0.0134694
0.0134666
0.0134638
0.013461
0.0134582
0.0134554
0.0134526
0.0134497
0.0134468
0.013444
0.0134411
0.0134382
0.0134353
0.0134324
0.0134295
0.0134268
0.0134245
0.0135927
0.0135903
0.0135879
0.0135855
0.0135831
0.0135806
0.0135782
0.0135757
0.0135733
0.0135708
0.0135683
0.0135658
0.0135633
0.0135608
0.0135583
0.0135557
0.0135532
0.0135506
0.013548
0.0135454
0.0135428
0.0135402
0.0135376
0.0135349
0.0135323
0.0135296
0.0135269
0.0135242
0.0135215
0.0135188
0.0135161
0.0135133
0.0135105
0.0135078
0.013505
0.0135022
0.0134994
0.0134965
0.0134937
0.0134908
0.013488
0.0134851
0.0134822
0.0134792
0.0134763
0.0134734
0.0134704
0.0134674
0.0134644
0.0134614
0.0134584
0.0134554
0.0134523
0.0134492
0.0134461
0.013443
0.0134399
0.0134368
0.0134336
0.0134305
0.0134273
0.0134241
0.0134209
0.0134177
0.0134144
0.0134111
0.0134079
0.0134046
0.0134012
0.0133979
0.0133946
0.0133912
0.0133878
0.0133844
0.013381
0.0133776
0.0133741
0.0133706
0.0133671
0.0133636
0.0133601
0.0133566
0.013353
0.0133494
0.0133458
0.0133422
0.0133387
0.0133353
0.0133326
0.0135413
0.0135384
0.0135356
0.0135328
0.0135299
0.013527
0.0135241
0.0135212
0.0135183
0.0135154
0.0135124
0.0135095
0.0135065
0.0135035
0.0135005
0.0134975
0.0134944
0.0134914
0.0134883
0.0134852
0.0134821
0.013479
0.0134758
0.0134727
0.0134695
0.0134663
0.0134631
0.0134599
0.0134566
0.0134534
0.0134501
0.0134468
0.0134435
0.0134401
0.0134368
0.0134334
0.01343
0.0134266
0.0134231
0.0134197
0.0134162
0.0134127
0.0134092
0.0134057
0.0134021
0.0133985
0.013395
0.0133913
0.0133877
0.013384
0.0133804
0.0133767
0.0133729
0.0133692
0.0133654
0.0133616
0.0133578
0.013354
0.0133502
0.0133463
0.0133424
0.0133385
0.0133345
0.0133305
0.0133266
0.0133225
0.0133185
0.0133144
0.0133104
0.0133063
0.0133021
0.013298
0.0132938
0.0132896
0.0132854
0.0132811
0.0132768
0.0132725
0.0132682
0.0132638
0.0132595
0.0132551
0.0132506
0.0132462
0.0132417
0.0132372
0.0132328
0.0132286
0.0132253
0.0134845
0.0134811
0.0134778
0.0134744
0.013471
0.0134676
0.0134642
0.0134608
0.0134573
0.0134538
0.0134503
0.0134468
0.0134433
0.0134397
0.0134361
0.0134325
0.0134289
0.0134252
0.0134216
0.0134179
0.0134142
0.0134104
0.0134067
0.0134029
0.0133991
0.0133952
0.0133914
0.0133875
0.0133836
0.0133797
0.0133757
0.0133717
0.0133677
0.0133637
0.0133597
0.0133556
0.0133515
0.0133473
0.0133432
0.013339
0.0133348
0.0133305
0.0133263
0.013322
0.0133177
0.0133133
0.0133089
0.0133045
0.0133001
0.0132956
0.0132911
0.0132866
0.013282
0.0132774
0.0132728
0.0132682
0.0132635
0.0132588
0.013254
0.0132492
0.0132444
0.0132396
0.0132347
0.0132298
0.0132249
0.0132199
0.0132149
0.0132099
0.0132048
0.0131997
0.0131946
0.0131894
0.0131842
0.013179
0.0131737
0.0131684
0.0131631
0.0131577
0.0131523
0.0131468
0.0131414
0.0131358
0.0131303
0.0131247
0.0131191
0.0131135
0.0131079
0.0131027
0.0130985
0.0134215
0.0134176
0.0134136
0.0134096
0.0134056
0.0134016
0.0133975
0.0133934
0.0133893
0.0133852
0.013381
0.0133768
0.0133726
0.0133684
0.0133641
0.0133598
0.0133555
0.0133511
0.0133467
0.0133423
0.0133379
0.0133334
0.0133289
0.0133243
0.0133198
0.0133151
0.0133105
0.0133058
0.0133011
0.0132964
0.0132916
0.0132868
0.013282
0.0132771
0.0132722
0.0132672
0.0132622
0.0132572
0.0132522
0.0132471
0.0132419
0.0132368
0.0132315
0.0132263
0.013221
0.0132157
0.0132103
0.0132049
0.0131994
0.0131939
0.0131884
0.0131828
0.0131772
0.0131716
0.0131659
0.0131601
0.0131543
0.0131485
0.0131426
0.0131367
0.0131307
0.0131247
0.0131187
0.0131126
0.0131064
0.0131002
0.013094
0.0130877
0.0130814
0.013075
0.0130685
0.0130621
0.0130555
0.013049
0.0130424
0.0130357
0.013029
0.0130222
0.0130154
0.0130085
0.0130016
0.0129946
0.0129876
0.0129805
0.0129734
0.0129663
0.0129592
0.0129526
0.0129473
0.0133514
0.0133467
0.013342
0.0133373
0.0133325
0.0133278
0.0133229
0.0133181
0.0133132
0.0133083
0.0133033
0.0132983
0.0132933
0.0132883
0.0132832
0.013278
0.0132728
0.0132676
0.0132624
0.0132571
0.0132517
0.0132464
0.0132409
0.0132355
0.01323
0.0132244
0.0132188
0.0132132
0.0132075
0.0132018
0.013196
0.0131902
0.0131843
0.0131784
0.0131724
0.0131664
0.0131603
0.0131542
0.013148
0.0131417
0.0131355
0.0131291
0.0131227
0.0131163
0.0131098
0.0131032
0.0130966
0.0130899
0.0130832
0.0130764
0.0130696
0.0130627
0.0130557
0.0130487
0.0130416
0.0130345
0.0130273
0.01302
0.0130127
0.0130053
0.0129978
0.0129903
0.0129827
0.012975
0.0129673
0.0129596
0.0129517
0.0129438
0.0129358
0.0129278
0.0129197
0.0129115
0.0129032
0.0128949
0.0128865
0.0128781
0.0128695
0.0128609
0.0128523
0.0128435
0.0128347
0.0128258
0.0128168
0.0128078
0.0127987
0.0127896
0.0127806
0.0127721
0.0127654
0.013273
0.0132675
0.013262
0.0132564
0.0132508
0.0132451
0.0132394
0.0132336
0.0132278
0.013222
0.0132161
0.0132101
0.0132042
0.0131981
0.013192
0.0131859
0.0131797
0.0131734
0.0131671
0.0131608
0.0131544
0.0131479
0.0131414
0.0131348
0.0131282
0.0131214
0.0131147
0.0131079
0.013101
0.013094
0.013087
0.0130799
0.0130728
0.0130655
0.0130582
0.0130509
0.0130435
0.013036
0.0130284
0.0130207
0.013013
0.0130052
0.0129973
0.0129894
0.0129814
0.0129733
0.0129651
0.0129568
0.0129485
0.01294
0.0129315
0.0129229
0.0129142
0.0129055
0.0128966
0.0128877
0.0128786
0.0128695
0.0128603
0.012851
0.0128416
0.0128322
0.0128226
0.0128129
0.0128032
0.0127933
0.0127834
0.0127734
0.0127632
0.012753
0.0127427
0.0127323
0.0127217
0.0127111
0.0127004
0.0126896
0.0126787
0.0126677
0.0126566
0.0126454
0.012634
0.0126226
0.0126111
0.0125995
0.0125878
0.012576
0.0125644
0.0125534
0.0125449
0.0131854
0.0131789
0.0131724
0.0131658
0.0131591
0.0131524
0.0131456
0.0131388
0.0131319
0.0131249
0.0131179
0.0131108
0.0131037
0.0130965
0.0130892
0.0130819
0.0130744
0.013067
0.0130594
0.0130518
0.0130441
0.0130363
0.0130284
0.0130205
0.0130124
0.0130043
0.0129961
0.0129879
0.0129795
0.0129711
0.0129625
0.0129539
0.0129452
0.0129363
0.0129274
0.0129184
0.0129093
0.0129001
0.0128908
0.0128813
0.0128718
0.0128622
0.0128525
0.0128426
0.0128326
0.0128226
0.0128124
0.0128021
0.0127917
0.0127812
0.0127705
0.0127597
0.0127489
0.0127378
0.0127267
0.0127155
0.0127041
0.0126926
0.0126809
0.0126692
0.0126573
0.0126453
0.0126331
0.0126208
0.0126084
0.0125959
0.0125832
0.0125704
0.0125574
0.0125444
0.0125311
0.0125178
0.0125043
0.0124907
0.0124769
0.012463
0.012449
0.0124348
0.0124204
0.012406
0.0123914
0.0123766
0.0123617
0.0123467
0.0123316
0.0123164
0.0123013
0.0122871
0.012276
0.0130874
0.0130797
0.013072
0.0130642
0.0130563
0.0130483
0.0130403
0.0130322
0.013024
0.0130157
0.0130074
0.0129989
0.0129904
0.0129818
0.0129731
0.0129643
0.0129555
0.0129465
0.0129374
0.0129283
0.012919
0.0129096
0.0129001
0.0128905
0.0128808
0.012871
0.0128611
0.0128511
0.0128409
0.0128306
0.0128202
0.0128097
0.012799
0.0127882
0.0127773
0.0127662
0.012755
0.0127437
0.0127322
0.0127205
0.0127088
0.0126968
0.0126848
0.0126725
0.0126601
0.0126476
0.0126348
0.012622
0.0126089
0.0125957
0.0125823
0.0125688
0.0125551
0.0125412
0.0125271
0.0125129
0.0124984
0.0124838
0.0124691
0.0124541
0.0124389
0.0124236
0.0124081
0.0123924
0.0123765
0.0123604
0.0123442
0.0123277
0.0123111
0.0122943
0.0122773
0.0122601
0.0122427
0.0122252
0.0122074
0.0121895
0.0121713
0.012153
0.0121345
0.0121158
0.0120969
0.0120778
0.0120586
0.0120391
0.0120195
0.0119999
0.0119803
0.0119619
0.0119475
0.0129776
0.0129685
0.0129594
0.0129501
0.0129408
0.0129314
0.0129219
0.0129123
0.0129026
0.0128928
0.0128828
0.0128728
0.0128627
0.0128524
0.012842
0.0128315
0.0128209
0.0128102
0.0127993
0.0127883
0.0127772
0.0127659
0.0127544
0.0127429
0.0127312
0.0127193
0.0127072
0.0126951
0.0126827
0.0126702
0.0126575
0.0126446
0.0126316
0.0126184
0.0126049
0.0125913
0.0125775
0.0125636
0.0125494
0.012535
0.0125204
0.0125056
0.0124905
0.0124753
0.0124598
0.0124441
0.0124282
0.012412
0.0123957
0.012379
0.0123622
0.0123451
0.0123277
0.0123101
0.0122923
0.0122742
0.0122559
0.0122373
0.0122184
0.0121993
0.0121799
0.0121603
0.0121405
0.0121203
0.0120999
0.0120793
0.0120584
0.0120373
0.0120159
0.0119942
0.0119723
0.0119501
0.0119277
0.0119051
0.0118822
0.011859
0.0118356
0.011812
0.0117881
0.011764
0.0117396
0.0117151
0.0116902
0.0116652
0.01164
0.0116146
0.0115895
0.0115657
0.011547
0.0128545
0.0128438
0.0128331
0.0128222
0.0128112
0.0128001
0.0127888
0.0127775
0.012766
0.0127543
0.0127426
0.0127307
0.0127186
0.0127064
0.012694
0.0126815
0.0126688
0.012656
0.012643
0.0126298
0.0126164
0.0126029
0.0125891
0.0125752
0.012561
0.0125467
0.0125321
0.0125173
0.0125023
0.0124871
0.0124716
0.0124559
0.01244
0.0124238
0.0124073
0.0123906
0.0123736
0.0123564
0.0123389
0.012321
0.0123029
0.0122845
0.0122658
0.0122468
0.0122275
0.0122079
0.0121879
0.0121676
0.012147
0.0121261
0.0121048
0.0120832
0.0120612
0.0120389
0.0120163
0.0119933
0.0119699
0.0119462
0.0119222
0.0118978
0.011873
0.0118479
0.0118224
0.0117966
0.0117705
0.011744
0.0117172
0.01169
0.0116625
0.0116347
0.0116065
0.011578
0.0115492
0.0115201
0.0114907
0.011461
0.011431
0.0114007
0.0113702
0.0113393
0.0113082
0.0112768
0.0112451
0.0112132
0.0111811
0.0111489
0.0111169
0.0110866
0.0110627
0.0127165
0.012704
0.0126914
0.0126786
0.0126657
0.0126526
0.0126394
0.0126259
0.0126124
0.0125986
0.0125847
0.0125706
0.0125563
0.0125418
0.0125271
0.0125123
0.0124972
0.0124818
0.0124663
0.0124505
0.0124345
0.0124183
0.0124018
0.012385
0.012368
0.0123507
0.0123331
0.0123152
0.012297
0.0122786
0.0122598
0.0122407
0.0122212
0.0122014
0.0121813
0.0121608
0.01214
0.0121187
0.0120971
0.0120751
0.0120527
0.0120299
0.0120067
0.011983
0.0119589
0.0119344
0.0119094
0.011884
0.0118581
0.0118318
0.011805
0.0117777
0.01175
0.0117218
0.0116931
0.0116639
0.0116342
0.0116041
0.0115734
0.0115423
0.0115108
0.0114787
0.0114462
0.0114133
0.0113798
0.011346
0.0113117
0.011277
0.0112418
0.0112063
0.0111704
0.0111341
0.0110974
0.0110603
0.0110229
0.0109852
0.0109472
0.0109088
0.0108702
0.0108312
0.010792
0.0107526
0.0107129
0.010673
0.0106329
0.0105927
0.0105529
0.0105151
0.0104852
0.0125621
0.0125475
0.0125327
0.0125177
0.0125025
0.0124872
0.0124716
0.0124558
0.0124399
0.0124237
0.0124073
0.0123907
0.0123738
0.0123567
0.0123393
0.0123217
0.0123037
0.0122856
0.0122671
0.0122483
0.0122292
0.0122098
0.0121901
0.0121701
0.0121497
0.0121289
0.0121078
0.0120862
0.0120643
0.012042
0.0120193
0.0119961
0.0119725
0.0119484
0.0119239
0.0118989
0.0118734
0.0118474
0.0118209
0.0117938
0.0117662
0.011738
0.0117093
0.01168
0.0116501
0.0116196
0.0115885
0.0115568
0.0115245
0.0114915
0.0114579
0.0114237
0.0113888
0.0113532
0.011317
0.0112802
0.0112427
0.0112046
0.0111658
0.0111265
0.0110864
0.0110458
0.0110046
0.0109628
0.0109205
0.0108776
0.0108341
0.0107902
0.0107457
0.0107008
0.0106555
0.0106097
0.0105636
0.010517
0.0104702
0.010423
0.0103756
0.0103278
0.0102799
0.0102318
0.0101835
0.0101351
0.0100865
0.0100379
0.00998929
0.00994078
0.00989283
0.0098472
0.00981095
0.0123893
0.0123723
0.012355
0.0123375
0.0123198
0.0123019
0.0122837
0.0122653
0.0122466
0.0122276
0.0122084
0.0121889
0.012169
0.0121489
0.0121285
0.0121077
0.0120866
0.0120651
0.0120433
0.012021
0.0119984
0.0119754
0.011952
0.0119282
0.0119038
0.0118791
0.0118538
0.0118281
0.0118018
0.0117751
0.0117477
0.0117199
0.0116914
0.0116623
0.0116326
0.0116023
0.0115714
0.0115397
0.0115074
0.0114744
0.0114406
0.0114061
0.0113709
0.0113348
0.011298
0.0112604
0.011222
0.0111827
0.0111426
0.0111016
0.0110598
0.0110171
0.0109736
0.0109292
0.010884
0.0108379
0.0107909
0.0107431
0.0106945
0.010645
0.0105948
0.0105438
0.0104921
0.0104397
0.0103866
0.0103328
0.0102784
0.0102235
0.010168
0.0101121
0.0100558
0.00999901
0.00994195
0.00988461
0.00982707
0.00976936
0.00971156
0.00965373
0.00959591
0.00953818
0.0094806
0.00942322
0.00936611
0.00930933
0.00925298
0.0091972
0.00914245
0.00909051
0.00904905
0.0121965
0.0121767
0.0121567
0.0121364
0.0121158
0.0120949
0.0120738
0.0120524
0.0120306
0.0120085
0.0119861
0.0119633
0.0119402
0.0119167
0.0118928
0.0118684
0.0118437
0.0118185
0.0117929
0.0117668
0.0117403
0.0117132
0.0116856
0.0116574
0.0116287
0.0115994
0.0115695
0.011539
0.0115078
0.011476
0.0114435
0.0114102
0.0113762
0.0113414
0.0113059
0.0112695
0.0112322
0.0111941
0.0111551
0.0111152
0.0110743
0.0110325
0.0109896
0.0109458
0.0109009
0.0108549
0.0108079
0.0107598
0.0107106
0.0106602
0.0106087
0.0105561
0.0105024
0.0104475
0.0103916
0.0103345
0.0102763
0.010217
0.0101567
0.0100954
0.0100331
0.00996987
0.00990576
0.00984083
0.00977512
0.00970872
0.0096417
0.00957413
0.0095061
0.00943771
0.00936905
0.00930023
0.00923135
0.00916253
0.00909388
0.00902551
0.00895756
0.00889014
0.00882339
0.00875741
0.00869233
0.00862826
0.00856534
0.00850373
0.00844358
0.00838504
0.00832848
0.00827547
0.00823324
0.0119817
0.0119589
0.0119358
0.0119124
0.0118886
0.0118646
0.0118401
0.0118154
0.0117902
0.0117647
0.0117387
0.0117124
0.0116856
0.0116583
0.0116306
0.0116024
0.0115737
0.0115444
0.0115147
0.0114843
0.0114534
0.0114218
0.0113896
0.0113567
0.0113231
0.0112889
0.0112538
0.011218
0.0111814
0.0111439
0.0111056
0.0110664
0.0110262
0.0109851
0.010943
0.0108998
0.0108556
0.0108102
0.0107638
0.0107161
0.0106672
0.0106171
0.0105657
0.010513
0.0104589
0.0104035
0.0103467
0.0102884
0.0102288
0.0101676
0.0101051
0.010041
0.00997554
0.00990859
0.00984021
0.00977041
0.00969923
0.0096267
0.00955288
0.00947782
0.00940159
0.00932428
0.00924597
0.00916678
0.00908682
0.00900622
0.00892514
0.00884373
0.00876217
0.00868065
0.00859937
0.00851854
0.00843839
0.00835914
0.00828101
0.00820424
0.00812908
0.00805582
0.00798468
0.00791581
0.00784939
0.00778561
0.00772487
0.00766797
0.00761476
0.00756493
0.00751855
0.00747659
0.00744404
0.0117433
0.0117172
0.0116908
0.0116639
0.0116368
0.0116092
0.0115812
0.0115528
0.011524
0.0114947
0.011465
0.0114347
0.011404
0.0113727
0.0113409
0.0113085
0.0112755
0.0112419
0.0112076
0.0111726
0.011137
0.0111006
0.0110635
0.0110255
0.0109867
0.0109471
0.0109065
0.010865
0.0108226
0.0107791
0.0107345
0.0106889
0.0106421
0.0105941
0.0105449
0.0104944
0.0104426
0.0103894
0.0103347
0.0102786
0.010221
0.0101618
0.010101
0.0100385
0.00997437
0.00990847
0.0098408
0.00977133
0.00970003
0.00962688
0.00955188
0.00947501
0.00939629
0.00931572
0.00923334
0.00914919
0.00906331
0.00897578
0.00888669
0.00879615
0.00870428
0.00861123
0.0085172
0.00842239
0.00832705
0.00823144
0.00813588
0.0080407
0.00794628
0.00785299
0.00776124
0.0076715
0.00758422
0.0074998
0.00741858
0.00734097
0.00726771
0.00719971
0.00713667
0.00707841
0.00702503
0.00697672
0.00693372
0.00689627
0.00686446
0.0068385
0.00681869
0.00680538
0.00679886
0.01148
0.0114504
0.0114203
0.0113898
0.011359
0.0113277
0.0112959
0.0112637
0.0112309
0.0111977
0.0111639
0.0111296
0.0110947
0.0110592
0.0110231
0.0109863
0.0109488
0.0109106
0.0108716
0.0108319
0.0107913
0.0107499
0.0107076
0.0106644
0.0106202
0.0105749
0.0105286
0.0104812
0.0104327
0.0103829
0.0103319
0.0102795
0.0102258
0.0101706
0.010114
0.0100558
0.00999598
0.00993449
0.00987127
0.00980624
0.00973934
0.00967051
0.00959969
0.00952682
0.00945183
0.00937468
0.00929531
0.00921369
0.00912977
0.00904353
0.00895496
0.00886404
0.0087708
0.00867524
0.00857743
0.00847743
0.00837534
0.00827127
0.00816541
0.00805794
0.00794913
0.00783931
0.00772884
0.00761818
0.00750785
0.00739842
0.00729056
0.00718501
0.00708251
0.00698373
0.00688946
0.00680099
0.00671923
0.00664404
0.00657565
0.00651453
0.00646114
0.00641599
0.00637943
0.00635169
0.00633326
0.00632473
0.00632626
0.00633783
0.00635858
0.00638946
0.00643191
0.00648654
0.00654311
0.0111907
0.0111573
0.0111235
0.0110892
0.0110545
0.0110193
0.0109837
0.0109474
0.0109107
0.0108734
0.0108355
0.010797
0.0107578
0.010718
0.0106774
0.0106362
0.0105941
0.0105513
0.0105076
0.010463
0.0104174
0.010371
0.0103234
0.0102749
0.0102252
0.0101743
0.0101222
0.0100689
0.0100142
0.00995806
0.00990047
0.00984135
0.00978062
0.00971821
0.00965404
0.00958804
0.00952012
0.00945021
0.00937821
0.00930405
0.00922764
0.0091489
0.00906774
0.00898408
0.00889784
0.00880895
0.00871733
0.00862293
0.00852569
0.00842558
0.00832256
0.00821664
0.00810783
0.00799618
0.00788177
0.00776472
0.00764521
0.00752349
0.00739988
0.00727483
0.00714889
0.00702276
0.00689728
0.00677345
0.0066524
0.00653527
0.00642345
0.00631899
0.00622271
0.00613514
0.00605728
0.00599022
0.00593495
0.00589222
0.00586286
0.00584787
0.00584772
0.00586274
0.00589255
0.00593664
0.00599798
0.00607905
0.00617734
0.00629296
0.00642348
0.00656943
0.00673048
0.00690081
0.00705605
0.010875
0.0108378
0.0108001
0.010762
0.0107234
0.0106842
0.0106446
0.0106044
0.0105636
0.0105222
0.0104802
0.0104375
0.0103941
0.01035
0.0103051
0.0102594
0.0102129
0.0101655
0.0101171
0.0100678
0.0100174
0.00996595
0.00991337
0.0098596
0.00980458
0.00974824
0.00969053
0.00963136
0.00957068
0.0095084
0.00944444
0.00937872
0.00931116
0.00924166
0.00917013
0.00909648
0.0090206
0.00894238
0.00886174
0.00877854
0.00869269
0.00860408
0.00851258
0.0084181
0.00832052
0.00821973
0.00811565
0.00800819
0.00789727
0.00778283
0.00766485
0.00754332
0.00741826
0.00728977
0.00715801
0.0070232
0.00688572
0.0067461
0.00660507
0.00646363
0.00632306
0.00618489
0.00605089
0.00592362
0.00580523
0.00569705
0.00560106
0.00551945
0.00545421
0.00540706
0.00537989
0.00537443
0.00539119
0.00542992
0.00549171
0.00558062
0.00569472
0.00583327
0.00599491
0.00617841
0.00638346
0.00661004
0.00685648
0.00712131
0.00740303
0.00770073
0.00801173
0.00832341
0.00859171
0.010533
0.010492
0.0104505
0.0104086
0.0103661
0.0103232
0.0102797
0.0102356
0.0101909
0.0101456
0.0100996
0.0100529
0.0100054
0.0099572
0.00990816
0.00985827
0.00980746
0.0097557
0.00970294
0.00964912
0.00959418
0.00953807
0.00948073
0.00942208
0.00936205
0.00930058
0.00923759
0.009173
0.00910671
0.00903865
0.00896871
0.0088968
0.00882281
0.00874665
0.00866818
0.0085873
0.00850387
0.00841778
0.0083289
0.00823707
0.00814217
0.00804405
0.00794256
0.00783757
0.00772891
0.00761647
0.0075001
0.00737968
0.00725511
0.00712632
0.00699326
0.00685594
0.00671444
0.00656893
0.00641972
0.00626736
0.00611267
0.00595686
0.00580169
0.00564931
0.00550293
0.00536559
0.00523988
0.00512938
0.00503785
0.00496909
0.00492697
0.00491494
0.00493466
0.00498652
0.00507473
0.00520231
0.00536453
0.00556049
0.00578979
0.00605139
0.00634008
0.00665441
0.00699237
0.00735298
0.00773518
0.00813725
0.00855644
0.00898669
0.00942491
0.00986682
0.0103042
0.0107167
0.0110466
0.0101658
0.0101211
0.010076
0.0100304
0.00998432
0.00993772
0.00989056
0.00984282
0.00979447
0.00974546
0.00969577
0.00964536
0.00959418
0.0095422
0.00948936
0.00943562
0.00938094
0.00932524
0.00926848
0.0092106
0.00915154
0.00909122
0.00902958
0.00896654
0.00890201
0.00883593
0.0087682
0.00869872
0.0086274
0.00855413
0.00847881
0.00840132
0.00832153
0.00823933
0.00815457
0.00806713
0.00797684
0.00788355
0.00778711
0.00768735
0.00758409
0.00747715
0.00736635
0.0072515
0.00713242
0.00700892
0.00688083
0.00674799
0.00661026
0.00646755
0.00631982
0.00616713
0.00600966
0.0058478
0.00568228
0.00551432
0.00534589
0.0051798
0.00502035
0.00487113
0.00473673
0.00462341
0.00453792
0.00448715
0.00447596
0.00450936
0.00459286
0.00473078
0.00491926
0.00515698
0.0054432
0.00577425
0.00614094
0.00654265
0.00697754
0.00744186
0.00793113
0.00843713
0.00895537
0.00948203
0.0100136
0.0105466
0.011078
0.0116041
0.0121209
0.0126226
0.0130981
0.0135228
0.0138385
0.00977503
0.00972699
0.00967852
0.0096296
0.0095802
0.00953028
0.00947983
0.0094288
0.00937716
0.00932488
0.0092719
0.0092182
0.00916373
0.00910843
0.00905226
0.00899517
0.0089371
0.00887799
0.00881778
0.0087564
0.00869377
0.00862983
0.0085645
0.00849769
0.00842931
0.00835927
0.00828747
0.00821381
0.00813816
0.00806043
0.00798048
0.00789818
0.00781339
0.00772598
0.00763577
0.00754262
0.00744634
0.00734677
0.0072437
0.00713693
0.00702627
0.00691149
0.00679235
0.00666864
0.00654012
0.00640656
0.00626773
0.00612343
0.00597352
0.0058179
0.00565657
0.00548973
0.00531781
0.00514171
0.00496311
0.00478493
0.00461188
0.00444874
0.00430238
0.00418207
0.00409716
0.00406013
0.00408087
0.00416969
0.00432814
0.00455727
0.00485613
0.00522086
0.00564182
0.0061145
0.00663403
0.00719257
0.00777918
0.00838594
0.0090061
0.00963361
0.010263
0.0108891
0.0115078
0.0121154
0.0127088
0.0132854
0.0138426
0.0143776
0.0148867
0.0153637
0.0157969
0.0161624
0.0164113
0.00936339
0.00931235
0.00926091
0.00920906
0.00915676
0.00910398
0.00905068
0.00899683
0.00894239
0.00888732
0.00883158
0.00877512
0.00871789
0.00865984
0.00860091
0.00854106
0.00848021
0.0084183
0.00835526
0.00829103
0.00822552
0.00815864
0.00809032
0.00802046
0.00794897
0.00787573
0.00780065
0.00772359
0.00764445
0.0075631
0.00747938
0.00739317
0.0073043
0.00721261
0.00711793
0.00702007
0.00691885
0.00681404
0.00670544
0.00659282
0.00647592
0.00635449
0.00622827
0.00609697
0.00596032
0.00581804
0.00566987
0.00551559
0.00535504
0.0051882
0.00501523
0.00483659
0.00465333
0.00446745
0.0042828
0.00410552
0.00394311
0.0038065
0.00371197
0.00367776
0.00371831
0.00384514
0.00406547
0.00438107
0.00478775
0.00527581
0.00583674
0.0064563
0.00712165
0.00781989
0.00853967
0.00927109
0.0100053
0.0107348
0.0114531
0.0121552
0.012837
0.0134951
0.0141273
0.0147316
0.0153068
0.0158517
0.0163649
0.0168446
0.0172874
0.0176878
0.018035
0.0183093
0.0184749
0.00893402
0.00888046
0.00882655
0.00877227
0.00871759
0.00866246
0.00860686
0.00855074
0.00849407
0.00843679
0.00837886
0.00832024
0.00826087
0.00820069
0.00813965
0.00807768
0.00801472
0.0079507
0.00788554
0.00781917
0.00775149
0.00768243
0.00761189
0.00753976
0.00746594
0.00739033
0.00731279
0.00723321
0.00715146
0.00706738
0.00698084
0.00689167
0.0067997
0.00670476
0.00660665
0.00650518
0.00640013
0.00629127
0.00617835
0.00606113
0.00593931
0.00581262
0.00568074
0.00554337
0.00540019
0.00525089
0.0050952
0.00493292
0.00476398
0.00458852
0.00440703
0.00422063
0.00403152
0.00384397
0.00366529
0.00350741
0.00338797
0.00333159
0.0033589
0.00349167
0.00374388
0.00411993
0.00461395
0.00521211
0.00589602
0.006646
0.00744257
0.00826847
0.00910861
0.00995014
0.0107824
0.011597
0.0123873
0.0131486
0.0138773
0.0145714
0.0152293
0.0158505
0.0164346
0.0169814
0.0174909
0.0179627
0.0183961
0.0187896
0.0191399
0.019442
0.0196892
0.0198667
0.0199537
0.00849063
0.0084351
0.00837928
0.00832314
0.00826665
0.00820977
0.00815246
0.00809468
0.00803638
0.00797752
0.00791804
0.0078579
0.00779704
0.0077354
0.00767292
0.00760953
0.00754516
0.00747974
0.00741318
0.0073454
0.00727632
0.00720583
0.00713384
0.00706025
0.00698493
0.00690777
0.00682864
0.00674741
0.00666393
0.00657806
0.00648963
0.00639847
0.00630441
0.00620726
0.0061068
0.00600283
0.00589511
0.00578341
0.00566744
0.00554694
0.00542162
0.00529114
0.0051552
0.00501346
0.00486559
0.0047113
0.00455038
0.00438272
0.00420848
0.00402816
0.00384293
0.00365504
0.00346901
0.00329345
0.00314279
0.00304251
0.00302045
0.00311023
0.0033402
0.00372538
0.00426337
0.00493646
0.00571806
0.00657913
0.00749231
0.00843366
0.00938311
0.0103245
0.0112451
0.0121355
0.0129892
0.0138019
0.0145711
0.0152958
0.0159757
0.0166114
0.0172035
0.0177528
0.0182601
0.0187258
0.0191502
0.019533
0.0198731
0.0201702
0.0204188
0.0206129
0.0207455
0.0208127
0.0208117
0.00803728
0.00798036
0.00792323
0.00786584
0.00780815
0.00775013
0.00769173
0.00763291
0.00757362
0.00751382
0.00745344
0.00739244
0.00733076
0.00726833
0.00720508
0.00714096
0.00707587
0.00700975
0.00694252
0.00687407
0.00680432
0.00673316
0.0066605
0.00658622
0.0065102
0.00643231
0.00635242
0.00627039
0.00618606
0.00609929
0.0060099
0.00591771
0.00582254
0.00572418
0.00562243
0.00551705
0.00540781
0.00529445
0.0051767
0.00505427
0.00492686
0.00479415
0.00465582
0.00451156
0.0043611
0.00420422
0.00404087
0.00387123
0.00369585
0.00351593
0.0033338
0.00315362
0.00298409
0.00284236
0.00275317
0.00275564
0.00289601
0.00321236
0.00372031
0.00440812
0.00524362
0.00618631
0.00719713
0.00824247
0.00929495
0.0103332
0.0113412
0.0123077
0.0132258
0.0140913
0.0149027
0.0156602
0.0163648
0.0170182
0.0176222
0.0181786
0.018689
0.0191546
0.0195761
0.0199541
0.0202883
0.0205782
0.0208191
0.0210062
0.0211392
0.0212167
0.0212368
0.0211981
0.0211012
0.00757812
0.00752044
0.0074626
0.00740457
0.0073463
0.00728775
0.00722889
0.00716965
0.00711001
0.00704989
0.00698925
0.00692803
0.00686616
0.00680359
0.00674024
0.00667605
0.00661092
0.00654478
0.00647755
0.00640913
0.00633942
0.00626831
0.0061957
0.00612148
0.00604551
0.00596766
0.0058878
0.00580577
0.00572142
0.0056346
0.00554511
0.00545278
0.00535742
0.00525881
0.00515675
0.00505099
0.00494131
0.00482744
0.00470912
0.00458606
0.00445799
0.0043246
0.00418565
0.00404089
0.00389019
0.00373356
0.00357125
0.00340396
0.00323292
0.0030604
0.0028906
0.00273027
0.00259536
0.00251024
0.00252066
0.00268638
0.00306035
0.00366308
0.00447288
0.00544284
0.00651897
0.00765208
0.00880258
0.00994
0.0110421
0.0120937
0.0130858
0.0140138
0.0148768
0.0156757
0.0164129
0.0170914
0.0177142
0.0182845
0.0188047
0.0192771
0.0197032
0.0200838
0.0204192
0.0207096
0.0209508
0.0211394
0.0212762
0.02136
0.0213894
0.0213628
0.0212793
0.0211386
0.0209416
0.00711732
0.00705946
0.00700152
0.00694343
0.00688518
0.00682671
0.00676797
0.00670892
0.00664951
0.00658968
0.00652938
0.00646854
0.0064071
0.00634499
0.00628215
0.0062185
0.00615395
0.00608843
0.00602183
0.00595407
0.00588505
0.00581466
0.00574277
0.00566928
0.00559405
0.00551695
0.00543783
0.00535654
0.00527292
0.0051868
0.00509801
0.00500635
0.00491163
0.00481365
0.00471218
0.004607
0.00449787
0.00438455
0.0042668
0.00414437
0.00401702
0.00388455
0.00374682
0.00360379
0.00345558
0.00330259
0.00314562
0.00298617
0.00282637
0.00266996
0.00252383
0.00239522
0.0023085
0.00230999
0.00246781
0.00285508
0.00350735
0.00439988
0.00546923
0.0066502
0.0078831
0.00911985
0.0103258
0.0114777
0.0125612
0.0135695
0.0145007
0.0153563
0.0161396
0.016855
0.0175071
0.0181002
0.0186384
0.0191249
0.0195624
0.0199528
0.0202969
0.0205953
0.0208462
0.0210467
0.0211969
0.0212953
0.0213404
0.0213304
0.0212644
0.0211414
0.0209614
0.0207252
0.0204388
0.00665883
0.00660137
0.00654387
0.00648631
0.00642862
0.00637078
0.00631272
0.00625441
0.00619578
0.00613679
0.00607736
0.00601745
0.00595699
0.0058959
0.00583412
0.00577157
0.00570816
0.0056438
0.00557842
0.0055119
0.00544414
0.00537504
0.00530447
0.00523232
0.00515844
0.00508271
0.00500496
0.00492506
0.00484283
0.00475811
0.0046707
0.00458044
0.00448711
0.00439051
0.00429044
0.00418667
0.00407901
0.00396722
0.00385112
0.00373052
0.00360531
0.00347543
0.00334098
0.00320222
0.00305975
0.00291452
0.00276814
0.00262335
0.00248283
0.0023508
0.00223172
0.00214344
0.00212581
0.00224835
0.00259739
0.00323895
0.00416071
0.00529094
0.00654555
0.00785996
0.00917126
0.0104383
0.0116352
0.0127481
0.0137718
0.0147067
0.0155566
0.0163269
0.0170235
0.0176524
0.0182192
0.0187289
0.0191855
0.0195921
0.0199509
0.0202631
0.0205289
0.0207473
0.0209177
0.021039
0.0211093
0.0211267
0.0210883
0.0209914
0.0208358
0.0206218
0.0203513
0.0200285
0.0196606
0.00620631
0.00614976
0.00609323
0.00603669
0.00598008
0.00592336
0.00586648
0.00580939
0.00575204
0.00569437
0.00563631
0.00557782
0.00551881
0.00545922
0.00539898
0.00533801
0.00527622
0.00521353
0.00514985
0.00508506
0.00501907
0.00495177
0.00488303
0.00481273
0.00474073
0.0046669
0.00459108
0.00451312
0.00443285
0.0043501
0.00426469
0.00417643
0.00408513
0.0039906
0.00389264
0.00379105
0.00368567
0.00357634
0.00346294
0.00334543
0.00322386
0.00309847
0.00296968
0.00283828
0.00270554
0.00257307
0.00244348
0.00232059
0.00220322
0.00209603
0.00201029
0.00197358
0.00204605
0.00232089
0.00288308
0.00376511
0.00490226
0.00619983
0.00757521
0.00895213
0.0102787
0.011523
0.0126697
0.0137144
0.0146591
0.0155096
0.0162728
0.0169565
0.0175678
0.0181136
0.0185996
0.0190307
0.0194108
0.0197423
0.0200269
0.020265
0.0204573
0.020604
0.0207038
0.0207544
0.0207524
0.020695
0.0205793
0.0204027
0.0201644
0.0198655
0.0195096
0.0191037
0.0186576
0.00576304
0.00570786
0.00565276
0.00559768
0.00554258
0.00548743
0.00543216
0.00537672
0.00532106
0.00526513
0.00520886
0.00515218
0.00509505
0.00503737
0.00497908
0.0049201
0.00486034
0.00479972
0.00473814
0.00467551
0.0046117
0.00454662
0.00448013
0.00441212
0.00434245
0.00427097
0.00419753
0.00412198
0.00404415
0.00396386
0.00388095
0.00379523
0.00370652
0.00361463
0.00351941
0.00342071
0.00331841
0.00321247
0.0031029
0.00298988
0.00287376
0.00275515
0.00263502
0.00251481
0.00239683
0.00228236
0.002175
0.00207264
0.00197882
0.0019005
0.00185368
0.00187878
0.00206123
0.00250703
0.00326538
0.00433633
0.00562341
0.00702751
0.00846439
0.00985404
0.0111536
0.0123437
0.0134196
0.0143842
0.0152447
0.01601
0.0166887
0.0172898
0.0178212
0.0182894
0.0187002
0.0190586
0.0193674
0.0196285
0.0198428
0.0200137
0.020141
0.0202234
0.020259
0.0202449
0.0201771
0.0200516
0.0198649
0.0196138
0.0192973
0.0189171
0.0184788
0.017993
0.0174741
0.00533187
0.00527845
0.00522515
0.00517192
0.00511871
0.00506548
0.00501218
0.00495875
0.00490514
0.00485129
0.00479715
0.00474264
0.0046877
0.00463227
0.00457627
0.00451961
0.00446222
0.004404
0.00434486
0.00428471
0.00422342
0.0041609
0.00409701
0.00403164
0.00396464
0.00389587
0.00382518
0.00375242
0.00367742
0.00360001
0.00352003
0.0034373
0.00335166
0.00326297
0.0031711
0.003076
0.00297764
0.00287615
0.00277178
0.00266502
0.00255667
0.00244788
0.00234024
0.00223578
0.00213772
0.00204371
0.00195487
0.00187391
0.00180539
0.00175809
0.00175374
0.00184932
0.0021563
0.00276924
0.00367023
0.00486898
0.0062497
0.00772143
0.00917295
0.010538
0.011785
0.0129058
0.0139038
0.0147867
0.0155651
0.0162493
0.016849
0.0173736
0.0178315
0.0182282
0.0185697
0.018861
0.0191038
0.0192981
0.019449
0.0195591
0.0196272
0.0196512
0.0196283
0.0195546
0.0194256
0.0192367
0.0189831
0.0186612
0.0182695
0.0178099
0.0172916
0.0167343
0.0161568
0.00491516
0.00486383
0.00481266
0.00476159
0.00471057
0.00465957
0.00460852
0.00455739
0.0045061
0.00445462
0.00440287
0.00435079
0.00429833
0.0042454
0.00419194
0.00413786
0.00408309
0.00402753
0.0039711
0.00391368
0.00385518
0.00379548
0.00373446
0.00367199
0.00360794
0.00354217
0.00347453
0.00340487
0.00333302
0.00325883
0.00318215
0.00310282
0.00302073
0.00293578
0.00284794
0.00275726
0.00266392
0.00256828
0.00247097
0.00237289
0.00227546
0.00218052
0.00208909
0.00200439
0.00192307
0.00184663
0.00177748
0.001719
0.0016765
0.00166076
0.00170054
0.00187257
0.00231055
0.00306171
0.00401934
0.00529848
0.00674012
0.00824506
0.00968419
0.0110037
0.0121863
0.0132332
0.014154
0.0149585
0.0156598
0.0162696
0.0167963
0.0172508
0.0176427
0.0179735
0.0182509
0.018479
0.0186597
0.0187945
0.0188896
0.0189447
0.0189582
0.0189274
0.0188488
0.0187182
0.0185305
0.0182803
0.0179623
0.0175721
0.0171077
0.0165719
0.0159828
0.0154485
0.0149779
0.00451485
0.00446588
0.00441708
0.00436841
0.00431982
0.00427127
0.00422271
0.00417408
0.00412534
0.00407642
0.00402728
0.00397783
0.00392804
0.00387781
0.00382708
0.00377578
0.00372381
0.0036711
0.00361756
0.00356307
0.00350754
0.00345086
0.0033929
0.00333354
0.00327266
0.00321011
0.00314575
0.00307943
0.00301101
0.00294036
0.00286734
0.00279184
0.00271382
0.00263328
0.00255033
0.00246521
0.00237841
0.00229059
0.00220303
0.00211697
0.00203384
0.00195691
0.00188307
0.00181263
0.00174695
0.00168807
0.00163866
0.00160237
0.00158508
0.00159993
0.00168399
0.0019349
0.00249948
0.00333658
0.00426484
0.00559846
0.0070911
0.00859808
0.0100034
0.0112671
0.012382
0.0133561
0.0142046
0.0149358
0.0155665
0.0161093
0.0165691
0.0169591
0.0172877
0.0175596
0.0177799
0.0179518
0.0180762
0.0181598
0.0182038
0.0182075
0.0181688
0.0180845
0.0179509
0.0177633
0.0175166
0.0172052
0.0168235
0.0163674
0.0158387
0.0152564
0.0147495
0.0143207
0.0139777
0.00413242
0.00408599
0.00403975
0.00399367
0.00394768
0.00390176
0.00385584
0.00380988
0.00376383
0.00371763
0.00367123
0.00362456
0.00357756
0.00353016
0.0034823
0.0034339
0.00338487
0.00333514
0.0032846
0.00323317
0.00318075
0.00312722
0.00307247
0.00301638
0.00295882
0.00289967
0.00283879
0.00277606
0.00271135
0.00264457
0.00257563
0.00250451
0.00243127
0.00235609
0.00227929
0.00220141
0.00212346
0.00204625
0.00197157
0.00190088
0.00183518
0.00177171
0.00171122
0.00165508
0.00160509
0.00156351
0.00153312
0.00151768
0.00152373
0.00156713
0.00169385
0.00202173
0.00270186
0.00354937
0.00439964
0.00576919
0.00729278
0.00878615
0.0101468
0.0113519
0.0124006
0.0133056
0.0140891
0.014752
0.015316
0.0157943
0.0161956
0.0165297
0.0168041
0.0170241
0.0171938
0.017316
0.017392
0.0174284
0.0174246
0.0173791
0.0172891
0.0171511
0.0169607
0.0167132
0.0164042
0.0160293
0.0155845
0.0150722
0.01453
0.0140488
0.0136505
0.013354
0.013153
0.00376895
0.0037252
0.00368165
0.00363827
0.003595
0.00355181
0.00350864
0.00346545
0.00342218
0.00337879
0.00333522
0.0032914
0.00324729
0.0032028
0.00315788
0.00311246
0.00306644
0.00301976
0.00297232
0.00292404
0.0028748
0.00282452
0.00277309
0.00272038
0.0026663
0.00261072
0.00255354
0.00249466
0.00243402
0.00237156
0.00230731
0.00224139
0.00217403
0.00210567
0.00203703
0.0019688
0.00190245
0.00183849
0.00178053
0.00172428
0.00166995
0.00161832
0.00157058
0.00152831
0.00149339
0.00146807
0.0014551
0.00145837
0.00148524
0.00155461
0.00172102
0.00211759
0.00289399
0.00368699
0.00446176
0.00582435
0.00735313
0.00882372
0.0101353
0.0112836
0.0122704
0.0131094
0.0138246
0.0144279
0.0149355
0.0153597
0.0157102
0.0159958
0.0162234
0.016398
0.0165234
0.0166014
0.0166359
0.0166295
0.0165809
0.016488
0.0163472
0.016154
0.0159033
0.0155905
0.0152133
0.0147727
0.0142767
0.0137782
0.0133262
0.0129479
0.0126729
0.0125271
0.0123613
0.00342513
0.00338414
0.00334336
0.00330275
0.00326227
0.00322187
0.0031815
0.00314113
0.0031007
0.00306016
0.00301946
0.00297854
0.00293734
0.0028958
0.00285386
0.00281145
0.00276848
0.0027249
0.0026806
0.00263551
0.00258954
0.0025426
0.00249458
0.0024454
0.00239496
0.00234318
0.00229001
0.00223538
0.00217934
0.00212194
0.00206336
0.00200398
0.00194424
0.00188475
0.0018266
0.00177051
0.00171944
0.00167056
0.00162297
0.00157694
0.00153325
0.00149294
0.00145737
0.00142813
0.00140708
0.00139637
0.00139866
0.00141804
0.00146301
0.00155561
0.00175752
0.00220778
0.00304692
0.00374882
0.00444896
0.00577955
0.00728925
0.00873026
0.00999075
0.0110771
0.0120027
0.0127854
0.0134452
0.0139971
0.0144559
0.0148337
0.0151404
0.0153841
0.0155714
0.0157071
0.0157945
0.0158355
0.0158335
0.0157885
0.0156989
0.0155612
0.0153707
0.0151214
0.0148068
0.0144224
0.0139718
0.0134784
0.0130079
0.0125869
0.0122221
0.0119461
0.0117838
0.0117616
0.0115832
0.00310135
0.00306315
0.00302517
0.00298736
0.00294968
0.00291208
0.00287454
0.00283699
0.00279941
0.00276172
0.0027239
0.00268588
0.0026476
0.00260902
0.00257007
0.00253068
0.00249079
0.00245033
0.00240922
0.00236739
0.00232476
0.00228126
0.00223682
0.00219137
0.00214486
0.00209728
0.00204862
0.00199893
0.00194846
0.00189735
0.00184597
0.0017948
0.00174468
0.00169638
0.00165197
0.0016106
0.00157001
0.00153025
0.00149175
0.0014552
0.0014215
0.00139179
0.00136741
0.00134993
0.00134109
0.00134288
0.00135791
0.00139071
0.00145121
0.00156443
0.00179717
0.00228433
0.00315353
0.00374649
0.00435558
0.0056429
0.00711278
0.00850618
0.00972104
0.0107571
0.0116321
0.0123658
0.012978
0.0134849
0.0139013
0.014239
0.014508
0.0147161
0.0148693
0.0149724
0.0150284
0.0150392
0.0150062
0.0149282
0.0148024
0.0146244
0.0143879
0.0140847
0.0137062
0.0132487
0.0127321
0.0122493
0.0118414
0.01149
0.0112061
0.0110218
0.0109614
0.011006
0.0108106
0.00279769
0.00276228
0.00272709
0.00269207
0.00265718
0.00262238
0.00258764
0.0025529
0.00251814
0.0024833
0.00244833
0.00241319
0.00237784
0.00234221
0.00230625
0.0022699
0.00223311
0.00219583
0.00215799
0.00211953
0.0020804
0.00204057
0.00200001
0.00195868
0.00191664
0.00187398
0.00183077
0.00178714
0.00174346
0.00170004
0.00165768
0.00161689
0.00157935
0.00154509
0.00151134
0.00147803
0.0014453
0.00141355
0.00138337
0.00135551
0.00133093
0.00131073
0.00129624
0.00128889
0.00129029
0.00130223
0.00132738
0.00137103
0.00144487
0.00157624
0.00183593
0.00237311
0.00321521
0.00368743
0.00419395
0.00541506
0.00683498
0.00818735
0.00936115
0.0103534
0.0111838
0.0118738
0.0124439
0.0129112
0.0132904
0.0135936
0.0138306
0.0140088
0.0141342
0.014211
0.014242
0.0142293
0.0141719
0.0140676
0.0139127
0.0137017
0.0134269
0.0130782
0.012645
0.0121257
0.0115721
0.0111288
0.0107722
0.0104797
0.0102656
0.0101533
0.0101777
0.0102497
0.0100395
0.00251402
0.00248138
0.00244894
0.00241667
0.00238453
0.0023525
0.00232052
0.00228857
0.0022566
0.00222457
0.00219245
0.0021602
0.00212776
0.0020951
0.00206217
0.00202894
0.00199535
0.00196139
0.001927
0.00189217
0.00185688
0.0018212
0.00178511
0.00174865
0.0017119
0.00167505
0.00163835
0.00160204
0.00156696
0.00153324
0.00150281
0.00147513
0.00144778
0.00142069
0.00139379
0.00136729
0.00134152
0.00131697
0.00129425
0.00127412
0.00125752
0.00124552
0.00123934
0.00124032
0.00124982
0.00126948
0.00130219
0.00135444
0.00143986
0.00158666
0.00186502
0.00242639
0.0032191
0.00358548
0.00401568
0.00511956
0.00648347
0.00779819
0.00893451
0.00988699
0.0106769
0.0113273
0.0118594
0.0122913
0.0126381
0.0129118
0.0131219
0.013276
0.0133793
0.0134359
0.0134484
0.0134188
0.0133444
0.0132216
0.0130465
0.0128127
0.0125119
0.012133
0.0116652
0.0111099
0.0105398
0.0101192
0.00979845
0.00955001
0.00938718
0.00932272
0.00938978
0.00948353
0.00926737
0.00225005
0.00222012
0.00219039
0.00216083
0.00213141
0.0021021
0.00207286
0.00204366
0.00201448
0.00198528
0.00195602
0.00192668
0.00189723
0.00186765
0.0018379
0.00180795
0.00177782
0.00174753
0.00171705
0.00168636
0.00165552
0.00162457
0.00159361
0.00156285
0.00153242
0.00150273
0.00147432
0.00144719
0.00142381
0.00140204
0.00138049
0.00135911
0.00133773
0.00131643
0.00129538
0.00127485
0.00125522
0.00123697
0.00122071
0.00120718
0.00119726
0.00119198
0.00119246
0.00119987
0.00121532
0.0012403
0.00127819
0.00133721
0.00143288
0.00159203
0.00187936
0.00245077
0.00316882
0.00345318
0.00382232
0.0047744
0.0060777
0.0073568
0.00845833
0.00937389
0.0101262
0.0107399
0.0112374
0.0116377
0.011956
0.0122046
0.0123929
0.0125279
0.0126147
0.0126571
0.0126572
0.0126166
0.0125332
0.0124006
0.012215
0.0119703
0.0116581
0.0112686
0.0107926
0.0102342
0.00965517
0.0092292
0.00892368
0.00870044
0.00856577
0.00852394
0.00858866
0.00870045
0.00849249
0.00197814
0.00195108
0.0019242
0.00189748
0.00187089
0.00184439
0.00181799
0.00179166
0.00176536
0.00173908
0.00171281
0.00168659
0.00166038
0.00163415
0.00160791
0.00158166
0.00155546
0.00152931
0.00150333
0.00147764
0.00145232
0.00142765
0.00140412
0.00138163
0.00136139
0.00134414
0.00132739
0.00131089
0.00129451
0.00127806
0.00126157
0.00124509
0.00122874
0.00121274
0.00119735
0.00118295
0.00117001
0.0011591
0.00115093
0.00114634
0.00114629
0.00115179
0.00116378
0.00118309
0.00121112
0.00125211
0.00131651
0.00142135
0.00158908
0.00187319
0.00243491
0.00308303
0.00329761
0.00358989
0.00439505
0.00563307
0.00687737
0.00794597
0.00882661
0.00954331
0.0101226
0.0105883
0.0109599
0.0112534
0.0114809
0.0116516
0.0117723
0.0118479
0.0118814
0.0118749
0.0118293
0.0117439
0.0116099
0.0114237
0.0111796
0.0108706
0.0104888
0.010029
0.00949822
0.00894016
0.0084783
0.00815985
0.00793774
0.00780562
0.00776309
0.0078
0.00789544
0.00771347
0.00175512
0.00173075
0.0017066
0.00168263
0.00165883
0.0016352
0.00161177
0.0015885
0.00156538
0.00154238
0.0015195
0.00149679
0.00147424
0.00145188
0.00142973
0.00140793
0.00138651
0.00136554
0.00134534
0.00132619
0.00130797
0.0012915
0.00127793
0.00126525
0.00125271
0.00124048
0.00122829
0.00121605
0.00120374
0.00119135
0.00117894
0.00116658
0.00115441
0.00114264
0.00113152
0.0011214
0.00111271
0.00110602
0.00110198
0.0011014
0.00110517
0.00111413
0.00112897
0.00115018
0.0011792
0.00122152
0.00129033
0.00140339
0.00157499
0.00184544
0.00238012
0.00297272
0.00312845
0.00333851
0.00399715
0.0051628
0.00637131
0.00740809
0.00825517
0.00893769
0.00948434
0.00992021
0.0102659
0.0105375
0.0107473
0.0109043
0.011015
0.0110838
0.0111135
0.0111056
0.0110606
0.0109782
0.0108508
0.0106727
0.0104395
0.0101458
0.00978623
0.00935952
0.0088753
0.00836734
0.00790025
0.00753079
0.0072785
0.00712265
0.00705468
0.00704971
0.00707232
0.00692927
0.0015511
0.00152957
0.00150831
0.0014873
0.00146654
0.00144602
0.00142576
0.00140576
0.00138604
0.0013666
0.00134747
0.00132875
0.00131047
0.00129266
0.00127546
0.00125921
0.00124389
0.00122944
0.001217
0.00120687
0.00119744
0.00118813
0.00117921
0.00117047
0.00116172
0.00115294
0.00114411
0.0011352
0.00112621
0.00111717
0.00110812
0.00109916
0.0010904
0.00108203
0.00107428
0.00106747
0.00106202
0.00105845
0.0010574
0.00105963
0.00106592
0.00107694
0.00109303
0.00111438
0.00114258
0.00118486
0.0012574
0.0013777
0.00154941
0.00179527
0.00229394
0.00284553
0.00295388
0.00308617
0.00359688
0.00468292
0.0058478
0.00685339
0.00766772
0.00831692
0.00883208
0.00923982
0.00956163
0.00981397
0.010009
0.0101556
0.0102598
0.0103257
0.0103556
0.0103508
0.0103113
0.0102359
0.0101212
0.00995868
0.00974479
0.00947562
0.0091485
0.0087648
0.00833535
0.00788681
0.0074589
0.00707491
0.00675129
0.00654211
0.00642277
0.00635667
0.00629829
0.00613992
0.00136668
0.00134812
0.0013299
0.00131204
0.00129453
0.00127738
0.00126064
0.00124438
0.00122862
0.00121334
0.00119871
0.00118499
0.00117215
0.00116007
0.00114934
0.00114087
0.00113368
0.00112676
0.00112007
0.0011138
0.00110775
0.00110174
0.00109576
0.00108979
0.00108377
0.00107769
0.00107153
0.00106529
0.00105899
0.00105264
0.00104628
0.00103999
0.00103388
0.00102809
0.00102286
0.00101846
0.0010153
0.00101387
0.00101479
0.00101877
0.00102645
0.00103828
0.00105424
0.00107418
0.00110009
0.0011413
0.00121708
0.00134336
0.00151179
0.00171889
0.0021805
0.00270471
0.00277895
0.00284544
0.00321847
0.00420108
0.00531454
0.00628904
0.00707096
0.00768722
0.00817163
0.00855246
0.00885205
0.00908715
0.00926986
0.00940867
0.0095093
0.0095754
0.00960902
0.00961093
0.00958076
0.00951706
0.00941703
0.00927616
0.00908794
0.0088501
0.00856201
0.0082267
0.00785463
0.00746616
0.00708674
0.00672929
0.00639662
0.00609598
0.00590216
0.00574886
0.00560127
0.00535751
0.00120225
0.00118695
0.00117216
0.0011579
0.00114415
0.00113096
0.00111852
0.00110699
0.00109624
0.00108623
0.00107753
0.00107083
0.00106536
0.00106024
0.00105528
0.00105074
0.0010466
0.00104261
0.00103869
0.00103486
0.0010311
0.00102733
0.00102354
0.0010197
0.0010158
0.00101183
0.00100777
0.00100362
0.000999401
0.000995116
0.000990798
0.000986503
0.000982319
0.000978379
0.00097488
0.000972094
0.0009704
0.000970282
0.000972324
0.000977146
0.000985261
0.000996827
0.00101145
0.0010287
0.00105118
0.0010906
0.00116914
0.00129967
0.00146228
0.001608
0.00204377
0.00254868
0.00260543
0.00262319
0.00290024
0.00371871
0.00477822
0.00572097
0.00647042
0.00705372
0.00750772
0.00786242
0.00814103
0.00836048
0.0085327
0.00866581
0.00876511
0.00883384
0.00887365
0.00888497
0.00886717
0.00881862
0.00873677
0.00861853
0.00846064
0.00825861
0.00801354
0.0077291
0.00741443
0.00708431
0.00675447
0.00643168
0.00611589
0.00580909
0.00553048
0.00526154
0.005005
0.0046735
0.00105931
0.00104793
0.00103743
0.00102775
0.00101876
0.00101062
0.00100407
0.000999194
0.000995151
0.000991337
0.000987705
0.000984521
0.000981767
0.000979232
0.000976783
0.000974454
0.00097226
0.000970147
0.000968065
0.000966
0.000963934
0.000961841
0.000959698
0.00095749
0.000955199
0.000952814
0.000950328
0.000947738
0.000945044
0.000942254
0.000939382
0.000936467
0.000933579
0.000930833
0.000928408
0.000926565
0.000925667
0.000926181
0.000928642
0.000933571
0.000941301
0.000951702
0.000964002
0.000977585
0.00099581
0.00103299
0.00111371
0.00124673
0.0014025
0.00149541
0.00188756
0.00237494
0.00243252
0.00241625
0.00262418
0.00324473
0.00424422
0.00515411
0.0058707
0.00642068
0.00684424
0.00717327
0.00743173
0.00763667
0.00779975
0.00792863
0.00802818
0.00810119
0.00814893
0.00817153
0.00816814
0.00813708
0.00807606
0.00798256
0.00785437
0.00769078
0.00749067
0.00725759
0.00699894
0.0067247
0.00644355
0.00615767
0.00586473
0.00556407
0.00526066
0.00493029
0.0045435
0.00411101
0.000941536
0.000935443
0.000931023
0.000927656
0.00092467
0.000921815
0.000919269
0.000917213
0.000915536
0.000914042
0.000912639
0.000911379
0.000910288
0.000909322
0.000908423
0.000907575
0.000906775
0.000906004
0.000905235
0.000904449
0.00090363
0.000902758
0.000901814
0.000900779
0.00089964
0.000898382
0.000896998
0.000895481
0.000893826
0.000892028
0.000890091
0.000888035
0.000885915
0.000883832
0.00088195
0.000880519
0.00087989
0.0008805
0.000882821
0.000887251
0.000893929
0.000902436
0.000911651
0.000920853
0.000934338
0.000968996
0.00105108
0.00118513
0.00133265
0.00138173
0.00171583
0.00219039
0.0022585
0.00221943
0.00235301
0.00279102
0.00371726
0.00459255
0.00527563
0.00579163
0.00618445
0.00648793
0.00672675
0.00691793
0.00707272
0.00719831
0.00729905
0.0073773
0.00743397
0.0074689
0.00748108
0.00746884
0.00743013
0.00736294
0.0072658
0.0071385
0.00698202
0.00679936
0.00659437
0.00637313
0.00613904
0.00589062
0.00562306
0.00533268
0.00501665
0.00465419
0.00422169
0.00369628
0.000854823
0.000852796
0.000851241
0.000850127
0.000849265
0.000848512
0.000847868
0.000847401
0.000847114
0.000846953
0.000846866
0.000846846
0.000846899
0.000847012
0.000847161
0.000847327
0.0008475
0.000847665
0.000847805
0.000847901
0.000847936
0.000847892
0.000847752
0.000847495
0.000847107
0.000846574
0.000845884
0.000845031
0.000844002
0.000842783
0.000841364
0.000839751
0.000837983
0.00083615
0.000834406
0.000832986
0.000832228
0.000832526
0.000834268
0.000837715
0.000842806
0.000848851
0.000854434
0.000858821
0.000867362
0.00089933
0.000981645
0.0011145
0.00125214
0.00126705
0.00154892
0.00200461
0.00208107
0.00203255
0.00210745
0.00241635
0.00320158
0.00403965
0.0046884
0.00516956
0.00553112
0.00580899
0.00602842
0.00620622
0.00635315
0.00647583
0.00657811
0.00666189
0.00672777
0.00677534
0.00680345
0.00681045
0.00679451
0.00675402
0.00668804
0.0065967
0.00648119
0.00634403
0.00618877
0.00601734
0.00582821
0.005617
0.00537624
0.00509912
0.00477735
0.00439213
0.00392221
0.00332482
0.000783677
0.000783467
0.000783423
0.000783576
0.000783885
0.000784289
0.00078476
0.000785309
0.000785942
0.000786646
0.000787395
0.000788176
0.000788983
0.000789808
0.000790637
0.000791455
0.000792251
0.000793009
0.000793716
0.000794354
0.000794907
0.000795357
0.000795684
0.00079587
0.000795899
0.000795756
0.000795429
0.00079491
0.000794182
0.000793221
0.000792001
0.000790515
0.000788791
0.000786908
0.000785009
0.000783316
0.000782138
0.000781819
0.000782643
0.000784725
0.000787817
0.000790989
0.00079259
0.00079198
0.000795627
0.0008248
0.000905851
0.00103461
0.00115985
0.00115139
0.00138806
0.00181294
0.00189726
0.00185363
0.00188915
0.00211103
0.0027022
0.00349809
0.00411171
0.00455706
0.00488679
0.0051389
0.00533899
0.00550353
0.00564262
0.00576227
0.00586582
0.0059548
0.00602949
0.00608929
0.00613295
0.00615882
0.00616525
0.00615089
0.00611513
0.00605829
0.00598154
0.00588669
0.00577549
0.00564765
0.00550031
0.00532557
0.00511247
0.00485134
0.00452941
0.00412833
0.00362766
0.00297896
0.000721218
0.000722009
0.000722873
0.000723825
0.00072486
0.000725955
0.00072709
0.000728259
0.000729462
0.000730691
0.000731936
0.000733184
0.000734428
0.000735658
0.000736865
0.000738037
0.000739162
0.000740226
0.000741216
0.000742115
0.000742908
0.000743575
0.000744098
0.000744459
0.00074464
0.000744626
0.000744408
0.000743976
0.000743309
0.000742369
0.00074112
0.000739539
0.000737645
0.000735509
0.000733259
0.000731096
0.000729297
0.00072814
0.00072779
0.000728214
0.000729003
0.000729028
0.000726478
0.00072091
0.000719931
0.000746249
0.000824215
0.000945266
0.001054
0.00103483
0.00123223
0.00161288
0.00170478
0.0016791
0.00169145
0.00183192
0.00222702
0.00297014
0.00354784
0.00395652
0.00425401
0.0044803
0.00466111
0.00481227
0.00494317
0.00505917
0.00516314
0.00525629
0.00533868
0.00540959
0.00546769
0.00551134
0.00553897
0.00554937
0.0055421
0.00551751
0.00547653
0.00542026
0.005349
0.00526066
0.00515002
0.00500761
0.00482224
0.0045797
0.00426281
0.00385291
0.00333072
0.00265239
0.00066416
0.000665502
0.000666875
0.000668282
0.000669722
0.000671187
0.000672665
0.000674148
0.000675632
0.000677113
0.000678581
0.00068003
0.00068145
0.000682834
0.000684174
0.000685458
0.000686675
0.000687813
0.000688859
0.000689797
0.000690611
0.000691283
0.000691795
0.000692128
0.000692264
0.000692192
0.0006919
0.000691382
0.000690609
0.000689533
0.000688101
0.000686282
0.000684083
0.000681567
0.000678848
0.000676093
0.000673537
0.000671385
0.000669674
0.000668224
0.000666502
0.000663226
0.000656502
0.000646198
0.000641057
0.000664515
0.000737339
0.000846356
0.000932065
0.000917988
0.00108092
0.00140221
0.00150341
0.00150518
0.00151093
0.00158497
0.00183266
0.00245817
0.00299884
0.00337043
0.00363576
0.00383655
0.00399825
0.00413583
0.00425786
0.00436907
0.00447195
0.0045675
0.0046557
0.00473578
0.00480641
0.00486597
0.0049129
0.00494604
0.00496492
0.00496973
0.00496109
0.00493942
0.00490387
0.00485098
0.00477393
0.00466186
0.0045014
0.00427663
0.00396995
0.0035593
0.0030285
0.00234761
0.000610167
0.000611748
0.000613333
0.00061492
0.000616508
0.000618091
0.000619665
0.000621221
0.000622756
0.000624265
0.000625741
0.00062718
0.000628573
0.000629912
0.000631191
0.0006324
0.000633529
0.000634564
0.000635495
0.000636307
0.000636983
0.000637507
0.00063786
0.000638024
0.000637982
0.000637723
0.00063724
0.000636524
0.000635543
0.000634233
0.000632529
0.000630388
0.000627812
0.000624855
0.000621604
0.000618186
0.000614791
0.00061154
0.000608332
0.000604857
0.000600498
0.000593857
0.000583046
0.000568369
0.000559721
0.00058045
0.000645082
0.000738588
0.000801724
0.000802075
0.000934441
0.00118178
0.00129723
0.00132805
0.00134386
0.0013738
0.00151511
0.00196692
0.00246704
0.00280194
0.00303612
0.0032124
0.00335546
0.00347925
0.00359144
0.00369624
0.00379586
0.00389122
0.00398239
0.00406871
0.00414897
0.00422161
0.0042851
0.00433822
0.00438032
0.00441128
0.00443133
0.00444022
0.00443624
0.00441496
0.00436846
0.00428482
0.004149
0.00394333
0.0036482
0.00324328
0.00272042
0.00206901
0.000557356
0.000558943
0.000560513
0.000562065
0.000563595
0.000565102
0.00056658
0.000568025
0.000569433
0.0005708
0.000572122
0.000573392
0.000574605
0.000575753
0.000576831
0.00057783
0.000578739
0.000579548
0.000580246
0.000580817
0.000581249
0.000581523
0.000581622
0.000581528
0.000581227
0.000580707
0.000579964
0.00057899
0.000577744
0.000576151
0.000574131
0.000571635
0.000568658
0.000565242
0.000561439
0.000557325
0.000553044
0.00054863
0.000543834
0.000538235
0.00053117
0.000521154
0.000506403
0.000487829
0.000476554
0.000493889
0.000548152
0.000623967
0.000673272
0.000688495
0.000793856
0.000971315
0.00108463
0.00114436
0.00118491
0.00119431
0.00127344
0.00153456
0.00195739
0.00225651
0.00246179
0.00261537
0.00274061
0.00285033
0.00295145
0.00304771
0.00314119
0.00323291
0.00332314
0.00341155
0.00349724
0.00357887
0.00365495
0.00372426
0.00378588
0.00383927
0.00388414
0.00391961
0.0039433
0.00395011
0.00393142
0.00387455
0.0037633
0.00357876
0.00330082
0.00291245
0.00241513
0.00182799
0.000504175
0.000505593
0.000506982
0.000508338
0.000509659
0.000510943
0.000512187
0.000513389
0.000514544
0.000515648
0.000516699
0.000517691
0.000518619
0.000519477
0.000520259
0.000520959
0.000521565
0.000522069
0.000522459
0.000522723
0.000522846
0.000522813
0.000522606
0.00052221
0.000521609
0.000520793
0.000519761
0.000518502
0.000516972
0.00051508
0.000512735
0.000509884
0.000506518
0.000502657
0.000498307
0.000493489
0.000488303
0.000482688
0.000476242
0.000468448
0.000458637
0.000445251
0.000426741
0.00040491
0.000392087
0.000405592
0.000448485
0.000507389
0.000552779
0.000578481
0.000660467
0.000783402
0.0008669
0.000951438
0.00102775
0.00103585
0.00106186
0.00118747
0.00149108
0.00174809
0.00192666
0.0020592
0.00216699
0.0022618
0.00234994
0.00243487
0.00251861
0.00260232
0.00268662
0.00277161
0.00285692
0.00294162
0.00302457
0.00310461
0.00318064
0.00325173
0.00331699
0.00337494
0.00342259
0.00345438
0.00346122
0.00342998
0.00334372
0.00318297
0.0029285
0.00256883
0.00211872
0.00162311
0.000449363
0.000450489
0.00045158
0.000452631
0.000453639
0.000454604
0.000455524
0.000456395
0.000457215
0.000457981
0.00045869
0.000459337
0.000459918
0.000460428
0.000460858
0.00046121
0.000461469
0.000461626
0.000461672
0.000461596
0.000461384
0.000461021
0.00046049
0.000459777
0.000458866
0.000457749
0.000456424
0.000454882
0.000453068
0.000450882
0.000448227
0.000445048
0.000441325
0.00043705
0.000432169
0.000426652
0.000420553
0.000413716
0.000405567
0.000395517
0.000382934
0.000366204
0.000344286
0.000320664
0.000307654
0.000317753
0.000350435
0.000398339
0.000442308
0.000473183
0.000535326
0.000617514
0.000667762
0.000749753
0.000866358
0.000891284
0.000885771
0.000932999
0.00110922
0.00131188
0.00145939
0.00156882
0.00165724
0.0017347
0.00180676
0.00187656
0.00194604
0.00201645
0.00208868
0.00216334
0.00224064
0.00232035
0.00240189
0.00248453
0.00256729
0.00264908
0.00272863
0.00280392
0.00287147
0.00292525
0.00295586
0.00294982
0.00288988
0.0027566
0.00253274
0.00221434
0.00183024
0.00144122
0.000391916
0.000392671
0.000393398
0.000394081
0.000394719
0.000395312
0.000395857
0.000396353
0.000396798
0.000397188
0.000397522
0.000397795
0.000398003
0.000398141
0.000398191
0.000398185
0.000398082
0.000397884
0.00039758
0.000397161
0.000396614
0.000395924
0.000395077
0.000394056
0.000392848
0.000391443
0.00038984
0.000388025
0.000385942
0.000383482
0.000380545
0.000377076
0.000373036
0.000368378
0.000362979
0.000356764
0.000349751
0.000341675
0.000331772
0.00031943
0.000304176
0.000284461
0.000260761
0.000238289
0.000227488
0.00023572
0.000261632
0.00030213
0.000341964
0.000373731
0.000419281
0.000471359
0.000498194
0.000553263
0.000696981
0.000752735
0.000738851
0.000745701
0.000810121
0.000951111
0.00106676
0.00115328
0.00122267
0.00128306
0.00133892
0.00139277
0.00144615
0.00150014
0.00155563
0.00161343
0.00167428
0.00173883
0.0018076
0.00188085
0.00195835
0.00203939
0.00212285
0.00220681
0.00228767
0.00235915
0.00241144
0.00243081
0.00239988
0.00229941
0.00211454
0.00184918
0.00154393
0.00126432
0.000331099
0.000331438
0.000331775
0.00033207
0.000332322
0.00033253
0.000332692
0.000332807
0.000332873
0.000332887
0.000332848
0.000332752
0.000332594
0.000332371
0.000332015
0.00033167
0.000331225
0.000330689
0.000330056
0.000329316
0.000328458
0.000327468
0.000326331
0.000325032
0.000323555
0.000321889
0.000320031
0.000317964
0.000315635
0.000312929
0.00030974
0.000306016
0.000301693
0.000296666
0.000290741
0.000283825
0.000275917
0.000266635
0.000255023
0.000240616
0.000223563
0.000202863
0.000183254
0.00016704
0.00015956
0.000166113
0.00018588
0.000218387
0.000251863
0.00028121
0.000313142
0.000343394
0.000354817
0.000388421
0.000517116
0.000611278
0.000609008
0.000593633
0.000600452
0.00066343
0.00074306
0.000806603
0.000857616
0.000902141
0.000943317
0.000982913
0.00102197
0.0010613
0.00110156
0.00114341
0.00118746
0.00123417
0.00128394
0.00133716
0.00139421
0.00145591
0.00152357
0.00159795
0.00167707
0.001755
0.00182193
0.00186454
0.0018662
0.00180702
0.0016719
0.00147017
0.00124992
0.00107544
0.000266551
0.000266452
0.000266415
0.000266346
0.000266239
0.000266091
0.000265902
0.000265671
0.000265396
0.000265073
0.000264702
0.000264279
0.0002638
0.000263259
0.000262399
0.000261771
0.000261039
0.000260219
0.000259311
0.000258306
0.000257193
0.000255959
0.000254589
0.000253068
0.000251377
0.000249501
0.000247435
0.00024516
0.000242638
0.000239727
0.000236313
0.000232359
0.000227754
0.000222327
0.000215824
0.000208206
0.000199561
0.000189463
0.00017657
0.000160906
0.000146605
0.000132577
0.000119206
0.000108547
0.000103826
0.000108509
0.000122304
0.000146456
0.000172247
0.000196748
0.000217934
0.000232841
0.000234936
0.000252951
0.00033458
0.000457409
0.000484501
0.000468285
0.000455802
0.00045677
0.000493359
0.000529767
0.000560086
0.000588426
0.000615781
0.000642669
0.000669098
0.000695598
0.00072261
0.000750622
0.00078016
0.000811499
0.000844889
0.000880616
0.000919048
0.000960678
0.00100618
0.00105562
0.00110731
0.00115764
0.0012024
0.00123953
0.00126557
0.00125985
0.00119238
0.00106612
0.000933901
0.00086266
0.000198714
0.000198173
0.000197822
0.000197465
0.000197078
0.000196659
0.000196205
0.000195715
0.000195187
0.000194619
0.000194008
0.000193351
0.000192646
0.000191879
0.000190106
0.000189283
0.000188384
0.0001874
0.000186334
0.000185183
0.000183935
0.000182579
0.000181101
0.000179482
0.000177703
0.000175739
0.0001736
0.000171272
0.00016872
0.000165676
0.000161998
0.000157673
0.000152488
0.00014612
0.000138074
0.000128206
0.000117632
0.000110308
0.000102228
9.29148e-05
8.47188e-05
7.65517e-05
6.86983e-05
6.26119e-05
6.01425e-05
6.30179e-05
7.13473e-05
8.67112e-05
0.000104234
0.000122082
0.0001348
0.00013998
0.000137091
0.000144529
0.000190149
0.000281536
0.000351334
0.000353388
0.000340316
0.00033326
0.00033885
0.000340042
0.000340289
0.00035101
0.000365118
0.000379133
0.000392873
0.00040665
0.000420751
0.000435638
0.000451947
0.00046946
0.000488196
0.000508444
0.000531023
0.000555725
0.000582568
0.00061144
0.000641061
0.000669326
0.00069386
0.000712556
0.000720879
0.000706938
0.000660996
0.000597632
0.000559882
0.000614931
0.00012749
0.000126485
0.000125801
0.000125143
0.000124463
0.000123749
0.000122996
0.0001222
0.000121356
0.000120461
0.000119509
0.000118495
0.000117411
0.000116237
0.000111625
0.000110204
0.000108885
0.000107434
0.000105839
0.000104077
0.000102118
9.99215e-05
9.7439e-05
9.46095e-05
9.13633e-05
8.76702e-05
8.36353e-05
7.98005e-05
7.73929e-05
7.57111e-05
7.38378e-05
7.18017e-05
6.93806e-05
6.64371e-05
6.27454e-05
5.82292e-05
5.33622e-05
4.98791e-05
4.61167e-05
4.18544e-05
3.84619e-05
3.48733e-05
3.14833e-05
2.87659e-05
2.79627e-05
2.95548e-05
3.34401e-05
4.04184e-05
4.93322e-05
5.94483e-05
6.56478e-05
6.57667e-05
6.14131e-05
6.3544e-05
8.35279e-05
0.000123754
0.000180749
0.000228203
0.000230107
0.000226358
0.000228349
0.000227748
0.00022365
0.000227159
0.000227341
0.000226192
0.000222818
0.000216891
0.000209127
0.000204496
0.000208872
0.000216067
0.00022439
0.000233758
0.000244123
0.000255384
0.000267585
0.000281011
0.000294615
0.000307381
0.000318001
0.000325061
0.000327741
0.000328791
0.000347798
0.000378666
0.000381348
0.000397327
4.77184e-05
4.73036e-05
4.68965e-05
4.64816e-05
4.60514e-05
4.56038e-05
4.51369e-05
4.46493e-05
4.41388e-05
4.36033e-05
4.30403e-05
4.24473e-05
4.18213e-05
4.11441e-05
2.51651e-05
2.45224e-05
2.41701e-05
2.37759e-05
2.33479e-05
2.28829e-05
2.23752e-05
2.18175e-05
2.12014e-05
2.05143e-05
1.97284e-05
1.88596e-05
1.77086e-05
1.64642e-05
1.55804e-05
1.5067e-05
1.45455e-05
1.40235e-05
1.3533e-05
1.30022e-05
1.23452e-05
1.14924e-05
1.06464e-05
1.0009e-05
9.32959e-06
8.95155e-06
1.16554e-05
1.13179e-05
1.04633e-05
9.01004e-06
9.15828e-06
1.05951e-05
1.28663e-05
1.50195e-05
1.13845e-05
1.29036e-05
1.45753e-05
1.43414e-05
1.43537e-05
1.48433e-05
1.7488e-05
2.28999e-05
3.2624e-05
4.16264e-05
4.31763e-05
4.4772e-05
4.48905e-05
5.0106e-05
4.70701e-05
6.39037e-05
6.44408e-05
6.71434e-05
7.02389e-05
7.33914e-05
7.51422e-05
7.47336e-05
7.30756e-05
7.08093e-05
6.8597e-05
6.58767e-05
6.22252e-05
5.72937e-05
5.22872e-05
5.35648e-05
5.58647e-05
5.8082e-05
5.9995e-05
6.16925e-05
6.3976e-05
6.8604e-05
8.23818e-05
0.000121858
0.000154994
0.000202317
0.0110635
0.0104864
0.00981282
0.00905167
0.00823676
0.00744866
0.00680357
0.00655022
0.00706623
0.00861061
0.0110722
0.0138621
0.0164243
0.0184742
0.0199318
0.0207746
0.0210236
0.0208112
0.0202668
0.0194434
0.0183937
0.0171733
0.0158764
0.014755
0.013822
0.0129722
0.0121493
0.0113361
0.0105293
0.00972756
0.00893125
0.00814114
0.00735698
0.00657937
0.00580956
0.00505263
0.00432745
0.00364171
0.00305443
0.00255789
0.00216302
0.00183154
0.00157375
0.00139518
0.00127936
0.00119791
0.00112474
0.00104103
0.000937192
0.000807667
0.00064709
0.000452325
0.000257885
5.61235e-05
2.94847e-05
9.5977e-05
0.000106756
0.000118917
0.000132174
0.000145706
0.000158555
0.000170628
0.000183112
0.00019432
0.000203446
3.41197e-05
3.71614e-05
3.87538e-05
4.11983e-05
4.39621e-05
4.64724e-05
4.90365e-05
5.22667e-05
5.67432e-05
6.2989e-05
7.14631e-05
8.21637e-05
9.4911e-05
0.000107443
0.000115911
0.000216123
0.00020765
0.000194885
0.000192331
0.000203452
0.000120803
0.000153766
0.000145295
0.000133703
0.000129167
)
;

boundaryField
{
    down
    {
        type            freestream;
        freestreamValue uniform 0.014;
        value           nonuniform List<scalar> 
89
(
0.0140468
0.0140469
0.014047
0.014047
0.0140471
0.0140472
0.0140473
0.0140473
0.0140474
0.0140475
0.0140475
0.0140476
0.0140477
0.0140478
0.0140478
0.0140479
0.014048
0.0140481
0.0140481
0.0140482
0.0140483
0.0140484
0.0140484
0.0140485
0.0140486
0.0140487
0.0140487
0.0140488
0.0140489
0.0140489
0.014049
0.0140491
0.0140491
0.0140492
0.0140493
0.0140493
0.0140494
0.0140495
0.0140495
0.0140495
0.0140496
0.0140496
0.0140496
0.0140496
0.0140496
0.0140496
0.0140496
0.0140496
0.0140496
0.0140496
0.0140497
0.0140497
0.0140497
0.0140497
0.0140497
0.0140497
0.0140497
0.0140497
0.0140497
0.0140497
0.0140497
0.0140497
0.0140497
0.0140497
0.0140497
0.0140497
0.0140497
0.0140498
0.0140498
0.0140498
0.0140498
0.0140498
0.0140498
0.0140498
0.0140499
0.0140499
0.0140499
0.0140499
0.0140499
0.01405
0.01405
0.01405
0.01405
0.01405
0.0140501
0.0140501
0.0140501
0.0140501
0.0140502
)
;
    }
    right
    {
        type            freestream;
        freestreamValue nonuniform List<scalar> 0();
        value           nonuniform List<scalar> 0();
    }
    up
    {
        type            freestream;
        freestreamValue nonuniform List<scalar> 0();
        value           nonuniform List<scalar> 0();
    }
    meanFlow
    {
        type            freestream;
        freestreamValue nonuniform List<scalar> 0();
        value           nonuniform List<scalar> 0();
    }
    surface
    {
        type            fixedValue;
        value           uniform 0;
    }
    surfaceInner
    {
        type            fixedValue;
        value           uniform 0;
    }
    coandaInlet
    {
        type            freestream;
        freestreamValue uniform 0.014;
        value           uniform 0.014;
    }
    defaultFaces
    {
        type            empty;
    }
    procBoundary1to0
    {
        type            processor;
        value           nonuniform List<scalar> 
81
(
0.0140468
0.0140679
0.0140303
0.0140367
0.0140275
0.0139972
0.0139527
0.0139492
0.0139174
0.0139043
0.0138782
0.0138486
0.0138216
0.0137913
0.0137592
0.0137236
0.0136844
0.0136417
0.0135951
0.0135441
0.0134878
0.0134254
0.013356
0.0132785
0.0131919
0.013095
0.0129865
0.012865
0.0127289
0.0125766
0.0124062
0.012216
0.0120042
0.0117691
0.0115093
0.0112237
0.0109118
0.0105736
0.01021
0.00982268
0.00941407
0.00898727
0.00854592
0.008094
0.00763569
0.00717513
0.00671631
0.00626293
0.00581834
0.00538544
0.00496668
0.00456405
0.00417909
0.00381295
0.00346638
0.0031398
0.00283334
0.00254691
0.00228022
0.0020054
0.0020054
0.00177973
0.00157294
0.00138559
0.001218
0.00107139
0.000948958
0.000857095
0.000783978
0.000720489
0.000662856
0.000608598
0.000555759
0.00050273
0.000448194
0.000391093
0.00033061
0.000266185
0.000197648
0.000122957
2.82726e-05
)
;
    }
    procBoundary1to2
    {
        type            processor;
        value           nonuniform List<scalar> 
106
(
0.0140502
0.0140969
0.0140577
0.0140559
0.0140228
0.0139851
0.0139703
0.0139403
0.0139254
0.0138943
0.013839
0.0137927
0.0137375
0.0136882
0.0136342
0.0135734
0.0135038
0.0134243
0.0133324
0.013225
0.0130983
0.0129471
0.0127653
0.0125449
0.0122761
0.0119477
0.0115475
0.0110638
0.0104869
0.00981353
0.00905271
0.00823821
0.00745069
0.00680587
0.00655251
0.00706888
0.00861511
0.0110775
0.0138664
0.0164264
0.0184739
0.019927
0.0207651
0.021013
0.0207998
0.020252
0.0194247
0.018371
0.0171473
0.0158525
0.014736
0.0138082
0.0129561
0.0121305
0.0113143
0.0105045
0.00969998
0.00890154
0.00810993
0.00732506
0.00654764
0.00577904
0.0050238
0.00429615
0.00360271
0.00300369
0.00249888
0.0021019
0.00177179
0.0015205
0.00135183
0.00124833
0.00117891
0.00111618
0.00104298
0.000951923
0.000835362
0.000688453
0.000510205
0.000334484
0.0115475
0.00022383
6.38192e-05
6.09814e-05
2.76239e-05
0.000172241
0.000182606
0.000193239
0.000204474
0.000215076
0.000224644
0.000232943
0.000240828
0.000245668
0.000247544
5.82551e-05
6.35487e-05
7.02608e-05
7.78283e-05
8.64227e-05
8.64227e-05
0.000246884
0.000242691
0.000243271
0.000253745
0.00027292
)
;
    }
    procBoundary1to4
    {
        type            processor;
        value           nonuniform List<scalar> 2(0.000228735 0.000148757);
    }
}


// ************************************************************************* //
