/*--------------------------------*- C++ -*----------------------------------*\
  =========                 |
  \\      /  F ield         | OpenFOAM: The Open Source CFD Toolbox
   \\    /   O peration     | Website:  https://openfoam.org
    \\  /    A nd           | Version:  9
     \\/     M anipulation  |
\*---------------------------------------------------------------------------*/
FoamFile
{
    format      ascii;
    class       volScalarField;
    location    "0.05";
    object      p;
}
// * * * * * * * * * * * * * * * * * * * * * * * * * * * * * * * * * * * * * //

dimensions      [1 -1 -2 0 0 0 0];

internalField   nonuniform List<scalar> 
5071
(
100000
100000
100000
100001
100001
100001
100001
100002
100002
100002
100003
100003
100003
100004
100004
100005
100005
100006
100006
100007
100007
100008
100009
100009
100010
100012
100012
99995.1
99995.2
99995.3
99995.4
99995.5
99995.6
99995.8
99995.9
99996.1
99996.2
99996.4
99996.6
99996.8
99997
99997.2
99997.5
99997.8
99998
99998.3
99998.7
99999
99999.4
99999.8
100000
100001
100001
100002
99987.8
99987.8
99987.8
99987.8
99987.8
99987.8
99987.8
99987.8
99987.8
99987.7
99987.7
99987.7
99987.7
99987.6
99987.6
99987.5
99987.4
99987.3
99987.2
99987.1
99987
99986.9
99986.7
99986.5
99986.3
99986
99985.7
99985.5
99985.6
99985.7
99985.8
99985.8
99985.9
99986
99986.1
99986.2
99986.3
99986.4
99986.5
99986.7
99986.8
99986.9
99987
99987.1
99987.3
99987.4
99987.5
99987.7
99987.8
99988
99988.1
99988.3
99988.4
99988.5
99978.1
99978.1
99978.1
99978.1
99978.1
99978.1
99978.2
99978.2
99978.2
99978.2
99978.3
99978.3
99978.3
99978.3
99978.4
99978.4
99978.4
99978.5
99978.5
99978.5
99978.6
99978.6
99978.7
99978.7
99978.8
99978.8
99978.8
99975
99975.1
99975.2
99975.2
99975.3
99975.3
99975.4
99975.5
99975.5
99975.6
99975.7
99975.8
99975.9
99976
99976
99976.1
99976.2
99976.3
99976.4
99976.5
99976.6
99976.7
99976.8
99976.9
99977
99977.1
99977.2
99968.7
99968.7
99968.8
99968.8
99968.9
99968.9
99969
99969.1
99969.2
99969.2
99969.3
99969.4
99969.5
99969.6
99969.7
99969.8
99969.9
99970
99970.2
99970.3
99970.4
99970.5
99970.7
99970.8
99971
99971.1
99971.2
99964.6
99964.6
99964.7
99964.8
99964.9
99964.9
99965
99965.1
99965.2
99965.3
99965.4
99965.6
99965.7
99965.8
99965.9
99966
99966.2
99966.3
99966.5
99966.6
99966.8
99966.9
99967.1
99967.2
99967.4
99967.6
99967.7
99958.8
99958.8
99958.9
99959
99959.1
99959.2
99959.3
99959.5
99959.6
99959.7
99959.9
99960
99960.2
99960.3
99960.5
99960.7
99960.8
99961
99961.2
99961.4
99961.6
99961.8
99962
99962.2
99962.4
99962.7
99962.9
99953.9
99954
99954.1
99954.2
99954.3
99954.4
99954.6
99954.7
99954.9
99955
99955.2
99955.4
99955.6
99955.8
99955.9
99956.1
99956.4
99956.6
99956.8
99957
99957.3
99957.5
99957.7
99958
99958.3
99958.5
99958.8
99948.1
99948.2
99948.4
99948.5
99948.7
99948.8
99949
99949.2
99949.4
99949.6
99949.8
99950
99950.2
99950.5
99950.7
99951
99951.2
99951.5
99951.8
99952
99952.3
99952.6
99952.9
99953.2
99953.6
99953.9
99954.2
99942.6
99942.8
99942.9
99943.1
99943.3
99943.5
99943.7
99943.9
99944.1
99944.4
99944.6
99944.9
99945.1
99945.4
99945.7
99946
99946.3
99946.6
99947
99947.3
99947.6
99948
99948.3
99948.7
99949.1
99949.5
99949.8
99936.6
99936.8
99937
99937.2
99937.4
99937.7
99937.9
99938.2
99938.5
99938.7
99939
99939.4
99939.7
99940
99940.4
99940.7
99941.1
99941.5
99941.9
99942.3
99942.7
99943.1
99943.5
99944
99944.4
99944.9
99945.3
99930.6
99930.8
99931.1
99931.3
99931.6
99931.8
99932.1
99932.4
99932.8
99933.1
99933.5
99933.8
99934.2
99934.6
99935
99935.4
99935.9
99936.3
99936.8
99937.2
99937.7
99938.2
99938.7
99939.2
99939.8
99940.3
99940.8
99924.3
99924.5
99924.8
99925.1
99925.4
99925.7
99926
99926.4
99926.8
99927.2
99927.6
99928
99928.5
99929
99929.4
99929.9
99930.4
99931
99931.5
99932.1
99932.6
99933.2
99933.8
99934.4
99935
99935.6
99936.2
99917.5
99917.7
99918
99918.3
99918.7
99919
99919.4
99919.8
99920.2
99920.7
99921.2
99921.6
99922.1
99922.7
99923.2
99923.8
99924.4
99924.9
99925.6
99926.2
99926.8
99927.5
99928.2
99928.8
99929.5
99930.2
99931
99931.7
99910.6
99910.9
99911.3
99911.6
99912
99912.5
99912.9
99913.4
99913.9
99914.4
99914.9
99915.5
99916.1
99916.7
99917.3
99917.9
99918.6
99919.3
99920
99920.7
99921.5
99922.2
99923
99923.8
99924.6
99925.4
99926.2
99927.1
99903.6
99903.9
99904.3
99904.8
99905.2
99905.7
99906.2
99906.7
99907.3
99907.9
99908.5
99909.2
99909.8
99910.5
99911.2
99912
99912.7
99913.5
99914.3
99915.2
99916
99916.9
99917.8
99918.7
99919.6
99920.5
99921.5
99922.4
99896.3
99896.7
99897.2
99897.6
99898.2
99898.7
99899.3
99899.9
99900.6
99901.2
99901.9
99902.7
99903.4
99904.2
99905
99905.9
99906.7
99907.6
99908.6
99909.5
99910.5
99911.5
99912.5
99913.5
99914.5
99915.6
99916.7
99917.8
99888.8
99889.3
99889.8
99890.4
99890.9
99891.6
99892.2
99892.9
99893.6
99894.4
99895.2
99896
99896.9
99897.8
99898.7
99899.6
99900.6
99901.6
99902.7
99903.7
99904.8
99906
99907.1
99908.3
99909.4
99910.7
99911.9
99913.1
99881.2
99881.7
99882.3
99882.9
99883.6
99884.3
99885
99885.8
99886.6
99887.4
99888.3
99889.2
99890.2
99891.2
99892.2
99893.3
99894.4
99895.5
99896.7
99897.9
99899.1
99900.4
99901.6
99903
99904.3
99905.6
99907
99908.4
99873.4
99874
99874.6
99875.3
99876
99876.8
99877.6
99878.5
99879.4
99880.3
99881.3
99882.3
99883.4
99884.5
99885.6
99886.8
99888
99889.3
99890.6
99891.9
99893.3
99894.7
99896.1
99897.6
99899.1
99900.6
99902.1
99903.7
99865.5
99866.2
99866.9
99867.6
99868.4
99869.2
99870.1
99871.1
99872
99873.1
99874.1
99875.3
99876.4
99877.6
99878.9
99880.2
99881.5
99882.9
99884.4
99885.8
99887.3
99888.9
99890.5
99892.1
99893.8
99895.5
99897.2
99898.9
99857.5
99858.3
99859
99859.8
99860.7
99861.6
99862.6
99863.6
99864.6
99865.7
99866.9
99868.1
99869.4
99870.7
99872
99873.5
99874.9
99876.4
99878
99879.6
99881.3
99883
99884.8
99886.6
99888.4
99890.3
99892.2
99894.2
99849.6
99850.3
99851.2
99852
99852.9
99853.9
99854.9
99856
99857.1
99858.3
99859.6
99860.8
99862.2
99863.6
99865.1
99866.6
99868.2
99869.8
99871.5
99873.3
99875.1
99877
99878.9
99880.9
99883
99885.1
99887.2
99889.3
99841.6
99842.4
99843.3
99844.2
99845.2
99846.2
99847.3
99848.4
99849.6
99850.8
99852.1
99853.5
99854.9
99856.4
99858
99859.6
99861.3
99863.1
99864.9
99866.8
99868.8
99870.9
99873
99875.2
99877.4
99879.7
99882.1
99884.4
99833.7
99834.6
99835.5
99836.5
99837.5
99838.6
99839.7
99840.8
99842.1
99843.3
99844.7
99846.1
99847.6
99849.2
99850.8
99852.5
99854.3
99856.2
99858.2
99860.2
99862.3
99864.6
99866.9
99869.2
99871.7
99874.2
99876.8
99879.4
99826
99826.9
99827.9
99828.9
99829.9
99831
99832.1
99833.3
99834.5
99835.8
99837.2
99838.7
99840.2
99841.8
99843.5
99845.3
99847.2
99849.1
99851.2
99853.4
99855.7
99858.1
99860.5
99863.1
99865.8
99868.6
99871.4
99874.3
99818.5
99819.4
99820.4
99821.4
99822.4
99823.5
99824.6
99825.8
99827
99828.4
99829.7
99831.2
99832.7
99834.4
99836.1
99837.9
99839.8
99841.9
99844.1
99846.4
99848.8
99851.3
99854
99856.8
99859.7
99862.8
99865.9
99869.1
99811.2
99812.1
99813.1
99814.1
99815.1
99816.2
99817.3
99818.4
99819.7
99820.9
99822.3
99823.7
99825.2
99826.8
99828.6
99830.4
99832.4
99834.5
99836.7
99839.1
99841.7
99844.4
99847.2
99850.3
99853.4
99856.7
99860.1
99863.7
99804.2
99805.1
99806.1
99807.1
99808.1
99809.1
99810.1
99811.2
99812.4
99813.6
99814.9
99816.2
99817.7
99819.3
99821
99822.8
99824.8
99826.9
99829.2
99831.6
99834.3
99837.1
99840.2
99843.4
99846.8
99850.4
99854.2
99858.1
99797.5
99798.5
99799.4
99800.3
99801.3
99802.2
99803.2
99804.2
99805.3
99806.4
99807.6
99808.8
99810.2
99811.7
99813.3
99815
99817
99819.1
99821.4
99823.9
99826.6
99829.6
99832.8
99836.2
99839.9
99843.8
99847.9
99852.2
99791.3
99792.2
99793
99793.9
99794.8
99795.6
99796.5
99797.4
99798.3
99799.3
99800.4
99801.5
99802.7
99804.1
99805.6
99807.2
99809
99811.1
99813.3
99815.8
99818.6
99821.7
99825
99828.7
99832.6
99836.8
99841.3
99846.1
99785.4
99786.2
99787
99787.8
99788.6
99789.4
99790.1
99790.9
99791.7
99792.5
99793.3
99794.3
99795.3
99796.5
99797.8
99799.3
99800.9
99802.8
99805
99807.5
99810.2
99813.4
99816.8
99820.7
99824.9
99829.5
99834.4
99839.6
99779.9
99780.7
99781.5
99782.2
99782.8
99783.5
99784.1
99784.7
99785.3
99785.9
99786.5
99787.2
99788
99789
99790
99791.3
99792.7
99794.4
99796.4
99798.8
99801.5
99804.6
99808.2
99812.2
99816.7
99821.6
99827
99832.8
99774.8
99775.6
99776.3
99776.9
99777.4
99777.9
99778.3
99778.8
99779.1
99779.5
99779.9
99780.4
99780.9
99781.5
99782.3
99783.2
99784.4
99785.8
99787.6
99789.8
99792.4
99795.5
99799.1
99803.2
99807.9
99813.2
99819.1
99825.5
99770.2
99770.9
99771.5
99772
99772.4
99772.7
99773
99773.2
99773.4
99773.5
99773.6
99773.7
99773.9
99774.2
99774.6
99775.2
99776
99777.1
99778.6
99780.5
99782.8
99785.8
99789.4
99793.6
99798.6
99804.2
99810.6
99817.7
99766
99766.6
99767.1
99767.5
99767.8
99768
99768
99768
99767.9
99767.8
99767.6
99767.4
99767.2
99767.1
99767.1
99767.2
99767.6
99768.3
99769.3
99770.8
99772.9
99775.6
99779.1
99783.4
99788.5
99794.6
99801.5
99809.3
99762.2
99762.8
99763.2
99763.5
99763.6
99763.6
99763.5
99763.2
99762.9
99762.4
99761.9
99761.4
99760.8
99760.2
99759.7
99759.4
99759.2
99759.4
99759.9
99760.9
99762.6
99765
99768.2
99772.4
99777.7
99784.1
99791.7
99800.4
99758.8
99759.3
99759.6
99759.8
99759.8
99759.7
99759.3
99758.9
99758.2
99757.5
99756.6
99755.7
99754.6
99753.6
99752.6
99751.7
99750.9
99750.4
99750.3
99750.8
99751.8
99753.8
99756.7
99760.8
99766.1
99772.8
99781
99790.6
99755.8
99756.2
99756.5
99756.5
99756.4
99756.1
99755.6
99754.9
99754
99752.9
99751.7
99750.3
99748.9
99747.3
99745.7
99744.2
99742.8
99741.6
99740.7
99740.4
99740.8
99742.1
99744.5
99748.3
99753.6
99760.5
99769.4
99780.1
99753.1
99753.5
99753.7
99753.6
99753.4
99752.9
99752.2
99751.3
99750.1
99748.8
99747.2
99745.4
99743.5
99741.4
99739.2
99737
99734.8
99732.8
99731.1
99729.9
99729.4
99729.9
99731.7
99735
99740
99747.2
99756.7
99768.6
99750.8
99751.1
99751.2
99751.1
99750.7
99750.1
99749.2
99748
99746.6
99745
99743.1
99740.9
99738.5
99735.8
99733
99730.1
99727.1
99724.3
99721.6
99719.4
99717.8
99717.3
99718.2
99720.8
99725.5
99732.7
99742.9
99756.1
99748.7
99749
99749.1
99748.8
99748.3
99747.6
99746.5
99745.2
99743.6
99741.6
99739.4
99736.8
99733.9
99730.7
99727.3
99723.6
99719.8
99716
99712.2
99708.9
99706.1
99704.4
99704.1
99705.7
99709.8
99716.8
99727.6
99742.3
99747
99747.2
99747.2
99746.9
99746.3
99745.4
99744.2
99742.7
99740.8
99738.6
99736
99733.1
99729.8
99726
99722
99717.5
99712.9
99708
99703.1
99698.5
99694.3
99691.1
99689.4
99689.9
99693
99699.6
99710.8
99727.1
99745.5
99745.7
99745.6
99745.2
99744.5
99743.5
99742.2
99740.5
99738.5
99736
99733.1
99729.8
99726.1
99721.8
99717.1
99711.9
99706.3
99700.4
99694.3
99688.3
99682.6
99677.7
99674.3
99673.2
99675
99680.8
99692.2
99710.2
99744.2
99744.4
99744.2
99743.8
99743.1
99742
99740.5
99738.7
99736.4
99733.7
99730.6
99726.9
99722.8
99718
99712.7
99706.8
99700.3
99693.3
99685.9
99678.4
99670.9
99664.1
99658.7
99655.7
99655.9
99660.4
99671.8
99691.6
99743.1
99743.3
99743.1
99742.6
99741.8
99740.6
99739
99737.1
99734.7
99731.8
99728.4
99724.5
99719.9
99714.7
99708.8
99702.2
99694.8
99686.7
99678
99668.9
99659.6
99650.6
99642.9
99637.6
99635.7
99638.4
99649
99670.4
99742.2
99742.4
99742.2
99741.6
99740.7
99739.5
99737.8
99735.8
99733.2
99730.2
99726.5
99722.3
99717.4
99711.8
99705.4
99698
99689.8
99680.7
99670.7
99659.9
99648.7
99637.3
99627
99618.9
99614.5
99614.8
99624
99647.2
99741.5
99741.6
99741.4
99740.8
99739.9
99738.6
99736.8
99734.7
99732
99728.8
99725
99720.5
99715.3
99709.3
99702.4
99694.4
99685.4
99675.2
99663.9
99651.5
99638.2
99624.4
99611
99599.9
99592.3
99589.5
99596.4
99620.2
99740.9
99741
99740.8
99740.2
99739.2
99737.8
99736
99733.8
99731
99727.7
99723.7
99719.1
99713.6
99707.2
99699.8
99691.3
99681.5
99670.4
99657.7
99643.7
99628.3
99611.8
99595.2
99580.5
99569.5
99563
99566.3
99590.8
99740.5
99740.5
99740.3
99739.6
99738.7
99737.3
99735.4
99733.1
99730.2
99726.8
99722.7
99717.9
99712.2
99705.5
99697.7
99688.7
99678.2
99666.1
99652.2
99636.6
99619.1
99599.9
99579.8
99561
99546
99535.2
99533.4
99555.3
99740.1
99740.2
99739.9
99739.3
99738.2
99736.8
99734.9
99732.6
99729.7
99726.1
99721.9
99717
99711.1
99704.2
99696
99686.5
99675.4
99662.5
99647.4
99630.1
99610.6
99588.5
99564.7
99541.5
99522
99506.4
99498.4
99517.7
99739.9
99740
99739.7
99739
99738
99736.5
99734.6
99732.2
99729.2
99725.6
99721.3
99716.3
99710.2
99703.1
99694.7
99684.8
99673.1
99659.4
99643.3
99624.5
99602.9
99578
99550.2
99522.2
99497.6
99477
99461.1
99470.3
99739.8
99739.8
99739.5
99738.9
99737.8
99736.3
99734.4
99732
99729
99725.3
99721
99715.8
99709.6
99702.3
99693.7
99683.4
99671.4
99657
99639.9
99619.8
99596.2
99568.5
99536.5
99503.2
99473.1
99447.3
99422.8
99422.3
99739.8
99739.8
99739.5
99738.9
99737.8
99736.3
99734.3
99731.9
99728.9
99725.2
99720.8
99715.5
99709.3
99701.9
99693
99682.5
99670.1
99655.2
99637.2
99616
99590.8
99560.3
99524.2
99485.3
99449
99417
99381.9
99357.4
99739.9
99739.9
99739.6
99738.9
99737.9
99736.4
99734.4
99731.9
99728.9
99725.2
99720.8
99715.5
99709.2
99701.7
99692.7
99682
99669.3
99654
99635.5
99613.3
99586.7
99554.1
99514.2
99469.7
99426.8
99388.3
99344.1
99301.9
99740
99740.1
99739.8
99739.1
99738.1
99736.6
99734.6
99732.1
99729.1
99725.4
99721
99715.7
99709.4
99701.8
99692.8
99682
99669.1
99653.7
99634.8
99612
99584.5
99550.4
99507.5
99458.5
99409.2
99363.5
99315.2
99229.8
99740.2
99740.3
99740
99739.3
99738.3
99736.8
99734.9
99732.4
99729.4
99725.7
99721.3
99716
99709.8
99702.3
99693.3
99682.5
99669.6
99654.2
99635.3
99612.2
99584.5
99549.7
99505
99452.6
99397.8
99343.5
99290.1
99171.3
99740.5
99740.6
99740.3
99739.6
99738.6
99737.2
99735.3
99732.8
99729.9
99726.2
99721.9
99716.6
99710.4
99703
99694.1
99683.4
99670.4
99654.9
99636
99613
99585.2
99550.1
99505
99451.6
99394.8
99336.3
99271.3
99051.7
100003
99991.9
99983.6
99977.7
99973.5
99971
99969.5
99968.6
99968.2
99968.2
99968.4
99968.8
99969.4
99970
99970.8
99971.7
99972.6
99973.6
99974.6
99975.6
99976.6
99977.6
99978.6
99979.6
99980.6
99981.6
99982.7
99983.7
99984.6
99985.6
99986.5
99987.5
99988.4
99989.2
99990.1
99990.9
99991.7
99992.5
99993.2
99993.9
99994.6
99995.3
99996
99996.6
99997.2
99997.8
99998.3
99998.9
99999.4
99999.8
100000
100001
100001
100001
100002
100002
100002
100003
100003
100003
100003
100004
100005
100004
100004
100003
100001
100000
99999
99998
99997
99996.2
99995.4
99994.7
99994.1
99993.5
99993
99992.5
99992.1
99991.8
99991.6
99991.4
99991.3
99991.3
99991.3
99991.3
99991.4
99991.5
99991.6
99991.8
99992
99992.2
99992.4
99992.7
99993
99993.3
99993.6
99994
99994.4
99994.8
99995.2
99995.6
99996.1
99996.5
99997
99997.5
99998
99998.5
99999.1
99999.6
100000
100001
100001
100002
100003
100003
100004
100005
100005
100006
99985.6
99985.4
99985.3
99985.4
99985.5
99985.7
99985.9
99986.2
99986.5
99986.8
99987.1
99987.4
99987.7
99988
99988.3
99988.6
99988.9
99989.2
99989.5
99989.8
99990.1
99990.4
99990.8
99991.1
99991.4
99991.7
99991.9
99992.1
99992.4
99992.6
99992.9
99993.2
99993.5
99993.8
99994.1
99994.4
99994.8
99995.1
99995.4
99995.7
99996.1
99996.4
99996.8
99997.1
99997.5
99997.9
99998.3
99998.7
99999.1
99999.5
99999.9
100000
100001
100001
100002
100002
100003
100003
100004
100004
99988.3
99987.8
99987.5
99987.1
99986.7
99986.3
99986
99985.7
99985.5
99985.3
99985.2
99985.2
99985.2
99985.2
99985.3
99985.5
99985.7
99985.9
99986.1
99986.4
99986.7
99987
99987.3
99987.6
99988
99988.4
99988.7
99989.2
99989.6
99990
99990.4
99990.9
99991.3
99991.8
99992.2
99992.7
99993.2
99993.6
99994.1
99994.6
99995.1
99995.5
99996
99996.5
99997
99997.4
99997.9
99998.4
99998.8
99999.3
99999.7
100000
100001
100001
100002
100002
100002
100003
100003
100004
99979.3
99980
99980.5
99981
99981.3
99981.7
99981.9
99982.2
99982.4
99982.6
99982.8
99983
99983.2
99983.4
99983.6
99983.9
99984.1
99984.4
99984.6
99984.9
99985.2
99985.6
99985.9
99986.2
99986.6
99987
99987.4
99987.8
99988.2
99988.6
99989.1
99989.5
99990
99990.5
99991
99991.5
99992
99992.5
99993
99993.6
99994.1
99994.6
99995.2
99995.7
99996.3
99996.8
99997.4
99997.9
99998.4
99999
99999.5
100000
100001
100001
100002
100002
100003
100003
100004
100004
99977.2
99977.3
99977.4
99977.6
99977.8
99978.1
99978.3
99978.6
99978.9
99979.2
99979.5
99979.8
99980.2
99980.5
99980.9
99981.3
99981.7
99982.1
99982.5
99982.9
99983.3
99983.7
99984.2
99984.6
99985.1
99985.6
99986
99986.5
99987
99987.5
99988
99988.5
99989
99989.6
99990.1
99990.6
99991.2
99991.8
99992.3
99992.9
99993.4
99994
99994.6
99995.2
99995.8
99996.4
99996.9
99997.5
99998.1
99998.7
99999.3
99999.9
100001
100001
100002
100002
100003
100004
100004
100005
99971.7
99972.3
99972.8
99973.4
99973.8
99974.3
99974.7
99975.2
99975.6
99976
99976.4
99976.9
99977.3
99977.7
99978.2
99978.6
99979.1
99979.6
99980.1
99980.6
99981.1
99981.6
99982.1
99982.7
99983.2
99983.7
99984.3
99984.9
99985.4
99986
99986.6
99987.2
99987.8
99988.4
99989
99989.6
99990.2
99990.8
99991.5
99992.1
99992.7
99993.4
99994
99994.6
99995.3
99995.9
99996.5
99997.2
99997.8
99998.5
99999.1
99999.8
100000
100001
100002
100002
100003
100004
100004
100005
99968
99968.5
99969
99969.5
99970.1
99970.6
99971.1
99971.7
99972.2
99972.7
99973.3
99973.8
99974.4
99974.9
99975.5
99976
99976.6
99977.1
99977.7
99978.3
99978.9
99979.5
99980.1
99980.7
99981.3
99981.9
99982.6
99983.2
99983.8
99984.5
99985.1
99985.8
99986.5
99987.1
99987.8
99988.5
99989.1
99989.8
99990.5
99991.2
99991.9
99992.6
99993.3
99994
99994.7
99995.4
99996.1
99996.8
99997.5
99998.2
99998.9
99999.6
100000
100001
100002
100002
100003
100004
100004
100005
99963.4
99964.1
99964.8
99965.5
99966.1
99966.8
99967.4
99968.1
99968.7
99969.4
99970
99970.7
99971.3
99972
99972.6
99973.3
99973.9
99974.6
99975.3
99975.9
99976.6
99977.3
99978
99978.7
99979.4
99980.1
99980.8
99981.5
99982.2
99982.9
99983.6
99984.4
99985.1
99985.8
99986.6
99987.3
99988.1
99988.8
99989.6
99990.3
99991.1
99991.8
99992.6
99993.3
99994.1
99994.9
99995.6
99996.4
99997.1
99997.9
99998.7
99999.4
100000
100001
100002
100002
100003
100004
100005
100005
99959.3
99960
99960.8
99961.5
99962.3
99963
99963.8
99964.5
99965.3
99966
99966.8
99967.5
99968.2
99969
99969.7
99970.5
99971.2
99972
99972.8
99973.5
99974.3
99975.1
99975.8
99976.6
99977.4
99978.2
99978.9
99979.7
99980.5
99981.3
99982.1
99982.9
99983.7
99984.5
99985.3
99986.1
99986.9
99987.8
99988.6
99989.4
99990.2
99991
99991.9
99992.7
99993.5
99994.3
99995.1
99996
99996.8
99997.6
99998.4
99999.2
100000
100001
100002
100002
100003
100004
100005
100006
99954.8
99955.7
99956.6
99957.5
99958.3
99959.2
99960
99960.9
99961.7
99962.6
99963.4
99964.3
99965.1
99966
99966.8
99967.7
99968.5
99969.4
99970.2
99971.1
99971.9
99972.8
99973.6
99974.5
99975.3
99976.2
99977.1
99977.9
99978.8
99979.7
99980.5
99981.4
99982.3
99983.2
99984
99984.9
99985.8
99986.7
99987.6
99988.4
99989.3
99990.2
99991.1
99992
99992.9
99993.8
99994.6
99995.5
99996.4
99997.3
99998.2
99999.1
99999.9
100001
100002
100003
100003
100004
100005
100006
99950.5
99951.5
99952.5
99953.4
99954.4
99955.3
99956.3
99957.2
99958.2
99959.1
99960.1
99961
99962
99962.9
99963.8
99964.8
99965.7
99966.7
99967.6
99968.5
99969.5
99970.4
99971.4
99972.3
99973.2
99974.2
99975.1
99976.1
99977
99978
99978.9
99979.9
99980.8
99981.8
99982.7
99983.7
99984.6
99985.6
99986.5
99987.5
99988.4
99989.4
99990.3
99991.3
99992.2
99993.2
99994.1
99995.1
99996
99997
99997.9
99998.9
99999.8
100001
100002
100003
100004
100004
100005
100006
99946.1
99947.2
99948.3
99949.3
99950.4
99951.5
99952.5
99953.6
99954.6
99955.7
99956.7
99957.7
99958.8
99959.8
99960.8
99961.9
99962.9
99963.9
99964.9
99966
99967
99968
99969
99970.1
99971.1
99972.1
99973.1
99974.2
99975.2
99976.2
99977.2
99978.3
99979.3
99980.3
99981.4
99982.4
99983.4
99984.4
99985.5
99986.5
99987.5
99988.5
99989.5
99990.6
99991.6
99992.6
99993.6
99994.6
99995.6
99996.6
99997.7
99998.7
99999.7
100001
100002
100003
100004
100005
100006
100007
99941.7
99942.9
99944
99945.2
99946.4
99947.5
99948.7
99949.8
99951
99952.1
99953.3
99954.4
99955.5
99956.7
99957.8
99958.9
99960
99961.1
99962.3
99963.4
99964.5
99965.6
99966.7
99967.8
99968.9
99970
99971.1
99972.2
99973.3
99974.5
99975.6
99976.7
99977.8
99978.9
99980
99981.1
99982.2
99983.3
99984.4
99985.5
99986.5
99987.6
99988.7
99989.8
99990.9
99992
99993.1
99994.2
99995.2
99996.3
99997.4
99998.5
99999.5
100001
100002
100003
100004
100005
100006
100007
99937.2
99938.5
99939.8
99941.1
99942.3
99943.6
99944.9
99946.1
99947.3
99948.6
99949.8
99951
99952.3
99953.5
99954.7
99955.9
99957.1
99958.3
99959.5
99960.7
99961.9
99963.1
99964.3
99965.5
99966.7
99967.9
99969.1
99970.3
99971.5
99972.7
99973.8
99975
99976.2
99977.4
99978.6
99979.7
99980.9
99982.1
99983.2
99984.4
99985.6
99986.7
99987.9
99989.1
99990.2
99991.4
99992.5
99993.7
99994.8
99996
99997.1
99998.3
99999.4
100001
100002
100003
100004
100005
100006
100007
99932.7
99934.1
99935.5
99936.9
99938.3
99939.6
99941
99942.3
99943.7
99945
99946.3
99947.6
99949
99950.3
99951.6
99952.9
99954.2
99955.5
99956.8
99958.1
99959.4
99960.6
99961.9
99963.2
99964.5
99965.7
99967
99968.3
99969.6
99970.8
99972.1
99973.3
99974.6
99975.9
99977.1
99978.4
99979.6
99980.9
99982.1
99983.4
99984.6
99985.8
99987.1
99988.3
99989.5
99990.8
99992
99993.2
99994.4
99995.6
99996.8
99998.1
99999.3
100000
100002
100003
100004
100005
100006
100008
99928.2
99929.7
99931.2
99932.7
99934.2
99935.6
99937.1
99938.5
99939.9
99941.4
99942.8
99944.2
99945.6
99947
99948.4
99949.8
99951.2
99952.6
99954
99955.4
99956.7
99958.1
99959.5
99960.8
99962.2
99963.6
99964.9
99966.3
99967.6
99969
99970.3
99971.6
99973
99974.3
99975.6
99977
99978.3
99979.6
99981
99982.3
99983.6
99984.9
99986.2
99987.5
99988.8
99990.1
99991.4
99992.7
99994
99995.3
99996.6
99997.8
99999.1
100000
100002
100003
100004
100005
100007
100008
99923.7
99925.3
99926.9
99928.5
99930
99931.6
99933.1
99934.7
99936.2
99937.7
99939.2
99940.8
99942.3
99943.8
99945.2
99946.7
99948.2
99949.7
99951.2
99952.6
99954.1
99955.5
99957
99958.4
99959.9
99961.3
99962.8
99964.2
99965.6
99967.1
99968.5
99969.9
99971.3
99972.7
99974.2
99975.6
99977
99978.4
99979.8
99981.2
99982.6
99984
99985.3
99986.7
99988.1
99989.5
99990.8
99992.2
99993.6
99994.9
99996.3
99997.6
99999
100000
100002
100003
100004
100006
100007
100008
99919.2
99920.9
99922.6
99924.2
99925.9
99927.5
99929.2
99930.8
99932.4
99934.1
99935.7
99937.3
99938.9
99940.4
99942
99943.6
99945.2
99946.7
99948.3
99949.8
99951.4
99952.9
99954.5
99956
99957.5
99959.1
99960.6
99962.1
99963.6
99965.1
99966.6
99968.1
99969.6
99971.1
99972.6
99974.1
99975.6
99977.1
99978.6
99980
99981.5
99983
99984.4
99985.9
99987.4
99988.8
99990.2
99991.7
99993.1
99994.6
99996
99997.4
99998.8
100000
100002
100003
100004
100006
100007
100009
99914.6
99916.4
99918.2
99920
99921.7
99923.5
99925.2
99926.9
99928.6
99930.3
99932
99933.7
99935.4
99937.1
99938.8
99940.4
99942.1
99943.7
99945.4
99947
99948.7
99950.3
99951.9
99953.5
99955.2
99956.8
99958.4
99960
99961.6
99963.2
99964.8
99966.4
99967.9
99969.5
99971.1
99972.7
99974.2
99975.8
99977.3
99978.9
99980.4
99982
99983.5
99985.1
99986.6
99988.1
99989.6
99991.2
99992.7
99994.2
99995.7
99997.2
99998.7
100000
100002
100003
100005
100006
100007
99910.1
99911.9
99913.8
99915.7
99917.5
99919.4
99921.2
99923
99924.8
99926.6
99928.4
99930.2
99931.9
99933.7
99935.5
99937.2
99939
99940.7
99942.4
99944.2
99945.9
99947.6
99949.3
99951
99952.7
99954.4
99956.1
99957.8
99959.5
99961.2
99962.9
99964.5
99966.2
99967.9
99969.5
99971.2
99972.8
99974.5
99976.1
99977.7
99979.4
99981
99982.6
99984.2
99985.8
99987.4
99989
99990.6
99992.2
99993.8
99995.4
99996.9
99998.5
100000
100002
100003
100005
100006
100008
99905.5
99907.4
99909.4
99911.4
99913.3
99915.2
99917.1
99919
99920.9
99922.8
99924.7
99926.6
99928.4
99930.3
99932.1
99934
99935.8
99937.6
99939.4
99941.3
99943.1
99944.9
99946.7
99948.5
99950.3
99952.1
99953.8
99955.6
99957.4
99959.1
99960.9
99962.7
99964.4
99966.2
99967.9
99969.6
99971.4
99973.1
99974.8
99976.5
99978.2
99979.9
99981.6
99983.3
99985
99986.7
99988.4
99990.1
99991.7
99993.4
99995
99996.7
99998.3
100000
100002
100003
100005
100006
100008
99900.9
99902.9
99905
99907
99909
99911
99913
99915
99917
99919
99920.9
99922.9
99924.9
99926.8
99928.7
99930.7
99932.6
99934.5
99936.4
99938.3
99940.2
99942.1
99944
99945.9
99947.8
99949.6
99951.5
99953.4
99955.2
99957.1
99958.9
99960.8
99962.6
99964.4
99966.2
99968.1
99969.9
99971.7
99973.5
99975.3
99977.1
99978.9
99980.7
99982.4
99984.2
99986
99987.7
99989.5
99991.2
99993
99994.7
99996.4
99998.2
99999.9
100002
100003
100005
100007
100008
99896.2
99898.4
99900.5
99902.6
99904.7
99906.8
99908.9
99911
99913
99915.1
99917.1
99919.2
99921.2
99923.3
99925.3
99927.3
99929.3
99931.3
99933.3
99935.3
99937.3
99939.3
99941.2
99943.2
99945.2
99947.1
99949.1
99951
99953
99954.9
99956.9
99958.8
99960.7
99962.6
99964.6
99966.5
99968.4
99970.3
99972.2
99974
99975.9
99977.8
99979.7
99981.5
99983.4
99985.2
99987.1
99988.9
99990.7
99992.5
99994.4
99996.2
99998
99999.8
100002
100003
100005
100007
100009
99891.5
99893.8
99896
99898.2
99900.4
99902.5
99904.7
99906.9
99909
99911.1
99913.3
99915.4
99917.5
99919.7
99921.8
99923.9
99926
99928.1
99930.1
99932.2
99934.3
99936.4
99938.4
99940.5
99942.6
99944.6
99946.6
99948.7
99950.7
99952.8
99954.8
99956.8
99958.8
99960.8
99962.8
99964.8
99966.8
99968.8
99970.8
99972.7
99974.7
99976.7
99978.6
99980.6
99982.5
99984.4
99986.4
99988.3
99990.2
99992.1
99994
99995.9
99997.8
99999.6
100002
100003
100005
100007
100009
99886.8
99889.1
99891.4
99893.7
99895.9
99898.2
99900.4
99902.7
99904.9
99907.1
99909.3
99911.6
99913.8
99916
99918.2
99920.4
99922.5
99924.7
99926.9
99929.1
99931.2
99933.4
99935.6
99937.7
99939.9
99942
99944.1
99946.3
99948.4
99950.5
99952.6
99954.7
99956.8
99958.9
99961
99963.1
99965.2
99967.3
99969.3
99971.4
99973.4
99975.5
99977.5
99979.6
99981.6
99983.6
99985.6
99987.6
99989.6
99991.6
99993.6
99995.6
99997.5
99999.5
100001
100003
100005
100007
100009
99882
99884.3
99886.7
99889.1
99891.4
99893.7
99896.1
99898.4
99900.7
99903
99905.3
99907.6
99909.9
99912.2
99914.5
99916.8
99919
99921.3
99923.6
99925.8
99928.1
99930.3
99932.6
99934.8
99937.1
99939.3
99941.5
99943.8
99946
99948.2
99950.4
99952.6
99954.8
99957
99959.2
99961.3
99963.5
99965.7
99967.8
99970
99972.1
99974.3
99976.4
99978.5
99980.7
99982.8
99984.9
99987
99989.1
99991.1
99993.2
99995.3
99997.3
99999.4
100001
100003
100005
100007
100009
99877.1
99879.5
99881.9
99884.3
99886.8
99889.2
99891.6
99894
99896.4
99898.8
99901.2
99903.6
99905.9
99908.3
99910.7
99913.1
99915.4
99917.8
99920.1
99922.5
99924.8
99927.2
99929.5
99931.9
99934.2
99936.5
99938.8
99941.2
99943.5
99945.8
99948.1
99950.4
99952.7
99955
99957.2
99959.5
99961.8
99964
99966.3
99968.5
99970.8
99973
99975.2
99977.5
99979.7
99981.9
99984.1
99986.3
99988.4
99990.6
99992.8
99994.9
99997
99999.2
100001
100003
100006
100008
100010
99872
99874.5
99877
99879.5
99882
99884.5
99887
99889.5
99892
99894.4
99896.9
99899.4
99901.8
99904.3
99906.8
99909.2
99911.7
99914.1
99916.6
99919
99921.5
99923.9
99926.4
99928.8
99931.2
99933.6
99936.1
99938.5
99940.9
99943.3
99945.7
99948.1
99950.5
99952.9
99955.2
99957.6
99960
99962.3
99964.7
99967
99969.4
99971.7
99974
99976.3
99978.6
99980.9
99983.2
99985.5
99987.8
99990
99992.3
99994.5
99996.8
99999
100001
100003
100006
100008
100010
99866.8
99869.4
99872
99874.5
99877.1
99879.7
99882.2
99884.8
99887.4
99889.9
99892.5
99895
99897.6
99900.2
99902.7
99905.3
99907.8
99910.4
99912.9
99915.5
99918
99920.5
99923.1
99925.6
99928.1
99930.6
99933.2
99935.7
99938.2
99940.7
99943.2
99945.7
99948.2
99950.7
99953.1
99955.6
99958.1
99960.5
99963
99965.4
99967.9
99970.3
99972.7
99975.1
99977.6
99979.9
99982.3
99984.7
99987.1
99989.4
99991.8
99994.1
99996.4
99998.8
100001
100003
100006
100008
100010
99861.4
99864.1
99866.7
99869.4
99872
99874.7
99877.3
99879.9
99882.6
99885.2
99887.9
99890.5
99893.2
99895.8
99898.5
99901.1
99903.8
99906.4
99909.1
99911.7
99914.4
99917
99919.6
99922.3
99924.9
99927.5
99930.1
99932.8
99935.4
99938
99940.6
99943.2
99945.8
99948.4
99951
99953.5
99956.1
99958.7
99961.2
99963.8
99966.3
99968.8
99971.4
99973.9
99976.4
99978.9
99981.4
99983.9
99986.3
99988.8
99991.2
99993.7
99996.1
99998.5
100001
100003
100006
100008
100010
99855.8
99858.5
99861.2
99864
99866.7
99869.4
99872.2
99874.9
99877.6
99880.4
99883.1
99885.8
99888.6
99891.3
99894.1
99896.8
99899.6
99902.3
99905.1
99907.8
99910.5
99913.3
99916
99918.8
99921.5
99924.2
99927
99929.7
99932.4
99935.1
99937.8
99940.5
99943.2
99945.9
99948.6
99951.3
99954
99956.7
99959.3
99962
99964.7
99967.3
99969.9
99972.6
99975.2
99977.8
99980.4
99983
99985.5
99988.1
99990.6
99993.2
99995.7
99998.2
100001
100003
100006
100008
100011
99849.9
99852.7
99855.5
99858.3
99861.1
99864
99866.8
99869.6
99872.4
99875.3
99878.1
99880.9
99883.8
99886.6
99889.4
99892.3
99895.1
99898
99900.8
99903.7
99906.5
99909.4
99912.2
99915.1
99917.9
99920.8
99923.6
99926.4
99929.3
99932.1
99934.9
99937.8
99940.6
99943.4
99946.2
99949
99951.8
99954.6
99957.4
99960.1
99962.9
99965.6
99968.4
99971.1
99973.9
99976.6
99979.3
99982
99984.7
99987.3
99990
99992.6
99995.3
99997.9
100000
100003
100006
100008
100011
99843.8
99846.6
99849.5
99852.4
99855.3
99858.2
99861.1
99864
99866.9
99869.9
99872.8
99875.7
99878.7
99881.6
99884.6
99887.5
99890.5
99893.4
99896.4
99899.3
99902.3
99905.3
99908.2
99911.2
99914.1
99917.1
99920.1
99923
99926
99928.9
99931.9
99934.8
99937.7
99940.7
99943.6
99946.5
99949.4
99952.3
99955.2
99958.1
99961
99963.9
99966.7
99969.6
99972.4
99975.3
99978.1
99980.9
99983.7
99986.5
99989.3
99992
99994.8
99997.5
100000
100003
100006
100008
100011
99837.3
99840.2
99843.2
99846.2
99849.1
99852.1
99855.1
99858.1
99861.2
99864.2
99867.2
99870.3
99873.3
99876.3
99879.4
99882.5
99885.5
99888.6
99891.7
99894.7
99897.8
99900.9
99904
99907.1
99910.1
99913.2
99916.3
99919.4
99922.4
99925.5
99928.6
99931.7
99934.7
99937.8
99940.8
99943.9
99946.9
99949.9
99953
99956
99959
99962
99965
99968
99970.9
99973.9
99976.8
99979.8
99982.7
99985.6
99988.5
99991.4
99994.2
99997.1
99999.9
100003
100006
100008
100011
99830.4
99833.4
99836.4
99839.5
99842.6
99845.7
99848.8
99851.9
99855
99858.1
99861.3
99864.4
99867.6
99870.7
99873.9
99877.1
99880.3
99883.5
99886.6
99889.8
99893
99896.2
99899.4
99902.7
99905.9
99909.1
99912.3
99915.5
99918.7
99921.9
99925.1
99928.3
99931.5
99934.7
99937.9
99941
99944.2
99947.4
99950.5
99953.7
99956.8
99959.9
99963.1
99966.2
99969.3
99972.4
99975.4
99978.5
99981.5
99984.6
99987.6
99990.6
99993.6
99996.6
99999.5
100002
100005
100008
99823
99826.1
99829.3
99832.4
99835.6
99838.8
99842
99845.2
99848.5
99851.7
99855
99858.2
99861.5
99864.8
99868.1
99871.4
99874.7
99878
99881.3
99884.6
99887.9
99891.3
99894.6
99897.9
99901.3
99904.6
99908
99911.3
99914.7
99918
99921.3
99924.7
99928
99931.3
99934.7
99938
99941.3
99944.6
99947.9
99951.2
99954.5
99957.7
99961
99964.2
99967.5
99970.7
99973.9
99977.1
99980.3
99983.5
99986.6
99989.8
99992.9
99996
99999.1
100002
100005
100008
99815.1
99818.4
99821.6
99824.9
99828.2
99831.5
99834.8
99838.1
99841.4
99844.8
99848.2
99851.5
99854.9
99858.3
99861.8
99865.2
99868.6
99872.1
99875.5
99879
99882.4
99885.9
99889.4
99892.9
99896.4
99899.8
99903.3
99906.8
99910.3
99913.8
99917.3
99920.8
99924.2
99927.7
99931.2
99934.7
99938.1
99941.6
99945
99948.5
99951.9
99955.3
99958.7
99962.1
99965.5
99968.9
99972.3
99975.6
99978.9
99982.2
99985.5
99988.8
99992.1
99995.3
99998.5
100002
100005
100008
99806.7
99810
99813.4
99816.8
99820.2
99823.6
99827
99830.5
99833.9
99837.4
99840.9
99844.4
99847.9
99851.5
99855
99858.6
99862.1
99865.7
99869.3
99872.9
99876.5
99880.1
99883.8
99887.4
99891
99894.7
99898.3
99902
99905.6
99909.2
99912.9
99916.5
99920.2
99923.8
99927.4
99931.1
99934.7
99938.3
99941.9
99945.5
99949.1
99952.7
99956.3
99959.8
99963.4
99966.9
99970.4
99973.9
99977.4
99980.9
99984.3
99987.8
99991.2
99994.6
99997.9
100001
100005
100008
99797.6
99801
99804.5
99808
99811.5
99815
99818.6
99822.2
99825.8
99829.4
99833
99836.6
99840.3
99844
99847.7
99851.4
99855.1
99858.8
99862.6
99866.3
99870.1
99873.9
99877.7
99881.4
99885.2
99889
99892.8
99896.7
99900.5
99904.3
99908.1
99911.9
99915.7
99919.5
99923.3
99927.1
99930.9
99934.7
99938.5
99942.3
99946
99949.8
99953.5
99957.3
99961
99964.7
99968.4
99972.1
99975.7
99979.3
99983
99986.6
99990.1
99993.7
99997.2
100001
100004
100008
99787.8
99791.4
99794.9
99798.6
99802.2
99805.9
99809.5
99813.3
99817
99820.7
99824.5
99828.3
99832.1
99835.9
99839.8
99843.6
99847.5
99851.4
99855.3
99859.2
99863.1
99867.1
99871
99875
99878.9
99882.9
99886.9
99890.9
99894.9
99898.9
99902.9
99906.8
99910.8
99914.8
99918.8
99922.8
99926.8
99930.8
99934.7
99938.7
99942.7
99946.6
99950.5
99954.4
99958.3
99962.2
99966.1
99970
99973.8
99977.6
99981.4
99985.2
99988.9
99992.7
99996.4
100000
100004
100007
99777.1
99780.7
99784.5
99788.2
99792
99795.8
99799.6
99803.4
99807.3
99811.2
99815.1
99819
99823
99827
99831
99835
99839.1
99843.1
99847.2
99851.3
99855.4
99859.5
99863.7
99867.8
99872
99876.1
99880.3
99884.5
99888.7
99892.9
99897
99901.2
99905.4
99909.6
99913.8
99918
99922.2
99926.4
99930.6
99934.7
99938.9
99943
99947.2
99951.3
99955.4
99959.5
99963.6
99967.6
99971.6
99975.7
99979.7
99983.6
99987.6
99991.5
99995.4
99999.3
100003
99765.5
99769.3
99773.2
99777.1
99781
99784.9
99788.9
99792.9
99796.9
99801
99805.1
99809.2
99813.3
99817.4
99821.6
99825.8
99830
99834.2
99838.5
99842.8
99847.1
99851.4
99855.7
99860
99864.4
99868.7
99873.1
99877.5
99881.9
99886.3
99890.7
99895.1
99899.5
99903.9
99908.3
99912.7
99917.1
99921.5
99925.9
99930.3
99934.7
99939.1
99943.4
99947.7
99952.1
99956.4
99960.7
99965
99969.2
99973.4
99977.7
99981.8
99986
99990.1
99994.2
99998.3
100002
99752.6
99756.6
99760.5
99764.5
99768.6
99772.7
99776.8
99780.9
99785.1
99789.3
99793.5
99797.8
99802.1
99806.5
99810.8
99815.2
99819.6
99824.1
99828.5
99833
99837.5
99842
99846.6
99851.1
99855.7
99860.3
99864.9
99869.5
99874.1
99878.8
99883.4
99888.1
99892.7
99897.4
99902
99906.7
99911.3
99916
99920.6
99925.3
99929.9
99934.5
99939.1
99943.7
99948.3
99952.8
99957.4
99961.9
99966.4
99970.9
99975.3
99979.7
99984.1
99988.5
99992.8
99997.1
100001
99738.8
99743
99747.1
99751.3
99755.6
99759.8
99764.1
99768.4
99772.8
99777.2
99781.6
99786.1
99790.6
99795.1
99799.6
99804.2
99808.8
99813.4
99818.1
99822.7
99827.4
99832.2
99836.9
99841.7
99846.5
99851.3
99856.1
99861
99865.8
99870.7
99875.6
99880.5
99885.4
99890.3
99895.2
99900.1
99905
99909.9
99914.8
99919.7
99924.6
99929.5
99934.4
99939.2
99944.1
99948.9
99953.7
99958.5
99963.2
99968
99972.7
99977.4
99982
99986.6
99991.2
99995.8
100000
99723
99727.2
99731.4
99735.7
99740
99744.4
99748.8
99753.2
99757.7
99762.3
99766.9
99771.5
99776.2
99780.9
99785.7
99790.5
99795.3
99800.2
99805.1
99810
99815
99820
99825
99830.1
99835.2
99840.3
99845.4
99850.5
99855.7
99860.9
99866.1
99871.3
99876.5
99881.7
99886.9
99892.1
99897.4
99902.6
99907.8
99913
99918.2
99923.4
99928.6
99933.8
99939
99944.1
99949.2
99954.3
99959.4
99964.4
99969.5
99974.4
99979.4
99984.3
99989.2
99994
99706.4
99710.9
99715.5
99720
99724.6
99729.2
99733.8
99738.5
99743.3
99748.1
99752.9
99757.7
99762.6
99767.5
99772.5
99777.5
99782.5
99787.6
99792.7
99797.8
99803
99808.2
99813.5
99818.8
99824.1
99829.4
99834.8
99840.1
99845.6
99851
99856.4
99861.9
99867.4
99872.9
99878.4
99883.9
99889.5
99895
99900.5
99906
99911.6
99917.1
99922.6
99928.1
99933.5
99939
99944.5
99949.9
99955.3
99960.6
99966
99971.3
99976.6
99981.8
99987
99992.1
99686.2
99690.5
99695
99699.4
99704
99708.6
99713.3
99718
99722.8
99727.7
99732.6
99737.6
99742.7
99747.8
99753
99758.3
99763.6
99769
99774.4
99779.9
99785.4
99791
99796.6
99802.3
99808
99813.7
99819.5
99825.3
99831.1
99837
99842.8
99848.8
99854.7
99860.6
99866.6
99872.5
99878.5
99884.5
99890.4
99896.4
99902.4
99908.3
99914.3
99920.2
99926.1
99932
99937.9
99943.8
99949.6
99955.4
99961.1
99966.9
99972.5
99978.2
99983.8
99989.3
99666.5
99671.4
99676.3
99681.3
99686.3
99691.3
99696.3
99701.4
99706.6
99711.8
99717.1
99722.4
99727.7
99733.1
99738.5
99744
99749.5
99755.1
99760.8
99766.4
99772.1
99777.9
99783.7
99789.6
99795.5
99801.4
99807.4
99813.5
99819.5
99825.6
99831.8
99837.9
99844.1
99850.3
99856.6
99862.8
99869.1
99875.4
99881.7
99888
99894.3
99900.6
99906.9
99913.2
99919.5
99925.8
99932
99938.3
99944.5
99950.6
99956.8
99962.9
99969
99975
99981
99638.9
99643.2
99647.6
99652.1
99656.7
99661.4
99666.1
99671
99676
99681.1
99686.3
99691.6
99697
99702.5
99708.1
99713.9
99719.7
99725.6
99731.7
99737.8
99744
99750.3
99756.6
99763
99769.5
99776.1
99782.7
99789.4
99796.1
99802.8
99809.7
99816.5
99823.4
99830.3
99837.2
99844.2
99851.2
99858.2
99865.2
99872.2
99879.2
99886.2
99893.2
99900.2
99907.2
99914.1
99921
99927.9
99934.8
99941.6
99948.4
99955.2
99961.9
99968.5
99616.5
99622
99627.5
99632.9
99638.3
99643.8
99649.3
99654.9
99660.5
99666.1
99671.9
99677.7
99683.5
99689.5
99695.5
99701.6
99707.7
99713.9
99720.1
99726.5
99732.8
99739.2
99745.7
99752.3
99758.9
99765.5
99772.3
99779
99785.9
99792.8
99799.7
99806.7
99813.7
99820.8
99827.9
99835.1
99842.3
99849.5
99856.8
99864.1
99871.4
99878.7
99886
99893.3
99900.6
99908
99915.2
99922.5
99929.8
99937
99944.2
99951.4
99958.5
99965.5
99575.5
99579.1
99582.9
99586.8
99590.9
99595.1
99599.4
99603.9
99608.6
99613.5
99618.7
99624.1
99629.7
99635.5
99641.6
99647.9
99654.3
99660.8
99667.4
99674.2
99681.2
99688.3
99695.5
99702.8
99710.3
99718
99725.7
99733.5
99741.5
99749.5
99757.6
99765.8
99774
99782.3
99790.7
99799.1
99807.6
99816.1
99824.6
99833.2
99841.7
99850.3
99858.9
99867.4
99876
99884.5
99893.1
99901.5
99910
99918.4
99926.8
99935.1
99943.3
99553.8
99560.1
99566.1
99571.9
99577.6
99583.4
99589.3
99595.2
99601.2
99607.4
99613.7
99620.1
99626.6
99633.2
99640
99647
99654
99661
99668
99675.3
99682.7
99690
99697.4
99704.8
99712.2
99719.7
99727.2
99734.8
99742.5
99750.3
99758.2
99766.2
99774.2
99782.4
99790.6
99798.9
99807.2
99815.7
99824.1
99832.6
99841.2
99849.8
99858.4
99867
99875.7
99884.4
99893
99901.7
99910.3
99918.9
99927.5
99936
99483.9
99485.1
99486.7
99488.7
99491.2
99494.1
99497.3
99500.9
99504.9
99509.2
99513.9
99518.8
99524.1
99529.6
99535.4
99541.4
99547.6
99554.2
99561.2
99568.7
99576.6
99584.7
99593.1
99601.6
99610.3
99619.2
99628.4
99637.8
99647.4
99657.2
99667.2
99677.3
99687.6
99697.9
99708.5
99719.1
99729.9
99740.7
99751.7
99762.7
99773.8
99784.9
99796
99807.2
99818.4
99829.6
99840.7
99851.9
99863
99874
99885
99476.1
99482.9
99489.1
99495.7
99502.2
99508.7
99515.2
99521.7
99528.2
99534.7
99541.3
99547.9
99554.6
99561.3
99568.1
99575
99582.1
99589.3
99596.7
99604.5
99612.6
99620.9
99629.2
99637.8
99646.7
99655.9
99665.1
99674.4
99683.7
99693.1
99702.6
99712.1
99721.7
99731.3
99740.9
99750.6
99760.5
99770.5
99780.6
99790.8
99801.1
99811.5
99821.9
99832.4
99842.9
99853.4
99864
99874.5
99885.1
99895.6
99340.3
99337.1
99334.6
99332.8
99331.4
99330.5
99330.1
99330.3
99331.1
99332.4
99334.4
99336.9
99340
99343.6
99347.9
99352.7
99358
99363.9
99370.3
99377.3
99384.8
99392.9
99401.4
99410.4
99420
99430.5
99441.8
99453.6
99465.6
99478
99490.8
99504.2
99518.1
99532.5
99546.9
99561.5
99576.3
99591.4
99606.6
99622
99637.5
99653.1
99668.8
99684.6
99700.5
99716.4
99732.3
99748.3
99369.7
99376.9
99383.3
99389.8
99396
99402.2
99408.4
99414.5
99420.7
99426.9
99433.1
99439.5
99446
99452.5
99459.2
99466.2
99473.3
99480.6
99488.2
99496.3
99504.8
99513.7
99522.8
99532.1
99541.7
99551.4
99561.7
99572.6
99584.3
99596.4
99608.8
99621.2
99633.8
99646.4
99659
99671.6
99684.4
99697.3
99710.3
99723.5
99736.8
99750.2
99763.8
99777.6
99791.4
99805.2
99075.7
99061.5
99049.4
99038.4
99028.3
99019.1
99010.9
99003.6
98997.4
98992.2
98988.1
98985.1
98982.9
98981.6
98981.3
98982.1
98984
98987
98991.1
98996.2
99002.2
99009.4
99017.5
99026.5
99036.6
99047.7
99059.8
99073
99087.1
99102.4
99119.1
99137
99155.7
99175.3
99196.3
99218.4
99241
99264.3
99288.1
99312.4
99337.1
99362.1
99387.4
99227.2
99223.3
99219.1
99216.8
99215.4
99214.6
99214.1
99213.5
99213.1
99213.1
99213.5
99214.4
99215.7
99217.5
99220
99223
99226.5
99230.3
99234.8
99240.2
99246.7
99254.4
99263.5
99273.9
99285.3
99297.6
99310.8
99324.6
99338.9
99353.6
99368.9
99384.9
99401.3
99418.4
99437
99456.7
99476.6
99496.7
99517.2
98547.8
98510.7
98473.8
98436.6
98399.6
98363.2
98327.8
98293.8
98261.6
98231.5
98203.6
98178.1
98155.1
98134.9
98117.9
98104
98093.2
98085.2
98080
98077.6
98077.9
98080.9
98086.5
98094.6
98105.1
98118.1
98133.5
98151.6
98172.3
98195.5
98221.3
98249.3
98279.7
)
;

boundaryField
{
    down
    {
        type            fixedValue;
        value           nonuniform List<scalar> 0();
    }
    right
    {
        type            fixedValue;
        value           nonuniform List<scalar> 0();
    }
    up
    {
        type            fixedValue;
        value           uniform 100000;
    }
    meanFlow
    {
        type            fixedValue;
        value           uniform 100000;
    }
    surface
    {
        type            zeroGradient;
    }
    surfaceInner
    {
        type            zeroGradient;
    }
    coandaInlet
    {
        type            zeroGradient;
    }
    defaultFaces
    {
        type            empty;
    }
    procBoundary3to0
    {
        type            processor;
        value           nonuniform List<scalar> 
87
(
100003
100006
100005
100004
100005
100005
100006
100006
100006
100007
100007
100007
100008
100008
100008
100009
100009
100010
100009
100010
100009
100009
100010
100010
100010
100011
100011
100011
100012
100012
100012
100013
100013
100013
100014
100014
100011
100011
100011
100011
100011
100011
100011
100007
100007
100006
100006
100005
99998.8
99998.8
99997.3
99994.8
99986.9
99986.9
99975.1
99975.1
99972.5
99951.5
99951.5
99944.5
99944.5
99895.9
99895.9
99906.1
99764.3
99906.1
99780.2
99819.1
99764.3
99832.9
99412.8
99438.5
99819.1
99464.3
99537.8
99558.7
99579.9
99412.8
99601.2
98312.2
98346.8
98383.3
98421.9
98462.4
99537.8
98504.5
98312.2
)
;
    }
    procBoundary3to4
    {
        type            processor;
        value           nonuniform List<scalar> 
61
(
99999.8
99995
99987.8
99985.4
99978
99975
99968.6
99964.5
99958.7
99953.8
99948
99942.5
99936.5
99930.4
99924
99924
99917.2
99910.3
99903.2
99895.9
99888.4
99880.7
99872.8
99864.9
99856.9
99848.8
99840.8
99832.9
99825.2
99817.6
99810.3
99803.3
99796.6
99790.3
99784.4
99779
99774
99769.4
99765.2
99761.4
99758.1
99755.1
99752.5
99750.2
99748.2
99746.5
99745
99743.7
99742.7
99741.8
99741.1
99740.5
99740
99739.7
99739.5
99739.4
99739.4
99739.5
99739.6
99739.8
99740.1
)
;
    }
}


// ************************************************************************* //
