/*--------------------------------*- C++ -*----------------------------------*\
  =========                 |
  \\      /  F ield         | OpenFOAM: The Open Source CFD Toolbox
   \\    /   O peration     | Website:  https://openfoam.org
    \\  /    A nd           | Version:  8
     \\/     M anipulation  |
\*---------------------------------------------------------------------------*/
FoamFile
{
    version     2.0;
    format      ascii;
    class       vectorField;
    location    "constant/polyMesh";
    object      points;
}
// * * * * * * * * * * * * * * * * * * * * * * * * * * * * * * * * * * * * * //


1581
(
(0 0 0)
(0.2 0 0)
(0.4 0 0)
(0.6 0 0)
(0.8 0 0)
(1 0 0)
(1.2 0 0)
(1.4 0 0)
(1.6 0 0)
(1.8 0 0)
(2 0 0)
(2.2 0 0)
(2.4 0 0)
(2.6 0 0)
(2.8 0 0)
(3 0 0)
(3.2 0 0)
(3.4 0 0)
(3.6 0 0)
(3.8 0 0)
(4 0 0)
(4.2 0 0)
(4.4 0 0)
(4.6 0 0)
(4.8 0 0)
(5 0 0)
(5.2 0 0)
(5.4 0 0)
(5.6 0 0)
(5.8 0 0)
(6 0 0)
(6.2 0 0)
(6.4 0 0)
(6.6 0 0)
(6.8 0 0)
(7 0 0)
(7.2 0 0)
(7.4 0 0)
(7.6 0 0)
(7.8 0 0)
(8 0 0)
(8.2 0 0)
(8.4 0 0)
(8.6 0 0)
(8.8 0 0)
(9 0 0)
(9.2 0 0)
(9.4 0 0)
(9.6 0 0)
(9.8 0 0)
(10 0 0)
(0 -0.0707106 0.0707106)
(0.2 -0.0707106 0.0707106)
(0.4 -0.0707106 0.0707106)
(0.6 -0.0707106 0.0707106)
(0.8 -0.0707106 0.0707106)
(1 -0.0707106 0.0707106)
(1.2 -0.0707106 0.0707106)
(1.4 -0.0707106 0.0707106)
(1.6 -0.0707106 0.0707106)
(1.8 -0.0707106 0.0707106)
(2 -0.0707106 0.0707106)
(2.2 -0.0707106 0.0707106)
(2.4 -0.0707106 0.0707106)
(2.6 -0.0707106 0.0707106)
(2.8 -0.0707106 0.0707106)
(3 -0.0707106 0.0707106)
(3.2 -0.0707106 0.0707106)
(3.4 -0.0707106 0.0707106)
(3.6 -0.0707106 0.0707106)
(3.8 -0.0707106 0.0707106)
(4 -0.0707106 0.0707106)
(4.2 -0.0707106 0.0707106)
(4.4 -0.0707106 0.0707106)
(4.6 -0.0707106 0.0707106)
(4.8 -0.0707106 0.0707106)
(5 -0.0707106 0.0707106)
(5.2 -0.0707106 0.0707106)
(5.4 -0.0707106 0.0707106)
(5.6 -0.0707106 0.0707106)
(5.8 -0.0707106 0.0707106)
(6 -0.0707106 0.0707106)
(6.2 -0.0707106 0.0707106)
(6.4 -0.0707106 0.0707106)
(6.6 -0.0707106 0.0707106)
(6.8 -0.0707106 0.0707106)
(7 -0.0707106 0.0707106)
(7.2 -0.0707106 0.0707106)
(7.4 -0.0707106 0.0707106)
(7.6 -0.0707106 0.0707106)
(7.8 -0.0707106 0.0707106)
(8 -0.0707106 0.0707106)
(8.2 -0.0707106 0.0707106)
(8.4 -0.0707106 0.0707106)
(8.6 -0.0707106 0.0707106)
(8.8 -0.0707106 0.0707106)
(9 -0.0707106 0.0707106)
(9.2 -0.0707106 0.0707106)
(9.4 -0.0707106 0.0707106)
(9.6 -0.0707106 0.0707106)
(9.8 -0.0707106 0.0707106)
(10 -0.0707106 0.0707106)
(0 -0.04539902132 0.08910062088)
(0.2 -0.04539902132 0.08910062088)
(0.4 -0.04539902132 0.08910062088)
(0.6 -0.04539902132 0.08910062088)
(0.8 -0.04539902132 0.08910062088)
(1 -0.04539902132 0.08910062088)
(1.2 -0.04539902132 0.08910062088)
(1.4 -0.04539902132 0.08910062088)
(1.6 -0.04539902132 0.08910062088)
(1.8 -0.04539902132 0.08910062088)
(2 -0.04539902132 0.08910062088)
(2.2 -0.04539902132 0.08910062088)
(2.4 -0.04539902132 0.08910062088)
(2.6 -0.04539902132 0.08910062088)
(2.8 -0.04539902132 0.08910062088)
(3 -0.04539902132 0.08910062088)
(3.2 -0.04539902132 0.08910062088)
(3.4 -0.04539902132 0.08910062088)
(3.6 -0.04539902132 0.08910062088)
(3.8 -0.04539902132 0.08910062088)
(4 -0.04539902132 0.08910062088)
(4.2 -0.04539902132 0.08910062088)
(4.4 -0.04539902132 0.08910062088)
(4.6 -0.04539902132 0.08910062088)
(4.8 -0.04539902132 0.08910062088)
(5 -0.04539902132 0.08910062088)
(5.2 -0.04539902132 0.08910062088)
(5.4 -0.04539902132 0.08910062088)
(5.6 -0.04539902132 0.08910062088)
(5.8 -0.04539902132 0.08910062088)
(6 -0.04539902132 0.08910062088)
(6.2 -0.04539902132 0.08910062088)
(6.4 -0.04539902132 0.08910062088)
(6.6 -0.04539902132 0.08910062088)
(6.8 -0.04539902132 0.08910062088)
(7 -0.04539902132 0.08910062088)
(7.2 -0.04539902132 0.08910062088)
(7.4 -0.04539902132 0.08910062088)
(7.6 -0.04539902132 0.08910062088)
(7.8 -0.04539902132 0.08910062088)
(8 -0.04539902132 0.08910062088)
(8.2 -0.04539902132 0.08910062088)
(8.4 -0.04539902132 0.08910062088)
(8.6 -0.04539902132 0.08910062088)
(8.8 -0.04539902132 0.08910062088)
(9 -0.04539902132 0.08910062088)
(9.2 -0.04539902132 0.08910062088)
(9.4 -0.04539902132 0.08910062088)
(9.6 -0.04539902132 0.08910062088)
(9.8 -0.04539902132 0.08910062088)
(10 -0.04539902132 0.08910062088)
(0 -0.01564344018 0.09876883036)
(0.2 -0.01564344018 0.09876883036)
(0.4 -0.01564344018 0.09876883036)
(0.6 -0.01564344018 0.09876883036)
(0.8 -0.01564344018 0.09876883036)
(1 -0.01564344018 0.09876883036)
(1.2 -0.01564344018 0.09876883036)
(1.4 -0.01564344018 0.09876883036)
(1.6 -0.01564344018 0.09876883036)
(1.8 -0.01564344018 0.09876883036)
(2 -0.01564344018 0.09876883036)
(2.2 -0.01564344018 0.09876883036)
(2.4 -0.01564344018 0.09876883036)
(2.6 -0.01564344018 0.09876883036)
(2.8 -0.01564344018 0.09876883036)
(3 -0.01564344018 0.09876883036)
(3.2 -0.01564344018 0.09876883036)
(3.4 -0.01564344018 0.09876883036)
(3.6 -0.01564344018 0.09876883036)
(3.8 -0.01564344018 0.09876883036)
(4 -0.01564344018 0.09876883036)
(4.2 -0.01564344018 0.09876883036)
(4.4 -0.01564344018 0.09876883036)
(4.6 -0.01564344018 0.09876883036)
(4.8 -0.01564344018 0.09876883036)
(5 -0.01564344018 0.09876883036)
(5.2 -0.01564344018 0.09876883036)
(5.4 -0.01564344018 0.09876883036)
(5.6 -0.01564344018 0.09876883036)
(5.8 -0.01564344018 0.09876883036)
(6 -0.01564344018 0.09876883036)
(6.2 -0.01564344018 0.09876883036)
(6.4 -0.01564344018 0.09876883036)
(6.6 -0.01564344018 0.09876883036)
(6.8 -0.01564344018 0.09876883036)
(7 -0.01564344018 0.09876883036)
(7.2 -0.01564344018 0.09876883036)
(7.4 -0.01564344018 0.09876883036)
(7.6 -0.01564344018 0.09876883036)
(7.8 -0.01564344018 0.09876883036)
(8 -0.01564344018 0.09876883036)
(8.2 -0.01564344018 0.09876883036)
(8.4 -0.01564344018 0.09876883036)
(8.6 -0.01564344018 0.09876883036)
(8.8 -0.01564344018 0.09876883036)
(9 -0.01564344018 0.09876883036)
(9.2 -0.01564344018 0.09876883036)
(9.4 -0.01564344018 0.09876883036)
(9.6 -0.01564344018 0.09876883036)
(9.8 -0.01564344018 0.09876883036)
(10 -0.01564344018 0.09876883036)
(0 0.01564344018 0.09876883036)
(0.2 0.01564344018 0.09876883036)
(0.4 0.01564344018 0.09876883036)
(0.6 0.01564344018 0.09876883036)
(0.8 0.01564344018 0.09876883036)
(1 0.01564344018 0.09876883036)
(1.2 0.01564344018 0.09876883036)
(1.4 0.01564344018 0.09876883036)
(1.6 0.01564344018 0.09876883036)
(1.8 0.01564344018 0.09876883036)
(2 0.01564344018 0.09876883036)
(2.2 0.01564344018 0.09876883036)
(2.4 0.01564344018 0.09876883036)
(2.6 0.01564344018 0.09876883036)
(2.8 0.01564344018 0.09876883036)
(3 0.01564344018 0.09876883036)
(3.2 0.01564344018 0.09876883036)
(3.4 0.01564344018 0.09876883036)
(3.6 0.01564344018 0.09876883036)
(3.8 0.01564344018 0.09876883036)
(4 0.01564344018 0.09876883036)
(4.2 0.01564344018 0.09876883036)
(4.4 0.01564344018 0.09876883036)
(4.6 0.01564344018 0.09876883036)
(4.8 0.01564344018 0.09876883036)
(5 0.01564344018 0.09876883036)
(5.2 0.01564344018 0.09876883036)
(5.4 0.01564344018 0.09876883036)
(5.6 0.01564344018 0.09876883036)
(5.8 0.01564344018 0.09876883036)
(6 0.01564344018 0.09876883036)
(6.2 0.01564344018 0.09876883036)
(6.4 0.01564344018 0.09876883036)
(6.6 0.01564344018 0.09876883036)
(6.8 0.01564344018 0.09876883036)
(7 0.01564344018 0.09876883036)
(7.2 0.01564344018 0.09876883036)
(7.4 0.01564344018 0.09876883036)
(7.6 0.01564344018 0.09876883036)
(7.8 0.01564344018 0.09876883036)
(8 0.01564344018 0.09876883036)
(8.2 0.01564344018 0.09876883036)
(8.4 0.01564344018 0.09876883036)
(8.6 0.01564344018 0.09876883036)
(8.8 0.01564344018 0.09876883036)
(9 0.01564344018 0.09876883036)
(9.2 0.01564344018 0.09876883036)
(9.4 0.01564344018 0.09876883036)
(9.6 0.01564344018 0.09876883036)
(9.8 0.01564344018 0.09876883036)
(10 0.01564344018 0.09876883036)
(0 0.04539902132 0.08910062088)
(0.2 0.04539902132 0.08910062088)
(0.4 0.04539902132 0.08910062088)
(0.6 0.04539902132 0.08910062088)
(0.8 0.04539902132 0.08910062088)
(1 0.04539902132 0.08910062088)
(1.2 0.04539902132 0.08910062088)
(1.4 0.04539902132 0.08910062088)
(1.6 0.04539902132 0.08910062088)
(1.8 0.04539902132 0.08910062088)
(2 0.04539902132 0.08910062088)
(2.2 0.04539902132 0.08910062088)
(2.4 0.04539902132 0.08910062088)
(2.6 0.04539902132 0.08910062088)
(2.8 0.04539902132 0.08910062088)
(3 0.04539902132 0.08910062088)
(3.2 0.04539902132 0.08910062088)
(3.4 0.04539902132 0.08910062088)
(3.6 0.04539902132 0.08910062088)
(3.8 0.04539902132 0.08910062088)
(4 0.04539902132 0.08910062088)
(4.2 0.04539902132 0.08910062088)
(4.4 0.04539902132 0.08910062088)
(4.6 0.04539902132 0.08910062088)
(4.8 0.04539902132 0.08910062088)
(5 0.04539902132 0.08910062088)
(5.2 0.04539902132 0.08910062088)
(5.4 0.04539902132 0.08910062088)
(5.6 0.04539902132 0.08910062088)
(5.8 0.04539902132 0.08910062088)
(6 0.04539902132 0.08910062088)
(6.2 0.04539902132 0.08910062088)
(6.4 0.04539902132 0.08910062088)
(6.6 0.04539902132 0.08910062088)
(6.8 0.04539902132 0.08910062088)
(7 0.04539902132 0.08910062088)
(7.2 0.04539902132 0.08910062088)
(7.4 0.04539902132 0.08910062088)
(7.6 0.04539902132 0.08910062088)
(7.8 0.04539902132 0.08910062088)
(8 0.04539902132 0.08910062088)
(8.2 0.04539902132 0.08910062088)
(8.4 0.04539902132 0.08910062088)
(8.6 0.04539902132 0.08910062088)
(8.8 0.04539902132 0.08910062088)
(9 0.04539902132 0.08910062088)
(9.2 0.04539902132 0.08910062088)
(9.4 0.04539902132 0.08910062088)
(9.6 0.04539902132 0.08910062088)
(9.8 0.04539902132 0.08910062088)
(10 0.04539902132 0.08910062088)
(0 0.0707106 0.0707106)
(0.2 0.0707106 0.0707106)
(0.4 0.0707106 0.0707106)
(0.6 0.0707106 0.0707106)
(0.8 0.0707106 0.0707106)
(1 0.0707106 0.0707106)
(1.2 0.0707106 0.0707106)
(1.4 0.0707106 0.0707106)
(1.6 0.0707106 0.0707106)
(1.8 0.0707106 0.0707106)
(2 0.0707106 0.0707106)
(2.2 0.0707106 0.0707106)
(2.4 0.0707106 0.0707106)
(2.6 0.0707106 0.0707106)
(2.8 0.0707106 0.0707106)
(3 0.0707106 0.0707106)
(3.2 0.0707106 0.0707106)
(3.4 0.0707106 0.0707106)
(3.6 0.0707106 0.0707106)
(3.8 0.0707106 0.0707106)
(4 0.0707106 0.0707106)
(4.2 0.0707106 0.0707106)
(4.4 0.0707106 0.0707106)
(4.6 0.0707106 0.0707106)
(4.8 0.0707106 0.0707106)
(5 0.0707106 0.0707106)
(5.2 0.0707106 0.0707106)
(5.4 0.0707106 0.0707106)
(5.6 0.0707106 0.0707106)
(5.8 0.0707106 0.0707106)
(6 0.0707106 0.0707106)
(6.2 0.0707106 0.0707106)
(6.4 0.0707106 0.0707106)
(6.6 0.0707106 0.0707106)
(6.8 0.0707106 0.0707106)
(7 0.0707106 0.0707106)
(7.2 0.0707106 0.0707106)
(7.4 0.0707106 0.0707106)
(7.6 0.0707106 0.0707106)
(7.8 0.0707106 0.0707106)
(8 0.0707106 0.0707106)
(8.2 0.0707106 0.0707106)
(8.4 0.0707106 0.0707106)
(8.6 0.0707106 0.0707106)
(8.8 0.0707106 0.0707106)
(9 0.0707106 0.0707106)
(9.2 0.0707106 0.0707106)
(9.4 0.0707106 0.0707106)
(9.6 0.0707106 0.0707106)
(9.8 0.0707106 0.0707106)
(10 0.0707106 0.0707106)
(0 -0.1414212 0.1414212)
(0.2 -0.1414212 0.1414212)
(0.4 -0.1414212 0.1414212)
(0.6 -0.1414212 0.1414212)
(0.8 -0.1414212 0.1414212)
(1 -0.1414212 0.1414212)
(1.2 -0.1414212 0.1414212)
(1.4 -0.1414212 0.1414212)
(1.6 -0.1414212 0.1414212)
(1.8 -0.1414212 0.1414212)
(2 -0.1414212 0.1414212)
(2.2 -0.1414212 0.1414212)
(2.4 -0.1414212 0.1414212)
(2.6 -0.1414212 0.1414212)
(2.8 -0.1414212 0.1414212)
(3 -0.1414212 0.1414212)
(3.2 -0.1414212 0.1414212)
(3.4 -0.1414212 0.1414212)
(3.6 -0.1414212 0.1414212)
(3.8 -0.1414212 0.1414212)
(4 -0.1414212 0.1414212)
(4.2 -0.1414212 0.1414212)
(4.4 -0.1414212 0.1414212)
(4.6 -0.1414212 0.1414212)
(4.8 -0.1414212 0.1414212)
(5 -0.1414212 0.1414212)
(5.2 -0.1414212 0.1414212)
(5.4 -0.1414212 0.1414212)
(5.6 -0.1414212 0.1414212)
(5.8 -0.1414212 0.1414212)
(6 -0.1414212 0.1414212)
(6.2 -0.1414212 0.1414212)
(6.4 -0.1414212 0.1414212)
(6.6 -0.1414212 0.1414212)
(6.8 -0.1414212 0.1414212)
(7 -0.1414212 0.1414212)
(7.2 -0.1414212 0.1414212)
(7.4 -0.1414212 0.1414212)
(7.6 -0.1414212 0.1414212)
(7.8 -0.1414212 0.1414212)
(8 -0.1414212 0.1414212)
(8.2 -0.1414212 0.1414212)
(8.4 -0.1414212 0.1414212)
(8.6 -0.1414212 0.1414212)
(8.8 -0.1414212 0.1414212)
(9 -0.1414212 0.1414212)
(9.2 -0.1414212 0.1414212)
(9.4 -0.1414212 0.1414212)
(9.6 -0.1414212 0.1414212)
(9.8 -0.1414212 0.1414212)
(10 -0.1414212 0.1414212)
(0 -0.09079804264 0.1782012418)
(0.2 -0.09079804264 0.1782012418)
(0.4 -0.09079804264 0.1782012418)
(0.6 -0.09079804264 0.1782012418)
(0.8 -0.09079804264 0.1782012418)
(1 -0.09079804264 0.1782012418)
(1.2 -0.09079804264 0.1782012418)
(1.4 -0.09079804264 0.1782012418)
(1.6 -0.09079804264 0.1782012418)
(1.8 -0.09079804264 0.1782012418)
(2 -0.09079804264 0.1782012418)
(2.2 -0.09079804264 0.1782012418)
(2.4 -0.09079804264 0.1782012418)
(2.6 -0.09079804264 0.1782012418)
(2.8 -0.09079804264 0.1782012418)
(3 -0.09079804264 0.1782012418)
(3.2 -0.09079804264 0.1782012418)
(3.4 -0.09079804264 0.1782012418)
(3.6 -0.09079804264 0.1782012418)
(3.8 -0.09079804264 0.1782012418)
(4 -0.09079804264 0.1782012418)
(4.2 -0.09079804264 0.1782012418)
(4.4 -0.09079804264 0.1782012418)
(4.6 -0.09079804264 0.1782012418)
(4.8 -0.09079804264 0.1782012418)
(5 -0.09079804264 0.1782012418)
(5.2 -0.09079804264 0.1782012418)
(5.4 -0.09079804264 0.1782012418)
(5.6 -0.09079804264 0.1782012418)
(5.8 -0.09079804264 0.1782012418)
(6 -0.09079804264 0.1782012418)
(6.2 -0.09079804264 0.1782012418)
(6.4 -0.09079804264 0.1782012418)
(6.6 -0.09079804264 0.1782012418)
(6.8 -0.09079804264 0.1782012418)
(7 -0.09079804264 0.1782012418)
(7.2 -0.09079804264 0.1782012418)
(7.4 -0.09079804264 0.1782012418)
(7.6 -0.09079804264 0.1782012418)
(7.8 -0.09079804264 0.1782012418)
(8 -0.09079804264 0.1782012418)
(8.2 -0.09079804264 0.1782012418)
(8.4 -0.09079804264 0.1782012418)
(8.6 -0.09079804264 0.1782012418)
(8.8 -0.09079804264 0.1782012418)
(9 -0.09079804264 0.1782012418)
(9.2 -0.09079804264 0.1782012418)
(9.4 -0.09079804264 0.1782012418)
(9.6 -0.09079804264 0.1782012418)
(9.8 -0.09079804264 0.1782012418)
(10 -0.09079804264 0.1782012418)
(0 -0.03128688037 0.1975376607)
(0.2 -0.03128688037 0.1975376607)
(0.4 -0.03128688037 0.1975376607)
(0.6 -0.03128688037 0.1975376607)
(0.8 -0.03128688037 0.1975376607)
(1 -0.03128688037 0.1975376607)
(1.2 -0.03128688037 0.1975376607)
(1.4 -0.03128688037 0.1975376607)
(1.6 -0.03128688037 0.1975376607)
(1.8 -0.03128688037 0.1975376607)
(2 -0.03128688037 0.1975376607)
(2.2 -0.03128688037 0.1975376607)
(2.4 -0.03128688037 0.1975376607)
(2.6 -0.03128688037 0.1975376607)
(2.8 -0.03128688037 0.1975376607)
(3 -0.03128688037 0.1975376607)
(3.2 -0.03128688037 0.1975376607)
(3.4 -0.03128688037 0.1975376607)
(3.6 -0.03128688037 0.1975376607)
(3.8 -0.03128688037 0.1975376607)
(4 -0.03128688037 0.1975376607)
(4.2 -0.03128688037 0.1975376607)
(4.4 -0.03128688037 0.1975376607)
(4.6 -0.03128688037 0.1975376607)
(4.8 -0.03128688037 0.1975376607)
(5 -0.03128688037 0.1975376607)
(5.2 -0.03128688037 0.1975376607)
(5.4 -0.03128688037 0.1975376607)
(5.6 -0.03128688037 0.1975376607)
(5.8 -0.03128688037 0.1975376607)
(6 -0.03128688037 0.1975376607)
(6.2 -0.03128688037 0.1975376607)
(6.4 -0.03128688037 0.1975376607)
(6.6 -0.03128688037 0.1975376607)
(6.8 -0.03128688037 0.1975376607)
(7 -0.03128688037 0.1975376607)
(7.2 -0.03128688037 0.1975376607)
(7.4 -0.03128688037 0.1975376607)
(7.6 -0.03128688037 0.1975376607)
(7.8 -0.03128688037 0.1975376607)
(8 -0.03128688037 0.1975376607)
(8.2 -0.03128688037 0.1975376607)
(8.4 -0.03128688037 0.1975376607)
(8.6 -0.03128688037 0.1975376607)
(8.8 -0.03128688037 0.1975376607)
(9 -0.03128688037 0.1975376607)
(9.2 -0.03128688037 0.1975376607)
(9.4 -0.03128688037 0.1975376607)
(9.6 -0.03128688037 0.1975376607)
(9.8 -0.03128688037 0.1975376607)
(10 -0.03128688037 0.1975376607)
(0 0.03128688037 0.1975376607)
(0.2 0.03128688037 0.1975376607)
(0.4 0.03128688037 0.1975376607)
(0.6 0.03128688037 0.1975376607)
(0.8 0.03128688037 0.1975376607)
(1 0.03128688037 0.1975376607)
(1.2 0.03128688037 0.1975376607)
(1.4 0.03128688037 0.1975376607)
(1.6 0.03128688037 0.1975376607)
(1.8 0.03128688037 0.1975376607)
(2 0.03128688037 0.1975376607)
(2.2 0.03128688037 0.1975376607)
(2.4 0.03128688037 0.1975376607)
(2.6 0.03128688037 0.1975376607)
(2.8 0.03128688037 0.1975376607)
(3 0.03128688037 0.1975376607)
(3.2 0.03128688037 0.1975376607)
(3.4 0.03128688037 0.1975376607)
(3.6 0.03128688037 0.1975376607)
(3.8 0.03128688037 0.1975376607)
(4 0.03128688037 0.1975376607)
(4.2 0.03128688037 0.1975376607)
(4.4 0.03128688037 0.1975376607)
(4.6 0.03128688037 0.1975376607)
(4.8 0.03128688037 0.1975376607)
(5 0.03128688037 0.1975376607)
(5.2 0.03128688037 0.1975376607)
(5.4 0.03128688037 0.1975376607)
(5.6 0.03128688037 0.1975376607)
(5.8 0.03128688037 0.1975376607)
(6 0.03128688037 0.1975376607)
(6.2 0.03128688037 0.1975376607)
(6.4 0.03128688037 0.1975376607)
(6.6 0.03128688037 0.1975376607)
(6.8 0.03128688037 0.1975376607)
(7 0.03128688037 0.1975376607)
(7.2 0.03128688037 0.1975376607)
(7.4 0.03128688037 0.1975376607)
(7.6 0.03128688037 0.1975376607)
(7.8 0.03128688037 0.1975376607)
(8 0.03128688037 0.1975376607)
(8.2 0.03128688037 0.1975376607)
(8.4 0.03128688037 0.1975376607)
(8.6 0.03128688037 0.1975376607)
(8.8 0.03128688037 0.1975376607)
(9 0.03128688037 0.1975376607)
(9.2 0.03128688037 0.1975376607)
(9.4 0.03128688037 0.1975376607)
(9.6 0.03128688037 0.1975376607)
(9.8 0.03128688037 0.1975376607)
(10 0.03128688037 0.1975376607)
(0 0.09079804264 0.1782012418)
(0.2 0.09079804264 0.1782012418)
(0.4 0.09079804264 0.1782012418)
(0.6 0.09079804264 0.1782012418)
(0.8 0.09079804264 0.1782012418)
(1 0.09079804264 0.1782012418)
(1.2 0.09079804264 0.1782012418)
(1.4 0.09079804264 0.1782012418)
(1.6 0.09079804264 0.1782012418)
(1.8 0.09079804264 0.1782012418)
(2 0.09079804264 0.1782012418)
(2.2 0.09079804264 0.1782012418)
(2.4 0.09079804264 0.1782012418)
(2.6 0.09079804264 0.1782012418)
(2.8 0.09079804264 0.1782012418)
(3 0.09079804264 0.1782012418)
(3.2 0.09079804264 0.1782012418)
(3.4 0.09079804264 0.1782012418)
(3.6 0.09079804264 0.1782012418)
(3.8 0.09079804264 0.1782012418)
(4 0.09079804264 0.1782012418)
(4.2 0.09079804264 0.1782012418)
(4.4 0.09079804264 0.1782012418)
(4.6 0.09079804264 0.1782012418)
(4.8 0.09079804264 0.1782012418)
(5 0.09079804264 0.1782012418)
(5.2 0.09079804264 0.1782012418)
(5.4 0.09079804264 0.1782012418)
(5.6 0.09079804264 0.1782012418)
(5.8 0.09079804264 0.1782012418)
(6 0.09079804264 0.1782012418)
(6.2 0.09079804264 0.1782012418)
(6.4 0.09079804264 0.1782012418)
(6.6 0.09079804264 0.1782012418)
(6.8 0.09079804264 0.1782012418)
(7 0.09079804264 0.1782012418)
(7.2 0.09079804264 0.1782012418)
(7.4 0.09079804264 0.1782012418)
(7.6 0.09079804264 0.1782012418)
(7.8 0.09079804264 0.1782012418)
(8 0.09079804264 0.1782012418)
(8.2 0.09079804264 0.1782012418)
(8.4 0.09079804264 0.1782012418)
(8.6 0.09079804264 0.1782012418)
(8.8 0.09079804264 0.1782012418)
(9 0.09079804264 0.1782012418)
(9.2 0.09079804264 0.1782012418)
(9.4 0.09079804264 0.1782012418)
(9.6 0.09079804264 0.1782012418)
(9.8 0.09079804264 0.1782012418)
(10 0.09079804264 0.1782012418)
(0 0.1414212 0.1414212)
(0.2 0.1414212 0.1414212)
(0.4 0.1414212 0.1414212)
(0.6 0.1414212 0.1414212)
(0.8 0.1414212 0.1414212)
(1 0.1414212 0.1414212)
(1.2 0.1414212 0.1414212)
(1.4 0.1414212 0.1414212)
(1.6 0.1414212 0.1414212)
(1.8 0.1414212 0.1414212)
(2 0.1414212 0.1414212)
(2.2 0.1414212 0.1414212)
(2.4 0.1414212 0.1414212)
(2.6 0.1414212 0.1414212)
(2.8 0.1414212 0.1414212)
(3 0.1414212 0.1414212)
(3.2 0.1414212 0.1414212)
(3.4 0.1414212 0.1414212)
(3.6 0.1414212 0.1414212)
(3.8 0.1414212 0.1414212)
(4 0.1414212 0.1414212)
(4.2 0.1414212 0.1414212)
(4.4 0.1414212 0.1414212)
(4.6 0.1414212 0.1414212)
(4.8 0.1414212 0.1414212)
(5 0.1414212 0.1414212)
(5.2 0.1414212 0.1414212)
(5.4 0.1414212 0.1414212)
(5.6 0.1414212 0.1414212)
(5.8 0.1414212 0.1414212)
(6 0.1414212 0.1414212)
(6.2 0.1414212 0.1414212)
(6.4 0.1414212 0.1414212)
(6.6 0.1414212 0.1414212)
(6.8 0.1414212 0.1414212)
(7 0.1414212 0.1414212)
(7.2 0.1414212 0.1414212)
(7.4 0.1414212 0.1414212)
(7.6 0.1414212 0.1414212)
(7.8 0.1414212 0.1414212)
(8 0.1414212 0.1414212)
(8.2 0.1414212 0.1414212)
(8.4 0.1414212 0.1414212)
(8.6 0.1414212 0.1414212)
(8.8 0.1414212 0.1414212)
(9 0.1414212 0.1414212)
(9.2 0.1414212 0.1414212)
(9.4 0.1414212 0.1414212)
(9.6 0.1414212 0.1414212)
(9.8 0.1414212 0.1414212)
(10 0.1414212 0.1414212)
(0 -0.2121318 0.2121318)
(0.2 -0.2121318 0.2121318)
(0.4 -0.2121318 0.2121318)
(0.6 -0.2121318 0.2121318)
(0.8 -0.2121318 0.2121318)
(1 -0.2121318 0.2121318)
(1.2 -0.2121318 0.2121318)
(1.4 -0.2121318 0.2121318)
(1.6 -0.2121318 0.2121318)
(1.8 -0.2121318 0.2121318)
(2 -0.2121318 0.2121318)
(2.2 -0.2121318 0.2121318)
(2.4 -0.2121318 0.2121318)
(2.6 -0.2121318 0.2121318)
(2.8 -0.2121318 0.2121318)
(3 -0.2121318 0.2121318)
(3.2 -0.2121318 0.2121318)
(3.4 -0.2121318 0.2121318)
(3.6 -0.2121318 0.2121318)
(3.8 -0.2121318 0.2121318)
(4 -0.2121318 0.2121318)
(4.2 -0.2121318 0.2121318)
(4.4 -0.2121318 0.2121318)
(4.6 -0.2121318 0.2121318)
(4.8 -0.2121318 0.2121318)
(5 -0.2121318 0.2121318)
(5.2 -0.2121318 0.2121318)
(5.4 -0.2121318 0.2121318)
(5.6 -0.2121318 0.2121318)
(5.8 -0.2121318 0.2121318)
(6 -0.2121318 0.2121318)
(6.2 -0.2121318 0.2121318)
(6.4 -0.2121318 0.2121318)
(6.6 -0.2121318 0.2121318)
(6.8 -0.2121318 0.2121318)
(7 -0.2121318 0.2121318)
(7.2 -0.2121318 0.2121318)
(7.4 -0.2121318 0.2121318)
(7.6 -0.2121318 0.2121318)
(7.8 -0.2121318 0.2121318)
(8 -0.2121318 0.2121318)
(8.2 -0.2121318 0.2121318)
(8.4 -0.2121318 0.2121318)
(8.6 -0.2121318 0.2121318)
(8.8 -0.2121318 0.2121318)
(9 -0.2121318 0.2121318)
(9.2 -0.2121318 0.2121318)
(9.4 -0.2121318 0.2121318)
(9.6 -0.2121318 0.2121318)
(9.8 -0.2121318 0.2121318)
(10 -0.2121318 0.2121318)
(0 -0.136197064 0.2673018626)
(0.2 -0.136197064 0.2673018626)
(0.4 -0.136197064 0.2673018626)
(0.6 -0.136197064 0.2673018626)
(0.8 -0.136197064 0.2673018626)
(1 -0.136197064 0.2673018626)
(1.2 -0.136197064 0.2673018626)
(1.4 -0.136197064 0.2673018626)
(1.6 -0.136197064 0.2673018626)
(1.8 -0.136197064 0.2673018626)
(2 -0.136197064 0.2673018626)
(2.2 -0.136197064 0.2673018626)
(2.4 -0.136197064 0.2673018626)
(2.6 -0.136197064 0.2673018626)
(2.8 -0.136197064 0.2673018626)
(3 -0.136197064 0.2673018626)
(3.2 -0.136197064 0.2673018626)
(3.4 -0.136197064 0.2673018626)
(3.6 -0.136197064 0.2673018626)
(3.8 -0.136197064 0.2673018626)
(4 -0.136197064 0.2673018626)
(4.2 -0.136197064 0.2673018626)
(4.4 -0.136197064 0.2673018626)
(4.6 -0.136197064 0.2673018626)
(4.8 -0.136197064 0.2673018626)
(5 -0.136197064 0.2673018626)
(5.2 -0.136197064 0.2673018626)
(5.4 -0.136197064 0.2673018626)
(5.6 -0.136197064 0.2673018626)
(5.8 -0.136197064 0.2673018626)
(6 -0.136197064 0.2673018626)
(6.2 -0.136197064 0.2673018626)
(6.4 -0.136197064 0.2673018626)
(6.6 -0.136197064 0.2673018626)
(6.8 -0.136197064 0.2673018626)
(7 -0.136197064 0.2673018626)
(7.2 -0.136197064 0.2673018626)
(7.4 -0.136197064 0.2673018626)
(7.6 -0.136197064 0.2673018626)
(7.8 -0.136197064 0.2673018626)
(8 -0.136197064 0.2673018626)
(8.2 -0.136197064 0.2673018626)
(8.4 -0.136197064 0.2673018626)
(8.6 -0.136197064 0.2673018626)
(8.8 -0.136197064 0.2673018626)
(9 -0.136197064 0.2673018626)
(9.2 -0.136197064 0.2673018626)
(9.4 -0.136197064 0.2673018626)
(9.6 -0.136197064 0.2673018626)
(9.8 -0.136197064 0.2673018626)
(10 -0.136197064 0.2673018626)
(0 -0.04693032055 0.2963064911)
(0.2 -0.04693032055 0.2963064911)
(0.4 -0.04693032055 0.2963064911)
(0.6 -0.04693032055 0.2963064911)
(0.8 -0.04693032055 0.2963064911)
(1 -0.04693032055 0.2963064911)
(1.2 -0.04693032055 0.2963064911)
(1.4 -0.04693032055 0.2963064911)
(1.6 -0.04693032055 0.2963064911)
(1.8 -0.04693032055 0.2963064911)
(2 -0.04693032055 0.2963064911)
(2.2 -0.04693032055 0.2963064911)
(2.4 -0.04693032055 0.2963064911)
(2.6 -0.04693032055 0.2963064911)
(2.8 -0.04693032055 0.2963064911)
(3 -0.04693032055 0.2963064911)
(3.2 -0.04693032055 0.2963064911)
(3.4 -0.04693032055 0.2963064911)
(3.6 -0.04693032055 0.2963064911)
(3.8 -0.04693032055 0.2963064911)
(4 -0.04693032055 0.2963064911)
(4.2 -0.04693032055 0.2963064911)
(4.4 -0.04693032055 0.2963064911)
(4.6 -0.04693032055 0.2963064911)
(4.8 -0.04693032055 0.2963064911)
(5 -0.04693032055 0.2963064911)
(5.2 -0.04693032055 0.2963064911)
(5.4 -0.04693032055 0.2963064911)
(5.6 -0.04693032055 0.2963064911)
(5.8 -0.04693032055 0.2963064911)
(6 -0.04693032055 0.2963064911)
(6.2 -0.04693032055 0.2963064911)
(6.4 -0.04693032055 0.2963064911)
(6.6 -0.04693032055 0.2963064911)
(6.8 -0.04693032055 0.2963064911)
(7 -0.04693032055 0.2963064911)
(7.2 -0.04693032055 0.2963064911)
(7.4 -0.04693032055 0.2963064911)
(7.6 -0.04693032055 0.2963064911)
(7.8 -0.04693032055 0.2963064911)
(8 -0.04693032055 0.2963064911)
(8.2 -0.04693032055 0.2963064911)
(8.4 -0.04693032055 0.2963064911)
(8.6 -0.04693032055 0.2963064911)
(8.8 -0.04693032055 0.2963064911)
(9 -0.04693032055 0.2963064911)
(9.2 -0.04693032055 0.2963064911)
(9.4 -0.04693032055 0.2963064911)
(9.6 -0.04693032055 0.2963064911)
(9.8 -0.04693032055 0.2963064911)
(10 -0.04693032055 0.2963064911)
(0 0.04693032055 0.2963064911)
(0.2 0.04693032055 0.2963064911)
(0.4 0.04693032055 0.2963064911)
(0.6 0.04693032055 0.2963064911)
(0.8 0.04693032055 0.2963064911)
(1 0.04693032055 0.2963064911)
(1.2 0.04693032055 0.2963064911)
(1.4 0.04693032055 0.2963064911)
(1.6 0.04693032055 0.2963064911)
(1.8 0.04693032055 0.2963064911)
(2 0.04693032055 0.2963064911)
(2.2 0.04693032055 0.2963064911)
(2.4 0.04693032055 0.2963064911)
(2.6 0.04693032055 0.2963064911)
(2.8 0.04693032055 0.2963064911)
(3 0.04693032055 0.2963064911)
(3.2 0.04693032055 0.2963064911)
(3.4 0.04693032055 0.2963064911)
(3.6 0.04693032055 0.2963064911)
(3.8 0.04693032055 0.2963064911)
(4 0.04693032055 0.2963064911)
(4.2 0.04693032055 0.2963064911)
(4.4 0.04693032055 0.2963064911)
(4.6 0.04693032055 0.2963064911)
(4.8 0.04693032055 0.2963064911)
(5 0.04693032055 0.2963064911)
(5.2 0.04693032055 0.2963064911)
(5.4 0.04693032055 0.2963064911)
(5.6 0.04693032055 0.2963064911)
(5.8 0.04693032055 0.2963064911)
(6 0.04693032055 0.2963064911)
(6.2 0.04693032055 0.2963064911)
(6.4 0.04693032055 0.2963064911)
(6.6 0.04693032055 0.2963064911)
(6.8 0.04693032055 0.2963064911)
(7 0.04693032055 0.2963064911)
(7.2 0.04693032055 0.2963064911)
(7.4 0.04693032055 0.2963064911)
(7.6 0.04693032055 0.2963064911)
(7.8 0.04693032055 0.2963064911)
(8 0.04693032055 0.2963064911)
(8.2 0.04693032055 0.2963064911)
(8.4 0.04693032055 0.2963064911)
(8.6 0.04693032055 0.2963064911)
(8.8 0.04693032055 0.2963064911)
(9 0.04693032055 0.2963064911)
(9.2 0.04693032055 0.2963064911)
(9.4 0.04693032055 0.2963064911)
(9.6 0.04693032055 0.2963064911)
(9.8 0.04693032055 0.2963064911)
(10 0.04693032055 0.2963064911)
(0 0.136197064 0.2673018626)
(0.2 0.136197064 0.2673018626)
(0.4 0.136197064 0.2673018626)
(0.6 0.136197064 0.2673018626)
(0.8 0.136197064 0.2673018626)
(1 0.136197064 0.2673018626)
(1.2 0.136197064 0.2673018626)
(1.4 0.136197064 0.2673018626)
(1.6 0.136197064 0.2673018626)
(1.8 0.136197064 0.2673018626)
(2 0.136197064 0.2673018626)
(2.2 0.136197064 0.2673018626)
(2.4 0.136197064 0.2673018626)
(2.6 0.136197064 0.2673018626)
(2.8 0.136197064 0.2673018626)
(3 0.136197064 0.2673018626)
(3.2 0.136197064 0.2673018626)
(3.4 0.136197064 0.2673018626)
(3.6 0.136197064 0.2673018626)
(3.8 0.136197064 0.2673018626)
(4 0.136197064 0.2673018626)
(4.2 0.136197064 0.2673018626)
(4.4 0.136197064 0.2673018626)
(4.6 0.136197064 0.2673018626)
(4.8 0.136197064 0.2673018626)
(5 0.136197064 0.2673018626)
(5.2 0.136197064 0.2673018626)
(5.4 0.136197064 0.2673018626)
(5.6 0.136197064 0.2673018626)
(5.8 0.136197064 0.2673018626)
(6 0.136197064 0.2673018626)
(6.2 0.136197064 0.2673018626)
(6.4 0.136197064 0.2673018626)
(6.6 0.136197064 0.2673018626)
(6.8 0.136197064 0.2673018626)
(7 0.136197064 0.2673018626)
(7.2 0.136197064 0.2673018626)
(7.4 0.136197064 0.2673018626)
(7.6 0.136197064 0.2673018626)
(7.8 0.136197064 0.2673018626)
(8 0.136197064 0.2673018626)
(8.2 0.136197064 0.2673018626)
(8.4 0.136197064 0.2673018626)
(8.6 0.136197064 0.2673018626)
(8.8 0.136197064 0.2673018626)
(9 0.136197064 0.2673018626)
(9.2 0.136197064 0.2673018626)
(9.4 0.136197064 0.2673018626)
(9.6 0.136197064 0.2673018626)
(9.8 0.136197064 0.2673018626)
(10 0.136197064 0.2673018626)
(0 0.2121318 0.2121318)
(0.2 0.2121318 0.2121318)
(0.4 0.2121318 0.2121318)
(0.6 0.2121318 0.2121318)
(0.8 0.2121318 0.2121318)
(1 0.2121318 0.2121318)
(1.2 0.2121318 0.2121318)
(1.4 0.2121318 0.2121318)
(1.6 0.2121318 0.2121318)
(1.8 0.2121318 0.2121318)
(2 0.2121318 0.2121318)
(2.2 0.2121318 0.2121318)
(2.4 0.2121318 0.2121318)
(2.6 0.2121318 0.2121318)
(2.8 0.2121318 0.2121318)
(3 0.2121318 0.2121318)
(3.2 0.2121318 0.2121318)
(3.4 0.2121318 0.2121318)
(3.6 0.2121318 0.2121318)
(3.8 0.2121318 0.2121318)
(4 0.2121318 0.2121318)
(4.2 0.2121318 0.2121318)
(4.4 0.2121318 0.2121318)
(4.6 0.2121318 0.2121318)
(4.8 0.2121318 0.2121318)
(5 0.2121318 0.2121318)
(5.2 0.2121318 0.2121318)
(5.4 0.2121318 0.2121318)
(5.6 0.2121318 0.2121318)
(5.8 0.2121318 0.2121318)
(6 0.2121318 0.2121318)
(6.2 0.2121318 0.2121318)
(6.4 0.2121318 0.2121318)
(6.6 0.2121318 0.2121318)
(6.8 0.2121318 0.2121318)
(7 0.2121318 0.2121318)
(7.2 0.2121318 0.2121318)
(7.4 0.2121318 0.2121318)
(7.6 0.2121318 0.2121318)
(7.8 0.2121318 0.2121318)
(8 0.2121318 0.2121318)
(8.2 0.2121318 0.2121318)
(8.4 0.2121318 0.2121318)
(8.6 0.2121318 0.2121318)
(8.8 0.2121318 0.2121318)
(9 0.2121318 0.2121318)
(9.2 0.2121318 0.2121318)
(9.4 0.2121318 0.2121318)
(9.6 0.2121318 0.2121318)
(9.8 0.2121318 0.2121318)
(10 0.2121318 0.2121318)
(0 -0.2828424 0.2828424)
(0.2 -0.2828424 0.2828424)
(0.4 -0.2828424 0.2828424)
(0.6 -0.2828424 0.2828424)
(0.8 -0.2828424 0.2828424)
(1 -0.2828424 0.2828424)
(1.2 -0.2828424 0.2828424)
(1.4 -0.2828424 0.2828424)
(1.6 -0.2828424 0.2828424)
(1.8 -0.2828424 0.2828424)
(2 -0.2828424 0.2828424)
(2.2 -0.2828424 0.2828424)
(2.4 -0.2828424 0.2828424)
(2.6 -0.2828424 0.2828424)
(2.8 -0.2828424 0.2828424)
(3 -0.2828424 0.2828424)
(3.2 -0.2828424 0.2828424)
(3.4 -0.2828424 0.2828424)
(3.6 -0.2828424 0.2828424)
(3.8 -0.2828424 0.2828424)
(4 -0.2828424 0.2828424)
(4.2 -0.2828424 0.2828424)
(4.4 -0.2828424 0.2828424)
(4.6 -0.2828424 0.2828424)
(4.8 -0.2828424 0.2828424)
(5 -0.2828424 0.2828424)
(5.2 -0.2828424 0.2828424)
(5.4 -0.2828424 0.2828424)
(5.6 -0.2828424 0.2828424)
(5.8 -0.2828424 0.2828424)
(6 -0.2828424 0.2828424)
(6.2 -0.2828424 0.2828424)
(6.4 -0.2828424 0.2828424)
(6.6 -0.2828424 0.2828424)
(6.8 -0.2828424 0.2828424)
(7 -0.2828424 0.2828424)
(7.2 -0.2828424 0.2828424)
(7.4 -0.2828424 0.2828424)
(7.6 -0.2828424 0.2828424)
(7.8 -0.2828424 0.2828424)
(8 -0.2828424 0.2828424)
(8.2 -0.2828424 0.2828424)
(8.4 -0.2828424 0.2828424)
(8.6 -0.2828424 0.2828424)
(8.8 -0.2828424 0.2828424)
(9 -0.2828424 0.2828424)
(9.2 -0.2828424 0.2828424)
(9.4 -0.2828424 0.2828424)
(9.6 -0.2828424 0.2828424)
(9.8 -0.2828424 0.2828424)
(10 -0.2828424 0.2828424)
(0 -0.1815960853 0.3564024835)
(0.2 -0.1815960853 0.3564024835)
(0.4 -0.1815960853 0.3564024835)
(0.6 -0.1815960853 0.3564024835)
(0.8 -0.1815960853 0.3564024835)
(1 -0.1815960853 0.3564024835)
(1.2 -0.1815960853 0.3564024835)
(1.4 -0.1815960853 0.3564024835)
(1.6 -0.1815960853 0.3564024835)
(1.8 -0.1815960853 0.3564024835)
(2 -0.1815960853 0.3564024835)
(2.2 -0.1815960853 0.3564024835)
(2.4 -0.1815960853 0.3564024835)
(2.6 -0.1815960853 0.3564024835)
(2.8 -0.1815960853 0.3564024835)
(3 -0.1815960853 0.3564024835)
(3.2 -0.1815960853 0.3564024835)
(3.4 -0.1815960853 0.3564024835)
(3.6 -0.1815960853 0.3564024835)
(3.8 -0.1815960853 0.3564024835)
(4 -0.1815960853 0.3564024835)
(4.2 -0.1815960853 0.3564024835)
(4.4 -0.1815960853 0.3564024835)
(4.6 -0.1815960853 0.3564024835)
(4.8 -0.1815960853 0.3564024835)
(5 -0.1815960853 0.3564024835)
(5.2 -0.1815960853 0.3564024835)
(5.4 -0.1815960853 0.3564024835)
(5.6 -0.1815960853 0.3564024835)
(5.8 -0.1815960853 0.3564024835)
(6 -0.1815960853 0.3564024835)
(6.2 -0.1815960853 0.3564024835)
(6.4 -0.1815960853 0.3564024835)
(6.6 -0.1815960853 0.3564024835)
(6.8 -0.1815960853 0.3564024835)
(7 -0.1815960853 0.3564024835)
(7.2 -0.1815960853 0.3564024835)
(7.4 -0.1815960853 0.3564024835)
(7.6 -0.1815960853 0.3564024835)
(7.8 -0.1815960853 0.3564024835)
(8 -0.1815960853 0.3564024835)
(8.2 -0.1815960853 0.3564024835)
(8.4 -0.1815960853 0.3564024835)
(8.6 -0.1815960853 0.3564024835)
(8.8 -0.1815960853 0.3564024835)
(9 -0.1815960853 0.3564024835)
(9.2 -0.1815960853 0.3564024835)
(9.4 -0.1815960853 0.3564024835)
(9.6 -0.1815960853 0.3564024835)
(9.8 -0.1815960853 0.3564024835)
(10 -0.1815960853 0.3564024835)
(0 -0.06257376074 0.3950753214)
(0.2 -0.06257376074 0.3950753214)
(0.4 -0.06257376074 0.3950753214)
(0.6 -0.06257376074 0.3950753214)
(0.8 -0.06257376074 0.3950753214)
(1 -0.06257376074 0.3950753214)
(1.2 -0.06257376074 0.3950753214)
(1.4 -0.06257376074 0.3950753214)
(1.6 -0.06257376074 0.3950753214)
(1.8 -0.06257376074 0.3950753214)
(2 -0.06257376074 0.3950753214)
(2.2 -0.06257376074 0.3950753214)
(2.4 -0.06257376074 0.3950753214)
(2.6 -0.06257376074 0.3950753214)
(2.8 -0.06257376074 0.3950753214)
(3 -0.06257376074 0.3950753214)
(3.2 -0.06257376074 0.3950753214)
(3.4 -0.06257376074 0.3950753214)
(3.6 -0.06257376074 0.3950753214)
(3.8 -0.06257376074 0.3950753214)
(4 -0.06257376074 0.3950753214)
(4.2 -0.06257376074 0.3950753214)
(4.4 -0.06257376074 0.3950753214)
(4.6 -0.06257376074 0.3950753214)
(4.8 -0.06257376074 0.3950753214)
(5 -0.06257376074 0.3950753214)
(5.2 -0.06257376074 0.3950753214)
(5.4 -0.06257376074 0.3950753214)
(5.6 -0.06257376074 0.3950753214)
(5.8 -0.06257376074 0.3950753214)
(6 -0.06257376074 0.3950753214)
(6.2 -0.06257376074 0.3950753214)
(6.4 -0.06257376074 0.3950753214)
(6.6 -0.06257376074 0.3950753214)
(6.8 -0.06257376074 0.3950753214)
(7 -0.06257376074 0.3950753214)
(7.2 -0.06257376074 0.3950753214)
(7.4 -0.06257376074 0.3950753214)
(7.6 -0.06257376074 0.3950753214)
(7.8 -0.06257376074 0.3950753214)
(8 -0.06257376074 0.3950753214)
(8.2 -0.06257376074 0.3950753214)
(8.4 -0.06257376074 0.3950753214)
(8.6 -0.06257376074 0.3950753214)
(8.8 -0.06257376074 0.3950753214)
(9 -0.06257376074 0.3950753214)
(9.2 -0.06257376074 0.3950753214)
(9.4 -0.06257376074 0.3950753214)
(9.6 -0.06257376074 0.3950753214)
(9.8 -0.06257376074 0.3950753214)
(10 -0.06257376074 0.3950753214)
(0 0.06257376074 0.3950753214)
(0.2 0.06257376074 0.3950753214)
(0.4 0.06257376074 0.3950753214)
(0.6 0.06257376074 0.3950753214)
(0.8 0.06257376074 0.3950753214)
(1 0.06257376074 0.3950753214)
(1.2 0.06257376074 0.3950753214)
(1.4 0.06257376074 0.3950753214)
(1.6 0.06257376074 0.3950753214)
(1.8 0.06257376074 0.3950753214)
(2 0.06257376074 0.3950753214)
(2.2 0.06257376074 0.3950753214)
(2.4 0.06257376074 0.3950753214)
(2.6 0.06257376074 0.3950753214)
(2.8 0.06257376074 0.3950753214)
(3 0.06257376074 0.3950753214)
(3.2 0.06257376074 0.3950753214)
(3.4 0.06257376074 0.3950753214)
(3.6 0.06257376074 0.3950753214)
(3.8 0.06257376074 0.3950753214)
(4 0.06257376074 0.3950753214)
(4.2 0.06257376074 0.3950753214)
(4.4 0.06257376074 0.3950753214)
(4.6 0.06257376074 0.3950753214)
(4.8 0.06257376074 0.3950753214)
(5 0.06257376074 0.3950753214)
(5.2 0.06257376074 0.3950753214)
(5.4 0.06257376074 0.3950753214)
(5.6 0.06257376074 0.3950753214)
(5.8 0.06257376074 0.3950753214)
(6 0.06257376074 0.3950753214)
(6.2 0.06257376074 0.3950753214)
(6.4 0.06257376074 0.3950753214)
(6.6 0.06257376074 0.3950753214)
(6.8 0.06257376074 0.3950753214)
(7 0.06257376074 0.3950753214)
(7.2 0.06257376074 0.3950753214)
(7.4 0.06257376074 0.3950753214)
(7.6 0.06257376074 0.3950753214)
(7.8 0.06257376074 0.3950753214)
(8 0.06257376074 0.3950753214)
(8.2 0.06257376074 0.3950753214)
(8.4 0.06257376074 0.3950753214)
(8.6 0.06257376074 0.3950753214)
(8.8 0.06257376074 0.3950753214)
(9 0.06257376074 0.3950753214)
(9.2 0.06257376074 0.3950753214)
(9.4 0.06257376074 0.3950753214)
(9.6 0.06257376074 0.3950753214)
(9.8 0.06257376074 0.3950753214)
(10 0.06257376074 0.3950753214)
(0 0.1815960853 0.3564024835)
(0.2 0.1815960853 0.3564024835)
(0.4 0.1815960853 0.3564024835)
(0.6 0.1815960853 0.3564024835)
(0.8 0.1815960853 0.3564024835)
(1 0.1815960853 0.3564024835)
(1.2 0.1815960853 0.3564024835)
(1.4 0.1815960853 0.3564024835)
(1.6 0.1815960853 0.3564024835)
(1.8 0.1815960853 0.3564024835)
(2 0.1815960853 0.3564024835)
(2.2 0.1815960853 0.3564024835)
(2.4 0.1815960853 0.3564024835)
(2.6 0.1815960853 0.3564024835)
(2.8 0.1815960853 0.3564024835)
(3 0.1815960853 0.3564024835)
(3.2 0.1815960853 0.3564024835)
(3.4 0.1815960853 0.3564024835)
(3.6 0.1815960853 0.3564024835)
(3.8 0.1815960853 0.3564024835)
(4 0.1815960853 0.3564024835)
(4.2 0.1815960853 0.3564024835)
(4.4 0.1815960853 0.3564024835)
(4.6 0.1815960853 0.3564024835)
(4.8 0.1815960853 0.3564024835)
(5 0.1815960853 0.3564024835)
(5.2 0.1815960853 0.3564024835)
(5.4 0.1815960853 0.3564024835)
(5.6 0.1815960853 0.3564024835)
(5.8 0.1815960853 0.3564024835)
(6 0.1815960853 0.3564024835)
(6.2 0.1815960853 0.3564024835)
(6.4 0.1815960853 0.3564024835)
(6.6 0.1815960853 0.3564024835)
(6.8 0.1815960853 0.3564024835)
(7 0.1815960853 0.3564024835)
(7.2 0.1815960853 0.3564024835)
(7.4 0.1815960853 0.3564024835)
(7.6 0.1815960853 0.3564024835)
(7.8 0.1815960853 0.3564024835)
(8 0.1815960853 0.3564024835)
(8.2 0.1815960853 0.3564024835)
(8.4 0.1815960853 0.3564024835)
(8.6 0.1815960853 0.3564024835)
(8.8 0.1815960853 0.3564024835)
(9 0.1815960853 0.3564024835)
(9.2 0.1815960853 0.3564024835)
(9.4 0.1815960853 0.3564024835)
(9.6 0.1815960853 0.3564024835)
(9.8 0.1815960853 0.3564024835)
(10 0.1815960853 0.3564024835)
(0 0.2828424 0.2828424)
(0.2 0.2828424 0.2828424)
(0.4 0.2828424 0.2828424)
(0.6 0.2828424 0.2828424)
(0.8 0.2828424 0.2828424)
(1 0.2828424 0.2828424)
(1.2 0.2828424 0.2828424)
(1.4 0.2828424 0.2828424)
(1.6 0.2828424 0.2828424)
(1.8 0.2828424 0.2828424)
(2 0.2828424 0.2828424)
(2.2 0.2828424 0.2828424)
(2.4 0.2828424 0.2828424)
(2.6 0.2828424 0.2828424)
(2.8 0.2828424 0.2828424)
(3 0.2828424 0.2828424)
(3.2 0.2828424 0.2828424)
(3.4 0.2828424 0.2828424)
(3.6 0.2828424 0.2828424)
(3.8 0.2828424 0.2828424)
(4 0.2828424 0.2828424)
(4.2 0.2828424 0.2828424)
(4.4 0.2828424 0.2828424)
(4.6 0.2828424 0.2828424)
(4.8 0.2828424 0.2828424)
(5 0.2828424 0.2828424)
(5.2 0.2828424 0.2828424)
(5.4 0.2828424 0.2828424)
(5.6 0.2828424 0.2828424)
(5.8 0.2828424 0.2828424)
(6 0.2828424 0.2828424)
(6.2 0.2828424 0.2828424)
(6.4 0.2828424 0.2828424)
(6.6 0.2828424 0.2828424)
(6.8 0.2828424 0.2828424)
(7 0.2828424 0.2828424)
(7.2 0.2828424 0.2828424)
(7.4 0.2828424 0.2828424)
(7.6 0.2828424 0.2828424)
(7.8 0.2828424 0.2828424)
(8 0.2828424 0.2828424)
(8.2 0.2828424 0.2828424)
(8.4 0.2828424 0.2828424)
(8.6 0.2828424 0.2828424)
(8.8 0.2828424 0.2828424)
(9 0.2828424 0.2828424)
(9.2 0.2828424 0.2828424)
(9.4 0.2828424 0.2828424)
(9.6 0.2828424 0.2828424)
(9.8 0.2828424 0.2828424)
(10 0.2828424 0.2828424)
(0 -0.353553 0.353553)
(0.2 -0.353553 0.353553)
(0.4 -0.353553 0.353553)
(0.6 -0.353553 0.353553)
(0.8 -0.353553 0.353553)
(1 -0.353553 0.353553)
(1.2 -0.353553 0.353553)
(1.4 -0.353553 0.353553)
(1.6 -0.353553 0.353553)
(1.8 -0.353553 0.353553)
(2 -0.353553 0.353553)
(2.2 -0.353553 0.353553)
(2.4 -0.353553 0.353553)
(2.6 -0.353553 0.353553)
(2.8 -0.353553 0.353553)
(3 -0.353553 0.353553)
(3.2 -0.353553 0.353553)
(3.4 -0.353553 0.353553)
(3.6 -0.353553 0.353553)
(3.8 -0.353553 0.353553)
(4 -0.353553 0.353553)
(4.2 -0.353553 0.353553)
(4.4 -0.353553 0.353553)
(4.6 -0.353553 0.353553)
(4.8 -0.353553 0.353553)
(5 -0.353553 0.353553)
(5.2 -0.353553 0.353553)
(5.4 -0.353553 0.353553)
(5.6 -0.353553 0.353553)
(5.8 -0.353553 0.353553)
(6 -0.353553 0.353553)
(6.2 -0.353553 0.353553)
(6.4 -0.353553 0.353553)
(6.6 -0.353553 0.353553)
(6.8 -0.353553 0.353553)
(7 -0.353553 0.353553)
(7.2 -0.353553 0.353553)
(7.4 -0.353553 0.353553)
(7.6 -0.353553 0.353553)
(7.8 -0.353553 0.353553)
(8 -0.353553 0.353553)
(8.2 -0.353553 0.353553)
(8.4 -0.353553 0.353553)
(8.6 -0.353553 0.353553)
(8.8 -0.353553 0.353553)
(9 -0.353553 0.353553)
(9.2 -0.353553 0.353553)
(9.4 -0.353553 0.353553)
(9.6 -0.353553 0.353553)
(9.8 -0.353553 0.353553)
(10 -0.353553 0.353553)
(0 -0.2269951066 0.4455031044)
(0.2 -0.2269951066 0.4455031044)
(0.4 -0.2269951066 0.4455031044)
(0.6 -0.2269951066 0.4455031044)
(0.8 -0.2269951066 0.4455031044)
(1 -0.2269951066 0.4455031044)
(1.2 -0.2269951066 0.4455031044)
(1.4 -0.2269951066 0.4455031044)
(1.6 -0.2269951066 0.4455031044)
(1.8 -0.2269951066 0.4455031044)
(2 -0.2269951066 0.4455031044)
(2.2 -0.2269951066 0.4455031044)
(2.4 -0.2269951066 0.4455031044)
(2.6 -0.2269951066 0.4455031044)
(2.8 -0.2269951066 0.4455031044)
(3 -0.2269951066 0.4455031044)
(3.2 -0.2269951066 0.4455031044)
(3.4 -0.2269951066 0.4455031044)
(3.6 -0.2269951066 0.4455031044)
(3.8 -0.2269951066 0.4455031044)
(4 -0.2269951066 0.4455031044)
(4.2 -0.2269951066 0.4455031044)
(4.4 -0.2269951066 0.4455031044)
(4.6 -0.2269951066 0.4455031044)
(4.8 -0.2269951066 0.4455031044)
(5 -0.2269951066 0.4455031044)
(5.2 -0.2269951066 0.4455031044)
(5.4 -0.2269951066 0.4455031044)
(5.6 -0.2269951066 0.4455031044)
(5.8 -0.2269951066 0.4455031044)
(6 -0.2269951066 0.4455031044)
(6.2 -0.2269951066 0.4455031044)
(6.4 -0.2269951066 0.4455031044)
(6.6 -0.2269951066 0.4455031044)
(6.8 -0.2269951066 0.4455031044)
(7 -0.2269951066 0.4455031044)
(7.2 -0.2269951066 0.4455031044)
(7.4 -0.2269951066 0.4455031044)
(7.6 -0.2269951066 0.4455031044)
(7.8 -0.2269951066 0.4455031044)
(8 -0.2269951066 0.4455031044)
(8.2 -0.2269951066 0.4455031044)
(8.4 -0.2269951066 0.4455031044)
(8.6 -0.2269951066 0.4455031044)
(8.8 -0.2269951066 0.4455031044)
(9 -0.2269951066 0.4455031044)
(9.2 -0.2269951066 0.4455031044)
(9.4 -0.2269951066 0.4455031044)
(9.6 -0.2269951066 0.4455031044)
(9.8 -0.2269951066 0.4455031044)
(10 -0.2269951066 0.4455031044)
(0 -0.07821720092 0.4938441518)
(0.2 -0.07821720092 0.4938441518)
(0.4 -0.07821720092 0.4938441518)
(0.6 -0.07821720092 0.4938441518)
(0.8 -0.07821720092 0.4938441518)
(1 -0.07821720092 0.4938441518)
(1.2 -0.07821720092 0.4938441518)
(1.4 -0.07821720092 0.4938441518)
(1.6 -0.07821720092 0.4938441518)
(1.8 -0.07821720092 0.4938441518)
(2 -0.07821720092 0.4938441518)
(2.2 -0.07821720092 0.4938441518)
(2.4 -0.07821720092 0.4938441518)
(2.6 -0.07821720092 0.4938441518)
(2.8 -0.07821720092 0.4938441518)
(3 -0.07821720092 0.4938441518)
(3.2 -0.07821720092 0.4938441518)
(3.4 -0.07821720092 0.4938441518)
(3.6 -0.07821720092 0.4938441518)
(3.8 -0.07821720092 0.4938441518)
(4 -0.07821720092 0.4938441518)
(4.2 -0.07821720092 0.4938441518)
(4.4 -0.07821720092 0.4938441518)
(4.6 -0.07821720092 0.4938441518)
(4.8 -0.07821720092 0.4938441518)
(5 -0.07821720092 0.4938441518)
(5.2 -0.07821720092 0.4938441518)
(5.4 -0.07821720092 0.4938441518)
(5.6 -0.07821720092 0.4938441518)
(5.8 -0.07821720092 0.4938441518)
(6 -0.07821720092 0.4938441518)
(6.2 -0.07821720092 0.4938441518)
(6.4 -0.07821720092 0.4938441518)
(6.6 -0.07821720092 0.4938441518)
(6.8 -0.07821720092 0.4938441518)
(7 -0.07821720092 0.4938441518)
(7.2 -0.07821720092 0.4938441518)
(7.4 -0.07821720092 0.4938441518)
(7.6 -0.07821720092 0.4938441518)
(7.8 -0.07821720092 0.4938441518)
(8 -0.07821720092 0.4938441518)
(8.2 -0.07821720092 0.4938441518)
(8.4 -0.07821720092 0.4938441518)
(8.6 -0.07821720092 0.4938441518)
(8.8 -0.07821720092 0.4938441518)
(9 -0.07821720092 0.4938441518)
(9.2 -0.07821720092 0.4938441518)
(9.4 -0.07821720092 0.4938441518)
(9.6 -0.07821720092 0.4938441518)
(9.8 -0.07821720092 0.4938441518)
(10 -0.07821720092 0.4938441518)
(0 0.07821720092 0.4938441518)
(0.2 0.07821720092 0.4938441518)
(0.4 0.07821720092 0.4938441518)
(0.6 0.07821720092 0.4938441518)
(0.8 0.07821720092 0.4938441518)
(1 0.07821720092 0.4938441518)
(1.2 0.07821720092 0.4938441518)
(1.4 0.07821720092 0.4938441518)
(1.6 0.07821720092 0.4938441518)
(1.8 0.07821720092 0.4938441518)
(2 0.07821720092 0.4938441518)
(2.2 0.07821720092 0.4938441518)
(2.4 0.07821720092 0.4938441518)
(2.6 0.07821720092 0.4938441518)
(2.8 0.07821720092 0.4938441518)
(3 0.07821720092 0.4938441518)
(3.2 0.07821720092 0.4938441518)
(3.4 0.07821720092 0.4938441518)
(3.6 0.07821720092 0.4938441518)
(3.8 0.07821720092 0.4938441518)
(4 0.07821720092 0.4938441518)
(4.2 0.07821720092 0.4938441518)
(4.4 0.07821720092 0.4938441518)
(4.6 0.07821720092 0.4938441518)
(4.8 0.07821720092 0.4938441518)
(5 0.07821720092 0.4938441518)
(5.2 0.07821720092 0.4938441518)
(5.4 0.07821720092 0.4938441518)
(5.6 0.07821720092 0.4938441518)
(5.8 0.07821720092 0.4938441518)
(6 0.07821720092 0.4938441518)
(6.2 0.07821720092 0.4938441518)
(6.4 0.07821720092 0.4938441518)
(6.6 0.07821720092 0.4938441518)
(6.8 0.07821720092 0.4938441518)
(7 0.07821720092 0.4938441518)
(7.2 0.07821720092 0.4938441518)
(7.4 0.07821720092 0.4938441518)
(7.6 0.07821720092 0.4938441518)
(7.8 0.07821720092 0.4938441518)
(8 0.07821720092 0.4938441518)
(8.2 0.07821720092 0.4938441518)
(8.4 0.07821720092 0.4938441518)
(8.6 0.07821720092 0.4938441518)
(8.8 0.07821720092 0.4938441518)
(9 0.07821720092 0.4938441518)
(9.2 0.07821720092 0.4938441518)
(9.4 0.07821720092 0.4938441518)
(9.6 0.07821720092 0.4938441518)
(9.8 0.07821720092 0.4938441518)
(10 0.07821720092 0.4938441518)
(0 0.2269951066 0.4455031044)
(0.2 0.2269951066 0.4455031044)
(0.4 0.2269951066 0.4455031044)
(0.6 0.2269951066 0.4455031044)
(0.8 0.2269951066 0.4455031044)
(1 0.2269951066 0.4455031044)
(1.2 0.2269951066 0.4455031044)
(1.4 0.2269951066 0.4455031044)
(1.6 0.2269951066 0.4455031044)
(1.8 0.2269951066 0.4455031044)
(2 0.2269951066 0.4455031044)
(2.2 0.2269951066 0.4455031044)
(2.4 0.2269951066 0.4455031044)
(2.6 0.2269951066 0.4455031044)
(2.8 0.2269951066 0.4455031044)
(3 0.2269951066 0.4455031044)
(3.2 0.2269951066 0.4455031044)
(3.4 0.2269951066 0.4455031044)
(3.6 0.2269951066 0.4455031044)
(3.8 0.2269951066 0.4455031044)
(4 0.2269951066 0.4455031044)
(4.2 0.2269951066 0.4455031044)
(4.4 0.2269951066 0.4455031044)
(4.6 0.2269951066 0.4455031044)
(4.8 0.2269951066 0.4455031044)
(5 0.2269951066 0.4455031044)
(5.2 0.2269951066 0.4455031044)
(5.4 0.2269951066 0.4455031044)
(5.6 0.2269951066 0.4455031044)
(5.8 0.2269951066 0.4455031044)
(6 0.2269951066 0.4455031044)
(6.2 0.2269951066 0.4455031044)
(6.4 0.2269951066 0.4455031044)
(6.6 0.2269951066 0.4455031044)
(6.8 0.2269951066 0.4455031044)
(7 0.2269951066 0.4455031044)
(7.2 0.2269951066 0.4455031044)
(7.4 0.2269951066 0.4455031044)
(7.6 0.2269951066 0.4455031044)
(7.8 0.2269951066 0.4455031044)
(8 0.2269951066 0.4455031044)
(8.2 0.2269951066 0.4455031044)
(8.4 0.2269951066 0.4455031044)
(8.6 0.2269951066 0.4455031044)
(8.8 0.2269951066 0.4455031044)
(9 0.2269951066 0.4455031044)
(9.2 0.2269951066 0.4455031044)
(9.4 0.2269951066 0.4455031044)
(9.6 0.2269951066 0.4455031044)
(9.8 0.2269951066 0.4455031044)
(10 0.2269951066 0.4455031044)
(0 0.353553 0.353553)
(0.2 0.353553 0.353553)
(0.4 0.353553 0.353553)
(0.6 0.353553 0.353553)
(0.8 0.353553 0.353553)
(1 0.353553 0.353553)
(1.2 0.353553 0.353553)
(1.4 0.353553 0.353553)
(1.6 0.353553 0.353553)
(1.8 0.353553 0.353553)
(2 0.353553 0.353553)
(2.2 0.353553 0.353553)
(2.4 0.353553 0.353553)
(2.6 0.353553 0.353553)
(2.8 0.353553 0.353553)
(3 0.353553 0.353553)
(3.2 0.353553 0.353553)
(3.4 0.353553 0.353553)
(3.6 0.353553 0.353553)
(3.8 0.353553 0.353553)
(4 0.353553 0.353553)
(4.2 0.353553 0.353553)
(4.4 0.353553 0.353553)
(4.6 0.353553 0.353553)
(4.8 0.353553 0.353553)
(5 0.353553 0.353553)
(5.2 0.353553 0.353553)
(5.4 0.353553 0.353553)
(5.6 0.353553 0.353553)
(5.8 0.353553 0.353553)
(6 0.353553 0.353553)
(6.2 0.353553 0.353553)
(6.4 0.353553 0.353553)
(6.6 0.353553 0.353553)
(6.8 0.353553 0.353553)
(7 0.353553 0.353553)
(7.2 0.353553 0.353553)
(7.4 0.353553 0.353553)
(7.6 0.353553 0.353553)
(7.8 0.353553 0.353553)
(8 0.353553 0.353553)
(8.2 0.353553 0.353553)
(8.4 0.353553 0.353553)
(8.6 0.353553 0.353553)
(8.8 0.353553 0.353553)
(9 0.353553 0.353553)
(9.2 0.353553 0.353553)
(9.4 0.353553 0.353553)
(9.6 0.353553 0.353553)
(9.8 0.353553 0.353553)
(10 0.353553 0.353553)
)


// ************************************************************************* //
