0.000000000000000000e+00 0.000000000000000000e+00
0.000000000000000000e+00 0.000000000000000000e+00
-1.487409133460459998e+01 0.000000000000000000e+00
0.000000000000000000e+00 0.000000000000000000e+00
0.000000000000000000e+00 0.000000000000000000e+00
0.000000000000000000e+00 0.000000000000000000e+00
0.000000000000000000e+00 0.000000000000000000e+00
0.000000000000000000e+00 0.000000000000000000e+00
0.000000000000000000e+00 3.373969195763493190e+02
1.633317731375427684e+01 4.170277114781129058e+02
-0.000000000000000000e+00 5.074084880334339687e+02
-0.000000000000000000e+00 8.013147606789061683e+02
-0.000000000000000000e+00 3.517389167257078952e+03
0.000000000000000000e+00 0.000000000000000000e+00
