0.000000000000000000e+00 0.000000000000000000e+00
0.000000000000000000e+00 3.527904392512937193e+02
-0.000000000000000000e+00 4.274827477956932853e+02
1.333149759830121184e+01 5.179160301622687257e+02
7.166123077695374377e+01 7.937342925288248807e+02
0.000000000000000000e+00 0.000000000000000000e+00
0.000000000000000000e+00 0.000000000000000000e+00
0.000000000000000000e+00 0.000000000000000000e+00
0.000000000000000000e+00 0.000000000000000000e+00
0.000000000000000000e+00 0.000000000000000000e+00
-2.607385636110848282e+01 0.000000000000000000e+00
-6.610244861349201528e+01 0.000000000000000000e+00
-0.000000000000000000e+00 0.000000000000000000e+00
0.000000000000000000e+00 0.000000000000000000e+00
