/*--------------------------------*- C++ -*----------------------------------*\
  =========                 |
  \\      /  F ield         | OpenFOAM: The Open Source CFD Toolbox
   \\    /   O peration     | Website:  https://openfoam.org
    \\  /    A nd           | Version:  9
     \\/     M anipulation  |
\*---------------------------------------------------------------------------*/
FoamFile
{
    format      ascii;
    class       labelList;
    note        "nPoints: 14706 nCells: 7168 nFaces: 28856 nInternalFaces: 14152";
    location    "constant/polyMesh";
    object      neighbour;
}
// * * * * * * * * * * * * * * * * * * * * * * * * * * * * * * * * * * * * * //


14152
(
1
183
2
93
3
4
93
5
94
6
95
7
96
8
97
9
98
10
99
11
100
12
101
13
102
14
103
15
104
16
105
17
106
18
107
19
108
20
109
21
110
22
111
23
112
24
113
25
114
26
115
27
116
28
117
29
118
30
119
31
120
32
121
33
122
34
123
35
124
36
125
37
126
38
127
39
128
40
129
41
130
42
131
43
132
44
133
45
134
46
135
47
136
48
137
49
138
50
139
51
140
52
141
53
142
54
143
55
144
56
145
57
146
58
147
59
148
60
149
61
150
62
151
63
152
64
153
65
154
66
155
67
156
68
157
69
158
70
159
71
160
72
161
73
162
74
163
75
164
76
165
77
166
78
167
79
168
80
169
81
170
82
171
83
172
84
173
85
174
86
175
87
176
88
177
89
178
90
179
91
180
92
181
182
5233
94
183
95
184
96
185
97
186
98
187
99
188
100
189
101
190
102
191
103
192
104
193
105
194
106
195
107
196
108
197
109
198
110
199
111
200
112
201
113
202
114
203
115
204
116
205
117
206
118
207
119
208
120
209
121
210
122
211
123
212
124
213
125
214
126
215
127
216
128
217
129
218
130
219
131
220
132
221
133
222
134
223
135
224
136
225
137
226
138
227
139
228
140
229
141
230
142
231
143
232
144
233
145
234
146
235
147
236
148
237
149
238
150
239
151
240
152
241
153
242
154
243
155
244
156
245
157
246
158
247
159
248
160
249
161
250
162
251
163
252
164
253
165
254
166
255
167
256
168
257
169
258
170
259
171
260
172
261
173
262
174
263
175
264
176
265
177
266
178
267
179
268
180
269
181
270
182
271
272
5266
184
273
185
274
186
275
187
276
188
277
189
278
190
279
191
280
192
281
193
282
194
283
195
284
196
285
197
286
198
287
199
288
200
289
201
290
202
291
203
292
204
293
205
294
206
295
207
296
208
297
209
298
210
299
211
300
212
301
213
302
214
303
215
304
216
305
217
306
218
307
219
308
220
309
221
310
222
311
223
312
224
313
225
314
226
315
227
316
228
317
229
318
230
319
231
320
232
321
233
322
234
323
235
324
236
325
237
326
238
327
239
328
240
329
241
330
242
331
243
332
244
333
245
334
246
335
247
336
248
337
249
338
250
339
251
340
252
341
253
342
254
343
255
344
256
345
257
346
258
347
259
348
260
349
261
350
262
351
263
352
264
353
265
354
266
355
267
356
268
357
269
358
270
359
271
360
272
361
362
5299
274
363
275
364
276
365
277
366
278
367
279
368
280
369
281
370
282
371
283
372
284
373
285
374
286
375
287
376
288
377
289
378
290
379
291
380
292
381
293
382
294
383
295
384
296
385
297
386
298
387
299
388
300
389
301
390
302
391
303
392
304
393
305
394
306
395
307
396
308
397
309
398
310
399
311
400
312
401
313
402
314
403
315
404
316
405
317
406
318
407
319
408
320
409
321
410
322
411
323
412
324
413
325
414
326
415
327
416
328
417
329
418
330
419
331
420
332
421
333
422
334
423
335
424
336
425
337
426
338
427
339
428
340
429
341
430
342
431
343
432
344
433
345
434
346
435
347
436
348
437
349
438
350
439
351
440
352
441
353
442
354
443
355
444
356
445
357
446
358
447
359
448
360
449
361
450
362
451
452
5332
364
453
365
454
366
455
367
456
368
457
369
458
370
459
371
460
372
461
373
462
374
463
375
464
376
465
377
466
378
467
379
468
380
469
381
470
382
471
383
472
384
473
385
474
386
475
387
476
388
477
389
478
390
479
391
480
392
481
393
482
394
483
395
484
396
485
397
486
398
487
399
488
400
489
401
490
402
491
403
492
404
493
405
494
406
495
407
496
408
497
409
498
410
499
411
500
412
501
413
502
414
503
415
504
416
505
417
506
418
507
419
508
420
509
421
510
422
511
423
512
424
513
425
514
426
515
427
516
428
517
429
518
430
519
431
520
432
521
433
522
434
523
435
524
436
525
437
526
438
527
439
528
440
529
441
530
442
531
443
532
444
533
445
534
446
535
447
536
448
537
449
538
450
539
451
540
452
541
542
5365
454
455
543
456
544
457
545
458
546
459
547
460
548
461
549
462
550
463
551
464
552
465
553
466
554
467
555
468
556
469
557
470
558
471
559
472
560
473
561
474
562
475
563
476
564
477
565
478
566
479
567
480
568
481
569
482
570
483
571
484
572
485
573
486
574
487
575
488
576
489
577
490
578
491
579
492
580
493
581
494
582
495
583
496
584
497
585
498
586
499
587
500
588
501
589
502
590
503
591
504
592
505
593
506
594
507
595
508
596
509
597
510
598
511
599
512
600
513
601
514
602
515
603
516
604
517
605
518
606
519
607
520
608
521
609
522
610
523
611
524
612
525
613
526
614
527
615
528
616
529
617
530
618
531
619
532
620
533
621
534
622
535
623
536
624
537
625
538
626
539
627
540
628
541
629
542
630
631
5398
544
632
545
633
546
634
547
635
548
636
549
637
550
638
551
639
552
640
553
641
554
642
555
643
556
644
557
645
558
646
559
647
560
648
561
649
562
650
563
651
564
652
565
653
566
654
567
655
568
656
569
657
570
658
571
659
572
660
573
661
574
662
575
663
576
664
577
665
578
666
579
667
580
668
581
669
582
670
583
671
584
672
585
673
586
674
587
675
588
676
589
677
590
678
591
679
592
680
593
681
594
682
595
683
596
684
597
685
598
686
599
687
600
688
601
689
602
690
603
691
604
692
605
693
606
694
607
695
608
696
609
697
610
698
611
699
612
700
613
701
614
702
615
703
616
704
617
705
618
706
619
707
620
708
621
709
622
710
623
711
624
712
625
713
626
714
627
715
628
716
629
717
630
718
631
719
720
5431
633
721
634
722
635
723
636
724
637
725
638
726
639
727
640
728
641
729
642
730
643
731
644
732
645
733
646
734
647
735
648
736
649
737
650
738
651
739
652
740
653
741
654
742
655
743
656
744
657
745
658
746
659
747
660
748
661
749
662
750
663
751
664
752
665
753
666
754
667
755
668
756
669
757
670
758
671
759
672
760
673
761
674
762
675
763
676
764
677
765
678
766
679
767
680
768
681
769
682
770
683
771
684
772
685
773
686
774
687
775
688
776
689
777
690
778
691
779
692
780
693
781
694
782
695
783
696
784
697
785
698
786
699
787
700
788
701
789
702
790
703
791
704
792
705
793
706
794
707
795
708
796
709
797
710
798
711
799
712
800
713
801
714
802
715
803
716
804
717
805
718
806
719
807
720
808
809
5464
722
810
723
811
724
812
725
813
726
814
727
815
728
816
729
817
730
818
731
819
732
820
733
821
734
822
735
823
736
824
737
825
738
826
739
827
740
828
741
829
742
830
743
831
744
832
745
833
746
834
747
835
748
836
749
837
750
838
751
839
752
840
753
841
754
842
755
843
756
844
757
845
758
846
759
847
760
848
761
849
762
850
763
851
764
852
765
853
766
854
767
855
768
856
769
857
770
858
771
859
772
860
773
861
774
862
775
863
776
864
777
865
778
866
779
867
780
868
781
869
782
870
783
871
784
872
785
873
786
874
787
875
788
876
789
877
790
878
791
879
792
880
793
881
794
882
795
883
796
884
797
885
798
886
799
887
800
888
801
889
802
890
803
891
804
892
805
893
806
894
807
895
808
896
809
897
898
5497
811
812
899
813
900
814
901
815
902
816
903
817
904
818
905
819
906
820
907
821
908
822
909
823
910
824
911
825
912
826
913
827
914
828
915
829
916
830
917
831
918
832
919
833
920
834
921
835
922
836
923
837
924
838
925
839
926
840
927
841
928
842
929
843
930
844
931
845
932
846
933
847
934
848
935
849
936
850
937
851
938
852
939
853
940
854
941
855
942
856
943
857
944
858
945
859
946
860
947
861
948
862
949
863
950
864
951
865
952
866
953
867
954
868
955
869
956
870
957
871
958
872
959
873
960
874
961
875
962
876
963
877
964
878
965
879
966
880
967
881
968
882
969
883
970
884
971
885
972
886
973
887
974
888
975
889
976
890
977
891
978
892
979
893
980
894
981
895
982
896
983
897
984
898
985
986
5530
900
987
901
988
902
989
903
990
904
991
905
992
906
993
907
994
908
995
909
996
910
997
911
998
912
999
913
1000
914
1001
915
1002
916
1003
917
1004
918
1005
919
1006
920
1007
921
1008
922
1009
923
1010
924
1011
925
1012
926
1013
927
1014
928
1015
929
1016
930
1017
931
1018
932
1019
933
1020
934
1021
935
1022
936
1023
937
1024
938
1025
939
1026
940
1027
941
1028
942
1029
943
1030
944
1031
945
1032
946
1033
947
1034
948
1035
949
1036
950
1037
951
1038
952
1039
953
1040
954
1041
955
1042
956
1043
957
1044
958
1045
959
1046
960
1047
961
1048
962
1049
963
1050
964
1051
965
1052
966
1053
967
1054
968
1055
969
1056
970
1057
971
1058
972
1059
973
1060
974
1061
975
1062
976
1063
977
1064
978
1065
979
1066
980
1067
981
1068
982
1069
983
1070
984
1071
985
1072
986
1073
1074
5563
988
1075
989
1076
990
1077
991
1078
992
1079
993
1080
994
1081
995
1082
996
1083
997
1084
998
1085
999
1086
1000
1087
1001
1088
1002
1089
1003
1090
1004
1091
1005
1092
1006
1093
1007
1094
1008
1095
1009
1096
1010
1097
1011
1098
1012
1099
1013
1100
1014
1101
1015
1102
1016
1103
1017
1104
1018
1105
1019
1106
1020
1107
1021
1108
1022
1109
1023
1110
1024
1111
1025
1112
1026
1113
1027
1114
1028
1115
1029
1116
1030
1117
1031
1118
1032
1119
1033
1120
1034
1121
1035
1122
1036
1123
1037
1124
1038
1125
1039
1126
1040
1127
1041
1128
1042
1129
1043
1130
1044
1131
1045
1132
1046
1133
1047
1134
1048
1135
1049
1136
1050
1137
1051
1138
1052
1139
1053
1140
1054
1141
1055
1142
1056
1143
1057
1144
1058
1145
1059
1146
1060
1147
1061
1148
1062
1149
1063
1150
1064
1151
1065
1152
1066
1153
1067
1154
1068
1155
1069
1156
1070
1157
1071
1158
1072
1159
1073
1160
1074
1161
1162
5596
1076
1163
1077
1164
1078
1165
1079
1166
1080
1167
1081
1168
1082
1169
1083
1170
1084
1171
1085
1172
1086
1173
1087
1174
1088
1175
1089
1176
1090
1177
1091
1178
1092
1179
1093
1180
1094
1181
1095
1182
1096
1183
1097
1184
1098
1185
1099
1186
1100
1187
1101
1188
1102
1189
1103
1190
1104
1191
1105
1192
1106
1193
1107
1194
1108
1195
1109
1196
1110
1197
1111
1198
1112
1199
1113
1200
1114
1201
1115
1202
1116
1203
1117
1204
1118
1205
1119
1206
1120
1207
1121
1208
1122
1209
1123
1210
1124
1211
1125
1212
1126
1213
1127
1214
1128
1215
1129
1216
1130
1217
1131
1218
1132
1219
1133
1220
1134
1221
1135
1222
1136
1223
1137
1224
1138
1225
1139
1226
1140
1227
1141
1228
1142
1229
1143
1230
1144
1231
1145
1232
1146
1233
1147
1234
1148
1235
1149
1236
1150
1237
1151
1238
1152
1239
1153
1240
1154
1241
1155
1242
1156
1243
1157
1244
1158
1245
1159
1246
1160
1247
1161
1248
1162
1249
1250
5629
1164
1251
1165
1252
1166
1253
1167
1254
1168
1255
1169
1256
1170
1257
1171
1258
1172
1259
1173
1260
1174
1261
1175
1262
1176
1263
1177
1264
1178
1265
1179
1266
1180
1267
1181
1268
1182
1269
1183
1270
1184
1271
1185
1272
1186
1273
1187
1274
1188
1275
1189
1276
1190
1277
1191
1278
1192
1279
1193
1280
1194
1281
1195
1282
1196
1283
1197
1284
1198
1285
1199
1286
1200
1287
1201
1288
1202
1289
1203
1290
1204
1291
1205
1292
1206
1293
1207
1294
1208
1295
1209
1296
1210
1297
1211
1298
1212
1299
1213
1300
1214
1301
1215
1302
1216
1303
1217
1304
1218
1305
1219
1306
1220
1307
1221
1308
1222
1309
1223
1310
1224
1311
1225
1312
1226
1313
1227
1314
1228
1315
1229
1316
1230
1317
1231
1318
1232
1319
1233
1320
1234
1321
1235
1322
1236
1323
1237
1324
1238
1325
1239
1326
1240
1327
1241
1328
1242
1329
1243
1330
1244
1331
1245
1332
1246
1333
1247
1334
1248
1335
1249
1336
1250
1337
1338
5662
1252
1339
1253
1340
1254
1341
1255
1342
1256
1343
1257
1344
1258
1345
1259
1346
1260
1347
1261
1348
1262
1349
1263
1350
1264
1351
1265
1352
1266
1353
1267
1354
1268
1355
1269
1356
1270
1357
1271
1358
1272
1359
1273
1360
1274
1361
1275
1362
1276
1363
1277
1364
1278
1365
1279
1366
1280
1367
1281
1368
1282
1369
1283
1370
1284
1371
1285
1372
1286
1373
1287
1374
1288
1375
1289
1376
1290
1377
1291
1378
1292
1379
1293
1380
1294
1381
1295
1382
1296
1383
1297
1384
1298
1385
1299
1386
1300
1387
1301
1388
1302
1389
1303
1390
1304
1391
1305
1392
1306
1393
1307
1394
1308
1395
1309
1396
1310
1397
1311
1398
1312
1399
1313
1400
1314
1401
1315
1402
1316
1403
1317
1404
1318
1405
1319
1406
1320
1407
1321
1408
1322
1409
1323
1410
1324
1411
1325
1412
1326
1413
1327
1414
1328
1415
1329
1416
1330
1417
1331
1418
1332
1419
1333
1420
1334
1421
1335
1422
1336
1423
1337
1424
1338
1425
1426
5695
1340
1427
1341
1428
1342
1429
1343
1430
1344
1431
1345
1432
1346
1433
1347
1434
1348
1435
1349
1436
1350
1437
1351
1438
1352
1439
1353
1440
1354
1441
1355
1442
1356
1443
1357
1444
1358
1445
1359
1446
1360
1447
1361
1448
1362
1449
1363
1450
1364
1451
1365
1452
1366
1453
1367
1454
1368
1455
1369
1456
1370
1457
1371
1458
1372
1459
1373
1460
1374
1461
1375
1462
1376
1463
1377
1464
1378
1465
1379
1466
1380
1467
1381
1468
1382
1469
1383
1470
1384
1471
1385
1472
1386
1473
1387
1474
1388
1475
1389
1476
1390
1477
1391
1478
1392
1479
1393
1480
1394
1481
1395
1482
1396
1483
1397
1484
1398
1485
1399
1486
1400
1487
1401
1488
1402
1489
1403
1490
1404
1491
1405
1492
1406
1493
1407
1494
1408
1495
1409
1496
1410
1497
1411
1498
1412
1499
1413
1500
1414
1501
1415
1502
1416
1503
1417
1504
1418
1505
1419
1506
1420
1507
1421
1508
1422
1509
1423
1510
1424
1511
1425
1512
1426
1513
1514
5728
1428
1429
1515
1430
1516
1431
1517
1432
1518
1433
1519
1434
1520
1435
1521
1436
1522
1437
1523
1438
1524
1439
1525
1440
1526
1441
1527
1442
1528
1443
1529
1444
1530
1445
1531
1446
1532
1447
1533
1448
1534
1449
1535
1450
1536
1451
1537
1452
1538
1453
1539
1454
1540
1455
1541
1456
1542
1457
1543
1458
1544
1459
1545
1460
1546
1461
1547
1462
1548
1463
1549
1464
1550
1465
1551
1466
1552
1467
1553
1468
1554
1469
1555
1470
1556
1471
1557
1472
1558
1473
1559
1474
1560
1475
1561
1476
1562
1477
1563
1478
1564
1479
1565
1480
1566
1481
1567
1482
1568
1483
1569
1484
1570
1485
1571
1486
1572
1487
1573
1488
1574
1489
1575
1490
1576
1491
1577
1492
1578
1493
1579
1494
1580
1495
1581
1496
1582
1497
1583
1498
1584
1499
1585
1500
1586
1501
1587
1502
1588
1503
1589
1504
1590
1505
1591
1506
1592
1507
1593
1508
1594
1509
1595
1510
1596
1511
1597
1512
1598
1513
1599
1514
1600
1601
5760
1516
1602
1517
1603
1518
1604
1519
1605
1520
1606
1521
1607
1522
1608
1523
1609
1524
1610
1525
1611
1526
1612
1527
1613
1528
1614
1529
1615
1530
1616
1531
1617
1532
1618
1533
1619
1534
1620
1535
1621
1536
1622
1537
1623
1538
1624
1539
1625
1540
1626
1541
1627
1542
1628
1543
1629
1544
1630
1545
1631
1546
1632
1547
1633
1548
1634
1549
1635
1550
1636
1551
1637
1552
1638
1553
1639
1554
1640
1555
1641
1556
1642
1557
1643
1558
1644
1559
1645
1560
1646
1561
1647
1562
1648
1563
1649
1564
1650
1565
1651
1566
1652
1567
1653
1568
1654
1569
1655
1570
1656
1571
1657
1572
1658
1573
1659
1574
1660
1575
1661
1576
1662
1577
1663
1578
1664
1579
1665
1580
1666
1581
1667
1582
1668
1583
1669
1584
1670
1585
1671
1586
1672
1587
1673
1588
1674
1589
1675
1590
1676
1591
1677
1592
1678
1593
1679
1594
1680
1595
1681
1596
1682
1597
1683
1598
1684
1599
1685
1600
1686
1601
1687
1688
5792
1603
1689
1604
1690
1605
1691
1606
1692
1607
1693
1608
1694
1609
1695
1610
1696
1611
1697
1612
1698
1613
1699
1614
1700
1615
1701
1616
1702
1617
1703
1618
1704
1619
1705
1620
1706
1621
1707
1622
1708
1623
1709
1624
1710
1625
1711
1626
1712
1627
1713
1628
1714
1629
1715
1630
1716
1631
1717
1632
1718
1633
1719
1634
1720
1635
1721
1636
1722
1637
1723
1638
1724
1639
1725
1640
1726
1641
1727
1642
1728
1643
1729
1644
1730
1645
1731
1646
1732
1647
1733
1648
1734
1649
1735
1650
1736
1651
1737
1652
1738
1653
1739
1654
1740
1655
1741
1656
1742
1657
1743
1658
1744
1659
1745
1660
1746
1661
1747
1662
1748
1663
1749
1664
1750
1665
1751
1666
1752
1667
1753
1668
1754
1669
1755
1670
1756
1671
1757
1672
1758
1673
1759
1674
1760
1675
1761
1676
1762
1677
1763
1678
1764
1679
1765
1680
1766
1681
1767
1682
1768
1683
1769
1684
1770
1685
1771
1686
1772
1687
1773
1688
1774
1775
5824
1690
1776
1691
1777
1692
1778
1693
1779
1694
1780
1695
1781
1696
1782
1697
1783
1698
1784
1699
1785
1700
1786
1701
1787
1702
1788
1703
1789
1704
1790
1705
1791
1706
1792
1707
1793
1708
1794
1709
1795
1710
1796
1711
1797
1712
1798
1713
1799
1714
1800
1715
1801
1716
1802
1717
1803
1718
1804
1719
1805
1720
1806
1721
1807
1722
1808
1723
1809
1724
1810
1725
1811
1726
1812
1727
1813
1728
1814
1729
1815
1730
1816
1731
1817
1732
1818
1733
1819
1734
1820
1735
1821
1736
1822
1737
1823
1738
1824
1739
1825
1740
1826
1741
1827
1742
1828
1743
1829
1744
1830
1745
1831
1746
1832
1747
1833
1748
1834
1749
1835
1750
1836
1751
1837
1752
1838
1753
1839
1754
1840
1755
1841
1756
1842
1757
1843
1758
1844
1759
1845
1760
1846
1761
1847
1762
1848
1763
1849
1764
1850
1765
1851
1766
1852
1767
1853
1768
1854
1769
1855
1770
1856
1771
1857
1772
1858
1773
1859
1774
1860
1775
1861
1862
5856
1777
1863
1778
1864
1779
1865
1780
1866
1781
1867
1782
1868
1783
1869
1784
1870
1785
1871
1786
1872
1787
1873
1788
1874
1789
1875
1790
1876
1791
1877
1792
1878
1793
1879
1794
1880
1795
1881
1796
1882
1797
1883
1798
1884
1799
1885
1800
1886
1801
1887
1802
1888
1803
1889
1804
1890
1805
1891
1806
1892
1807
1893
1808
1894
1809
1895
1810
1896
1811
1897
1812
1898
1813
1899
1814
1900
1815
1901
1816
1902
1817
1903
1818
1904
1819
1905
1820
1906
1821
1907
1822
1908
1823
1909
1824
1910
1825
1911
1826
1912
1827
1913
1828
1914
1829
1915
1830
1916
1831
1917
1832
1918
1833
1919
1834
1920
1835
1921
1836
1922
1837
1923
1838
1924
1839
1925
1840
1926
1841
1927
1842
1928
1843
1929
1844
1930
1845
1931
1846
1932
1847
1933
1848
1934
1849
1935
1850
1936
1851
1937
1852
1938
1853
1939
1854
1940
1855
1941
1856
1942
1857
1943
1858
1944
1859
1945
1860
1946
1861
1947
1862
1948
1949
5888
1864
1950
1865
1951
1866
1952
1867
1953
1868
1954
1869
1955
1870
1956
1871
1957
1872
1958
1873
1959
1874
1960
1875
1961
1876
1962
1877
1963
1878
1964
1879
1965
1880
1966
1881
1967
1882
1968
1883
1969
1884
1970
1885
1971
1886
1972
1887
1973
1888
1974
1889
1975
1890
1976
1891
1977
1892
1978
1893
1979
1894
1980
1895
1981
1896
1982
1897
1983
1898
1984
1899
1985
1900
1986
1901
1987
1902
1988
1903
1989
1904
1990
1905
1991
1906
1992
1907
1993
1908
1994
1909
1995
1910
1996
1911
1997
1912
1998
1913
1999
1914
2000
1915
2001
1916
2002
1917
2003
1918
2004
1919
2005
1920
2006
1921
2007
1922
2008
1923
2009
1924
2010
1925
2011
1926
2012
1927
2013
1928
2014
1929
2015
1930
2016
1931
2017
1932
2018
1933
2019
1934
2020
1935
2021
1936
2022
1937
2023
1938
2024
1939
2025
1940
2026
1941
2027
1942
2028
1943
2029
1944
2030
1945
2031
1946
2032
1947
2033
1948
2034
1949
2035
2036
5920
1951
2037
1952
2038
1953
2039
1954
2040
1955
2041
1956
2042
1957
2043
1958
2044
1959
2045
1960
2046
1961
2047
1962
2048
1963
2049
1964
2050
1965
2051
1966
2052
1967
2053
1968
2054
1969
2055
1970
2056
1971
2057
1972
2058
1973
2059
1974
2060
1975
2061
1976
2062
1977
2063
1978
2064
1979
2065
1980
2066
1981
2067
1982
2068
1983
2069
1984
2070
1985
2071
1986
2072
1987
2073
1988
2074
1989
2075
1990
2076
1991
2077
1992
2078
1993
2079
1994
2080
1995
2081
1996
2082
1997
2083
1998
2084
1999
2085
2000
2086
2001
2087
2002
2088
2003
2089
2004
2090
2005
2091
2006
2092
2007
2093
2008
2094
2009
2095
2010
2096
2011
2097
2012
2098
2013
2099
2014
2100
2015
2101
2016
2102
2017
2103
2018
2104
2019
2105
2020
2106
2021
2107
2022
2108
2023
2109
2024
2110
2025
2111
2026
2112
2027
2113
2028
2114
2029
2115
2030
2116
2031
2117
2032
2118
2033
2119
2034
2120
2035
2121
2036
2122
2123
5952
2038
2124
2039
2125
2040
2126
2041
2127
2042
2128
2043
2129
2044
2130
2045
2131
2046
2132
2047
2133
2048
2134
2049
2135
2050
2136
2051
2137
2052
2138
2053
2139
2054
2140
2055
2141
2056
2142
2057
2143
2058
2144
2059
2145
2060
2146
2061
2147
2062
2148
2063
2149
2064
2150
2065
2151
2066
2152
2067
2153
2068
2154
2069
2155
2070
2156
2071
2157
2072
2158
2073
2159
2074
2160
2075
2161
2076
2162
2077
2163
2078
2164
2079
2165
2080
2166
2081
2167
2082
2168
2083
2169
2084
2170
2085
2171
2086
2172
2087
2173
2088
2174
2089
2175
2090
2176
2091
2177
2092
2178
2093
2179
2094
2180
2095
2181
2096
2182
2097
2183
2098
2184
2099
2185
2100
2186
2101
2187
2102
2188
2103
2189
2104
2190
2105
2191
2106
2192
2107
2193
2108
2194
2109
2195
2110
2196
2111
2197
2112
2198
2113
2199
2114
2200
2115
2201
2116
2202
2117
2203
2118
2204
2119
2205
2120
2206
2121
2207
2122
2208
2123
2209
2210
5984
2125
2211
2126
2212
2127
2213
2128
2214
2129
2215
2130
2216
2131
2217
2132
2218
2133
2219
2134
2220
2135
2221
2136
2222
2137
2223
2138
2224
2139
2225
2140
2226
2141
2227
2142
2228
2143
2229
2144
2230
2145
2231
2146
2232
2147
2233
2148
2234
2149
2235
2150
2236
2151
2237
2152
2238
2153
2239
2154
2240
2155
2241
2156
2242
2157
2243
2158
2244
2159
2245
2160
2246
2161
2247
2162
2248
2163
2249
2164
2250
2165
2251
2166
2252
2167
2253
2168
2254
2169
2255
2170
2256
2171
2257
2172
2258
2173
2259
2174
2260
2175
2261
2176
2262
2177
2263
2178
2264
2179
2265
2180
2266
2181
2267
2182
2268
2183
2269
2184
2270
2185
2271
2186
2272
2187
2273
2188
2274
2189
2275
2190
2276
2191
2277
2192
2278
2193
2279
2194
2280
2195
2281
2196
2282
2197
2283
2198
2284
2199
2285
2200
2286
2201
2287
2202
2288
2203
2289
2204
2290
2205
2291
2206
2292
2207
2293
2208
2294
2209
2295
2210
2296
2297
6016
2212
2298
2213
2299
2214
2300
2215
2301
2216
2302
2217
2303
2218
2304
2219
2305
2220
2306
2221
2307
2222
2308
2223
2309
2224
2310
2225
2311
2226
2312
2227
2313
2228
2314
2229
2315
2230
2316
2231
2317
2232
2318
2233
2319
2234
2320
2235
2321
2236
2322
2237
2323
2238
2324
2239
2325
2240
2326
2241
2327
2242
2328
2243
2329
2244
2330
2245
2331
2246
2332
2247
2333
2248
2334
2249
2335
2250
2336
2251
2337
2252
2338
2253
2339
2254
2340
2255
2341
2256
2342
2257
2343
2258
2344
2259
2345
2260
2346
2261
2347
2262
2348
2263
2349
2264
2350
2265
2351
2266
2352
2267
2353
2268
2354
2269
2355
2270
2356
2271
2357
2272
2358
2273
2359
2274
2360
2275
2361
2276
2362
2277
2363
2278
2364
2279
2365
2280
2366
2281
2367
2282
2368
2283
2369
2284
2370
2285
2371
2286
2372
2287
2373
2288
2374
2289
2375
2290
2376
2291
2377
2292
2378
2293
2379
2294
2380
2295
2381
2296
2382
2297
2383
2384
6048
2299
2385
2300
2386
2301
2387
2302
2388
2303
2389
2304
2390
2305
2391
2306
2392
2307
2393
2308
2394
2309
2395
2310
2396
2311
2397
2312
2398
2313
2399
2314
2400
2315
2401
2316
2402
2317
2403
2318
2404
2319
2405
2320
2406
2321
2407
2322
2408
2323
2409
2324
2410
2325
2411
2326
2412
2327
2413
2328
2414
2329
2415
2330
2416
2331
2417
2332
2418
2333
2419
2334
2420
2335
2421
2336
2422
2337
2423
2338
2424
2339
2425
2340
2426
2341
2427
2342
2428
2343
2429
2344
2430
2345
2431
2346
2432
2347
2433
2348
2434
2349
2435
2350
2436
2351
2437
2352
2438
2353
2439
2354
2440
2355
2441
2356
2442
2357
2443
2358
2444
2359
2445
2360
2446
2361
2447
2362
2448
2363
2449
2364
2450
2365
2451
2366
2452
2367
2453
2368
2454
2369
2455
2370
2456
2371
2457
2372
2458
2373
2459
2374
2460
2375
2461
2376
2462
2377
2463
2378
2464
2379
2465
2380
2466
2381
2467
2382
2468
2383
2469
2384
2470
2471
6080
2386
2472
2387
2473
2388
2474
2389
2475
2390
2476
2391
2477
2392
2478
2393
2479
2394
2480
2395
2481
2396
2482
2397
2483
2398
2484
2399
2485
2400
2486
2401
2487
2402
2488
2403
2489
2404
2490
2405
2491
2406
2492
2407
2493
2408
2494
2409
2495
2410
2496
2411
2497
2412
2498
2413
2499
2414
2500
2415
2501
2416
2502
2417
2503
2418
2504
2419
2505
2420
2506
2421
2507
2422
2508
2423
2509
2424
2510
2425
2511
2426
2512
2427
2513
2428
2514
2429
2515
2430
2516
2431
2517
2432
2518
2433
2519
2434
2520
2435
2521
2436
2522
2437
2523
2438
2524
2439
2525
2440
2526
2441
2527
2442
2528
2443
2529
2444
2530
2445
2531
2446
2532
2447
2533
2448
2534
2449
2535
2450
2536
2451
2537
2452
2538
2453
2539
2454
2540
2455
2541
2456
2542
2457
2543
2458
2544
2459
2545
2460
2546
2461
2547
2462
2548
2463
2549
2464
2550
2465
2551
2466
2552
2467
2553
2468
2554
2469
2555
2470
2556
2471
2557
2558
6112
2473
2559
2474
2560
2475
2561
2476
2562
2477
2563
2478
2564
2479
2565
2480
2566
2481
2567
2482
2568
2483
2569
2484
2570
2485
2571
2486
2572
2487
2573
2488
2574
2489
2575
2490
2576
2491
2577
2492
2578
2493
2579
2494
2580
2495
2581
2496
2582
2497
2583
2498
2584
2499
2585
2500
2586
2501
2587
2502
2588
2503
2589
2504
2590
2505
2591
2506
2592
2507
2593
2508
2594
2509
2595
2510
2596
2511
2597
2512
2598
2513
2599
2514
2600
2515
2601
2516
2602
2517
2603
2518
2604
2519
2605
2520
2606
2521
2607
2522
2608
2523
2609
2524
2610
2525
2611
2526
2612
2527
2613
2528
2614
2529
2615
2530
2616
2531
2617
2532
2618
2533
2619
2534
2620
2535
2621
2536
2622
2537
2623
2538
2624
2539
2625
2540
2626
2541
2627
2542
2628
2543
2629
2544
2630
2545
2631
2546
2632
2547
2633
2548
2634
2549
2635
2550
2636
2551
2637
2552
2638
2553
2639
2554
2640
2555
2641
2556
2642
2557
2643
2558
2644
2645
6144
2560
2646
2561
2647
2562
2648
2563
2649
2564
2650
2565
2651
2566
2652
2567
2653
2568
2654
2569
2655
2570
2656
2571
2657
2572
2658
2573
2659
2574
2660
2575
2661
2576
2662
2577
2663
2578
2664
2579
2665
2580
2666
2581
2667
2582
2668
2583
2669
2584
2670
2585
2671
2586
2672
2587
2673
2588
2674
2589
2675
2590
2676
2591
2677
2592
2678
2593
2679
2594
2680
2595
2681
2596
2682
2597
2683
2598
2684
2599
2685
2600
2686
2601
2687
2602
2688
2603
2689
2604
2690
2605
2691
2606
2692
2607
2693
2608
2694
2609
2695
2610
2696
2611
2697
2612
2698
2613
2699
2614
2700
2615
2701
2616
2702
2617
2703
2618
2704
2619
2705
2620
2706
2621
2707
2622
2708
2623
2709
2624
2710
2625
2711
2626
2712
2627
2713
2628
2714
2629
2715
2630
2716
2631
2717
2632
2718
2633
2719
2634
2720
2635
2721
2636
2722
2637
2723
2638
2724
2639
2725
2640
2726
2641
2727
2642
2728
2643
2729
2644
2730
2645
2731
2732
6176
2647
2733
2648
2734
2649
2735
2650
2736
2651
2737
2652
2738
2653
2739
2654
2740
2655
2741
2656
2742
2657
2743
2658
2744
2659
2745
2660
2746
2661
2747
2662
2748
2663
2749
2664
2750
2665
2751
2666
2752
2667
2753
2668
2754
2669
2755
2670
2756
2671
2757
2672
2758
2673
2759
2674
2760
2675
2761
2676
2762
2677
2763
2678
2764
2679
2765
2680
2766
2681
2767
2682
2768
2683
2769
2684
2770
2685
2771
2686
2772
2687
2773
2688
2774
2689
2775
2690
2776
2691
2777
2692
2778
2693
2779
2694
2780
2695
2781
2696
2782
2697
2783
2698
2784
2699
2785
2700
2786
2701
2787
2702
2788
2703
2789
2704
2790
2705
2791
2706
2792
2707
2793
2708
2794
2709
2795
2710
2796
2711
2797
2712
2798
2713
2799
2714
2800
2715
2801
2716
2802
2717
2803
2718
2804
2719
2805
2720
2806
2721
2807
2722
2808
2723
2809
2724
2810
2725
2811
2726
2812
2727
2813
2728
2814
2729
2815
2730
2816
2731
2817
2732
2818
2819
6208
2734
2820
2735
2821
2736
2822
2737
2823
2738
2824
2739
2825
2740
2826
2741
2827
2742
2828
2743
2829
2744
2830
2745
2831
2746
2832
2747
2833
2748
2834
2749
2835
2750
2836
2751
2837
2752
2838
2753
2839
2754
2840
2755
2841
2756
2842
2757
2843
2758
2844
2759
2845
2760
2846
2761
2847
2762
2848
2763
2849
2764
2850
2765
2851
2766
2852
2767
2853
2768
2854
2769
2855
2770
2856
2771
2857
2772
2858
2773
2859
2774
2860
2775
2861
2776
2862
2777
2863
2778
2864
2779
2865
2780
2866
2781
2867
2782
2868
2783
2869
2784
2870
2785
2871
2786
2872
2787
2873
2788
2874
2789
2875
2790
2876
2791
2877
2792
2878
2793
2879
2794
2880
2795
2881
2796
2882
2797
2883
2798
2884
2799
2885
2800
2886
2801
2887
2802
2888
2803
2889
2804
2890
2805
2891
2806
2892
2807
2893
2808
2894
2809
2895
2810
2896
2811
2897
2812
2898
2813
2899
2814
2900
2815
2901
2816
2902
2817
2903
2818
2904
2819
2905
2906
6240
2821
2907
2822
2908
2823
2909
2824
2910
2825
2911
2826
2912
2827
2913
2828
2914
2829
2915
2830
2916
2831
2917
2832
2918
2833
2919
2834
2920
2835
2921
2836
2922
2837
2923
2838
2924
2839
2925
2840
2926
2841
2927
2842
2928
2843
2929
2844
2930
2845
2931
2846
2932
2847
2933
2848
2934
2849
2935
2850
2936
2851
2937
2852
2938
2853
2939
2854
2940
2855
2941
2856
2942
2857
2943
2858
2944
2859
2945
2860
2946
2861
2947
2862
2948
2863
2949
2864
2950
2865
2951
2866
2952
2867
2953
2868
2954
2869
2955
2870
2956
2871
2957
2872
2958
2873
2959
2874
2960
2875
2961
2876
2962
2877
2963
2878
2964
2879
2965
2880
2966
2881
2967
2882
2968
2883
2969
2884
2970
2885
2971
2886
2972
2887
2973
2888
2974
2889
2975
2890
2976
2891
2977
2892
2978
2893
2979
2894
2980
2895
2981
2896
2982
2897
2983
2898
2984
2899
2985
2900
2986
2901
2987
2902
2988
2903
2989
2904
2990
2905
2991
2906
2992
2993
6272
2908
2994
2909
2995
2910
2996
2911
2997
2912
2998
2913
2999
2914
3000
2915
3001
2916
3002
2917
3003
2918
3004
2919
3005
2920
3006
2921
3007
2922
3008
2923
3009
2924
3010
2925
3011
2926
3012
2927
3013
2928
3014
2929
3015
2930
3016
2931
3017
2932
3018
2933
3019
2934
3020
2935
3021
2936
3022
2937
3023
2938
3024
2939
3025
2940
3026
2941
3027
2942
3028
2943
3029
2944
3030
2945
3031
2946
3032
2947
3033
2948
3034
2949
3035
2950
3036
2951
3037
2952
3038
2953
3039
2954
3040
2955
3041
2956
3042
2957
3043
2958
3044
2959
3045
2960
3046
2961
3047
2962
3048
2963
3049
2964
3050
2965
3051
2966
3052
2967
3053
2968
3054
2969
3055
2970
3056
2971
3057
2972
3058
2973
3059
2974
3060
2975
3061
2976
3062
2977
3063
2978
3064
2979
3065
2980
3066
2981
3067
2982
3068
2983
3069
2984
3070
2985
3071
2986
3072
2987
3073
2988
3074
2989
3075
2990
3076
2991
3077
2992
3078
2993
3079
3080
6304
2995
3081
2996
3082
2997
3083
2998
3084
2999
3085
3000
3086
3001
3087
3002
3088
3003
3089
3004
3090
3005
3091
3006
3092
3007
3093
3008
3094
3009
3095
3010
3096
3011
3097
3012
3098
3013
3099
3014
3100
3015
3101
3016
3102
3017
3103
3018
3104
3019
3105
3020
3106
3021
3107
3022
3108
3023
3109
3024
3110
3025
3111
3026
3112
3027
3113
3028
3114
3029
3115
3030
3116
3031
3117
3032
3118
3033
3119
3034
3120
3035
3121
3036
3122
3037
3123
3038
3124
3039
3125
3040
3126
3041
3127
3042
3128
3043
3129
3044
3130
3045
3131
3046
3132
3047
3133
3048
3134
3049
3135
3050
3136
3051
3137
3052
3138
3053
3139
3054
3140
3055
3141
3056
3142
3057
3143
3058
3144
3059
3145
3060
3146
3061
3147
3062
3148
3063
3149
3064
3150
3065
3151
3066
3152
3067
3153
3068
3154
3069
3155
3070
3156
3071
3157
3072
3158
3073
3159
3074
3160
3075
3161
3076
3162
3077
3163
3078
3164
3079
3165
3080
3166
3167
6336
3082
3168
3083
3169
3084
3170
3085
3171
3086
3172
3087
3173
3088
3174
3089
3175
3090
3176
3091
3177
3092
3178
3093
3179
3094
3180
3095
3181
3096
3182
3097
3183
3098
3184
3099
3185
3100
3186
3101
3187
3102
3188
3103
3189
3104
3190
3105
3191
3106
3192
3107
3193
3108
3194
3109
3195
3110
3196
3111
3197
3112
3198
3113
3199
3114
3200
3115
3201
3116
3202
3117
3203
3118
3204
3119
3205
3120
3206
3121
3207
3122
3208
3123
3209
3124
3210
3125
3211
3126
3212
3127
3213
3128
3214
3129
3215
3130
3216
3131
3217
3132
3218
3133
3219
3134
3220
3135
3221
3136
3222
3137
3223
3138
3224
3139
3225
3140
3226
3141
3227
3142
3228
3143
3229
3144
3230
3145
3231
3146
3232
3147
3233
3148
3234
3149
3235
3150
3236
3151
3237
3152
3238
3153
3239
3154
3240
3155
3241
3156
3242
3157
3243
3158
3244
3159
3245
3160
3246
3161
3247
3162
3248
3163
3249
3164
3250
3165
3251
3166
3252
3167
3253
3254
6368
3169
3170
3255
3171
3256
3172
3257
3173
3258
3174
3259
3175
3260
3176
3261
3177
3262
3178
3263
3179
3264
3180
3265
3181
3266
3182
3267
3183
3268
3184
3269
3185
3270
3186
3271
3187
3272
3188
3273
3189
3274
3190
3275
3191
3276
3192
3277
3193
3278
3194
3279
3195
3280
3196
3281
3197
3282
3198
3283
3199
3284
3200
3285
3201
3286
3202
3287
3203
3288
3204
3289
3205
3290
3206
3291
3207
3292
3208
3293
3209
3294
3210
3295
3211
3296
3212
3297
3213
3298
3214
3299
3215
3300
3216
3301
3217
3302
3218
3303
3219
3304
3220
3305
3221
3306
3222
3307
3223
3308
3224
3309
3225
3310
3226
3311
3227
3312
3228
3313
3229
3314
3230
3315
3231
3316
3232
3317
3233
3318
3234
3319
3235
3320
3236
3321
3237
3322
3238
3323
3239
3324
3240
3325
3241
3326
3242
3327
3243
3328
3244
3329
3245
3330
3246
3331
3247
3332
3248
3333
3249
3334
3250
3335
3251
3336
3252
3337
3253
3338
3254
3339
3340
6400
3256
3341
3257
3342
3258
3343
3259
3344
3260
3345
3261
3346
3262
3347
3263
3348
3264
3349
3265
3350
3266
3351
3267
3352
3268
3353
3269
3354
3270
3355
3271
3356
3272
3357
3273
3358
3274
3359
3275
3360
3276
3361
3277
3362
3278
3363
3279
3364
3280
3365
3281
3366
3282
3367
3283
3368
3284
3369
3285
3370
3286
3371
3287
3372
3288
3373
3289
3374
3290
3375
3291
3376
3292
3377
3293
3378
3294
3379
3295
3380
3296
3381
3297
3382
3298
3383
3299
3384
3300
3385
3301
3386
3302
3387
3303
3388
3304
3389
3305
3390
3306
3391
3307
3392
3308
3393
3309
3394
3310
3395
3311
3396
3312
3397
3313
3398
3314
3399
3315
3400
3316
3401
3317
3402
3318
3403
3319
3404
3320
3405
3321
3406
3322
3407
3323
3408
3324
3409
3325
3410
3326
3411
3327
3412
3328
3413
3329
3414
3330
3415
3331
3416
3332
3417
3333
3418
3334
3419
3335
3420
3336
3421
3337
3422
3338
3423
3339
3424
3340
3425
3426
6432
3342
3427
3343
3428
3344
3429
3345
3430
3346
3431
3347
3432
3348
3433
3349
3434
3350
3435
3351
3436
3352
3437
3353
3438
3354
3439
3355
3440
3356
3441
3357
3442
3358
3443
3359
3444
3360
3445
3361
3446
3362
3447
3363
3448
3364
3449
3365
3450
3366
3451
3367
3452
3368
3453
3369
3454
3370
3455
3371
3456
3372
3457
3373
3458
3374
3459
3375
3460
3376
3461
3377
3462
3378
3463
3379
3464
3380
3465
3381
3466
3382
3467
3383
3468
3384
3469
3385
3470
3386
3471
3387
3472
3388
3473
3389
3474
3390
3475
3391
3476
3392
3477
3393
3478
3394
3479
3395
3480
3396
3481
3397
3482
3398
3483
3399
3484
3400
3485
3401
3486
3402
3487
3403
3488
3404
3489
3405
3490
3406
3491
3407
3492
3408
3493
3409
3494
3410
3495
3411
3496
3412
3497
3413
3498
3414
3499
3415
3500
3416
3501
3417
3502
3418
3503
3419
3504
3420
3505
3421
3506
3422
3507
3423
3508
3424
3509
3425
3510
3426
3511
3512
6464
3428
3513
3429
3514
3430
3515
3431
3516
3432
3517
3433
3518
3434
3519
3435
3520
3436
3521
3437
3522
3438
3523
3439
3524
3440
3525
3441
3526
3442
3527
3443
3528
3444
3529
3445
3530
3446
3531
3447
3532
3448
3533
3449
3534
3450
3535
3451
3536
3452
3537
3453
3538
3454
3539
3455
3540
3456
3541
3457
3542
3458
3543
3459
3544
3460
3545
3461
3546
3462
3547
3463
3548
3464
3549
3465
3550
3466
3551
3467
3552
3468
3553
3469
3554
3470
3555
3471
3556
3472
3557
3473
3558
3474
3559
3475
3560
3476
3561
3477
3562
3478
3563
3479
3564
3480
3565
3481
3566
3482
3567
3483
3568
3484
3569
3485
3570
3486
3571
3487
3572
3488
3573
3489
3574
3490
3575
3491
3576
3492
3577
3493
3578
3494
3579
3495
3580
3496
3581
3497
3582
3498
3583
3499
3584
3500
3585
3501
3586
3502
3587
3503
3588
3504
3589
3505
3590
3506
3591
3507
3592
3508
3593
3509
3594
3510
3595
3511
3596
3512
3597
3598
6496
3514
3599
3515
3600
3516
3601
3517
3602
3518
3603
3519
3604
3520
3605
3521
3606
3522
3607
3523
3608
3524
3609
3525
3610
3526
3611
3527
3612
3528
3613
3529
3614
3530
3615
3531
3616
3532
3617
3533
3618
3534
3619
3535
3620
3536
3621
3537
3622
3538
3623
3539
3624
3540
3625
3541
3626
3542
3627
3543
3628
3544
3629
3545
3630
3546
3631
3547
3632
3548
3633
3549
3634
3550
3635
3551
3636
3552
3637
3553
3638
3554
3639
3555
3640
3556
3641
3557
3642
3558
3643
3559
3644
3560
3645
3561
3646
3562
3647
3563
3648
3564
3649
3565
3650
3566
3651
3567
3652
3568
3653
3569
3654
3570
3655
3571
3656
3572
3657
3573
3658
3574
3659
3575
3660
3576
3661
3577
3662
3578
3663
3579
3664
3580
3665
3581
3666
3582
3667
3583
3668
3584
3669
3585
3670
3586
3671
3587
3672
3588
3673
3589
3674
3590
3675
3591
3676
3592
3677
3593
3678
3594
3679
3595
3680
3596
3681
3597
3682
3598
3683
3684
6528
3600
3685
3601
3686
3602
3687
3603
3688
3604
3689
3605
3690
3606
3691
3607
3692
3608
3693
3609
3694
3610
3695
3611
3696
3612
3697
3613
3698
3614
3699
3615
3700
3616
3701
3617
3702
3618
3703
3619
3704
3620
3705
3621
3706
3622
3707
3623
3708
3624
3709
3625
3710
3626
3711
3627
3712
3628
3713
3629
3714
3630
3715
3631
3716
3632
3717
3633
3718
3634
3719
3635
3720
3636
3721
3637
3722
3638
3723
3639
3724
3640
3725
3641
3726
3642
3727
3643
3728
3644
3729
3645
3730
3646
3731
3647
3732
3648
3733
3649
3734
3650
3735
3651
3736
3652
3737
3653
3738
3654
3739
3655
3740
3656
3741
3657
3742
3658
3743
3659
3744
3660
3745
3661
3746
3662
3747
3663
3748
3664
3749
3665
3750
3666
3751
3667
3752
3668
3753
3669
3754
3670
3755
3671
3756
3672
3757
3673
3758
3674
3759
3675
3760
3676
3761
3677
3762
3678
3763
3679
3764
3680
3765
3681
3766
3682
3767
3683
3768
3684
3769
3770
6560
3686
3771
3687
3772
3688
3773
3689
3774
3690
3775
3691
3776
3692
3777
3693
3778
3694
3779
3695
3780
3696
3781
3697
3782
3698
3783
3699
3784
3700
3785
3701
3786
3702
3787
3703
3788
3704
3789
3705
3790
3706
3791
3707
3792
3708
3793
3709
3794
3710
3795
3711
3796
3712
3797
3713
3798
3714
3799
3715
3800
3716
3801
3717
3802
3718
3803
3719
3804
3720
3805
3721
3806
3722
3807
3723
3808
3724
3809
3725
3810
3726
3811
3727
3812
3728
3813
3729
3814
3730
3815
3731
3816
3732
3817
3733
3818
3734
3819
3735
3820
3736
3821
3737
3822
3738
3823
3739
3824
3740
3825
3741
3826
3742
3827
3743
3828
3744
3829
3745
3830
3746
3831
3747
3832
3748
3833
3749
3834
3750
3835
3751
3836
3752
3837
3753
3838
3754
3839
3755
3840
3756
3841
3757
3842
3758
3843
3759
3844
3760
3845
3761
3846
3762
3847
3763
3848
3764
3849
3765
3850
3766
3851
3767
3852
3768
3853
3769
3854
3770
3855
3856
6592
3772
3857
3773
3858
3774
3859
3775
3860
3776
3861
3777
3862
3778
3863
3779
3864
3780
3865
3781
3866
3782
3867
3783
3868
3784
3869
3785
3870
3786
3871
3787
3872
3788
3873
3789
3874
3790
3875
3791
3876
3792
3877
3793
3878
3794
3879
3795
3880
3796
3881
3797
3882
3798
3883
3799
3884
3800
3885
3801
3886
3802
3887
3803
3888
3804
3889
3805
3890
3806
3891
3807
3892
3808
3893
3809
3894
3810
3895
3811
3896
3812
3897
3813
3898
3814
3899
3815
3900
3816
3901
3817
3902
3818
3903
3819
3904
3820
3905
3821
3906
3822
3907
3823
3908
3824
3909
3825
3910
3826
3911
3827
3912
3828
3913
3829
3914
3830
3915
3831
3916
3832
3917
3833
3918
3834
3919
3835
3920
3836
3921
3837
3922
3838
3923
3839
3924
3840
3925
3841
3926
3842
3927
3843
3928
3844
3929
3845
3930
3846
3931
3847
3932
3848
3933
3849
3934
3850
3935
3851
3936
3852
3937
3853
3938
3854
3939
3855
3940
3856
3941
3942
6624
3858
3943
3859
3944
3860
3945
3861
3946
3862
3947
3863
3948
3864
3949
3865
3950
3866
3951
3867
3952
3868
3953
3869
3954
3870
3955
3871
3956
3872
3957
3873
3958
3874
3959
3875
3960
3876
3961
3877
3962
3878
3963
3879
3964
3880
3965
3881
3966
3882
3967
3883
3968
3884
3969
3885
3970
3886
3971
3887
3972
3888
3973
3889
3974
3890
3975
3891
3976
3892
3977
3893
3978
3894
3979
3895
3980
3896
3981
3897
3982
3898
3983
3899
3984
3900
3985
3901
3986
3902
3987
3903
3988
3904
3989
3905
3990
3906
3991
3907
3992
3908
3993
3909
3994
3910
3995
3911
3996
3912
3997
3913
3998
3914
3999
3915
4000
3916
4001
3917
4002
3918
4003
3919
4004
3920
4005
3921
4006
3922
4007
3923
4008
3924
4009
3925
4010
3926
4011
3927
4012
3928
4013
3929
4014
3930
4015
3931
4016
3932
4017
3933
4018
3934
4019
3935
4020
3936
4021
3937
4022
3938
4023
3939
4024
3940
4025
3941
4026
3942
4027
4028
6656
3944
4029
3945
4030
3946
4031
3947
4032
3948
4033
3949
4034
3950
4035
3951
4036
3952
4037
3953
4038
3954
4039
3955
4040
3956
4041
3957
4042
3958
4043
3959
4044
3960
4045
3961
4046
3962
4047
3963
4048
3964
4049
3965
4050
3966
4051
3967
4052
3968
4053
3969
4054
3970
4055
3971
4056
3972
4057
3973
4058
3974
4059
3975
4060
3976
4061
3977
4062
3978
4063
3979
4064
3980
4065
3981
4066
3982
4067
3983
4068
3984
4069
3985
4070
3986
4071
3987
4072
3988
4073
3989
4074
3990
4075
3991
4076
3992
4077
3993
4078
3994
4079
3995
4080
3996
4081
3997
4082
3998
4083
3999
4084
4000
4085
4001
4086
4002
4087
4003
4088
4004
4089
4005
4090
4006
4091
4007
4092
4008
4093
4009
4094
4010
4095
4011
4096
4012
4097
4013
4098
4014
4099
4015
4100
4016
4101
4017
4102
4018
4103
4019
4104
4020
4105
4021
4106
4022
4107
4023
4108
4024
4109
4025
4110
4026
4111
4027
4112
4028
4113
4114
6688
4030
4115
4031
4116
4032
4117
4033
4118
4034
4119
4035
4120
4036
4121
4037
4122
4038
4123
4039
4124
4040
4125
4041
4126
4042
4127
4043
4128
4044
4129
4045
4130
4046
4131
4047
4132
4048
4133
4049
4134
4050
4135
4051
4136
4052
4137
4053
4138
4054
4139
4055
4140
4056
4141
4057
4142
4058
4143
4059
4144
4060
4145
4061
4146
4062
4147
4063
4148
4064
4149
4065
4150
4066
4151
4067
4152
4068
4153
4069
4154
4070
4155
4071
4156
4072
4157
4073
4158
4074
4159
4075
4160
4076
4161
4077
4162
4078
4163
4079
4164
4080
4165
4081
4166
4082
4167
4083
4168
4084
4169
4085
4170
4086
4171
4087
4172
4088
4173
4089
4174
4090
4175
4091
4176
4092
4177
4093
4178
4094
4179
4095
4180
4096
4181
4097
4182
4098
4183
4099
4184
4100
4185
4101
4186
4102
4187
4103
4188
4104
4189
4105
4190
4106
4191
4107
4192
4108
4193
4109
4194
4110
4195
4111
4196
4112
4197
4113
4198
4114
4199
4200
6720
4116
4201
4117
4202
4118
4203
4119
4204
4120
4205
4121
4206
4122
4207
4123
4208
4124
4209
4125
4210
4126
4211
4127
4212
4128
4213
4129
4214
4130
4215
4131
4216
4132
4217
4133
4218
4134
4219
4135
4220
4136
4221
4137
4222
4138
4223
4139
4224
4140
4225
4141
4226
4142
4227
4143
4228
4144
4229
4145
4230
4146
4231
4147
4232
4148
4233
4149
4234
4150
4235
4151
4236
4152
4237
4153
4238
4154
4239
4155
4240
4156
4241
4157
4242
4158
4243
4159
4244
4160
4245
4161
4246
4162
4247
4163
4248
4164
4249
4165
4250
4166
4251
4167
4252
4168
4253
4169
4254
4170
4255
4171
4256
4172
4257
4173
4258
4174
4259
4175
4260
4176
4261
4177
4262
4178
4263
4179
4264
4180
4265
4181
4266
4182
4267
4183
4268
4184
4269
4185
4270
4186
4271
4187
4272
4188
4273
4189
4274
4190
4275
4191
4276
4192
4277
4193
4278
4194
4279
4195
4280
4196
4281
4197
4282
4198
4283
4199
4284
4200
4285
4286
6752
4202
4287
4203
4288
4204
4289
4205
4290
4206
4291
4207
4292
4208
4293
4209
4294
4210
4295
4211
4296
4212
4297
4213
4298
4214
4299
4215
4300
4216
4301
4217
4302
4218
4303
4219
4304
4220
4305
4221
4306
4222
4307
4223
4308
4224
4309
4225
4310
4226
4311
4227
4312
4228
4313
4229
4314
4230
4315
4231
4316
4232
4317
4233
4318
4234
4319
4235
4320
4236
4321
4237
4322
4238
4323
4239
4324
4240
4325
4241
4326
4242
4327
4243
4328
4244
4329
4245
4330
4246
4331
4247
4332
4248
4333
4249
4334
4250
4335
4251
4336
4252
4337
4253
4338
4254
4339
4255
4340
4256
4341
4257
4342
4258
4343
4259
4344
4260
4345
4261
4346
4262
4347
4263
4348
4264
4349
4265
4350
4266
4351
4267
4352
4268
4353
4269
4354
4270
4355
4271
4356
4272
4357
4273
4358
4274
4359
4275
4360
4276
4361
4277
4362
4278
4363
4279
4364
4280
4365
4281
4366
4282
4367
4283
4368
4284
4369
4285
4370
4286
4371
4372
6784
4288
4373
4289
4374
4290
4375
4291
4376
4292
4377
4293
4378
4294
4379
4295
4380
4296
4381
4297
4382
4298
4383
4299
4384
4300
4385
4301
4386
4302
4387
4303
4388
4304
4389
4305
4390
4306
4391
4307
4392
4308
4393
4309
4394
4310
4395
4311
4396
4312
4397
4313
4398
4314
4399
4315
4400
4316
4401
4317
4402
4318
4403
4319
4404
4320
4405
4321
4406
4322
4407
4323
4408
4324
4409
4325
4410
4326
4411
4327
4412
4328
4413
4329
4414
4330
4415
4331
4416
4332
4417
4333
4418
4334
4419
4335
4420
4336
4421
4337
4422
4338
4423
4339
4424
4340
4425
4341
4426
4342
4427
4343
4428
4344
4429
4345
4430
4346
4431
4347
4432
4348
4433
4349
4434
4350
4435
4351
4436
4352
4437
4353
4438
4354
4439
4355
4440
4356
4441
4357
4442
4358
4443
4359
4444
4360
4445
4361
4446
4362
4447
4363
4448
4364
4449
4365
4450
4366
4451
4367
4452
4368
4453
4369
4454
4370
4455
4371
4456
4372
4457
4458
6816
4374
4459
4375
4460
4376
4461
4377
4462
4378
4463
4379
4464
4380
4465
4381
4466
4382
4467
4383
4468
4384
4469
4385
4470
4386
4471
4387
4472
4388
4473
4389
4474
4390
4475
4391
4476
4392
4477
4393
4478
4394
4479
4395
4480
4396
4481
4397
4482
4398
4483
4399
4484
4400
4485
4401
4486
4402
4487
4403
4488
4404
4489
4405
4490
4406
4491
4407
4492
4408
4493
4409
4494
4410
4495
4411
4496
4412
4497
4413
4498
4414
4499
4415
4500
4416
4501
4417
4502
4418
4503
4419
4504
4420
4505
4421
4506
4422
4507
4423
4508
4424
4509
4425
4510
4426
4511
4427
4512
4428
4513
4429
4514
4430
4515
4431
4516
4432
4517
4433
4518
4434
4519
4435
4520
4436
4521
4437
4522
4438
4523
4439
4524
4440
4525
4441
4526
4442
4527
4443
4528
4444
4529
4445
4530
4446
4531
4447
4532
4448
4533
4449
4534
4450
4535
4451
4536
4452
4537
4453
4538
4454
4539
4455
4540
4456
4541
4457
4542
4458
4543
4544
6848
4460
4545
4461
4546
4462
4547
4463
4548
4464
4549
4465
4550
4466
4551
4467
4552
4468
4553
4469
4554
4470
4555
4471
4556
4472
4557
4473
4558
4474
4559
4475
4560
4476
4561
4477
4562
4478
4563
4479
4564
4480
4565
4481
4566
4482
4567
4483
4568
4484
4569
4485
4570
4486
4571
4487
4572
4488
4573
4489
4574
4490
4575
4491
4576
4492
4577
4493
4578
4494
4579
4495
4580
4496
4581
4497
4582
4498
4583
4499
4584
4500
4585
4501
4586
4502
4587
4503
4588
4504
4589
4505
4590
4506
4591
4507
4592
4508
4593
4509
4594
4510
4595
4511
4596
4512
4597
4513
4598
4514
4599
4515
4600
4516
4601
4517
4602
4518
4603
4519
4604
4520
4605
4521
4606
4522
4607
4523
4608
4524
4609
4525
4610
4526
4611
4527
4612
4528
4613
4529
4614
4530
4615
4531
4616
4532
4617
4533
4618
4534
4619
4535
4620
4536
4621
4537
4622
4538
4623
4539
4624
4540
4625
4541
4626
4542
4627
4543
4628
4544
4629
4630
6880
4546
4631
4547
4632
4548
4633
4549
4634
4550
4635
4551
4636
4552
4637
4553
4638
4554
4639
4555
4640
4556
4641
4557
4642
4558
4643
4559
4644
4560
4645
4561
4646
4562
4647
4563
4648
4564
4649
4565
4650
4566
4651
4567
4652
4568
4653
4569
4654
4570
4655
4571
4656
4572
4657
4573
4658
4574
4659
4575
4660
4576
4661
4577
4662
4578
4663
4579
4664
4580
4665
4581
4666
4582
4667
4583
4668
4584
4669
4585
4670
4586
4671
4587
4672
4588
4673
4589
4674
4590
4675
4591
4676
4592
4677
4593
4678
4594
4679
4595
4680
4596
4681
4597
4682
4598
4683
4599
4684
4600
4685
4601
4686
4602
4687
4603
4688
4604
4689
4605
4690
4606
4691
4607
4692
4608
4693
4609
4694
4610
4695
4611
4696
4612
4697
4613
4698
4614
4699
4615
4700
4616
4701
4617
4702
4618
4703
4619
4704
4620
4705
4621
4706
4622
4707
4623
4708
4624
4709
4625
4710
4626
4711
4627
4712
4628
4713
4629
4714
4630
4715
4716
6912
4632
4717
4633
4718
4634
4719
4635
4720
4636
4721
4637
4722
4638
4723
4639
4724
4640
4725
4641
4726
4642
4727
4643
4728
4644
4729
4645
4730
4646
4731
4647
4732
4648
4733
4649
4734
4650
4735
4651
4736
4652
4737
4653
4738
4654
4739
4655
4740
4656
4741
4657
4742
4658
4743
4659
4744
4660
4745
4661
4746
4662
4747
4663
4748
4664
4749
4665
4750
4666
4751
4667
4752
4668
4753
4669
4754
4670
4755
4671
4756
4672
4757
4673
4758
4674
4759
4675
4760
4676
4761
4677
4762
4678
4763
4679
4764
4680
4765
4681
4766
4682
4767
4683
4768
4684
4769
4685
4770
4686
4771
4687
4772
4688
4773
4689
4774
4690
4775
4691
4776
4692
4777
4693
4778
4694
4779
4695
4780
4696
4781
4697
4782
4698
4783
4699
4784
4700
4785
4701
4786
4702
4787
4703
4788
4704
4789
4705
4790
4706
4791
4707
4792
4708
4793
4709
4794
4710
4795
4711
4796
4712
4797
4713
4798
4714
4799
4715
4800
4716
4801
4802
6944
4718
4803
4719
4804
4720
4805
4721
4806
4722
4807
4723
4808
4724
4809
4725
4810
4726
4811
4727
4812
4728
4813
4729
4814
4730
4815
4731
4816
4732
4817
4733
4818
4734
4819
4735
4820
4736
4821
4737
4822
4738
4823
4739
4824
4740
4825
4741
4826
4742
4827
4743
4828
4744
4829
4745
4830
4746
4831
4747
4832
4748
4833
4749
4834
4750
4835
4751
4836
4752
4837
4753
4838
4754
4839
4755
4840
4756
4841
4757
4842
4758
4843
4759
4844
4760
4845
4761
4846
4762
4847
4763
4848
4764
4849
4765
4850
4766
4851
4767
4852
4768
4853
4769
4854
4770
4855
4771
4856
4772
4857
4773
4858
4774
4859
4775
4860
4776
4861
4777
4862
4778
4863
4779
4864
4780
4865
4781
4866
4782
4867
4783
4868
4784
4869
4785
4870
4786
4871
4787
4872
4788
4873
4789
4874
4790
4875
4791
4876
4792
4877
4793
4878
4794
4879
4795
4880
4796
4881
4797
4882
4798
4883
4799
4884
4800
4885
4801
4886
4802
4887
4888
6976
4804
4889
4805
4890
4806
4891
4807
4892
4808
4893
4809
4894
4810
4895
4811
4896
4812
4897
4813
4898
4814
4899
4815
4900
4816
4901
4817
4902
4818
4903
4819
4904
4820
4905
4821
4906
4822
4907
4823
4908
4824
4909
4825
4910
4826
4911
4827
4912
4828
4913
4829
4914
4830
4915
4831
4916
4832
4917
4833
4918
4834
4919
4835
4920
4836
4921
4837
4922
4838
4923
4839
4924
4840
4925
4841
4926
4842
4927
4843
4928
4844
4929
4845
4930
4846
4931
4847
4932
4848
4933
4849
4934
4850
4935
4851
4936
4852
4937
4853
4938
4854
4939
4855
4940
4856
4941
4857
4942
4858
4943
4859
4944
4860
4945
4861
4946
4862
4947
4863
4948
4864
4949
4865
4950
4866
4951
4867
4952
4868
4953
4869
4954
4870
4955
4871
4956
4872
4957
4873
4958
4874
4959
4875
4960
4876
4961
4877
4962
4878
4963
4879
4964
4880
4965
4881
4966
4882
4967
4883
4968
4884
4969
4885
4970
4886
4971
4887
4972
4888
4973
4974
7008
4890
4975
4891
4976
4892
4977
4893
4978
4894
4979
4895
4980
4896
4981
4897
4982
4898
4983
4899
4984
4900
4985
4901
4986
4902
4987
4903
4988
4904
4989
4905
4990
4906
4991
4907
4992
4908
4993
4909
4994
4910
4995
4911
4996
4912
4997
4913
4998
4914
4999
4915
5000
4916
5001
4917
5002
4918
5003
4919
5004
4920
5005
4921
5006
4922
5007
4923
5008
4924
5009
4925
5010
4926
5011
4927
5012
4928
5013
4929
5014
4930
5015
4931
5016
4932
5017
4933
5018
4934
5019
4935
5020
4936
5021
4937
5022
4938
5023
4939
5024
4940
5025
4941
5026
4942
5027
4943
5028
4944
5029
4945
5030
4946
5031
4947
5032
4948
5033
4949
5034
4950
5035
4951
5036
4952
5037
4953
5038
4954
5039
4955
5040
4956
5041
4957
5042
4958
5043
4959
5044
4960
5045
4961
5046
4962
5047
4963
5048
4964
5049
4965
5050
4966
5051
4967
5052
4968
5053
4969
5054
4970
5055
4971
5056
4972
5057
4973
5058
4974
5059
5060
7040
4976
5061
4977
5062
4978
5063
4979
5064
4980
5065
4981
5066
4982
5067
4983
5068
4984
5069
4985
5070
4986
5071
4987
5072
4988
5073
4989
5074
4990
5075
4991
5076
4992
5077
4993
5078
4994
5079
4995
5080
4996
5081
4997
5082
4998
5083
4999
5084
5000
5085
5001
5086
5002
5087
5003
5088
5004
5089
5005
5090
5006
5091
5007
5092
5008
5093
5009
5094
5010
5095
5011
5096
5012
5097
5013
5098
5014
5099
5015
5100
5016
5101
5017
5102
5018
5103
5019
5104
5020
5105
5021
5106
5022
5107
5023
5108
5024
5109
5025
5110
5026
5111
5027
5112
5028
5113
5029
5114
5030
5115
5031
5116
5032
5117
5033
5118
5034
5119
5035
5120
5036
5121
5037
5122
5038
5123
5039
5124
5040
5125
5041
5126
5042
5127
5043
5128
5044
5129
5045
5130
5046
5131
5047
5132
5048
5133
5049
5134
5050
5135
5051
5136
5052
5137
5053
5138
5054
5139
5055
5140
5056
5141
5057
5142
5058
5143
5059
5144
5060
5145
5146
7072
5062
5147
5063
5148
5064
5149
5065
5150
5066
5151
5067
5152
5068
5153
5069
5154
5070
5155
5071
5156
5072
5157
5073
5158
5074
5159
5075
5160
5076
5161
5077
5162
5078
5163
5079
5164
5080
5165
5081
5166
5082
5167
5083
5168
5084
5169
5085
5170
5086
5171
5087
5172
5088
5173
5089
5174
5090
5175
5091
5176
5092
5177
5093
5178
5094
5179
5095
5180
5096
5181
5097
5182
5098
5183
5099
5184
5100
5185
5101
5186
5102
5187
5103
5188
5104
5189
5105
5190
5106
5191
5107
5192
5108
5193
5109
5194
5110
5195
5111
5196
5112
5197
5113
5198
5114
5199
5115
5200
5116
5201
5117
5202
5118
5203
5119
5204
5120
5205
5121
5206
5122
5207
5123
5208
5124
5209
5125
5210
5126
5211
5127
5212
5128
5213
5129
5214
5130
5215
5131
5216
5132
5217
5133
5218
5134
5219
5135
5220
5136
5221
5137
5222
5138
5223
5139
5224
5140
5225
5141
5226
5142
5227
5143
5228
5144
5229
5145
5230
5146
5231
5232
7104
5148
5149
5150
5151
5152
5153
5154
5155
5156
5157
5158
5159
5160
5161
5162
5163
5164
5165
5166
5167
5168
5169
5170
5171
5172
5173
5174
5175
5176
5177
5178
5179
5180
5181
5182
5183
5184
5185
5186
5187
5188
5189
5190
5191
5192
5193
5194
5195
5196
5197
5198
5199
5200
5201
5202
5203
5204
5205
5206
5207
5208
5209
5210
5211
5212
5213
5214
5215
5216
5217
5218
5219
5220
5221
5222
5223
5224
5225
5226
5227
5228
5229
5230
5231
5232
7136
5234
5266
5235
5267
5236
5268
5237
5269
5238
5270
5239
5271
5240
5272
5241
5273
5242
5274
5243
5275
5244
5276
5245
5277
5246
5278
5247
5279
5248
5280
5249
5281
5250
5282
5251
5283
5252
5284
5253
5285
5254
5286
5255
5287
5256
5288
5257
5289
5258
5290
5259
5291
5260
5292
5261
5293
5262
5294
5263
5295
5264
5296
5265
5297
5298
5267
5299
5268
5300
5269
5301
5270
5302
5271
5303
5272
5304
5273
5305
5274
5306
5275
5307
5276
5308
5277
5309
5278
5310
5279
5311
5280
5312
5281
5313
5282
5314
5283
5315
5284
5316
5285
5317
5286
5318
5287
5319
5288
5320
5289
5321
5290
5322
5291
5323
5292
5324
5293
5325
5294
5326
5295
5327
5296
5328
5297
5329
5298
5330
5331
5300
5332
5301
5333
5302
5334
5303
5335
5304
5336
5305
5337
5306
5338
5307
5339
5308
5340
5309
5341
5310
5342
5311
5343
5312
5344
5313
5345
5314
5346
5315
5347
5316
5348
5317
5349
5318
5350
5319
5351
5320
5352
5321
5353
5322
5354
5323
5355
5324
5356
5325
5357
5326
5358
5327
5359
5328
5360
5329
5361
5330
5362
5331
5363
5364
5333
5365
5334
5366
5335
5367
5336
5368
5337
5369
5338
5370
5339
5371
5340
5372
5341
5373
5342
5374
5343
5375
5344
5376
5345
5377
5346
5378
5347
5379
5348
5380
5349
5381
5350
5382
5351
5383
5352
5384
5353
5385
5354
5386
5355
5387
5356
5388
5357
5389
5358
5390
5359
5391
5360
5392
5361
5393
5362
5394
5363
5395
5364
5396
5397
5366
5398
5367
5399
5368
5400
5369
5401
5370
5402
5371
5403
5372
5404
5373
5405
5374
5406
5375
5407
5376
5408
5377
5409
5378
5410
5379
5411
5380
5412
5381
5413
5382
5414
5383
5415
5384
5416
5385
5417
5386
5418
5387
5419
5388
5420
5389
5421
5390
5422
5391
5423
5392
5424
5393
5425
5394
5426
5395
5427
5396
5428
5397
5429
5430
5399
5431
5400
5432
5401
5433
5402
5434
5403
5435
5404
5436
5405
5437
5406
5438
5407
5439
5408
5440
5409
5441
5410
5442
5411
5443
5412
5444
5413
5445
5414
5446
5415
5447
5416
5448
5417
5449
5418
5450
5419
5451
5420
5452
5421
5453
5422
5454
5423
5455
5424
5456
5425
5457
5426
5458
5427
5459
5428
5460
5429
5461
5430
5462
5463
5432
5464
5433
5465
5434
5466
5435
5467
5436
5468
5437
5469
5438
5470
5439
5471
5440
5472
5441
5473
5442
5474
5443
5475
5444
5476
5445
5477
5446
5478
5447
5479
5448
5480
5449
5481
5450
5482
5451
5483
5452
5484
5453
5485
5454
5486
5455
5487
5456
5488
5457
5489
5458
5490
5459
5491
5460
5492
5461
5493
5462
5494
5463
5495
5496
5465
5497
5466
5498
5467
5499
5468
5500
5469
5501
5470
5502
5471
5503
5472
5504
5473
5505
5474
5506
5475
5507
5476
5508
5477
5509
5478
5510
5479
5511
5480
5512
5481
5513
5482
5514
5483
5515
5484
5516
5485
5517
5486
5518
5487
5519
5488
5520
5489
5521
5490
5522
5491
5523
5492
5524
5493
5525
5494
5526
5495
5527
5496
5528
5529
5498
5530
5499
5531
5500
5532
5501
5533
5502
5534
5503
5535
5504
5536
5505
5537
5506
5538
5507
5539
5508
5540
5509
5541
5510
5542
5511
5543
5512
5544
5513
5545
5514
5546
5515
5547
5516
5548
5517
5549
5518
5550
5519
5551
5520
5552
5521
5553
5522
5554
5523
5555
5524
5556
5525
5557
5526
5558
5527
5559
5528
5560
5529
5561
5562
5531
5563
5532
5564
5533
5565
5534
5566
5535
5567
5536
5568
5537
5569
5538
5570
5539
5571
5540
5572
5541
5573
5542
5574
5543
5575
5544
5576
5545
5577
5546
5578
5547
5579
5548
5580
5549
5581
5550
5582
5551
5583
5552
5584
5553
5585
5554
5586
5555
5587
5556
5588
5557
5589
5558
5590
5559
5591
5560
5592
5561
5593
5562
5594
5595
5564
5596
5565
5597
5566
5598
5567
5599
5568
5600
5569
5601
5570
5602
5571
5603
5572
5604
5573
5605
5574
5606
5575
5607
5576
5608
5577
5609
5578
5610
5579
5611
5580
5612
5581
5613
5582
5614
5583
5615
5584
5616
5585
5617
5586
5618
5587
5619
5588
5620
5589
5621
5590
5622
5591
5623
5592
5624
5593
5625
5594
5626
5595
5627
5628
5597
5629
5598
5630
5599
5631
5600
5632
5601
5633
5602
5634
5603
5635
5604
5636
5605
5637
5606
5638
5607
5639
5608
5640
5609
5641
5610
5642
5611
5643
5612
5644
5613
5645
5614
5646
5615
5647
5616
5648
5617
5649
5618
5650
5619
5651
5620
5652
5621
5653
5622
5654
5623
5655
5624
5656
5625
5657
5626
5658
5627
5659
5628
5660
5661
5630
5662
5631
5663
5632
5664
5633
5665
5634
5666
5635
5667
5636
5668
5637
5669
5638
5670
5639
5671
5640
5672
5641
5673
5642
5674
5643
5675
5644
5676
5645
5677
5646
5678
5647
5679
5648
5680
5649
5681
5650
5682
5651
5683
5652
5684
5653
5685
5654
5686
5655
5687
5656
5688
5657
5689
5658
5690
5659
5691
5660
5692
5661
5693
5694
5663
5695
5664
5696
5665
5697
5666
5698
5667
5699
5668
5700
5669
5701
5670
5702
5671
5703
5672
5704
5673
5705
5674
5706
5675
5707
5676
5708
5677
5709
5678
5710
5679
5711
5680
5712
5681
5713
5682
5714
5683
5715
5684
5716
5685
5717
5686
5718
5687
5719
5688
5720
5689
5721
5690
5722
5691
5723
5692
5724
5693
5725
5694
5726
5727
5696
5728
5697
5729
5698
5730
5699
5731
5700
5732
5701
5733
5702
5734
5703
5735
5704
5736
5705
5737
5706
5738
5707
5739
5708
5740
5709
5741
5710
5742
5711
5743
5712
5744
5713
5745
5714
5746
5715
5747
5716
5748
5717
5749
5718
5750
5719
5751
5720
5752
5721
5753
5722
5754
5723
5755
5724
5756
5725
5757
5726
5758
5727
5759
5729
5760
5730
5761
5731
5762
5732
5763
5733
5764
5734
5765
5735
5766
5736
5767
5737
5768
5738
5769
5739
5770
5740
5771
5741
5772
5742
5773
5743
5774
5744
5775
5745
5776
5746
5777
5747
5778
5748
5779
5749
5780
5750
5781
5751
5782
5752
5783
5753
5784
5754
5785
5755
5786
5756
5787
5757
5788
5758
5789
5759
5790
5791
5761
5792
5762
5793
5763
5794
5764
5795
5765
5796
5766
5797
5767
5798
5768
5799
5769
5800
5770
5801
5771
5802
5772
5803
5773
5804
5774
5805
5775
5806
5776
5807
5777
5808
5778
5809
5779
5810
5780
5811
5781
5812
5782
5813
5783
5814
5784
5815
5785
5816
5786
5817
5787
5818
5788
5819
5789
5820
5790
5821
5791
5822
5823
5793
5824
5794
5825
5795
5826
5796
5827
5797
5828
5798
5829
5799
5830
5800
5831
5801
5832
5802
5833
5803
5834
5804
5835
5805
5836
5806
5837
5807
5838
5808
5839
5809
5840
5810
5841
5811
5842
5812
5843
5813
5844
5814
5845
5815
5846
5816
5847
5817
5848
5818
5849
5819
5850
5820
5851
5821
5852
5822
5853
5823
5854
5855
5825
5856
5826
5857
5827
5858
5828
5859
5829
5860
5830
5861
5831
5862
5832
5863
5833
5864
5834
5865
5835
5866
5836
5867
5837
5868
5838
5869
5839
5870
5840
5871
5841
5872
5842
5873
5843
5874
5844
5875
5845
5876
5846
5877
5847
5878
5848
5879
5849
5880
5850
5881
5851
5882
5852
5883
5853
5884
5854
5885
5855
5886
5887
5857
5888
5858
5889
5859
5890
5860
5891
5861
5892
5862
5893
5863
5894
5864
5895
5865
5896
5866
5897
5867
5898
5868
5899
5869
5900
5870
5901
5871
5902
5872
5903
5873
5904
5874
5905
5875
5906
5876
5907
5877
5908
5878
5909
5879
5910
5880
5911
5881
5912
5882
5913
5883
5914
5884
5915
5885
5916
5886
5917
5887
5918
5919
5889
5920
5890
5921
5891
5922
5892
5923
5893
5924
5894
5925
5895
5926
5896
5927
5897
5928
5898
5929
5899
5930
5900
5931
5901
5932
5902
5933
5903
5934
5904
5935
5905
5936
5906
5937
5907
5938
5908
5939
5909
5940
5910
5941
5911
5942
5912
5943
5913
5944
5914
5945
5915
5946
5916
5947
5917
5948
5918
5949
5919
5950
5951
5921
5952
5922
5953
5923
5954
5924
5955
5925
5956
5926
5957
5927
5958
5928
5959
5929
5960
5930
5961
5931
5962
5932
5963
5933
5964
5934
5965
5935
5966
5936
5967
5937
5968
5938
5969
5939
5970
5940
5971
5941
5972
5942
5973
5943
5974
5944
5975
5945
5976
5946
5977
5947
5978
5948
5979
5949
5980
5950
5981
5951
5982
5983
5953
5984
5954
5985
5955
5986
5956
5987
5957
5988
5958
5989
5959
5990
5960
5991
5961
5992
5962
5993
5963
5994
5964
5995
5965
5996
5966
5997
5967
5998
5968
5999
5969
6000
5970
6001
5971
6002
5972
6003
5973
6004
5974
6005
5975
6006
5976
6007
5977
6008
5978
6009
5979
6010
5980
6011
5981
6012
5982
6013
5983
6014
6015
5985
6016
5986
6017
5987
6018
5988
6019
5989
6020
5990
6021
5991
6022
5992
6023
5993
6024
5994
6025
5995
6026
5996
6027
5997
6028
5998
6029
5999
6030
6000
6031
6001
6032
6002
6033
6003
6034
6004
6035
6005
6036
6006
6037
6007
6038
6008
6039
6009
6040
6010
6041
6011
6042
6012
6043
6013
6044
6014
6045
6015
6046
6047
6017
6048
6018
6049
6019
6050
6020
6051
6021
6052
6022
6053
6023
6054
6024
6055
6025
6056
6026
6057
6027
6058
6028
6059
6029
6060
6030
6061
6031
6062
6032
6063
6033
6064
6034
6065
6035
6066
6036
6067
6037
6068
6038
6069
6039
6070
6040
6071
6041
6072
6042
6073
6043
6074
6044
6075
6045
6076
6046
6077
6047
6078
6079
6049
6080
6050
6081
6051
6082
6052
6083
6053
6084
6054
6085
6055
6086
6056
6087
6057
6088
6058
6089
6059
6090
6060
6091
6061
6092
6062
6093
6063
6094
6064
6095
6065
6096
6066
6097
6067
6098
6068
6099
6069
6100
6070
6101
6071
6102
6072
6103
6073
6104
6074
6105
6075
6106
6076
6107
6077
6108
6078
6109
6079
6110
6111
6081
6112
6082
6113
6083
6114
6084
6115
6085
6116
6086
6117
6087
6118
6088
6119
6089
6120
6090
6121
6091
6122
6092
6123
6093
6124
6094
6125
6095
6126
6096
6127
6097
6128
6098
6129
6099
6130
6100
6131
6101
6132
6102
6133
6103
6134
6104
6135
6105
6136
6106
6137
6107
6138
6108
6139
6109
6140
6110
6141
6111
6142
6143
6113
6144
6114
6145
6115
6146
6116
6147
6117
6148
6118
6149
6119
6150
6120
6151
6121
6152
6122
6153
6123
6154
6124
6155
6125
6156
6126
6157
6127
6158
6128
6159
6129
6160
6130
6161
6131
6162
6132
6163
6133
6164
6134
6165
6135
6166
6136
6167
6137
6168
6138
6169
6139
6170
6140
6171
6141
6172
6142
6173
6143
6174
6175
6145
6176
6146
6177
6147
6178
6148
6179
6149
6180
6150
6181
6151
6182
6152
6183
6153
6184
6154
6185
6155
6186
6156
6187
6157
6188
6158
6189
6159
6190
6160
6191
6161
6192
6162
6193
6163
6194
6164
6195
6165
6196
6166
6197
6167
6198
6168
6199
6169
6200
6170
6201
6171
6202
6172
6203
6173
6204
6174
6205
6175
6206
6207
6177
6208
6178
6209
6179
6210
6180
6211
6181
6212
6182
6213
6183
6214
6184
6215
6185
6216
6186
6217
6187
6218
6188
6219
6189
6220
6190
6221
6191
6222
6192
6223
6193
6224
6194
6225
6195
6226
6196
6227
6197
6228
6198
6229
6199
6230
6200
6231
6201
6232
6202
6233
6203
6234
6204
6235
6205
6236
6206
6237
6207
6238
6239
6209
6240
6210
6241
6211
6242
6212
6243
6213
6244
6214
6245
6215
6246
6216
6247
6217
6248
6218
6249
6219
6250
6220
6251
6221
6252
6222
6253
6223
6254
6224
6255
6225
6256
6226
6257
6227
6258
6228
6259
6229
6260
6230
6261
6231
6262
6232
6263
6233
6264
6234
6265
6235
6266
6236
6267
6237
6268
6238
6269
6239
6270
6271
6241
6272
6242
6273
6243
6274
6244
6275
6245
6276
6246
6277
6247
6278
6248
6279
6249
6280
6250
6281
6251
6282
6252
6283
6253
6284
6254
6285
6255
6286
6256
6287
6257
6288
6258
6289
6259
6290
6260
6291
6261
6292
6262
6293
6263
6294
6264
6295
6265
6296
6266
6297
6267
6298
6268
6299
6269
6300
6270
6301
6271
6302
6303
6273
6304
6274
6305
6275
6306
6276
6307
6277
6308
6278
6309
6279
6310
6280
6311
6281
6312
6282
6313
6283
6314
6284
6315
6285
6316
6286
6317
6287
6318
6288
6319
6289
6320
6290
6321
6291
6322
6292
6323
6293
6324
6294
6325
6295
6326
6296
6327
6297
6328
6298
6329
6299
6330
6300
6331
6301
6332
6302
6333
6303
6334
6335
6305
6336
6306
6337
6307
6338
6308
6339
6309
6340
6310
6341
6311
6342
6312
6343
6313
6344
6314
6345
6315
6346
6316
6347
6317
6348
6318
6349
6319
6350
6320
6351
6321
6352
6322
6353
6323
6354
6324
6355
6325
6356
6326
6357
6327
6358
6328
6359
6329
6360
6330
6361
6331
6362
6332
6363
6333
6364
6334
6365
6335
6366
6367
6337
6368
6338
6369
6339
6370
6340
6371
6341
6372
6342
6373
6343
6374
6344
6375
6345
6376
6346
6377
6347
6378
6348
6379
6349
6380
6350
6381
6351
6382
6352
6383
6353
6384
6354
6385
6355
6386
6356
6387
6357
6388
6358
6389
6359
6390
6360
6391
6361
6392
6362
6393
6363
6394
6364
6395
6365
6396
6366
6397
6367
6398
6399
6369
6400
6370
6401
6371
6402
6372
6403
6373
6404
6374
6405
6375
6406
6376
6407
6377
6408
6378
6409
6379
6410
6380
6411
6381
6412
6382
6413
6383
6414
6384
6415
6385
6416
6386
6417
6387
6418
6388
6419
6389
6420
6390
6421
6391
6422
6392
6423
6393
6424
6394
6425
6395
6426
6396
6427
6397
6428
6398
6429
6399
6430
6431
6401
6432
6402
6433
6403
6434
6404
6435
6405
6436
6406
6437
6407
6438
6408
6439
6409
6440
6410
6441
6411
6442
6412
6443
6413
6444
6414
6445
6415
6446
6416
6447
6417
6448
6418
6449
6419
6450
6420
6451
6421
6452
6422
6453
6423
6454
6424
6455
6425
6456
6426
6457
6427
6458
6428
6459
6429
6460
6430
6461
6431
6462
6463
6433
6464
6434
6465
6435
6466
6436
6467
6437
6468
6438
6469
6439
6470
6440
6471
6441
6472
6442
6473
6443
6474
6444
6475
6445
6476
6446
6477
6447
6478
6448
6479
6449
6480
6450
6481
6451
6482
6452
6483
6453
6484
6454
6485
6455
6486
6456
6487
6457
6488
6458
6489
6459
6490
6460
6491
6461
6492
6462
6493
6463
6494
6495
6465
6496
6466
6497
6467
6498
6468
6499
6469
6500
6470
6501
6471
6502
6472
6503
6473
6504
6474
6505
6475
6506
6476
6507
6477
6508
6478
6509
6479
6510
6480
6511
6481
6512
6482
6513
6483
6514
6484
6515
6485
6516
6486
6517
6487
6518
6488
6519
6489
6520
6490
6521
6491
6522
6492
6523
6493
6524
6494
6525
6495
6526
6527
6497
6528
6498
6529
6499
6530
6500
6531
6501
6532
6502
6533
6503
6534
6504
6535
6505
6536
6506
6537
6507
6538
6508
6539
6509
6540
6510
6541
6511
6542
6512
6543
6513
6544
6514
6545
6515
6546
6516
6547
6517
6548
6518
6549
6519
6550
6520
6551
6521
6552
6522
6553
6523
6554
6524
6555
6525
6556
6526
6557
6527
6558
6559
6529
6560
6530
6561
6531
6562
6532
6563
6533
6564
6534
6565
6535
6566
6536
6567
6537
6568
6538
6569
6539
6570
6540
6571
6541
6572
6542
6573
6543
6574
6544
6575
6545
6576
6546
6577
6547
6578
6548
6579
6549
6580
6550
6581
6551
6582
6552
6583
6553
6584
6554
6585
6555
6586
6556
6587
6557
6588
6558
6589
6559
6590
6591
6561
6592
6562
6593
6563
6594
6564
6595
6565
6596
6566
6597
6567
6598
6568
6599
6569
6600
6570
6601
6571
6602
6572
6603
6573
6604
6574
6605
6575
6606
6576
6607
6577
6608
6578
6609
6579
6610
6580
6611
6581
6612
6582
6613
6583
6614
6584
6615
6585
6616
6586
6617
6587
6618
6588
6619
6589
6620
6590
6621
6591
6622
6623
6593
6624
6594
6625
6595
6626
6596
6627
6597
6628
6598
6629
6599
6630
6600
6631
6601
6632
6602
6633
6603
6634
6604
6635
6605
6636
6606
6637
6607
6638
6608
6639
6609
6640
6610
6641
6611
6642
6612
6643
6613
6644
6614
6645
6615
6646
6616
6647
6617
6648
6618
6649
6619
6650
6620
6651
6621
6652
6622
6653
6623
6654
6655
6625
6656
6626
6657
6627
6658
6628
6659
6629
6660
6630
6661
6631
6662
6632
6663
6633
6664
6634
6665
6635
6666
6636
6667
6637
6668
6638
6669
6639
6670
6640
6671
6641
6672
6642
6673
6643
6674
6644
6675
6645
6676
6646
6677
6647
6678
6648
6679
6649
6680
6650
6681
6651
6682
6652
6683
6653
6684
6654
6685
6655
6686
6687
6657
6688
6658
6689
6659
6690
6660
6691
6661
6692
6662
6693
6663
6694
6664
6695
6665
6696
6666
6697
6667
6698
6668
6699
6669
6700
6670
6701
6671
6702
6672
6703
6673
6704
6674
6705
6675
6706
6676
6707
6677
6708
6678
6709
6679
6710
6680
6711
6681
6712
6682
6713
6683
6714
6684
6715
6685
6716
6686
6717
6687
6718
6719
6689
6720
6690
6721
6691
6722
6692
6723
6693
6724
6694
6725
6695
6726
6696
6727
6697
6728
6698
6729
6699
6730
6700
6731
6701
6732
6702
6733
6703
6734
6704
6735
6705
6736
6706
6737
6707
6738
6708
6739
6709
6740
6710
6741
6711
6742
6712
6743
6713
6744
6714
6745
6715
6746
6716
6747
6717
6748
6718
6749
6719
6750
6751
6721
6752
6722
6753
6723
6754
6724
6755
6725
6756
6726
6757
6727
6758
6728
6759
6729
6760
6730
6761
6731
6762
6732
6763
6733
6764
6734
6765
6735
6766
6736
6767
6737
6768
6738
6769
6739
6770
6740
6771
6741
6772
6742
6773
6743
6774
6744
6775
6745
6776
6746
6777
6747
6778
6748
6779
6749
6780
6750
6781
6751
6782
6783
6753
6784
6754
6785
6755
6786
6756
6787
6757
6788
6758
6789
6759
6790
6760
6791
6761
6792
6762
6793
6763
6794
6764
6795
6765
6796
6766
6797
6767
6798
6768
6799
6769
6800
6770
6801
6771
6802
6772
6803
6773
6804
6774
6805
6775
6806
6776
6807
6777
6808
6778
6809
6779
6810
6780
6811
6781
6812
6782
6813
6783
6814
6815
6785
6816
6786
6817
6787
6818
6788
6819
6789
6820
6790
6821
6791
6822
6792
6823
6793
6824
6794
6825
6795
6826
6796
6827
6797
6828
6798
6829
6799
6830
6800
6831
6801
6832
6802
6833
6803
6834
6804
6835
6805
6836
6806
6837
6807
6838
6808
6839
6809
6840
6810
6841
6811
6842
6812
6843
6813
6844
6814
6845
6815
6846
6847
6817
6848
6818
6849
6819
6850
6820
6851
6821
6852
6822
6853
6823
6854
6824
6855
6825
6856
6826
6857
6827
6858
6828
6859
6829
6860
6830
6861
6831
6862
6832
6863
6833
6864
6834
6865
6835
6866
6836
6867
6837
6868
6838
6869
6839
6870
6840
6871
6841
6872
6842
6873
6843
6874
6844
6875
6845
6876
6846
6877
6847
6878
6879
6849
6880
6850
6881
6851
6882
6852
6883
6853
6884
6854
6885
6855
6886
6856
6887
6857
6888
6858
6889
6859
6890
6860
6891
6861
6892
6862
6893
6863
6894
6864
6895
6865
6896
6866
6897
6867
6898
6868
6899
6869
6900
6870
6901
6871
6902
6872
6903
6873
6904
6874
6905
6875
6906
6876
6907
6877
6908
6878
6909
6879
6910
6911
6881
6912
6882
6913
6883
6914
6884
6915
6885
6916
6886
6917
6887
6918
6888
6919
6889
6920
6890
6921
6891
6922
6892
6923
6893
6924
6894
6925
6895
6926
6896
6927
6897
6928
6898
6929
6899
6930
6900
6931
6901
6932
6902
6933
6903
6934
6904
6935
6905
6936
6906
6937
6907
6938
6908
6939
6909
6940
6910
6941
6911
6942
6943
6913
6944
6914
6945
6915
6946
6916
6947
6917
6948
6918
6949
6919
6950
6920
6951
6921
6952
6922
6953
6923
6954
6924
6955
6925
6956
6926
6957
6927
6958
6928
6959
6929
6960
6930
6961
6931
6962
6932
6963
6933
6964
6934
6965
6935
6966
6936
6967
6937
6968
6938
6969
6939
6970
6940
6971
6941
6972
6942
6973
6943
6974
6975
6945
6976
6946
6977
6947
6978
6948
6979
6949
6980
6950
6981
6951
6982
6952
6983
6953
6984
6954
6985
6955
6986
6956
6987
6957
6988
6958
6989
6959
6990
6960
6991
6961
6992
6962
6993
6963
6994
6964
6995
6965
6996
6966
6997
6967
6998
6968
6999
6969
7000
6970
7001
6971
7002
6972
7003
6973
7004
6974
7005
6975
7006
7007
6977
7008
6978
7009
6979
7010
6980
7011
6981
7012
6982
7013
6983
7014
6984
7015
6985
7016
6986
7017
6987
7018
6988
7019
6989
7020
6990
7021
6991
7022
6992
7023
6993
7024
6994
7025
6995
7026
6996
7027
6997
7028
6998
7029
6999
7030
7000
7031
7001
7032
7002
7033
7003
7034
7004
7035
7005
7036
7006
7037
7007
7038
7039
7009
7040
7010
7041
7011
7042
7012
7043
7013
7044
7014
7045
7015
7046
7016
7047
7017
7048
7018
7049
7019
7050
7020
7051
7021
7052
7022
7053
7023
7054
7024
7055
7025
7056
7026
7057
7027
7058
7028
7059
7029
7060
7030
7061
7031
7062
7032
7063
7033
7064
7034
7065
7035
7066
7036
7067
7037
7068
7038
7069
7039
7070
7071
7041
7072
7042
7073
7043
7074
7044
7075
7045
7076
7046
7077
7047
7078
7048
7079
7049
7080
7050
7081
7051
7082
7052
7083
7053
7084
7054
7085
7055
7086
7056
7087
7057
7088
7058
7089
7059
7090
7060
7091
7061
7092
7062
7093
7063
7094
7064
7095
7065
7096
7066
7097
7067
7098
7068
7099
7069
7100
7070
7101
7071
7102
7103
7073
7104
7074
7105
7075
7106
7076
7107
7077
7108
7078
7109
7079
7110
7080
7111
7081
7112
7082
7113
7083
7114
7084
7115
7085
7116
7086
7117
7087
7118
7088
7119
7089
7120
7090
7121
7091
7122
7092
7123
7093
7124
7094
7125
7095
7126
7096
7127
7097
7128
7098
7129
7099
7130
7100
7131
7101
7132
7102
7133
7103
7134
7135
7105
7136
7106
7137
7107
7138
7108
7139
7109
7140
7110
7141
7111
7142
7112
7143
7113
7144
7114
7145
7115
7146
7116
7147
7117
7148
7118
7149
7119
7150
7120
7151
7121
7152
7122
7153
7123
7154
7124
7155
7125
7156
7126
7157
7127
7158
7128
7159
7129
7160
7130
7161
7131
7162
7132
7163
7133
7164
7134
7165
7135
7166
7167
7137
7138
7139
7140
7141
7142
7143
7144
7145
7146
7147
7148
7149
7150
7151
7152
7153
7154
7155
7156
7157
7158
7159
7160
7161
7162
7163
7164
7165
7166
7167
)


// ************************************************************************* //
