/*--------------------------------*- C++ -*----------------------------------*\
  =========                 |
  \\      /  F ield         | OpenFOAM: The Open Source CFD Toolbox
   \\    /   O peration     | Website:  https://openfoam.org
    \\  /    A nd           | Version:  10
     \\/     M anipulation  |
\*---------------------------------------------------------------------------*/
FoamFile
{
    format      ascii;
    class       volScalarField;
    location    "0.001";
    object      T;
}
// * * * * * * * * * * * * * * * * * * * * * * * * * * * * * * * * * * * * * //

dimensions      [0 0 0 1 0 0 0];

internalField   nonuniform List<scalar> 
8910
(
297.974
297.973
297.972
297.971
297.97
297.969
297.968
297.967
297.966
297.965
297.964
297.963
297.962
297.961
297.96
297.959
297.958
297.958
297.957
297.958
297.958
297.96
297.962
297.965
297.968
297.973
297.979
297.985
297.991
297.997
298.003
298.007
298.011
298.017
298.024
298.032
297.974
297.973
297.972
297.971
297.97
297.969
297.968
297.967
297.966
297.965
297.964
297.963
297.962
297.961
297.96
297.959
297.958
297.958
297.957
297.957
297.957
297.958
297.959
297.96
297.962
297.964
297.966
297.968
297.969
297.972
297.976
297.982
297.989
297.997
298.009
298.02
297.974
297.974
297.973
297.972
297.971
297.97
297.969
297.968
297.966
297.965
297.964
297.963
297.962
297.961
297.96
297.959
297.958
297.957
297.957
297.956
297.956
297.955
297.955
297.955
297.955
297.955
297.955
297.955
297.958
297.961
297.966
297.974
297.983
297.994
298.007
298.019
297.975
297.974
297.973
297.972
297.971
297.97
297.969
297.967
297.966
297.965
297.964
297.963
297.962
297.961
297.959
297.958
297.957
297.956
297.955
297.954
297.953
297.952
297.951
297.95
297.949
297.948
297.948
297.95
297.953
297.958
297.964
297.973
297.983
297.995
298.008
298.02
297.975
297.974
297.973
297.972
297.97
297.969
297.968
297.967
297.966
297.965
297.963
297.962
297.961
297.959
297.958
297.957
297.955
297.954
297.952
297.951
297.949
297.948
297.946
297.945
297.944
297.944
297.945
297.948
297.952
297.958
297.965
297.975
297.986
297.998
298.01
298.022
297.974
297.973
297.972
297.971
297.97
297.969
297.967
297.966
297.965
297.963
297.962
297.96
297.959
297.957
297.956
297.954
297.952
297.951
297.949
297.947
297.945
297.944
297.942
297.941
297.941
297.942
297.944
297.948
297.953
297.96
297.968
297.978
297.989
298.001
298.013
298.024
297.974
297.973
297.971
297.97
297.969
297.968
297.966
297.965
297.963
297.962
297.96
297.958
297.957
297.955
297.953
297.951
297.949
297.947
297.945
297.944
297.942
297.941
297.94
297.939
297.94
297.942
297.945
297.949
297.955
297.963
297.972
297.982
297.993
298.005
298.016
298.027
297.974
297.973
297.972
297.97
297.969
297.968
297.966
297.964
297.963
297.961
297.959
297.958
297.956
297.954
297.952
297.95
297.948
297.946
297.944
297.942
297.941
297.939
297.939
297.938
297.939
297.94
297.943
297.947
297.952
297.959
297.967
297.976
297.987
297.998
298.009
298.02
298.03
297.973
297.972
297.97
297.969
297.967
297.966
297.964
297.962
297.96
297.959
297.957
297.955
297.953
297.951
297.949
297.947
297.945
297.943
297.941
297.94
297.939
297.938
297.938
297.938
297.94
297.942
297.945
297.95
297.956
297.963
297.971
297.981
297.991
298.002
298.013
298.023
298.033
297.972
297.97
297.969
297.967
297.965
297.964
297.962
297.96
297.958
297.956
297.954
297.952
297.95
297.948
297.946
297.944
297.943
297.941
297.94
297.939
297.938
297.938
297.938
297.939
297.941
297.944
297.948
297.953
297.96
297.968
297.976
297.986
297.996
298.007
298.017
298.027
298.036
297.97
297.968
297.967
297.965
297.963
297.961
297.959
297.957
297.955
297.953
297.951
297.949
297.947
297.946
297.944
297.942
297.941
297.94
297.939
297.938
297.938
297.938
297.939
297.941
297.944
297.947
297.952
297.958
297.965
297.972
297.981
297.991
298.001
298.011
298.021
298.031
298.039
297.968
297.966
297.964
297.963
297.961
297.959
297.957
297.955
297.953
297.951
297.949
297.947
297.945
297.944
297.942
297.941
297.94
297.939
297.938
297.938
297.939
297.94
297.941
297.944
297.947
297.951
297.956
297.962
297.97
297.978
297.987
297.996
298.006
298.016
298.026
298.034
298.042
297.966
297.964
297.962
297.96
297.958
297.956
297.954
297.952
297.951
297.949
297.947
297.945
297.944
297.942
297.941
297.94
297.939
297.939
297.939
297.939
297.94
297.942
297.944
297.947
297.951
297.955
297.961
297.967
297.975
297.983
297.992
298.002
298.011
298.021
298.03
298.038
298.045
297.965
297.964
297.962
297.96
297.958
297.956
297.954
297.952
297.95
297.949
297.947
297.946
297.944
297.943
297.942
297.941
297.94
297.94
297.94
297.94
297.941
297.942
297.944
297.947
297.95
297.955
297.96
297.966
297.973
297.98
297.989
297.998
298.007
298.017
298.026
298.034
298.042
298.049
297.963
297.961
297.959
297.958
297.956
297.954
297.952
297.95
297.949
297.947
297.946
297.945
297.943
297.942
297.942
297.941
297.941
297.941
297.941
297.942
297.943
297.945
297.948
297.951
297.955
297.959
297.965
297.971
297.978
297.986
297.995
298.003
298.013
298.022
298.03
298.038
298.046
298.052
297.961
297.959
297.957
297.956
297.954
297.952
297.951
297.949
297.948
297.946
297.945
297.944
297.943
297.943
297.942
297.942
297.942
297.942
297.943
297.944
297.946
297.948
297.951
297.955
297.959
297.964
297.97
297.977
297.984
297.992
298
298.009
298.018
298.027
298.035
298.043
298.049
298.055
297.959
297.957
297.956
297.954
297.952
297.951
297.95
297.948
297.947
297.946
297.945
297.944
297.944
297.943
297.943
297.943
297.944
297.944
297.946
297.947
297.949
297.952
297.955
297.959
297.964
297.969
297.976
297.982
297.99
297.998
298.006
298.015
298.024
298.032
298.04
298.047
298.053
298.059
297.959
297.957
297.956
297.954
297.953
297.951
297.95
297.949
297.948
297.947
297.946
297.946
297.945
297.945
297.944
297.945
297.945
297.946
297.947
297.948
297.951
297.953
297.956
297.96
297.964
297.969
297.975
297.981
297.988
297.996
298.004
298.012
298.021
298.029
298.037
298.044
298.051
298.057
298.062
297.958
297.956
297.955
297.953
297.952
297.951
297.95
297.949
297.948
297.947
297.947
297.946
297.946
297.946
297.946
297.947
297.947
297.948
297.95
297.952
297.954
297.957
297.961
297.965
297.969
297.975
297.981
297.987
297.995
298.002
298.01
298.018
298.026
298.034
298.042
298.049
298.055
298.06
298.065
297.957
297.955
297.954
297.953
297.952
297.951
297.95
297.949
297.949
297.948
297.948
297.948
297.947
297.948
297.948
297.949
297.95
297.952
297.953
297.956
297.958
297.962
297.966
297.97
297.975
297.981
297.987
297.994
298.001
298.008
298.016
298.024
298.032
298.04
298.047
298.053
298.059
298.064
298.068
297.957
297.956
297.955
297.954
297.953
297.952
297.951
297.951
297.95
297.95
297.949
297.949
297.949
297.949
297.95
297.951
297.952
297.953
297.955
297.957
297.96
297.963
297.967
297.971
297.976
297.981
297.987
297.993
298
298.007
298.015
298.022
298.03
298.038
298.045
298.052
298.057
298.063
298.067
298.072
297.957
297.956
297.955
297.954
297.954
297.953
297.952
297.952
297.951
297.951
297.951
297.951
297.951
297.952
297.953
297.954
297.955
297.957
297.959
297.962
297.965
297.968
297.972
297.976
297.981
297.987
297.993
298
298.007
298.014
298.021
298.029
298.036
298.043
298.05
298.056
298.062
298.067
298.071
298.075
297.958
297.957
297.956
297.956
297.955
297.954
297.954
297.953
297.953
297.953
297.953
297.953
297.953
297.954
297.955
297.956
297.957
297.959
297.961
297.963
297.966
297.97
297.973
297.978
297.982
297.988
297.993
298
298.006
298.013
298.02
298.027
298.035
298.042
298.049
298.055
298.061
298.066
298.07
298.074
298.078
297.959
297.958
297.957
297.956
297.956
297.955
297.955
297.955
297.955
297.955
297.955
297.955
297.956
297.957
297.958
297.959
297.961
297.963
297.965
297.968
297.971
297.975
297.979
297.984
297.989
297.994
298
298.007
298.013
298.02
298.027
298.034
298.041
298.048
298.054
298.06
298.065
298.07
298.074
298.078
298.081
297.959
297.959
297.958
297.958
297.957
297.957
297.957
297.957
297.957
297.957
297.957
297.958
297.959
297.96
297.961
297.963
297.965
297.967
297.97
297.973
297.977
297.981
297.985
297.99
297.995
298.001
298.007
298.014
298.02
298.027
298.033
298.04
298.047
298.053
298.059
298.065
298.07
298.074
298.078
298.081
298.084
297.961
297.96
297.96
297.959
297.959
297.959
297.959
297.959
297.959
297.959
297.96
297.96
297.961
297.962
297.964
297.965
297.967
297.97
297.972
297.975
297.979
297.983
297.987
297.992
297.997
298.002
298.008
298.014
298.021
298.027
298.034
298.04
298.046
298.053
298.059
298.064
298.069
298.074
298.078
298.081
298.085
298.087
297.962
297.962
297.962
297.961
297.961
297.961
297.961
297.961
297.961
297.961
297.962
297.963
297.964
297.965
297.966
297.968
297.97
297.972
297.975
297.978
297.981
297.985
297.989
297.994
297.999
298.004
298.009
298.015
298.021
298.028
298.034
298.04
298.046
298.052
298.058
298.064
298.069
298.074
298.078
298.082
298.085
298.088
298.09
297.964
297.964
297.963
297.963
297.963
297.963
297.963
297.963
297.964
297.965
297.965
297.966
297.967
297.969
297.971
297.973
297.975
297.977
297.98
297.984
297.987
297.991
297.996
298.001
298.006
298.011
298.017
298.023
298.029
298.035
298.041
298.047
298.053
298.058
298.064
298.069
298.074
298.078
298.082
298.086
298.089
298.091
298.094
297.966
297.966
297.966
297.965
297.965
297.965
297.966
297.966
297.966
297.967
297.968
297.969
297.97
297.972
297.973
297.975
297.978
297.98
297.983
297.986
297.99
297.994
297.998
298.003
298.008
298.013
298.019
298.024
298.03
298.036
298.041
298.047
298.053
298.059
298.064
298.069
298.074
298.079
298.083
298.086
298.09
298.092
298.095
298.097
297.968
297.968
297.968
297.968
297.968
297.968
297.969
297.969
297.97
297.971
297.972
297.973
297.975
297.976
297.978
297.981
297.983
297.986
297.989
297.993
297.997
298.001
298.005
298.01
298.015
298.021
298.026
298.031
298.037
298.043
298.048
298.054
298.059
298.065
298.07
298.075
298.079
298.083
298.087
298.09
298.093
298.096
298.098
298.1
297.97
297.97
297.97
297.97
297.971
297.971
297.971
297.972
297.973
297.974
297.975
297.976
297.978
297.979
297.981
297.984
297.986
297.989
297.992
297.996
298
298.004
298.008
298.013
298.018
298.023
298.028
298.033
298.039
298.044
298.05
298.055
298.06
298.065
298.071
298.075
298.08
298.084
298.088
298.092
298.095
298.097
298.1
298.102
298.104
297.973
297.973
297.973
297.973
297.974
297.974
297.974
297.975
297.976
297.977
297.978
297.979
297.981
297.983
297.985
297.987
297.99
297.992
297.996
297.999
298.003
298.007
298.011
298.016
298.021
298.025
298.03
298.036
298.041
298.046
298.051
298.056
298.062
298.067
298.072
298.076
298.081
298.085
298.089
298.093
298.096
298.099
298.101
298.104
298.105
298.107
297.976
297.976
297.976
297.976
297.977
297.977
297.978
297.978
297.979
297.98
297.981
297.983
297.984
297.986
297.988
297.991
297.993
297.996
297.999
298.003
298.006
298.01
298.015
298.019
298.024
298.028
298.033
298.038
298.043
298.048
298.053
298.058
298.063
298.068
298.073
298.078
298.082
298.086
298.09
298.094
298.098
298.101
298.103
298.106
298.108
298.109
298.111
297.979
297.979
297.979
297.98
297.98
297.98
297.981
297.982
297.983
297.984
297.985
297.986
297.988
297.99
297.992
297.994
297.997
298
298.003
298.006
298.01
298.014
298.018
298.023
298.027
298.031
298.036
298.041
298.046
298.051
298.056
298.06
298.065
298.07
298.075
298.079
298.084
298.088
298.092
298.096
298.099
298.102
298.105
298.108
298.11
298.112
298.113
298.115
297.983
297.983
297.983
297.984
297.984
297.985
297.986
297.987
297.988
297.989
297.99
297.992
297.994
297.996
297.999
298.001
298.004
298.007
298.011
298.014
298.018
298.022
298.026
298.031
298.035
298.04
298.044
298.049
298.054
298.058
298.063
298.068
298.072
298.077
298.081
298.086
298.09
298.094
298.098
298.101
298.104
298.107
298.11
298.112
298.114
298.116
298.118
298.119
297.986
297.987
297.987
297.988
297.988
297.989
297.99
297.991
297.992
297.993
297.995
297.997
297.999
298.001
298.003
298.006
298.009
298.012
298.015
298.019
298.023
298.026
298.031
298.035
298.039
298.043
298.048
298.052
298.057
298.062
298.066
298.071
298.075
298.079
298.084
298.088
298.092
298.096
298.1
298.103
298.107
298.11
298.113
298.115
298.117
298.119
298.121
298.122
298.123
297.99
297.991
297.991
297.992
297.992
297.993
297.994
297.995
297.997
297.998
298
298.001
298.003
298.006
298.008
298.011
298.014
298.017
298.02
298.024
298.027
298.031
298.035
298.039
298.044
298.048
298.052
298.057
298.061
298.065
298.07
298.074
298.078
298.083
298.087
298.091
298.095
298.099
298.102
298.106
298.109
298.112
298.115
298.118
298.12
298.122
298.124
298.126
298.127
298.128
297.994
297.995
297.995
297.996
297.996
297.997
297.998
297.999
298
298.002
298.003
298.005
298.007
298.009
298.011
298.014
298.016
298.019
298.022
298.026
298.029
298.033
298.037
298.04
298.044
298.048
298.053
298.057
298.061
298.065
298.07
298.074
298.078
298.082
298.086
298.09
298.094
298.098
298.102
298.105
298.109
298.112
298.115
298.118
298.121
298.124
298.126
298.128
298.129
298.131
298.132
298.133
297.999
298
298
298.001
298.002
298.002
298.003
298.005
298.006
298.007
298.009
298.011
298.013
298.015
298.017
298.02
298.022
298.025
298.028
298.032
298.035
298.039
298.042
298.046
298.05
298.054
298.058
298.062
298.066
298.07
298.074
298.078
298.083
298.087
298.091
298.094
298.098
298.102
298.106
298.109
298.113
298.116
298.119
298.122
298.125
298.127
298.13
298.132
298.134
298.135
298.136
298.137
298.138
298.004
298.005
298.006
298.006
298.007
298.008
298.009
298.01
298.012
298.013
298.015
298.017
298.019
298.021
298.024
298.026
298.029
298.032
298.035
298.038
298.042
298.045
298.049
298.053
298.056
298.06
298.064
298.068
298.072
298.076
298.08
298.084
298.088
298.092
298.095
298.099
298.103
298.106
298.11
298.113
298.117
298.12
298.123
298.126
298.129
298.131
298.134
298.136
298.138
298.14
298.141
298.142
298.143
298.144
298.01
298.011
298.012
298.013
298.013
298.015
298.016
298.017
298.019
298.02
298.022
298.024
298.026
298.028
298.031
298.033
298.036
298.039
298.042
298.046
298.049
298.052
298.056
298.06
298.063
298.067
298.071
298.075
298.078
298.082
298.086
298.09
298.094
298.097
298.101
298.105
298.108
298.112
298.115
298.118
298.122
298.125
298.128
298.131
298.134
298.136
298.139
298.141
298.143
298.145
298.146
298.148
298.149
298.149
298.15
298.016
298.017
298.018
298.019
298.02
298.021
298.023
298.024
298.026
298.028
298.03
298.032
298.034
298.036
298.039
298.041
298.044
298.047
298.05
298.054
298.057
298.06
298.064
298.067
298.071
298.075
298.078
298.082
298.085
298.089
298.093
298.096
298.1
298.104
298.107
298.111
298.114
298.117
298.121
298.124
298.127
298.13
298.133
298.136
298.139
298.141
298.144
298.146
298.148
298.15
298.152
298.153
298.154
298.155
298.156
298.157
298.023
298.024
298.025
298.026
298.027
298.028
298.029
298.031
298.032
298.034
298.036
298.038
298.04
298.042
298.045
298.047
298.05
298.053
298.056
298.059
298.062
298.066
298.069
298.072
298.076
298.079
298.083
298.086
298.09
298.093
298.097
298.1
298.104
298.107
298.111
298.114
298.117
298.121
298.124
298.127
298.13
298.133
298.136
298.139
298.142
298.145
298.147
298.149
298.152
298.154
298.156
298.158
298.159
298.161
298.162
298.163
298.163
298.164
298.03
298.032
298.033
298.034
298.035
298.036
298.038
298.039
298.041
298.043
298.045
298.047
298.049
298.051
298.054
298.057
298.059
298.062
298.065
298.068
298.072
298.075
298.078
298.081
298.085
298.088
298.092
298.095
298.099
298.102
298.105
298.109
298.112
298.115
298.118
298.122
298.125
298.128
298.131
298.134
298.137
298.14
298.143
298.146
298.148
298.151
298.153
298.156
298.158
298.16
298.162
298.164
298.166
298.167
298.168
298.169
298.17
298.171
298.171
298.038
298.039
298.04
298.041
298.042
298.044
298.045
298.047
298.048
298.05
298.052
298.054
298.057
298.059
298.061
298.064
298.067
298.07
298.072
298.075
298.079
298.082
298.085
298.088
298.091
298.095
298.098
298.101
298.104
298.108
298.111
298.114
298.117
298.121
298.124
298.127
298.13
298.133
298.136
298.139
298.142
298.145
298.147
298.15
298.153
298.155
298.158
298.16
298.162
298.165
298.167
298.169
298.171
298.172
298.174
298.175
298.176
298.177
298.178
298.179
298.179
298.047
298.048
298.049
298.051
298.052
298.053
298.055
298.057
298.059
298.06
298.063
298.065
298.067
298.07
298.072
298.075
298.077
298.08
298.083
298.086
298.089
298.092
298.095
298.098
298.102
298.105
298.108
298.111
298.114
298.117
298.121
298.124
298.127
298.13
298.133
298.136
298.139
298.142
298.144
298.147
298.15
298.153
298.155
298.158
298.16
298.163
298.165
298.167
298.17
298.172
298.174
298.176
298.178
298.179
298.181
298.182
298.184
298.185
298.186
298.186
298.187
298.187
298.055
298.057
298.058
298.059
298.061
298.062
298.064
298.066
298.067
298.069
298.071
298.074
298.076
298.078
298.081
298.083
298.086
298.089
298.092
298.094
298.097
298.1
298.103
298.106
298.109
298.112
298.116
298.119
298.122
298.125
298.128
298.131
298.134
298.136
298.139
298.142
298.145
298.148
298.15
298.153
298.156
298.158
298.161
298.163
298.166
298.168
298.171
298.173
298.175
298.177
298.179
298.181
298.183
298.185
298.186
298.188
298.189
298.191
298.192
298.193
298.194
298.194
298.195
298.195
298.064
298.066
298.067
298.069
298.07
298.072
298.073
298.075
298.077
298.079
298.081
298.083
298.085
298.088
298.09
298.092
298.095
298.098
298.101
298.103
298.106
298.109
298.112
298.115
298.118
298.121
298.124
298.127
298.129
298.132
298.135
298.138
298.141
298.144
298.146
298.149
298.152
298.155
298.157
298.16
298.162
298.165
298.167
298.169
298.172
298.174
298.176
298.179
298.181
298.183
298.185
298.187
298.189
298.19
298.192
298.194
298.195
298.197
298.198
298.199
298.2
298.201
298.202
298.202
298.202
298.203
298.075
298.077
298.078
298.08
298.081
298.083
298.085
298.086
298.088
298.09
298.093
298.095
298.097
298.1
298.102
298.105
298.107
298.11
298.113
298.115
298.118
298.121
298.124
298.127
298.129
298.132
298.135
298.138
298.141
298.143
298.146
298.149
298.151
298.154
298.157
298.159
298.162
298.164
298.167
298.169
298.171
298.174
298.176
298.178
298.18
298.182
298.184
298.187
298.188
298.19
298.192
298.194
298.196
298.197
298.199
298.201
298.202
298.203
298.205
298.206
298.207
298.208
298.208
298.209
298.209
298.21
298.21
298.085
298.086
298.088
298.089
298.091
298.093
298.094
298.096
298.098
298.1
298.102
298.105
298.107
298.109
298.112
298.114
298.117
298.119
298.122
298.125
298.127
298.13
298.133
298.135
298.138
298.141
298.144
298.146
298.149
298.151
298.154
298.157
298.159
298.162
298.164
298.166
298.169
298.171
298.174
298.176
298.178
298.18
298.182
298.184
298.186
298.188
298.19
298.192
298.194
298.196
298.198
298.199
298.201
298.203
298.204
298.205
298.207
298.208
298.209
298.21
298.212
298.212
298.213
298.214
298.215
298.215
298.216
298.216
298.216
298.094
298.096
298.097
298.099
298.101
298.102
298.104
298.106
298.108
298.11
298.112
298.114
298.117
298.119
298.121
298.124
298.126
298.129
298.131
298.134
298.136
298.139
298.142
298.144
298.147
298.149
298.152
298.154
298.157
298.159
298.162
298.164
298.167
298.169
298.171
298.174
298.176
298.178
298.18
298.182
298.184
298.186
298.188
298.19
298.192
298.194
298.196
298.198
298.199
298.201
298.203
298.204
298.206
298.207
298.208
298.21
298.211
298.212
298.213
298.214
298.215
298.216
298.217
298.218
298.218
298.219
298.219
298.22
298.22
298.221
298.221
298.103
298.105
298.107
298.108
298.11
298.112
298.113
298.115
298.117
298.119
298.121
298.124
298.126
298.128
298.13
298.133
298.135
298.138
298.14
298.143
298.145
298.147
298.15
298.152
298.155
298.157
298.16
298.162
298.165
298.167
298.169
298.172
298.174
298.176
298.178
298.18
298.182
298.184
298.186
298.188
298.19
298.192
298.194
298.196
298.197
298.199
298.201
298.202
298.204
298.205
298.207
298.208
298.209
298.211
298.212
298.213
298.214
298.215
298.216
298.217
298.217
298.218
298.219
298.22
298.22
298.221
298.221
298.222
298.222
298.222
298.223
298.223
298.223
298.112
298.113
298.115
298.117
298.118
298.12
298.122
298.124
298.126
298.128
298.13
298.132
298.134
298.136
298.139
298.141
298.143
298.146
298.148
298.15
298.153
298.155
298.157
298.16
298.162
298.164
298.167
298.169
298.171
298.173
298.176
298.178
298.18
298.182
298.184
298.186
298.188
298.19
298.191
298.193
298.195
298.196
298.198
298.2
298.201
298.203
298.204
298.205
298.207
298.208
298.209
298.21
298.211
298.212
298.213
298.214
298.215
298.215
298.216
298.217
298.217
298.218
298.219
298.219
298.22
298.22
298.221
298.221
298.222
298.222
298.222
298.223
298.223
298.223
298.224
298.119
298.121
298.122
298.124
298.126
298.127
298.129
298.131
298.133
298.135
298.137
298.139
298.141
298.143
298.145
298.148
298.15
298.152
298.154
298.157
298.159
298.161
298.163
298.166
298.168
298.17
298.172
298.174
298.176
298.178
298.18
298.182
298.184
298.185
298.187
298.189
298.191
298.192
298.194
298.195
298.197
298.198
298.199
298.2
298.202
298.203
298.204
298.205
298.206
298.207
298.208
298.209
298.209
298.21
298.211
298.212
298.212
298.213
298.214
298.214
298.215
298.216
298.216
298.217
298.217
298.218
298.218
298.218
298.219
298.219
298.219
298.22
298.22
298.22
298.221
298.221
298.222
298.125
298.126
298.128
298.13
298.131
298.133
298.135
298.136
298.138
298.14
298.142
298.144
298.146
298.148
298.15
298.152
298.154
298.156
298.159
298.161
298.163
298.165
298.167
298.169
298.17
298.172
298.174
298.176
298.178
298.179
298.181
298.182
298.184
298.185
298.187
298.188
298.189
298.191
298.192
298.193
298.194
298.195
298.197
298.198
298.199
298.2
298.201
298.202
298.203
298.203
298.204
298.205
298.206
298.207
298.207
298.208
298.209
298.209
298.21
298.21
298.211
298.211
298.212
298.212
298.213
298.213
298.213
298.214
298.214
298.214
298.214
298.215
298.215
298.215
298.215
298.216
298.216
298.216
298.217
298.129
298.13
298.131
298.133
298.135
298.136
298.138
298.14
298.141
298.143
298.145
298.147
298.149
298.15
298.152
298.154
298.156
298.157
298.159
298.161
298.162
298.164
298.165
298.167
298.169
298.17
298.172
298.173
298.175
298.176
298.177
298.179
298.18
298.182
298.183
298.184
298.185
298.187
298.188
298.189
298.19
298.191
298.192
298.193
298.194
298.195
298.196
298.197
298.197
298.198
298.199
298.2
298.2
298.201
298.202
298.202
298.203
298.203
298.204
298.204
298.204
298.205
298.205
298.206
298.206
298.206
298.206
298.207
298.207
298.207
298.207
298.207
298.208
298.208
298.208
298.208
298.208
298.208
298.209
298.209
298.209
298.13
298.131
298.132
298.133
298.134
298.136
298.137
298.139
298.14
298.141
298.143
298.144
298.146
298.147
298.149
298.15
298.152
298.153
298.155
298.157
298.158
298.16
298.161
298.163
298.164
298.165
298.167
298.168
298.17
298.171
298.172
298.173
298.175
298.176
298.177
298.178
298.179
298.18
298.182
298.183
298.184
298.185
298.186
298.186
298.187
298.188
298.189
298.19
298.19
298.191
298.192
298.192
298.193
298.193
298.194
298.194
298.195
298.195
298.195
298.196
298.196
298.196
298.197
298.197
298.197
298.197
298.197
298.197
298.198
298.198
298.198
298.198
298.198
298.198
298.198
298.198
298.198
298.199
298.199
298.199
298.199
298.199
298.2
298.127
298.128
298.129
298.13
298.131
298.132
298.133
298.134
298.136
298.137
298.138
298.14
298.141
298.142
298.144
298.145
298.147
298.148
298.149
298.151
298.152
298.154
298.155
298.156
298.158
298.159
298.16
298.162
298.163
298.164
298.165
298.166
298.168
298.169
298.17
298.171
298.172
298.173
298.174
298.175
298.176
298.176
298.177
298.178
298.179
298.179
298.18
298.181
298.181
298.182
298.182
298.183
298.183
298.184
298.184
298.184
298.185
298.185
298.185
298.185
298.186
298.186
298.186
298.186
298.186
298.186
298.186
298.187
298.187
298.187
298.187
298.187
298.187
298.187
298.187
298.187
298.187
298.187
298.187
298.187
298.187
298.187
298.188
298.188
298.188
298.122
298.122
298.123
298.124
298.125
298.126
298.127
298.128
298.129
298.13
298.131
298.132
298.134
298.135
298.136
298.137
298.139
298.14
298.141
298.142
298.144
298.145
298.146
298.147
298.149
298.15
298.151
298.152
298.153
298.154
298.156
298.157
298.158
298.159
298.16
298.161
298.161
298.162
298.163
298.164
298.165
298.165
298.166
298.167
298.167
298.168
298.169
298.169
298.17
298.17
298.171
298.171
298.171
298.172
298.172
298.172
298.173
298.173
298.173
298.173
298.174
298.174
298.174
298.174
298.174
298.174
298.174
298.174
298.174
298.175
298.175
298.175
298.175
298.175
298.175
298.175
298.175
298.175
298.175
298.175
298.175
298.175
298.175
298.175
298.175
298.175
298.175
298.176
298.116
298.116
298.117
298.117
298.118
298.119
298.12
298.121
298.122
298.123
298.124
298.125
298.126
298.127
298.128
298.129
298.131
298.132
298.133
298.134
298.135
298.136
298.137
298.138
298.139
298.14
298.141
298.142
298.143
298.144
298.145
298.146
298.147
298.148
298.149
298.15
298.15
298.151
298.152
298.153
298.153
298.154
298.154
298.155
298.156
298.156
298.157
298.157
298.158
298.158
298.158
298.159
298.159
298.159
298.16
298.16
298.16
298.161
298.161
298.161
298.161
298.161
298.161
298.162
298.162
298.162
298.162
298.162
298.162
298.162
298.162
298.162
298.162
298.162
298.162
298.162
298.162
298.162
298.162
298.162
298.162
298.162
298.162
298.162
298.162
298.162
298.162
298.163
298.163
298.163
298.108
298.108
298.109
298.109
298.11
298.111
298.111
298.112
298.113
298.114
298.115
298.116
298.117
298.118
298.119
298.12
298.121
298.122
298.123
298.124
298.125
298.126
298.127
298.128
298.129
298.13
298.13
298.131
298.132
298.133
298.134
298.135
298.136
298.136
298.137
298.138
298.138
298.139
298.14
298.14
298.141
298.142
298.142
298.143
298.143
298.144
298.144
298.145
298.145
298.145
298.146
298.146
298.147
298.147
298.147
298.147
298.148
298.148
298.148
298.148
298.149
298.149
298.149
298.149
298.149
298.149
298.149
298.149
298.15
298.15
298.15
298.15
298.15
298.15
298.15
298.15
298.15
298.15
298.15
298.15
298.15
298.15
298.15
298.15
298.15
298.15
298.15
298.15
298.151
298.151
298.151
298.151
298.098
298.099
298.099
298.1
298.1
298.101
298.102
298.103
298.103
298.104
298.105
298.106
298.107
298.108
298.108
298.109
298.11
298.111
298.112
298.113
298.114
298.115
298.116
298.117
298.117
298.118
298.119
298.12
298.121
298.121
298.122
298.123
298.124
298.124
298.125
298.126
298.126
298.127
298.128
298.128
298.129
298.129
298.13
298.131
298.131
298.132
298.132
298.132
298.133
298.133
298.134
298.134
298.134
298.135
298.135
298.135
298.136
298.136
298.136
298.136
298.137
298.137
298.137
298.137
298.137
298.138
298.138
298.138
298.138
298.138
298.138
298.138
298.138
298.139
298.139
298.139
298.139
298.139
298.139
298.139
298.139
298.139
298.139
298.139
298.139
298.139
298.139
298.139
298.14
298.14
298.14
298.14
298.14
298.141
298.088
298.088
298.089
298.089
298.09
298.09
298.091
298.092
298.092
298.093
298.094
298.095
298.095
298.096
298.097
298.098
298.099
298.1
298.1
298.101
298.102
298.103
298.104
298.105
298.105
298.106
298.107
298.108
298.109
298.109
298.11
298.111
298.112
298.112
298.113
298.114
298.114
298.115
298.116
298.116
298.117
298.117
298.118
298.119
298.119
298.12
298.12
298.121
298.121
298.121
298.122
298.122
298.123
298.123
298.124
298.124
298.124
298.125
298.125
298.125
298.126
298.126
298.126
298.126
298.127
298.127
298.127
298.127
298.127
298.128
298.128
298.128
298.128
298.128
298.128
298.129
298.129
298.129
298.129
298.129
298.129
298.129
298.129
298.129
298.13
298.13
298.13
298.13
298.13
298.13
298.13
298.13
298.13
298.131
298.131
298.131
298.132
298.078
298.079
298.079
298.079
298.08
298.08
298.081
298.082
298.082
298.083
298.084
298.085
298.085
298.086
298.087
298.088
298.088
298.089
298.09
298.091
298.092
298.093
298.093
298.094
298.095
298.096
298.096
298.097
298.098
298.099
298.1
298.1
298.101
298.102
298.102
298.103
298.104
298.104
298.105
298.106
298.106
298.107
298.108
298.108
298.109
298.109
298.11
298.11
298.111
298.111
298.112
298.112
298.113
298.113
298.113
298.114
298.114
298.115
298.115
298.115
298.116
298.116
298.116
298.117
298.117
298.117
298.118
298.118
298.118
298.118
298.119
298.119
298.119
298.119
298.119
298.12
298.12
298.12
298.12
298.12
298.12
298.121
298.121
298.121
298.121
298.121
298.121
298.121
298.121
298.122
298.122
298.122
298.122
298.122
298.122
298.123
298.123
298.123
298.123
298.069
298.069
298.07
298.07
298.071
298.071
298.072
298.072
298.073
298.074
298.074
298.075
298.076
298.077
298.077
298.078
298.079
298.08
298.081
298.081
298.082
298.083
298.084
298.085
298.085
298.086
298.087
298.088
298.088
298.089
298.09
298.091
298.091
298.092
298.093
298.094
298.094
298.095
298.096
298.096
298.097
298.098
298.098
298.099
298.099
298.1
298.1
298.101
298.102
298.102
298.103
298.103
298.104
298.104
298.105
298.105
298.105
298.106
298.106
298.107
298.107
298.107
298.108
298.108
298.108
298.109
298.109
298.109
298.11
298.11
298.11
298.11
298.111
298.111
298.111
298.111
298.112
298.112
298.112
298.112
298.112
298.113
298.113
298.113
298.113
298.113
298.113
298.114
298.114
298.114
298.114
298.114
298.114
298.114
298.115
298.115
298.115
298.115
298.116
298.116
298.116
298.06
298.061
298.061
298.061
298.062
298.062
298.063
298.063
298.064
298.065
298.065
298.066
298.067
298.068
298.068
298.069
298.07
298.071
298.071
298.072
298.073
298.074
298.074
298.075
298.076
298.077
298.078
298.078
298.079
298.08
298.081
298.081
298.082
298.083
298.084
298.084
298.085
298.086
298.086
298.087
298.088
298.088
298.089
298.09
298.09
298.091
298.092
298.092
298.093
298.093
298.094
298.094
298.095
298.095
298.096
298.096
298.097
298.097
298.098
298.098
298.099
298.099
298.099
298.1
298.1
298.101
298.101
298.101
298.102
298.102
298.102
298.102
298.103
298.103
298.103
298.104
298.104
298.104
298.104
298.105
298.105
298.105
298.105
298.105
298.106
298.106
298.106
298.106
298.106
298.106
298.107
298.107
298.107
298.107
298.107
298.107
298.107
298.108
298.108
298.108
298.108
298.109
298.109
298.109
298.053
298.053
298.053
298.054
298.054
298.054
298.055
298.055
298.056
298.057
298.057
298.058
298.059
298.059
298.06
298.061
298.062
298.062
298.063
298.064
298.065
298.065
298.066
298.067
298.068
298.068
298.069
298.07
298.071
298.072
298.072
298.073
298.074
298.075
298.075
298.076
298.077
298.077
298.078
298.079
298.079
298.08
298.081
298.081
298.082
298.083
298.083
298.084
298.084
298.085
298.086
298.086
298.087
298.087
298.088
298.088
298.089
298.089
298.09
298.09
298.091
298.091
298.091
298.092
298.092
298.093
298.093
298.093
298.094
298.094
298.094
298.095
298.095
298.095
298.096
298.096
298.096
298.096
298.097
298.097
298.097
298.097
298.098
298.098
298.098
298.098
298.098
298.099
298.099
298.099
298.099
298.099
298.1
298.1
298.1
298.1
298.1
298.1
298.1
298.101
298.101
298.101
298.101
298.101
298.102
298.102
298.102
298.047
298.047
298.047
298.047
298.048
298.048
298.048
298.049
298.049
298.05
298.051
298.051
298.052
298.053
298.053
298.054
298.055
298.056
298.056
298.057
298.058
298.059
298.059
298.06
298.061
298.062
298.062
298.063
298.064
298.065
298.065
298.066
298.067
298.068
298.068
298.069
298.07
298.07
298.071
298.072
298.072
298.073
298.074
298.074
298.075
298.076
298.076
298.077
298.077
298.078
298.078
298.079
298.079
298.08
298.081
298.081
298.081
298.082
298.082
298.083
298.083
298.084
298.084
298.085
298.085
298.085
298.086
298.086
298.086
298.087
298.087
298.087
298.088
298.088
298.088
298.089
298.089
298.089
298.09
298.09
298.09
298.09
298.091
298.091
298.091
298.091
298.091
298.092
298.092
298.092
298.092
298.092
298.092
298.093
298.093
298.093
298.093
298.093
298.093
298.094
298.094
298.094
298.094
298.094
298.095
298.095
298.095
298.095
298.096
298.041
298.041
298.041
298.041
298.042
298.042
298.042
298.043
298.043
298.044
298.044
298.045
298.046
298.046
298.047
298.048
298.048
298.049
298.05
298.05
298.051
298.052
298.053
298.053
298.054
298.055
298.055
298.056
298.057
298.058
298.058
298.059
298.06
298.06
298.061
298.062
298.063
298.063
298.064
298.065
298.065
298.066
298.066
298.067
298.068
298.068
298.069
298.069
298.07
298.071
298.071
298.072
298.072
298.073
298.073
298.074
298.074
298.075
298.075
298.076
298.076
298.076
298.077
298.077
298.078
298.078
298.078
298.079
298.079
298.08
298.08
298.08
298.081
298.081
298.081
298.081
298.082
298.082
298.082
298.083
298.083
298.083
298.083
298.084
298.084
298.084
298.084
298.084
298.085
298.085
298.085
298.085
298.085
298.086
298.086
298.086
298.086
298.086
298.086
298.087
298.087
298.087
298.087
298.087
298.087
298.088
298.088
298.088
298.088
298.089
298.089
298.089
298.036
298.036
298.036
298.036
298.037
298.037
298.037
298.038
298.038
298.038
298.039
298.039
298.04
298.04
298.041
298.042
298.042
298.043
298.044
298.044
298.045
298.046
298.046
298.047
298.048
298.048
298.049
298.05
298.051
298.051
298.052
298.053
298.053
298.054
298.055
298.055
298.056
298.057
298.057
298.058
298.058
298.059
298.06
298.06
298.061
298.061
298.062
298.063
298.063
298.064
298.064
298.065
298.065
298.066
298.066
298.067
298.067
298.068
298.068
298.069
298.069
298.069
298.07
298.07
298.071
298.071
298.071
298.072
298.072
298.073
298.073
298.073
298.074
298.074
298.074
298.074
298.075
298.075
298.075
298.076
298.076
298.076
298.076
298.077
298.077
298.077
298.077
298.078
298.078
298.078
298.078
298.078
298.079
298.079
298.079
298.079
298.079
298.079
298.08
298.08
298.08
298.08
298.08
298.08
298.081
298.081
298.081
298.081
298.081
298.081
298.082
298.082
298.082
298.083
298.083
298.032
298.032
298.032
298.032
298.032
298.032
298.033
298.033
298.033
298.034
298.034
298.035
298.035
298.035
298.036
298.036
298.037
298.038
298.038
298.039
298.039
298.04
298.041
298.041
298.042
298.043
298.043
298.044
298.045
298.045
298.046
298.047
298.047
298.048
298.049
298.049
298.05
298.05
298.051
298.052
298.052
298.053
298.053
298.054
298.055
298.055
298.056
298.056
298.057
298.057
298.058
298.058
298.059
298.059
298.06
298.06
298.061
298.061
298.062
298.062
298.062
298.063
298.063
298.064
298.064
298.064
298.065
298.065
298.066
298.066
298.066
298.067
298.067
298.067
298.068
298.068
298.068
298.069
298.069
298.069
298.069
298.07
298.07
298.07
298.07
298.071
298.071
298.071
298.071
298.072
298.072
298.072
298.072
298.072
298.072
298.073
298.073
298.073
298.073
298.073
298.074
298.074
298.074
298.074
298.074
298.074
298.074
298.075
298.075
298.075
298.075
298.075
298.076
298.076
298.076
298.076
298.077
298.077
298.028
298.028
298.028
298.028
298.028
298.028
298.029
298.029
298.029
298.029
298.03
298.03
298.03
298.031
298.031
298.031
298.032
298.032
298.033
298.033
298.034
298.034
298.035
298.036
298.036
298.037
298.038
298.038
298.039
298.039
298.04
298.041
298.041
298.042
298.042
298.043
298.044
298.044
298.045
298.045
298.046
298.047
298.047
298.048
298.048
298.049
298.049
298.05
298.05
298.051
298.051
298.052
298.052
298.053
298.053
298.054
298.054
298.055
298.055
298.056
298.056
298.056
298.057
298.057
298.058
298.058
298.058
298.059
298.059
298.059
298.06
298.06
298.061
298.061
298.061
298.061
298.062
298.062
298.062
298.063
298.063
298.063
298.063
298.064
298.064
298.064
298.064
298.065
298.065
298.065
298.065
298.066
298.066
298.066
298.066
298.066
298.067
298.067
298.067
298.067
298.067
298.067
298.068
298.068
298.068
298.068
298.068
298.068
298.069
298.069
298.069
298.069
298.069
298.069
298.07
298.07
298.07
298.07
298.07
298.071
298.071
298.071
298.025
298.025
298.025
298.025
298.025
298.025
298.025
298.025
298.026
298.026
298.026
298.026
298.027
298.027
298.027
298.028
298.028
298.028
298.029
298.029
298.03
298.03
298.031
298.031
298.032
298.032
298.033
298.033
298.034
298.035
298.035
298.036
298.036
298.037
298.037
298.038
298.039
298.039
298.04
298.04
298.041
298.041
298.042
298.042
298.043
298.044
298.044
298.045
298.045
298.046
298.046
298.046
298.047
298.047
298.048
298.048
298.049
298.049
298.05
298.05
298.05
298.051
298.051
298.052
298.052
298.052
298.053
298.053
298.053
298.054
298.054
298.055
298.055
298.055
298.055
298.056
298.056
298.056
298.057
298.057
298.057
298.058
298.058
298.058
298.058
298.059
298.059
298.059
298.059
298.059
298.06
298.06
298.06
298.06
298.061
298.061
298.061
298.061
298.061
298.061
298.062
298.062
298.062
298.062
298.062
298.062
298.063
298.063
298.063
298.063
298.063
298.063
298.064
298.064
298.064
298.064
298.064
298.064
298.065
298.065
298.065
298.065
298.065
298.066
298.066
298.022
298.022
298.022
298.022
298.022
298.022
298.022
298.022
298.022
298.023
298.023
298.023
298.023
298.024
298.024
298.024
298.025
298.025
298.025
298.026
298.026
298.026
298.027
298.027
298.028
298.028
298.029
298.029
298.03
298.03
298.031
298.031
298.032
298.032
298.033
298.034
298.034
298.035
298.035
298.036
298.036
298.037
298.037
298.038
298.038
298.039
298.039
298.04
298.04
298.041
298.041
298.042
298.042
298.042
298.043
298.043
298.044
298.044
298.045
298.045
298.045
298.046
298.046
298.047
298.047
298.047
298.048
298.048
298.048
298.049
298.049
298.049
298.05
298.05
298.05
298.051
298.051
298.051
298.051
298.052
298.052
298.052
298.053
298.053
298.053
298.053
298.054
298.054
298.054
298.054
298.054
298.055
298.055
298.055
298.055
298.055
298.056
298.056
298.056
298.056
298.056
298.057
298.057
298.057
298.057
298.057
298.057
298.058
298.058
298.058
298.058
298.058
298.058
298.058
298.059
298.059
298.059
298.059
298.059
298.059
298.06
298.06
298.06
298.06
298.06
298.061
298.061
298.061
298.019
298.019
298.019
298.019
298.019
298.019
298.019
298.019
298.02
298.02
298.02
298.02
298.02
298.021
298.021
298.021
298.021
298.022
298.022
298.022
298.022
298.023
298.023
298.024
298.024
298.024
298.025
298.025
298.026
298.026
298.026
298.027
298.027
298.028
298.028
298.029
298.029
298.03
298.03
298.031
298.031
298.032
298.032
298.033
298.033
298.034
298.034
298.035
298.035
298.036
298.036
298.037
298.037
298.037
298.038
298.038
298.039
298.039
298.04
298.04
298.04
298.041
298.041
298.041
298.042
298.042
298.043
298.043
298.043
298.044
298.044
298.044
298.045
298.045
298.045
298.045
298.046
298.046
298.046
298.047
298.047
298.047
298.047
298.048
298.048
298.048
298.048
298.049
298.049
298.049
298.049
298.05
298.05
298.05
298.05
298.05
298.051
298.051
298.051
298.051
298.051
298.051
298.052
298.052
298.052
298.052
298.052
298.052
298.053
298.053
298.053
298.053
298.053
298.053
298.054
298.054
298.054
298.054
298.054
298.054
298.054
298.055
298.055
298.055
298.055
298.055
298.055
298.056
298.056
298.056
298.056
298.056
298.016
298.016
298.016
298.016
298.017
298.017
298.017
298.017
298.017
298.017
298.017
298.018
298.018
298.018
298.018
298.018
298.019
298.019
298.019
298.019
298.02
298.02
298.02
298.021
298.021
298.021
298.022
298.022
298.022
298.023
298.023
298.024
298.024
298.024
298.025
298.025
298.026
298.026
298.027
298.027
298.028
298.028
298.029
298.029
298.03
298.03
298.03
298.031
298.031
298.032
298.032
298.033
298.033
298.033
298.034
298.034
298.035
298.035
298.035
298.036
298.036
298.037
298.037
298.037
298.038
298.038
298.038
298.039
298.039
298.039
298.04
298.04
298.04
298.04
298.041
298.041
298.041
298.042
298.042
298.042
298.042
298.043
298.043
298.043
298.043
298.044
298.044
298.044
298.044
298.045
298.045
298.045
298.045
298.045
298.046
298.046
298.046
298.046
298.046
298.047
298.047
298.047
298.047
298.047
298.047
298.048
298.048
298.048
298.048
298.048
298.048
298.049
298.049
298.049
298.049
298.049
298.049
298.049
298.05
298.05
298.05
298.05
298.05
298.05
298.05
298.051
298.051
298.051
298.051
298.051
298.051
298.052
298.052
298.052
298.052
298.014
298.014
298.014
298.014
298.014
298.014
298.014
298.015
298.015
298.015
298.015
298.015
298.015
298.016
298.016
298.016
298.016
298.016
298.017
298.017
298.017
298.017
298.018
298.018
298.018
298.018
298.019
298.019
298.019
298.02
298.02
298.02
298.021
298.021
298.021
298.022
298.022
298.023
298.023
298.023
298.024
298.024
298.025
298.025
298.026
298.026
298.026
298.027
298.027
298.028
298.028
298.029
298.029
298.029
298.03
298.03
298.03
298.031
298.031
298.032
298.032
298.032
298.033
298.033
298.033
298.034
298.034
298.034
298.035
298.035
298.035
298.036
298.036
298.036
298.036
298.037
298.037
298.037
298.038
298.038
298.038
298.038
298.039
298.039
298.039
298.039
298.04
298.04
298.04
298.04
298.04
298.041
298.041
298.041
298.041
298.041
298.042
298.042
298.042
298.042
298.042
298.043
298.043
298.043
298.043
298.043
298.043
298.044
298.044
298.044
298.044
298.044
298.044
298.044
298.045
298.045
298.045
298.045
298.045
298.045
298.045
298.046
298.046
298.046
298.046
298.046
298.046
298.046
298.046
298.047
298.047
298.047
298.047
298.047
298.047
298.048
298.048
298.048
298.048
298.012
298.012
298.012
298.012
298.012
298.012
298.012
298.013
298.013
298.013
298.013
298.013
298.013
298.014
298.014
298.014
298.014
298.014
298.014
298.015
298.015
298.015
298.015
298.016
298.016
298.016
298.016
298.017
298.017
298.017
298.017
298.018
298.018
298.018
298.019
298.019
298.019
298.02
298.02
298.021
298.021
298.021
298.022
298.022
298.023
298.023
298.023
298.024
298.024
298.024
298.025
298.025
298.026
298.026
298.026
298.027
298.027
298.027
298.028
298.028
298.029
298.029
298.029
298.03
298.03
298.03
298.03
298.031
298.031
298.031
298.032
298.032
298.032
298.033
298.033
298.033
298.033
298.034
298.034
298.034
298.034
298.035
298.035
298.035
298.035
298.036
298.036
298.036
298.036
298.036
298.037
298.037
298.037
298.037
298.037
298.038
298.038
298.038
298.038
298.038
298.039
298.039
298.039
298.039
298.039
298.039
298.04
298.04
298.04
298.04
298.04
298.04
298.04
298.041
298.041
298.041
298.041
298.041
298.041
298.041
298.041
298.042
298.042
298.042
298.042
298.042
298.042
298.042
298.042
298.043
298.043
298.043
298.043
298.043
298.043
298.043
298.044
298.044
298.044
298.044
298.044
298.044
298.01
298.01
298.01
298.01
298.01
298.011
298.011
298.011
298.011
298.011
298.011
298.011
298.012
298.012
298.012
298.012
298.012
298.012
298.013
298.013
298.013
298.013
298.013
298.014
298.014
298.014
298.014
298.015
298.015
298.015
298.015
298.016
298.016
298.016
298.016
298.017
298.017
298.017
298.018
298.018
298.018
298.019
298.019
298.019
298.02
298.02
298.02
298.021
298.021
298.022
298.022
298.022
298.023
298.023
298.023
298.024
298.024
298.024
298.025
298.025
298.025
298.026
298.026
298.026
298.027
298.027
298.027
298.028
298.028
298.028
298.028
298.029
298.029
298.029
298.029
298.03
298.03
298.03
298.031
298.031
298.031
298.031
298.031
298.032
298.032
298.032
298.032
298.033
298.033
298.033
298.033
298.033
298.034
298.034
298.034
298.034
298.034
298.035
298.035
298.035
298.035
298.035
298.035
298.036
298.036
298.036
298.036
298.036
298.036
298.036
298.037
298.037
298.037
298.037
298.037
298.037
298.037
298.037
298.038
298.038
298.038
298.038
298.038
298.038
298.038
298.038
298.039
298.039
298.039
298.039
298.039
298.039
298.039
298.039
298.04
298.04
298.04
298.04
298.04
298.04
298.04
298.04
298.041
298.041
298.041
298.008
298.008
298.008
298.008
298.009
298.009
298.009
298.009
298.009
298.009
298.009
298.01
298.01
298.01
298.01
298.01
298.01
298.011
298.011
298.011
298.011
298.011
298.011
298.012
298.012
298.012
298.012
298.012
298.013
298.013
298.013
298.013
298.014
298.014
298.014
298.014
298.015
298.015
298.015
298.015
298.016
298.016
298.016
298.017
298.017
298.017
298.018
298.018
298.018
298.019
298.019
298.019
298.02
298.02
298.02
298.021
298.021
298.021
298.022
298.022
298.022
298.023
298.023
298.023
298.023
298.024
298.024
298.024
298.025
298.025
298.025
298.025
298.026
298.026
298.026
298.026
298.027
298.027
298.027
298.027
298.028
298.028
298.028
298.028
298.029
298.029
298.029
298.029
298.029
298.03
298.03
298.03
298.03
298.03
298.031
298.031
298.031
298.031
298.031
298.031
298.032
298.032
298.032
298.032
298.032
298.032
298.033
298.033
298.033
298.033
298.033
298.033
298.033
298.034
298.034
298.034
298.034
298.034
298.034
298.034
298.034
298.035
298.035
298.035
298.035
298.035
298.035
298.035
298.035
298.035
298.036
298.036
298.036
298.036
298.036
298.036
298.036
298.036
298.036
298.037
298.037
298.037
298.037
298.037
298.037
298.037
298.037
298.038
298.038
298.007
298.007
298.007
298.007
298.007
298.007
298.007
298.007
298.008
298.008
298.008
298.008
298.008
298.008
298.009
298.009
298.009
298.009
298.009
298.009
298.01
298.01
298.01
298.01
298.01
298.01
298.011
298.011
298.011
298.011
298.011
298.012
298.012
298.012
298.012
298.013
298.013
298.013
298.013
298.014
298.014
298.014
298.014
298.015
298.015
298.015
298.015
298.016
298.016
298.016
298.017
298.017
298.017
298.018
298.018
298.018
298.019
298.019
298.019
298.019
298.02
298.02
298.02
298.021
298.021
298.021
298.021
298.022
298.022
298.022
298.022
298.023
298.023
298.023
298.023
298.024
298.024
298.024
298.024
298.025
298.025
298.025
298.025
298.026
298.026
298.026
298.026
298.026
298.027
298.027
298.027
298.027
298.027
298.027
298.028
298.028
298.028
298.028
298.028
298.029
298.029
298.029
298.029
298.029
298.029
298.029
298.03
298.03
298.03
298.03
298.03
298.03
298.03
298.031
298.031
298.031
298.031
298.031
298.031
298.031
298.031
298.031
298.032
298.032
298.032
298.032
298.032
298.032
298.032
298.032
298.032
298.033
298.033
298.033
298.033
298.033
298.033
298.033
298.033
298.033
298.033
298.034
298.034
298.034
298.034
298.034
298.034
298.034
298.034
298.035
298.035
298.035
298.005
298.005
298.005
298.006
298.006
298.006
298.006
298.006
298.006
298.006
298.007
298.007
298.007
298.007
298.007
298.007
298.007
298.008
298.008
298.008
298.008
298.008
298.008
298.009
298.009
298.009
298.009
298.009
298.01
298.01
298.01
298.01
298.01
298.011
298.011
298.011
298.011
298.011
298.012
298.012
298.012
298.012
298.013
298.013
298.013
298.013
298.014
298.014
298.014
298.014
298.015
298.015
298.015
298.015
298.016
298.016
298.016
298.017
298.017
298.017
298.017
298.018
298.018
298.018
298.019
298.019
298.019
298.019
298.02
298.02
298.02
298.02
298.021
298.021
298.021
298.021
298.021
298.022
298.022
298.022
298.022
298.023
298.023
298.023
298.023
298.023
298.024
298.024
298.024
298.024
298.024
298.024
298.025
298.025
298.025
298.025
298.025
298.025
298.026
298.026
298.026
298.026
298.026
298.026
298.027
298.027
298.027
298.027
298.027
298.027
298.027
298.027
298.028
298.028
298.028
298.028
298.028
298.028
298.028
298.028
298.029
298.029
298.029
298.029
298.029
298.029
298.029
298.029
298.029
298.029
298.03
298.03
298.03
298.03
298.03
298.03
298.03
298.03
298.03
298.03
298.031
298.031
298.031
298.031
298.031
298.031
298.031
298.031
298.031
298.031
298.032
298.032
298.032
298.032
298.032
298.004
298.004
298.004
298.004
298.004
298.004
298.005
298.005
298.005
298.005
298.005
298.005
298.006
298.006
298.006
298.006
298.006
298.006
298.006
298.007
298.007
298.007
298.007
298.007
298.007
298.008
298.008
298.008
298.008
298.008
298.008
298.009
298.009
298.009
298.009
298.009
298.01
298.01
298.01
298.01
298.01
298.011
298.011
298.011
298.011
298.012
298.012
298.012
298.012
298.013
298.013
298.013
298.013
298.013
298.014
298.014
298.014
298.015
298.015
298.015
298.015
298.016
298.016
298.016
298.016
298.017
298.017
298.017
298.017
298.018
298.018
298.018
298.018
298.019
298.019
298.019
298.019
298.019
298.02
298.02
298.02
298.02
298.02
298.021
298.021
298.021
298.021
298.021
298.022
298.022
298.022
298.022
298.022
298.022
298.023
298.023
298.023
298.023
298.023
298.023
298.023
298.024
298.024
298.024
298.024
298.024
298.024
298.024
298.025
298.025
298.025
298.025
298.025
298.025
298.025
298.025
298.026
298.026
298.026
298.026
298.026
298.026
298.026
298.026
298.026
298.026
298.027
298.027
298.027
298.027
298.027
298.027
298.027
298.027
298.027
298.027
298.027
298.028
298.028
298.028
298.028
298.028
298.028
298.028
298.028
298.028
298.028
298.028
298.029
298.029
298.029
298.029
298.029
298.029
298.029
298.029
298.029
298.03
298.003
298.003
298.003
298.003
298.003
298.003
298.003
298.004
298.004
298.004
298.004
298.004
298.004
298.004
298.005
298.005
298.005
298.005
298.005
298.005
298.006
298.006
298.006
298.006
298.006
298.006
298.007
298.007
298.007
298.007
298.007
298.007
298.008
298.008
298.008
298.008
298.008
298.008
298.009
298.009
298.009
298.009
298.009
298.01
298.01
298.01
298.01
298.01
298.011
298.011
298.011
298.011
298.012
298.012
298.012
298.012
298.012
298.013
298.013
298.013
298.013
298.014
298.014
298.014
298.014
298.015
298.015
298.015
298.015
298.016
298.016
298.016
298.016
298.016
298.017
298.017
298.017
298.017
298.018
298.018
298.018
298.018
298.018
298.018
298.019
298.019
298.019
298.019
298.019
298.02
298.02
298.02
298.02
298.02
298.02
298.02
298.021
298.021
298.021
298.021
298.021
298.021
298.021
298.022
298.022
298.022
298.022
298.022
298.022
298.022
298.023
298.023
298.023
298.023
298.023
298.023
298.023
298.023
298.023
298.024
298.024
298.024
298.024
298.024
298.024
298.024
298.024
298.024
298.024
298.024
298.025
298.025
298.025
298.025
298.025
298.025
298.025
298.025
298.025
298.025
298.025
298.025
298.026
298.026
298.026
298.026
298.026
298.026
298.026
298.026
298.026
298.026
298.026
298.026
298.027
298.027
298.027
298.027
298.027
298.027
298.027
298.002
298.002
298.002
298.002
298.002
298.002
298.003
298.003
298.003
298.003
298.003
298.003
298.003
298.004
298.004
298.004
298.004
298.004
298.004
298.004
298.005
298.005
298.005
298.005
298.005
298.005
298.006
298.006
298.006
298.006
298.006
298.006
298.007
298.007
298.007
298.007
298.007
298.007
298.008
298.008
298.008
298.008
298.008
298.008
298.009
298.009
298.009
298.009
298.009
298.01
298.01
298.01
298.01
298.01
298.011
298.011
298.011
298.011
298.012
298.012
298.012
298.012
298.012
298.013
298.013
298.013
298.013
298.014
298.014
298.014
298.014
298.014
298.015
298.015
298.015
298.015
298.015
298.016
298.016
298.016
298.016
298.016
298.017
298.017
298.017
298.017
298.017
298.017
298.018
298.018
298.018
298.018
298.018
298.018
298.018
298.019
298.019
298.019
298.019
298.019
298.019
298.019
298.02
298.02
298.02
298.02
298.02
298.02
298.02
298.02
298.021
298.021
298.021
298.021
298.021
298.021
298.021
298.021
298.021
298.021
298.022
298.022
298.022
298.022
298.022
298.022
298.022
298.022
298.022
298.022
298.022
298.023
298.023
298.023
298.023
298.023
298.023
298.023
298.023
298.023
298.023
298.023
298.023
298.023
298.024
298.024
298.024
298.024
298.024
298.024
298.024
298.024
298.024
298.024
298.024
298.024
298.024
298.025
298.025
298.025
298.025
298.025
298.025
298.001
298.001
298.001
298.001
298.001
298.002
298.002
298.002
298.002
298.002
298.002
298.002
298.003
298.003
298.003
298.003
298.003
298.003
298.003
298.004
298.004
298.004
298.004
298.004
298.004
298.004
298.005
298.005
298.005
298.005
298.005
298.005
298.005
298.006
298.006
298.006
298.006
298.006
298.006
298.007
298.007
298.007
298.007
298.007
298.007
298.008
298.008
298.008
298.008
298.008
298.008
298.009
298.009
298.009
298.009
298.009
298.01
298.01
298.01
298.01
298.01
298.011
298.011
298.011
298.011
298.011
298.012
298.012
298.012
298.012
298.013
298.013
298.013
298.013
298.013
298.013
298.014
298.014
298.014
298.014
298.014
298.015
298.015
298.015
298.015
298.015
298.015
298.016
298.016
298.016
298.016
298.016
298.016
298.016
298.017
298.017
298.017
298.017
298.017
298.017
298.017
298.018
298.018
298.018
298.018
298.018
298.018
298.018
298.018
298.018
298.019
298.019
298.019
298.019
298.019
298.019
298.019
298.019
298.019
298.019
298.02
298.02
298.02
298.02
298.02
298.02
298.02
298.02
298.02
298.02
298.02
298.021
298.021
298.021
298.021
298.021
298.021
298.021
298.021
298.021
298.021
298.021
298.021
298.021
298.021
298.022
298.022
298.022
298.022
298.022
298.022
298.022
298.022
298.022
298.022
298.022
298.022
298.022
298.022
298.023
298.023
298.023
298.023
298.023
298.023
298.023
298
298
298.001
298.001
298.001
298.001
298.001
298.001
298.001
298.001
298.002
298.002
298.002
298.002
298.002
298.002
298.002
298.003
298.003
298.003
298.003
298.003
298.003
298.003
298.003
298.004
298.004
298.004
298.004
298.004
298.004
298.004
298.005
298.005
298.005
298.005
298.005
298.005
298.006
298.006
298.006
298.006
298.006
298.006
298.006
298.007
298.007
298.007
298.007
298.007
298.007
298.008
298.008
298.008
298.008
298.008
298.008
298.009
298.009
298.009
298.009
298.009
298.01
298.01
298.01
298.01
298.01
298.011
298.011
298.011
298.011
298.011
298.011
298.012
298.012
298.012
298.012
298.012
298.013
298.013
298.013
298.013
298.013
298.013
298.014
298.014
298.014
298.014
298.014
298.014
298.015
298.015
298.015
298.015
298.015
298.015
298.015
298.015
298.016
298.016
298.016
298.016
298.016
298.016
298.016
298.016
298.017
298.017
298.017
298.017
298.017
298.017
298.017
298.017
298.017
298.017
298.018
298.018
298.018
298.018
298.018
298.018
298.018
298.018
298.018
298.018
298.018
298.018
298.019
298.019
298.019
298.019
298.019
298.019
298.019
298.019
298.019
298.019
298.019
298.019
298.019
298.019
298.02
298.02
298.02
298.02
298.02
298.02
298.02
298.02
298.02
298.02
298.02
298.02
298.02
298.02
298.02
298.02
298.021
298.021
298.021
298.021
298.021
298.021
298.021
298.021
298.021
298.021
298
298
298
298
298
298
298.001
298.001
298.001
298.001
298.001
298.001
298.001
298.001
298.002
298.002
298.002
298.002
298.002
298.002
298.002
298.002
298.003
298.003
298.003
298.003
298.003
298.003
298.003
298.004
298.004
298.004
298.004
298.004
298.004
298.004
298.004
298.005
298.005
298.005
298.005
298.005
298.005
298.005
298.006
298.006
298.006
298.006
298.006
298.006
298.007
298.007
298.007
298.007
298.007
298.007
298.007
298.008
298.008
298.008
298.008
298.008
298.008
298.009
298.009
298.009
298.009
298.009
298.009
298.01
298.01
298.01
298.01
298.01
298.011
298.011
298.011
298.011
298.011
298.011
298.012
298.012
298.012
298.012
298.012
298.012
298.013
298.013
298.013
298.013
298.013
298.013
298.013
298.013
298.014
298.014
298.014
298.014
298.014
298.014
298.014
298.014
298.015
298.015
298.015
298.015
298.015
298.015
298.015
298.015
298.015
298.016
298.016
298.016
298.016
298.016
298.016
298.016
298.016
298.016
298.016
298.016
298.016
298.017
298.017
298.017
298.017
298.017
298.017
298.017
298.017
298.017
298.017
298.017
298.017
298.017
298.017
298.018
298.018
298.018
298.018
298.018
298.018
298.018
298.018
298.018
298.018
298.018
298.018
298.018
298.018
298.018
298.018
298.019
298.019
298.019
298.019
298.019
298.019
298.019
298.019
298.019
298.019
298.019
298.019
298.019
298.019
298.019
298.02
298.02
297.999
297.999
297.999
297.999
298
298
298
298
298
298
298
298
298.001
298.001
298.001
298.001
298.001
298.001
298.001
298.001
298.002
298.002
298.002
298.002
298.002
298.002
298.002
298.002
298.003
298.003
298.003
298.003
298.003
298.003
298.003
298.004
298.004
298.004
298.004
298.004
298.004
298.004
298.004
298.005
298.005
298.005
298.005
298.005
298.005
298.005
298.006
298.006
298.006
298.006
298.006
298.006
298.006
298.007
298.007
298.007
298.007
298.007
298.007
298.007
298.008
298.008
298.008
298.008
298.008
298.008
298.009
298.009
298.009
298.009
298.009
298.009
298.009
298.01
298.01
298.01
298.01
298.01
298.01
298.011
298.011
298.011
298.011
298.011
298.011
298.011
298.012
298.012
298.012
298.012
298.012
298.012
298.012
298.013
298.013
298.013
298.013
298.013
298.013
298.013
298.013
298.013
298.014
298.014
298.014
298.014
298.014
298.014
298.014
298.014
298.014
298.014
298.014
298.015
298.015
298.015
298.015
298.015
298.015
298.015
298.015
298.015
298.015
298.015
298.015
298.015
298.016
298.016
298.016
298.016
298.016
298.016
298.016
298.016
298.016
298.016
298.016
298.016
298.016
298.016
298.016
298.016
298.017
298.017
298.017
298.017
298.017
298.017
298.017
298.017
298.017
298.017
298.017
298.017
298.017
298.017
298.017
298.017
298.017
298.017
298.018
298.018
298.018
298.018
298.018
298.018
298.018
298.018
298.018
297.999
297.999
297.999
297.999
297.999
297.999
297.999
298
298
298
298
298
298
298
298
298.001
298.001
298.001
298.001
298.001
298.001
298.001
298.001
298.002
298.002
298.002
298.002
298.002
298.002
298.002
298.002
298.002
298.003
298.003
298.003
298.003
298.003
298.003
298.003
298.003
298.004
298.004
298.004
298.004
298.004
298.004
298.004
298.004
298.005
298.005
298.005
298.005
298.005
298.005
298.005
298.006
298.006
298.006
298.006
298.006
298.006
298.006
298.006
298.007
298.007
298.007
298.007
298.007
298.007
298.007
298.008
298.008
298.008
298.008
298.008
298.008
298.008
298.009
298.009
298.009
298.009
298.009
298.009
298.009
298.01
298.01
298.01
298.01
298.01
298.01
298.01
298.01
298.011
298.011
298.011
298.011
298.011
298.011
298.011
298.011
298.012
298.012
298.012
298.012
298.012
298.012
298.012
298.012
298.012
298.013
298.013
298.013
298.013
298.013
298.013
298.013
298.013
298.013
298.013
298.013
298.013
298.014
298.014
298.014
298.014
298.014
298.014
298.014
298.014
298.014
298.014
298.014
298.014
298.014
298.014
298.014
298.015
298.015
298.015
298.015
298.015
298.015
298.015
298.015
298.015
298.015
298.015
298.015
298.015
298.015
298.015
298.015
298.015
298.015
298.016
298.016
298.016
298.016
298.016
298.016
298.016
298.016
298.016
298.016
298.016
298.016
298.016
298.016
298.016
298.016
298.016
298.016
298.017
298.017
298.017
297.998
297.999
297.999
297.999
297.999
297.999
297.999
297.999
297.999
297.999
298
298
298
298
298
298
298
298
298
298.001
298.001
298.001
298.001
298.001
298.001
298.001
298.001
298.002
298.002
298.002
298.002
298.002
298.002
298.002
298.002
298.002
298.003
298.003
298.003
298.003
298.003
298.003
298.003
298.003
298.003
298.004
298.004
298.004
298.004
298.004
298.004
298.004
298.004
298.005
298.005
298.005
298.005
298.005
298.005
298.005
298.005
298.006
298.006
298.006
298.006
298.006
298.006
298.006
298.007
298.007
298.007
298.007
298.007
298.007
298.007
298.007
298.008
298.008
298.008
298.008
298.008
298.008
298.008
298.009
298.009
298.009
298.009
298.009
298.009
298.009
298.009
298.009
298.01
298.01
298.01
298.01
298.01
298.01
298.01
298.01
298.01
298.011
298.011
298.011
298.011
298.011
298.011
298.011
298.011
298.011
298.012
298.012
298.012
298.012
298.012
298.012
298.012
298.012
298.012
298.012
298.012
298.012
298.013
298.013
298.013
298.013
298.013
298.013
298.013
298.013
298.013
298.013
298.013
298.013
298.013
298.013
298.013
298.013
298.013
298.014
298.014
298.014
298.014
298.014
298.014
298.014
298.014
298.014
298.014
298.014
298.014
298.014
298.014
298.014
298.014
298.014
298.014
298.014
298.014
298.014
298.015
298.015
298.015
298.015
298.015
298.015
298.015
298.015
298.015
298.015
298.015
298.015
298.015
298.015
298.015
298.015
297.998
297.999
297.999
297.999
297.999
297.999
297.999
297.999
297.999
297.999
298
298
298
298
298
298
298
298
298
298.001
298.001
298.001
298.001
298.001
298.001
298.001
298.001
298.001
298.001
298.002
298.002
298.002
298.002
298.002
298.002
298.002
298.002
298.002
298.003
298.003
298.003
298.003
298.003
298.003
298.003
298.003
298.003
298.003
298.004
298.004
298.004
298.004
298.004
298.004
298.004
298.004
298.004
298.005
298.005
298.005
298.005
298.005
298.005
298.005
298.005
298.005
298.006
298.006
298.006
298.006
298.006
298.006
298.006
298.006
298.007
298.007
298.007
298.007
298.007
298.007
298.007
298.007
298.008
298.008
298.008
298.008
298.008
298.008
298.008
298.008
298.008
298.008
298.009
298.009
298.009
298.009
298.009
298.009
298.009
298.009
298.009
298.009
298.01
298.01
298.01
298.01
298.01
298.01
298.01
298.01
298.01
298.01
298.011
298.011
298.011
298.011
298.011
298.011
298.011
298.011
298.011
298.011
298.011
298.011
298.012
298.012
298.012
298.012
298.012
298.012
298.012
298.012
298.012
298.012
298.012
298.012
298.012
298.012
298.012
298.012
298.012
298.012
298.012
298.013
298.013
298.013
298.013
298.013
298.013
298.013
298.013
298.013
298.013
298.013
298.013
298.013
298.013
298.013
298.013
298.013
298.013
298.013
298.013
298.013
298.013
298.014
298.014
298.014
298.014
298.014
298.014
298.014
298.014
298.014
298.014
298.014
298.014
298.014
297.998
297.998
297.998
297.998
297.998
297.998
297.999
297.999
297.999
297.999
297.999
297.999
297.999
297.999
297.999
297.999
297.999
297.999
298
298
298
298
298
298
298
298
298
298
298.001
298.001
298.001
298.001
298.001
298.001
298.001
298.001
298.001
298.001
298.002
298.002
298.002
298.002
298.002
298.002
298.002
298.002
298.002
298.002
298.003
298.003
298.003
298.003
298.003
298.003
298.003
298.003
298.003
298.004
298.004
298.004
298.004
298.004
298.004
298.004
298.004
298.004
298.005
298.005
298.005
298.005
298.005
298.005
298.005
298.005
298.006
298.006
298.006
298.006
298.006
298.006
298.006
298.006
298.007
298.007
298.007
298.007
298.007
298.007
298.007
298.007
298.007
298.008
298.008
298.008
298.008
298.008
298.008
298.008
298.008
298.008
298.008
298.008
298.009
298.009
298.009
298.009
298.009
298.009
298.009
298.009
298.009
298.009
298.009
298.009
298.01
298.01
298.01
298.01
298.01
298.01
298.01
298.01
298.01
298.01
298.01
298.011
298.011
298.011
298.011
298.011
298.011
298.011
298.011
298.011
298.011
298.011
298.011
298.011
298.011
298.011
298.011
298.011
298.011
298.011
298.012
298.012
298.012
298.012
298.012
298.012
298.012
298.012
298.012
298.012
298.012
298.012
298.012
298.012
298.012
298.012
298.012
298.012
298.012
298.012
298.012
298.012
298.012
298.012
298.013
298.013
298.013
298.013
298.013
298.013
298.013
298.013
298.013
298.013
298.013
298.013
297.998
297.998
297.998
297.999
297.999
297.999
297.999
297.999
297.999
297.999
297.999
297.999
297.999
298
298
298
298
298
298
298
298
298
298
298.001
298.001
298.001
298.001
298.001
298.001
298.001
298.001
298.001
298.001
298.002
298.002
298.002
298.002
298.002
298.002
298.002
298.002
298.002
298.002
298.002
298.003
298.003
298.003
298.003
298.003
298.003
298.003
298.003
298.003
298.003
298.004
298.004
298.004
298.004
298.004
298.004
298.004
298.004
298.004
298.004
298.004
298.005
298.005
298.005
298.005
298.005
298.005
298.005
298.005
298.005
298.005
298.005
298.006
298.006
298.006
298.006
298.006
298.006
298.006
298.006
298.006
298.006
298.006
298.007
298.007
298.007
298.007
298.007
298.007
298.007
298.007
298.007
298.007
298.007
298.008
298.008
298.008
298.008
298.008
298.008
298.008
298.008
298.008
298.008
298.008
298.008
298.008
298.009
298.009
298.009
298.009
298.009
298.009
298.009
298.009
298.009
298.009
298.009
298.009
298.009
298.01
298.01
298.01
298.01
298.01
298.01
298.01
298.01
298.01
298.01
298.01
298.01
298.01
298.01
298.01
298.01
298.01
298.01
298.011
298.011
298.011
298.011
298.011
298.011
298.011
298.011
298.011
298.011
298.011
298.011
298.011
298.011
298.011
298.011
298.011
298.011
298.011
298.011
298.011
298.011
298.011
298.011
298.011
298.011
298.012
298.012
298.012
298.012
298.012
298.012
298.012
298.012
298.012
298.012
298.012
298.012
298.012
297.998
297.998
297.998
297.998
297.998
297.998
297.998
297.998
297.998
297.998
297.998
297.998
297.998
297.998
297.999
297.999
297.999
297.999
297.999
297.999
297.999
297.999
297.999
297.999
297.999
297.999
297.999
297.999
297.999
297.999
297.999
297.999
297.999
298
298
298
298
298
298
298
298
298
298
298
298
298.001
298.001
298.001
298.001
298.001
298.001
298.001
298.001
298.001
298.001
298.002
298.002
298.002
298.002
298.002
298.002
298.002
298.002
298.002
298.002
298.003
298.003
298.003
298.003
298.003
298.003
298.003
298.003
298.003
298.004
298.004
298.004
298.004
298.004
298.004
298.004
298.004
298.005
298.005
298.005
298.005
298.005
298.005
298.005
298.005
298.006
298.006
298.006
298.006
298.006
298.006
298.006
298.006
298.006
298.006
298.007
298.007
298.007
298.007
298.007
298.007
298.007
298.007
298.007
298.007
298.007
298.007
298.007
298.008
298.008
298.008
298.008
298.008
298.008
298.008
298.008
298.008
298.008
298.008
298.008
298.008
298.008
298.009
298.009
298.009
298.009
298.009
298.009
298.009
298.009
298.009
298.009
298.009
298.009
298.009
298.009
298.01
298.01
298.01
298.01
298.01
298.01
298.01
298.01
298.01
298.01
298.01
298.01
298.01
298.01
298.01
298.01
298.01
298.01
298.01
298.01
298.01
298.01
298.01
298.01
298.011
298.011
298.011
298.011
298.011
298.011
298.011
298.011
298.011
298.011
298.011
298.011
298.011
298.011
298.011
298.011
298.011
298.011
297.998
297.998
297.998
297.998
297.998
297.998
297.998
297.998
297.998
297.999
297.999
297.999
297.999
297.999
297.999
297.999
297.999
298
298
298
298
298
298
298
298.001
298.001
298.001
298.001
298.001
298.001
298.001
298.001
298.001
298.002
298.002
298.002
298.002
298.002
298.002
298.002
298.002
298.002
298.002
298.003
298.003
298.003
298.003
298.003
298.003
298.003
298.003
298.003
298.003
298.003
298.004
298.004
298.004
298.004
298.004
298.004
298.004
298.004
298.004
298.004
298.004
298.004
298.004
298.005
298.005
298.005
298.005
298.005
298.005
298.005
298.005
298.005
298.005
298.005
298.005
298.005
298.005
298.006
298.006
298.006
298.006
298.006
298.006
298.006
298.006
298.006
298.006
298.006
298.006
298.006
298.007
298.007
298.007
298.007
298.007
298.007
298.007
298.007
298.007
298.007
298.007
298.007
298.007
298.007
298.007
298.008
298.008
298.008
298.008
298.008
298.008
298.008
298.008
298.008
298.008
298.008
298.008
298.008
298.008
298.008
298.008
298.008
298.008
298.008
298.008
298.008
298.008
298.008
298.008
298.008
298.009
298.009
298.009
298.009
298.009
298.009
298.009
298.009
298.009
298.009
298.009
298.009
298.009
298.009
298.009
298.009
298.009
298.009
298.009
298.009
298.009
298.009
298.009
298.009
298.01
298.01
298.01
298.01
298.01
298.01
298.01
298.01
298.01
298.01
298.01
298.01
298.01
298.01
298.01
298.01
298.01
298.01
298.01
298.01
298.01
298.01
298.01
298.01
298.01
298.01
297.999
297.999
297.999
297.998
297.998
297.998
297.998
297.998
297.998
297.998
297.998
297.998
297.998
297.998
297.997
297.997
297.997
297.997
297.997
297.997
297.997
297.997
297.997
297.997
297.997
297.997
297.997
297.997
297.997
297.997
297.997
297.997
297.997
297.997
297.997
297.997
297.997
297.997
297.997
297.997
297.997
297.997
297.997
297.997
297.997
297.997
297.997
297.997
297.997
297.997
297.998
297.998
297.998
297.998
297.998
297.998
297.998
297.998
297.998
297.998
297.998
297.999
297.999
297.999
297.999
297.999
297.999
297.999
297.999
298
298
298
298
298
298
298
298
298.001
298.001
298.001
298.001
298.001
298.001
298.001
298.001
298.002
298.002
298.002
298.002
298.002
298.002
298.002
298.002
298.003
298.003
298.003
298.003
298.003
298.003
298.003
298.003
298.003
298.004
298.004
298.004
298.004
298.004
298.004
298.004
298.004
298.004
298.004
298.005
298.005
298.005
298.005
298.005
298.005
298.005
298.005
298.005
298.005
298.006
298.006
298.006
298.006
298.006
298.006
298.006
298.006
298.006
298.006
298.006
298.007
298.007
298.007
298.007
298.007
298.007
298.007
298.007
298.007
298.007
298.007
298.007
298.007
298.008
298.008
298.008
298.008
298.008
298.008
298.008
298.008
298.008
298.008
298.008
298.008
298.008
298.008
298.008
298.008
298.008
298.009
298.009
298.009
298.009
298.009
298.009
298.009
298.009
298.009
298.009
298.009
298.009
298.009
298.009
298.009
298.009
298.009
298.009
298.009
298.009
298.009
298.01
297.992
297.993
297.993
297.993
297.994
297.994
297.994
297.995
297.995
297.995
297.996
297.996
297.996
297.997
297.997
297.998
297.998
297.998
297.999
297.999
297.999
298
298
298
298.001
298.001
298.001
298.002
298.002
298.002
298.002
298.003
298.003
298.003
298.003
298.004
298.004
298.004
298.004
298.004
298.005
298.005
298.005
298.005
298.005
298.005
298.006
298.006
298.006
298.006
298.006
298.006
298.006
298.007
298.007
298.007
298.007
298.007
298.007
298.007
298.007
298.007
298.007
298.007
298.008
298.008
298.008
298.008
298.008
298.008
298.008
298.008
298.008
298.008
298.008
298.008
298.008
298.008
298.008
298.008
298.009
298.009
298.009
298.009
298.009
298.009
298.009
298.009
298.009
298.009
298.009
298.009
298.009
298.009
298.009
298.009
298.009
298.009
298.009
298.009
298.009
298.009
298.01
298.01
298.01
298.01
298.01
298.01
298.01
298.01
298.01
298.01
298.01
298.01
298.01
298.01
298.01
298.01
298.01
298.01
298.01
298.01
298.01
298.01
298.01
298.01
298.01
298.01
298.01
298.01
298.01
298.01
298.01
298.01
298.01
298.01
298.01
298.01
298.01
298.01
298.01
298.01
298.01
298.01
298.01
298.01
298.01
298.01
298.01
298.01
298.01
298.01
298.01
298.01
298.01
298.01
298.01
298.01
298.01
298.01
298.01
298.01
298.01
298.01
298.01
298.01
298.01
298.01
298.01
298.01
298.01
298.01
298.01
298.01
298.01
298.01
298.01
298.01
298.01
298.01
298.01
298.01
298.01
298.01
298.01
298.01
298.01
298.001
298
298
298
297.999
297.999
297.998
297.998
297.998
297.997
297.997
297.996
297.996
297.996
297.995
297.995
297.994
297.994
297.994
297.993
297.993
297.993
297.992
297.992
297.992
297.991
297.991
297.991
297.991
297.99
297.99
297.99
297.99
297.989
297.989
297.989
297.989
297.989
297.989
297.989
297.989
297.988
297.988
297.988
297.988
297.988
297.988
297.988
297.988
297.988
297.988
297.988
297.988
297.988
297.988
297.988
297.988
297.988
297.988
297.988
297.988
297.988
297.988
297.988
297.988
297.988
297.988
297.988
297.988
297.989
297.989
297.989
297.989
297.989
297.989
297.989
297.989
297.989
297.989
297.989
297.99
297.99
297.99
297.99
297.99
297.99
297.99
297.99
297.99
297.991
297.991
297.991
297.991
297.991
297.991
297.991
297.991
297.991
297.991
297.992
297.992
297.992
297.992
297.992
297.992
297.992
297.992
297.992
297.993
297.993
297.993
297.993
297.993
297.993
297.993
297.993
297.993
297.994
297.994
297.994
297.994
297.994
297.994
297.994
297.994
297.995
297.995
297.995
297.995
297.995
297.995
297.995
297.995
297.996
297.996
297.996
297.996
297.996
297.996
297.996
297.997
297.997
297.997
297.997
297.997
297.997
297.997
297.998
297.998
297.998
297.998
297.998
297.998
297.999
297.999
297.999
297.999
297.999
297.999
297.999
298
298
298
298
298
298
298
298.001
298.001
298.001
298.001
298.001
298.001
298.001
298.002
298.002
298.002
298.002
298.002
298.002
298.002
298.002
298.002
298.002
298.002
298.002
298.002
298.002
297.974
297.976
297.977
297.979
297.98
297.981
297.983
297.984
297.985
297.986
297.988
297.989
297.99
297.991
297.992
297.993
297.994
297.995
297.997
297.998
297.998
297.999
298
298.001
298.002
298.003
298.004
298.005
298.005
298.006
298.007
298.008
298.008
298.009
298.01
298.01
298.011
298.012
298.012
298.013
298.013
298.014
298.015
298.015
298.016
298.016
298.017
298.017
298.017
298.018
298.018
298.019
298.019
298.02
298.02
298.02
298.021
298.021
298.021
298.022
298.022
298.022
298.023
298.023
298.023
298.023
298.024
298.024
298.024
298.024
298.025
298.025
298.025
298.025
298.026
298.026
298.026
298.026
298.026
298.027
298.027
298.027
298.027
298.027
298.027
298.028
298.028
298.028
298.028
298.028
298.028
298.029
298.029
298.029
298.029
298.029
298.029
298.029
298.03
298.03
298.03
298.03
298.03
298.03
298.03
298.031
298.031
298.031
298.031
298.031
298.031
298.031
298.031
298.032
298.032
298.032
298.032
298.032
298.032
298.032
298.032
298.032
298.032
298.032
298.033
298.033
298.033
298.033
298.033
298.033
298.033
298.033
298.033
298.033
298.033
298.033
298.033
298.033
298.033
298.033
298.033
298.033
298.033
298.033
298.033
298.033
298.033
298.033
298.033
298.033
298.033
298.033
298.033
298.033
298.033
298.033
298.033
298.033
298.033
298.033
298.033
298.033
298.033
298.033
298.032
298.032
298.032
298.032
298.032
298.032
298.032
298.032
298.032
298.032
298.032
298.032
298.032
298.032
298.032
298.032
298.032
298.032
298.032
298.032
298.032
298.032
298.032
298.032
298.032
)
;

boundaryField
{
    down
    {
        type            zeroGradient;
    }
    right
    {
        type            zeroGradient;
    }
    up
    {
        type            zeroGradient;
    }
    meanFlow
    {
        type            inletOutlet;
        inletValue      uniform 298;
        value           uniform 298;
    }
    coandaUpper
    {
        type            zeroGradient;
    }
    coandaLower
    {
        type            zeroGradient;
    }
    surface
    {
        type            zeroGradient;
    }
    defaultFaces
    {
        type            empty;
    }
    procBoundary0to1
    {
        type            processor;
        value           nonuniform List<scalar> 
253
(
297.975
297.975
297.975
297.976
297.976
297.975
297.975
297.975
297.975
297.974
297.973
297.972
297.97
297.968
297.968
297.967
297.965
297.963
297.961
297.961
297.96
297.959
297.958
297.958
297.958
297.958
297.958
297.959
297.959
297.96
297.96
297.961
297.961
297.963
297.964
297.964
297.966
297.968
297.968
297.97
297.97
297.973
297.973
297.976
297.976
297.979
297.982
297.982
297.986
297.986
297.989
297.99
297.99
297.994
297.994
297.998
297.998
298.003
298.003
298.009
298.009
298.015
298.015
298.015
298.022
298.022
298.028
298.029
298.029
298.036
298.036
298.045
298.045
298.045
298.053
298.054
298.054
298.063
298.063
298.072
298.073
298.073
298.082
298.083
298.083
298.091
298.093
298.093
298.1
298.102
298.102
298.109
298.11
298.11
298.116
298.118
298.118
298.122
298.123
298.123
298.126
298.127
298.127
298.127
298.129
298.129
298.124
298.125
298.126
298.126
298.12
298.121
298.121
298.114
298.115
298.115
298.107
298.107
298.107
298.097
298.098
298.098
298.098
298.087
298.088
298.088
298.078
298.078
298.078
298.068
298.069
298.069
298.069
298.06
298.06
298.06
298.06
298.053
298.053
298.053
298.046
298.046
298.046
298.046
298.041
298.041
298.041
298.041
298.036
298.036
298.036
298.036
298.031
298.032
298.032
298.032
298.032
298.028
298.028
298.028
298.028
298.024
298.025
298.025
298.025
298.021
298.021
298.021
298.022
298.022
298.019
298.019
298.019
298.019
298.016
298.016
298.016
298.016
298.016
298.014
298.014
298.014
298.014
298.012
298.012
298.012
298.012
298.01
298.01
298.01
298.01
298.01
298.008
298.008
298.008
298.008
298.006
298.006
298.007
298.007
298.005
298.005
298.005
298.005
298.004
298.004
298.004
298.004
298.003
298.003
298.003
298.001
298.002
298.002
298.002
298.001
298.001
298.001
298
298
298
297.999
298
298
298
297.999
297.999
297.999
297.999
297.999
297.998
297.998
297.998
297.998
297.998
297.998
297.998
297.998
297.998
297.998
297.998
297.998
297.998
297.997
297.997
297.999
297.999
297.999
297.992
297.992
298.001
298.001
297.973
)
;
    }
    procBoundary0to3
    {
        type            processor;
        value           nonuniform List<scalar> 
100
(
298.039
298.031
298.03
298.031
298.032
298.034
298.037
298.039
298.042
298.044
298.047
298.05
298.052
298.055
298.058
298.061
298.064
298.067
298.07
298.073
298.076
298.078
298.081
298.084
298.087
298.09
298.093
298.096
298.099
298.102
298.105
298.109
298.112
298.116
298.12
298.124
298.129
298.134
298.139
298.145
298.151
298.157
298.164
298.172
298.18
298.187
298.195
298.203
298.21
298.216
298.221
298.224
298.224
298.222
298.217
298.21
298.2
298.188
298.176
298.163
298.151
298.141
298.132
298.124
298.116
298.109
298.103
298.096
298.089
298.083
298.077
298.071
298.066
298.061
298.057
298.052
298.048
298.045
298.041
298.038
298.035
298.032
298.03
298.027
298.025
298.023
298.021
298.02
298.018
298.017
298.015
298.014
298.013
298.012
298.011
298.01
298.01
298.01
298.002
298.032
)
;
    }
}


// ************************************************************************* //
