0.000000000000000000e+00 0.000000000000000000e+00
0.000000000000000000e+00 5.916067300005215657e+01
1.036608799990928631e+01 9.094477700014780908e+01
4.606218999994061036e+00 2.522832050000338313e+02
0.000000000000000000e+00 0.000000000000000000e+00
0.000000000000000000e+00 0.000000000000000000e+00
0.000000000000000000e+00 4.933874599999508348e+01
-1.311780400010745140e+01 -1.118276199999853020e+02
2.829688700010171587e+01 7.687476499998733459e+01
0.000000000000000000e+00 0.000000000000000000e+00
