0.000000000000000000e+00 0.000000000000000000e+00
0.000000000000000000e+00 -8.082006999997614116e+01
-3.900332000003614041e+01 -1.106819599999086989e+02
-1.174838999999372291e+01 8.128900999996301380e+01
0.000000000000000000e+00 0.000000000000000000e+00
0.000000000000000000e+00 0.000000000000000000e+00
-4.648615999990890657e+01 -1.793045099998724368e+02
-3.234468999998019001e+01 -9.765516999995503511e+01
-2.099462999995416368e+01 -1.844982000001105007e+02
0.000000000000000000e+00 0.000000000000000000e+00
