0.000000000000000000e+00 0.000000000000000000e+00
0.000000000000000000e+00 -2.818218000006922352e+01
9.889420000003255495e+00 -2.157736000001354171e+01
3.534540999982627341e+01 2.318496000001667312e+01
0.000000000000000000e+00 0.000000000000000000e+00
0.000000000000000000e+00 0.000000000000000000e+00
1.418919999907064522e+00 3.499115999995305515e+01
-1.526900001047606370e-01 -6.500969000013400034e+01
-4.366000010413983307e-02 -1.493681899999599239e+02
0.000000000000000000e+00 0.000000000000000000e+00
