0.000000000000000000e+00 0.000000000000000000e+00
0.000000000000000000e+00 5.761589000004007488e+01
1.313449000001076783e+01 5.507799999915363287e+00
1.880813999998176200e+01 2.556454999997347954e+01
0.000000000000000000e+00 0.000000000000000000e+00
0.000000000000000000e+00 0.000000000000000000e+00
1.001384999991250524e+01 -3.600610000001336175e+01
-5.997590000006436384e+00 -6.930496999986156936e+01
7.012780000009155401e+01 -1.820027099999177267e+02
0.000000000000000000e+00 0.000000000000000000e+00
