0.000000000000000000e+00 0.000000000000000000e+00
-1.218121217985701499e-05 7.057490000062643931e-07
3.374309999748525968e-07 1.719105599999604106e-05
1.549921000015830330e-06 2.297043499999672223e-05
0.000000000000000000e+00 0.000000000000000000e+00
0.000000000000000000e+00 0.000000000000000000e+00
2.223759999753216476e-07 -6.935721000000602543e-06
4.540418999998685479e-06 -5.335999989086737116e-09
7.688356999997758567e-06 6.723500999973423820e-06
0.000000000000000000e+00 0.000000000000000000e+00
