0.000000000000000000e+00 0.000000000000000000e+00
-1.404517422873285959e-05 3.228956999987804208e-06
-2.472727000019103727e-06 5.653228999986936731e-06
-2.150175999991732478e-06 -1.772066999987734204e-06
0.000000000000000000e+00 0.000000000000000000e+00
0.000000000000000000e+00 0.000000000000000000e+00
-2.093450999995916106e-06 -6.389594000015715036e-06
-5.528390000231198087e-07 -4.334473999986765413e-06
7.788620000059864878e-07 -1.850522399998982132e-05
0.000000000000000000e+00 0.000000000000000000e+00
