0.000000000000000000e+00 0.000000000000000000e+00
0.000000000000000000e+00 -1.595339000000083729e+01
-1.820420999982808041e+01 -3.862142999994101444e+01
-4.305042999995788477e+01 -4.709543000008807212e+01
0.000000000000000000e+00 0.000000000000000000e+00
0.000000000000000000e+00 0.000000000000000000e+00
-2.511011000003726679e+01 -6.205132999993478649e+01
-3.971305999987961144e+01 -4.919061999996144152e+01
2.329800001477088933e-01 -1.300099500000650892e+02
0.000000000000000000e+00 0.000000000000000000e+00
