0.000000000000000000e+00 0.000000000000000000e+00
0.000000000000000000e+00 1.030498799998835580e+02
2.823809999991100028e+01 2.738622999992612961e+01
2.634132999993487800e+01 6.758288999985096268e+01
0.000000000000000000e+00 0.000000000000000000e+00
0.000000000000000000e+00 0.000000000000000000e+00
1.100990000002521896e+00 -7.039431000009921036e+01
-1.407276000007229300e+01 -1.101764900000246001e+02
-8.731959000004562199e+01 2.369879499998450285e+02
0.000000000000000000e+00 0.000000000000000000e+00
