0.000000000000000000e+00 0.000000000000000000e+00
0.000000000000000000e+00 1.554449000007451431e+01
5.659080000097737262e+00 4.085299000013975501e+01
-5.789909999920352490e+00 6.705414000013341536e+01
0.000000000000000000e+00 0.000000000000000000e+00
0.000000000000000000e+00 0.000000000000000000e+00
6.393767000012483948e+01 2.099415000006432308e+01
3.080495000004068373e+01 -7.630386999996073882e+01
-7.566930999985954998e+01 7.165743000003831753e+01
0.000000000000000000e+00 0.000000000000000000e+00
