0.000000000000000000e+00 0.000000000000000000e+00
0.000000000000000000e+00 7.234334999992597659e+01
-4.157760000023102087e+00 -8.396000000066010216e+00
-1.216736999988254908e+01 -7.055385999996664736e+01
0.000000000000000000e+00 0.000000000000000000e+00
0.000000000000000000e+00 0.000000000000000000e+00
2.337363000008973657e+01 6.069689999976816353e+00
-2.563379999986904245e+00 -4.402570000004990902e+01
5.400260000000267269e+01 -8.523261000010772648e+01
0.000000000000000000e+00 0.000000000000000000e+00
