0.000000000000000000e+00 0.000000000000000000e+00
0.000000000000000000e+00 5.414546999998880494e+01
2.594847000004785187e+01 2.325904000014533324e+01
3.689141000016159921e+01 7.052978000007260562e+01
0.000000000000000000e+00 0.000000000000000000e+00
0.000000000000000000e+00 0.000000000000000000e+00
-1.335540999990448086e+01 6.234100000004349340e+01
-1.261641999997786456e+01 3.642810999997524846e+01
6.365436999997697143e+01 -9.908635999994473309e+01
0.000000000000000000e+00 0.000000000000000000e+00
