0.000000000000000000e+00 0.000000000000000000e+00
-1.949920278310202093e-05 1.215176999996847584e-06
-2.908610000074141055e-07 5.579832999997452747e-06
6.190750000134581654e-07 6.868502000007686847e-06
0.000000000000000000e+00 0.000000000000000000e+00
0.000000000000000000e+00 0.000000000000000000e+00
9.586920000081988746e-07 -1.447413999986109368e-06
1.990132999979410400e-06 -9.884998999988570123e-06
2.305777000000119870e-06 -9.684284999974396291e-06
0.000000000000000000e+00 0.000000000000000000e+00
