0.000000000000000000e+00 0.000000000000000000e+00
0.000000000000000000e+00 6.516826999994896141e+01
3.708099999866209640e+00 5.194172000003715084e+01
2.279712999999627954e+01 8.177080999983708409e+01
0.000000000000000000e+00 0.000000000000000000e+00
0.000000000000000000e+00 0.000000000000000000e+00
-6.949240000031494446e+00 -3.171017000003217134e+01
-2.034529000000118160e+01 -2.198141699999544869e+02
4.575241999995593289e+01 -2.128619800000896873e+02
0.000000000000000000e+00 0.000000000000000000e+00
