0.000000000000000000e+00 0.000000000000000000e+00
0.000000000000000000e+00 1.393736699988947692e+01
7.859949999522441999e-01 -1.249594300007719028e+01
-6.872750001454814850e-01 4.736217699993633801e+01
0.000000000000000000e+00 0.000000000000000000e+00
0.000000000000000000e+00 0.000000000000000000e+00
-0.000000000000000000e+00 -2.551935099999943191e+01
-1.078123200007955163e+01 -1.090454620000347177e+02
-7.906529000029083321e+00 -1.270897370000779745e+02
0.000000000000000000e+00 0.000000000000000000e+00
