0.000000000000000000e+00 0.000000000000000000e+00
0.000000000000000000e+00 -4.167288999993300536e+01
-1.289317999995098774e+01 -8.094376999988607224e+01
-5.774599000003543381e+01 -9.099230999980443357e+01
0.000000000000000000e+00 0.000000000000000000e+00
0.000000000000000000e+00 0.000000000000000000e+00
-4.952759999991006623e+01 -6.451823999988891956e+01
-6.442702999979177036e+01 -5.275244999999318196e+01
4.118958000002281494e+01 -2.036164299999531977e+02
0.000000000000000000e+00 0.000000000000000000e+00
