0.000000000000000000e+00 0.000000000000000000e+00
-2.025907247910074815e-05 3.316237999995315378e-06
4.136935000009778207e-06 6.368897999989991954e-06
7.556672999994851203e-06 1.132670900000354308e-05
0.000000000000000000e+00 0.000000000000000000e+00
0.000000000000000000e+00 0.000000000000000000e+00
-2.644949999852652667e-07 3.503254000006977842e-06
-1.223085000001677969e-06 1.218389000006564471e-06
1.716620000008495239e-06 -7.975742999999542449e-06
0.000000000000000000e+00 0.000000000000000000e+00
