0.000000000000000000e+00 0.000000000000000000e+00
0.000000000000000000e+00 -4.506609999975763259e+01
9.595280000096462203e+00 5.756555000014927970e+01
2.279038000010391229e+01 7.080904000007495824e+01
0.000000000000000000e+00 0.000000000000000000e+00
0.000000000000000000e+00 0.000000000000000000e+00
3.360366000003666898e+01 -4.976713999987890702e+01
3.013352000016400112e+01 2.982111000008335111e+01
1.728854000025980753e+01 -1.879045199999374063e+02
0.000000000000000000e+00 0.000000000000000000e+00
