0.000000000000000000e+00 0.000000000000000000e+00
-1.245943121583326096e-05 1.674726999986372866e-06
-4.949210000160242373e-07 -8.212040000128706385e-07
8.438099999841242038e-07 -4.611500000611945538e-08
0.000000000000000000e+00 0.000000000000000000e+00
0.000000000000000000e+00 0.000000000000000000e+00
-4.021829000000476384e-06 -3.827750000014000509e-06
-1.040866000001638980e-06 -3.333149000007973317e-06
-7.828510000043586992e-07 5.618867999978086059e-06
0.000000000000000000e+00 0.000000000000000000e+00
