0.000000000000000000e+00 0.000000000000000000e+00
-1.959844509738517537e-05 -3.585824000019652291e-06
-1.653773999993335408e-06 9.442289999779529541e-07
-8.954420000067964125e-07 5.640566999986357244e-06
0.000000000000000000e+00 0.000000000000000000e+00
0.000000000000000000e+00 0.000000000000000000e+00
-2.569275000030568634e-06 1.322084999990334742e-06
4.392480999981795975e-06 -2.886927000001621169e-06
4.964597999989467381e-06 -4.071047400001394367e-05
0.000000000000000000e+00 0.000000000000000000e+00
