0.000000000000000000e+00 0.000000000000000000e+00
-9.029570285645771577e-06 -1.002879000025058004e-06
-6.292561000015295392e-06 -8.061125000017460573e-06
-6.850149000009464473e-06 1.379066999974282171e-06
0.000000000000000000e+00 0.000000000000000000e+00
0.000000000000000000e+00 0.000000000000000000e+00
-4.174660000022534234e-06 -1.273105700000821267e-05
-2.483570999994855200e-06 -1.141735500000129466e-05
2.644061999998448265e-06 -3.720993300006074367e-05
0.000000000000000000e+00 0.000000000000000000e+00
