0.000000000000000000e+00 0.000000000000000000e+00
-1.582864678087436694e-05 1.191961000013286309e-06
-5.346019999741269402e-07 6.139794000024206833e-06
3.965450000170678280e-07 3.247978000020870781e-06
0.000000000000000000e+00 0.000000000000000000e+00
0.000000000000000000e+00 0.000000000000000000e+00
-4.834718000001902993e-06 -1.575552999999018516e-05
3.083341999998712168e-06 -3.712608999981853453e-06
-1.189912099999052009e-05 -2.224930499997168631e-05
0.000000000000000000e+00 0.000000000000000000e+00
