0.000000000000000000e+00 0.000000000000000000e+00
-2.085143760396923618e-05 4.386919999986669400e-06
-3.157825999994257060e-06 1.706703999997810639e-06
-1.462780000002772418e-06 -8.003200000234605982e-07
0.000000000000000000e+00 0.000000000000000000e+00
0.000000000000000000e+00 0.000000000000000000e+00
-2.315062999996841953e-06 2.701319999900628210e-07
2.039166000000758316e-06 2.637360000008748262e-07
1.139862999991608783e-06 1.071910199998849650e-05
0.000000000000000000e+00 0.000000000000000000e+00
