0.000000000000000000e+00 0.000000000000000000e+00
0.000000000000000000e+00 -4.738270999997683930e+01
2.717620000047828555e+00 -2.769459000000472315e+01
-2.417899999929141508e+00 1.627348999992949530e+01
0.000000000000000000e+00 0.000000000000000000e+00
0.000000000000000000e+00 0.000000000000000000e+00
1.421747999984512667e+01 4.117691999998562835e+01
1.841500000931972636e-01 -8.189361999995091423e+01
3.080898000005216630e+01 9.145279999996927245e+01
0.000000000000000000e+00 0.000000000000000000e+00
