0.000000000000000000e+00 0.000000000000000000e+00
-1.960586093915916983e-05 7.448972999987181487e-06
-1.838746999993645659e-06 -1.790906000009168109e-06
-2.491120000072677421e-07 9.646470000002765888e-06
0.000000000000000000e+00 0.000000000000000000e+00
0.000000000000000000e+00 0.000000000000000000e+00
-9.810550000155515704e-07 2.292552000015234126e-06
2.400360999993411681e-06 7.417729000005340856e-06
4.728757999998556283e-06 -2.206489800000467627e-05
0.000000000000000000e+00 0.000000000000000000e+00
