0.000000000000000000e+00 0.000000000000000000e+00
0.000000000000000000e+00 1.576126999992543887e+01
5.281470000095821682e+00 1.361163600000492124e+02
2.995030000003673010e+01 2.644572000014554192e+01
0.000000000000000000e+00 0.000000000000000000e+00
0.000000000000000000e+00 0.000000000000000000e+00
1.028620999995455243e+01 3.141503000014811420e+01
1.995372000015427361e+01 9.517560000009693510e+01
8.189434000008820647e+01 8.880303000019517867e+01
0.000000000000000000e+00 0.000000000000000000e+00
