0.000000000000000000e+00 0.000000000000000000e+00
-1.011466892925083627e-05 5.546930000079053347e-07
-2.740700000003482018e-06 -8.126185999990376274e-06
-4.381014999985111125e-06 -1.109320800000111740e-05
0.000000000000000000e+00 0.000000000000000000e+00
0.000000000000000000e+00 0.000000000000000000e+00
-2.170994999994846353e-06 -8.196209999980323679e-06
-4.003119999929083406e-07 -3.643597000002607444e-06
-2.359860000002156344e-06 -1.779432299994082589e-05
0.000000000000000000e+00 0.000000000000000000e+00
