0.000000000000000000e+00 0.000000000000000000e+00
-2.177003992975823365e-05 9.294580999998948434e-06
3.779437999978929597e-06 2.123634999989798544e-06
2.308872999991218311e-06 -4.552981000001399270e-06
0.000000000000000000e+00 0.000000000000000000e+00
0.000000000000000000e+00 0.000000000000000000e+00
-6.603110000169554183e-07 -3.405781000001377457e-06
-5.706090000223706937e-07 2.896499999988089158e-06
1.669607999996852721e-06 -1.260264299997575915e-05
0.000000000000000000e+00 0.000000000000000000e+00
