0.000000000000000000e+00 0.000000000000000000e+00
-2.606562010615265379e-05 5.483834999995065851e-06
-1.480752999993839580e-06 8.093275000009558795e-06
-4.301498000000569810e-06 7.706698000004702509e-06
0.000000000000000000e+00 0.000000000000000000e+00
0.000000000000000000e+00 0.000000000000000000e+00
1.709363999985447080e-06 -6.458999998910919249e-09
1.569574999998879505e-06 1.856120999996213605e-06
8.110055000017102333e-06 -3.755783400000156647e-05
0.000000000000000000e+00 0.000000000000000000e+00
