0.000000000000000000e+00 0.000000000000000000e+00
0.000000000000000000e+00 -5.676702600001664933e+01
-3.026191900001168023e+01 -4.227757100012246383e+01
1.643919099999086342e+01 6.631030799996298697e+01
0.000000000000000000e+00 0.000000000000000000e+00
0.000000000000000000e+00 0.000000000000000000e+00
-0.000000000000000000e+00 -7.766307000002109362e+01
1.811249999987551540e+00 -9.635678799995855570e+01
-4.163124100005354933e+01 -6.969363700002894291e+01
0.000000000000000000e+00 0.000000000000000000e+00
