0.000000000000000000e+00 0.000000000000000000e+00
0.000000000000000000e+00 5.324973000002675150e+01
3.290469999999156414e+01 1.658472699998636415e+02
7.199758000000500147e+01 1.455721299998824634e+02
0.000000000000000000e+00 0.000000000000000000e+00
0.000000000000000000e+00 0.000000000000000000e+00
5.639552000000769283e+01 5.364218000010189513e+01
7.738815999998038819e+01 6.056765000002073407e+01
3.350031000002306314e+01 7.886499999276708195e-01
0.000000000000000000e+00 0.000000000000000000e+00
