0.000000000000000000e+00 0.000000000000000000e+00
0.000000000000000000e+00 -4.626152000013482279e+01
-3.590911000008745191e+01 -5.116554999999855369e+01
4.380440000062435502e+00 -6.044593999998681966e+01
0.000000000000000000e+00 0.000000000000000000e+00
0.000000000000000000e+00 0.000000000000000000e+00
-4.122131000001693479e+01 -4.497514000008084167e+01
-7.010090000059142845e+00 -9.974639000005501543e+01
-2.370439999996865055e+01 -1.190267800000421801e+02
0.000000000000000000e+00 0.000000000000000000e+00
