0.000000000000000000e+00 0.000000000000000000e+00
-2.700806672389921559e-05 2.113481000012157329e-06
-3.341024000014236606e-06 -6.096767000005748338e-06
-1.871759999994004886e-06 5.005170000007760911e-06
0.000000000000000000e+00 0.000000000000000000e+00
0.000000000000000000e+00 0.000000000000000000e+00
2.327166000015701286e-06 1.602378000005282022e-06
5.287440000001364382e-07 -1.163468400000242098e-05
2.719394999996238571e-06 -4.932565799999413803e-05
0.000000000000000000e+00 0.000000000000000000e+00
