0.000000000000000000e+00 0.000000000000000000e+00
0.000000000000000000e+00 2.493548000004341247e+01
5.100429999838059558e+00 4.693467000009833612e+01
4.109643000005380031e+01 4.276446999997850185e+01
0.000000000000000000e+00 0.000000000000000000e+00
0.000000000000000000e+00 0.000000000000000000e+00
2.208357999982091258e+01 2.823167999999041911e+01
2.089519999999289368e+01 1.265480000145473127e+00
5.259894000000375769e+01 9.985300000026057887e+00
0.000000000000000000e+00 0.000000000000000000e+00
