0.000000000000000000e+00 0.000000000000000000e+00
0.000000000000000000e+00 7.235690000029219249e+00
2.195260000070755169e+00 2.923684999995846567e+01
2.049285000014222291e+01 -3.493730000148076442e+00
0.000000000000000000e+00 0.000000000000000000e+00
0.000000000000000000e+00 0.000000000000000000e+00
-8.419469999898511858e+00 -4.736814000001476188e+01
1.039228999992758240e+01 -1.230988900000173771e+02
-9.590142999995609330e+01 -2.700734399999182642e+02
0.000000000000000000e+00 0.000000000000000000e+00
