0.000000000000000000e+00 0.000000000000000000e+00
6.802536429484362657e-06 -5.067184999978536358e-06
-2.190778999988651776e-06 3.963732000015346424e-06
1.198540000010850370e-06 6.785051000006772637e-06
0.000000000000000000e+00 0.000000000000000000e+00
0.000000000000000000e+00 0.000000000000000000e+00
-5.572689000005182081e-06 -4.427783999985147878e-06
-3.161523999983817390e-06 -2.442839999935997319e-07
2.529674000013165669e-06 -5.162999999587872257e-07
0.000000000000000000e+00 0.000000000000000000e+00
