0.000000000000000000e+00 0.000000000000000000e+00
-2.927819554690569426e-05 -1.677876999988097556e-06
-5.110989999834725239e-07 5.022892000005468871e-06
7.891270000018324460e-07 5.565810000010551484e-06
0.000000000000000000e+00 0.000000000000000000e+00
0.000000000000000000e+00 0.000000000000000000e+00
-2.412871999979415705e-06 2.611733000006631611e-06
4.926200000698877091e-08 3.975941000010363435e-06
1.259685999992904426e-06 1.346021999974050809e-06
0.000000000000000000e+00 0.000000000000000000e+00
