0.000000000000000000e+00 0.000000000000000000e+00
0.000000000000000000e+00 -8.318011000001402522e+01
1.144934799998553672e+02 6.912894999997476475e+01
6.747972999987527487e+01 2.023284799997693426e+02
0.000000000000000000e+00 0.000000000000000000e+00
0.000000000000000000e+00 0.000000000000000000e+00
-1.414122000009676405e+01 -6.468563000010529151e+01
5.186169999804589814e+00 -1.824710000024598600e+01
1.907399999501180055e-01 4.568211999977923199e+01
0.000000000000000000e+00 0.000000000000000000e+00
