0.000000000000000000e+00 0.000000000000000000e+00
-4.299934045667863636e-05 4.032143000023448443e-06
-2.780456999973424104e-06 1.194306000001227330e-05
4.909300001243455114e-08 1.207274400002317227e-05
0.000000000000000000e+00 0.000000000000000000e+00
0.000000000000000000e+00 0.000000000000000000e+00
5.466122000002959780e-06 -3.298618999989823275e-06
6.999056000017711554e-06 2.205564000001131175e-06
8.340043999993662638e-06 -1.174598999983782199e-06
0.000000000000000000e+00 0.000000000000000000e+00
