0.000000000000000000e+00 0.000000000000000000e+00
0.000000000000000000e+00 2.282283999999189916e+01
1.789890000103433465e+00 5.983031999989839278e+01
4.958694999996904329e+01 1.294274299999509594e+02
0.000000000000000000e+00 0.000000000000000000e+00
0.000000000000000000e+00 0.000000000000000000e+00
3.975971999992111705e+01 4.821180000069702487e+00
2.698881000005037478e+01 -4.214635000012735588e+01
6.296050000131891089e+00 -8.551561999989851870e+01
0.000000000000000000e+00 0.000000000000000000e+00
