0.000000000000000000e+00 0.000000000000000000e+00
0.000000000000000000e+00 -2.357600999995934643e+01
-4.180051999989053257e+01 -1.976558999985388709e+01
-4.511625000003238029e+01 -9.603270999984923151e+01
0.000000000000000000e+00 0.000000000000000000e+00
0.000000000000000000e+00 0.000000000000000000e+00
1.815832000020555981e+01 -4.297773999988318394e+01
2.719116000000631672e+01 -1.291448299999719893e+02
2.310049000007196796e+01 -1.452234899999460254e+02
0.000000000000000000e+00 0.000000000000000000e+00
