0.000000000000000000e+00 0.000000000000000000e+00
0.000000000000000000e+00 4.311730000015056419e+01
3.158713999997786104e+01 1.062345600000735573e+02
2.488813999990124515e+01 6.616102000007728634e+01
0.000000000000000000e+00 0.000000000000000000e+00
0.000000000000000000e+00 0.000000000000000000e+00
-2.244095999996975621e+01 -3.868606000003715906e+01
2.488680000078955956e+00 3.075115999990884319e+01
3.963599999767807858e-01 1.621742300000894659e+02
0.000000000000000000e+00 0.000000000000000000e+00
