0.000000000000000000e+00 0.000000000000000000e+00
0.000000000000000000e+00 4.562158999996680109e+01
4.488611000010855179e+01 -3.807429999991284575e+01
3.748531999991921282e+01 2.629569999998748813e+02
0.000000000000000000e+00 0.000000000000000000e+00
0.000000000000000000e+00 0.000000000000000000e+00
5.926018000004251007e+01 6.661741000011379299e+01
1.609534000002188847e+01 -9.164746999998916976e+01
4.194459999951050122e+00 -9.582086999999626187e+01
0.000000000000000000e+00 0.000000000000000000e+00
