0.000000000000000000e+00 0.000000000000000000e+00
-1.928165772188683569e-05 8.092106999999480743e-06
1.949272000006940786e-06 5.974038000004788795e-06
-8.606760000043345293e-07 2.307235000009039139e-06
0.000000000000000000e+00 0.000000000000000000e+00
0.000000000000000000e+00 0.000000000000000000e+00
1.462449999989345883e-07 -1.140855400000046621e-05
1.599657999992731838e-06 -1.298437300000301886e-05
1.460100999987890003e-06 -3.849461699998064923e-05
0.000000000000000000e+00 0.000000000000000000e+00
