0.000000000000000000e+00 0.000000000000000000e+00
-1.252196477041778166e-05 1.929858000041147215e-07
3.987507000008383429e-06 2.697020800020849540e-06
2.017598800023445715e-06 5.939284500015504231e-06
0.000000000000000000e+00 0.000000000000000000e+00
0.000000000000000000e+00 0.000000000000000000e+00
0.000000000000000000e+00 -4.493921799990016619e-06
-2.750606799994947949e-06 -1.159278119999135326e-05
-1.889109499997321251e-06 -3.832662809994009934e-05
0.000000000000000000e+00 0.000000000000000000e+00
