0.000000000000000000e+00 0.000000000000000000e+00
0.000000000000000000e+00 -1.428724000007707673e+01
-2.811104000008946002e+01 -1.174640000090050762e+00
-2.901391000009745369e+01 1.946354999979857325e+01
0.000000000000000000e+00 0.000000000000000000e+00
0.000000000000000000e+00 0.000000000000000000e+00
-3.014870000004332695e+01 -3.089193999998850870e+01
4.487150000009874518e+00 -8.434756000008647447e+01
-2.809249999957685873e+00 -7.702814000005719208e+01
0.000000000000000000e+00 0.000000000000000000e+00
