0.000000000000000000e+00 0.000000000000000000e+00
0.000000000000000000e+00 3.120919999877180828e+00
2.089798999997949380e+01 5.953280000006166972e+01
2.358867000000763525e+01 -5.936179999976872068e+00
0.000000000000000000e+00 0.000000000000000000e+00
0.000000000000000000e+00 0.000000000000000000e+00
7.206277999998177108e+01 7.125499998927864453e-01
2.078791999988727213e+01 -3.083919999991023531e+01
2.904089999922199183e+00 -1.778211500001569618e+02
0.000000000000000000e+00 0.000000000000000000e+00
