0.000000000000000000e+00 0.000000000000000000e+00
0.000000000000000000e+00 -5.738231999989906029e+01
-6.004969999962030514e+00 -3.186264999985864677e+01
1.508587000014216883e+01 -2.342854999988207965e+01
0.000000000000000000e+00 0.000000000000000000e+00
0.000000000000000000e+00 0.000000000000000000e+00
4.757130000165864736e+00 1.159140000000835471e+02
2.709510000020731368e+01 2.635392000014391556e+01
3.389668000008949633e+01 -9.682824999996950055e+01
0.000000000000000000e+00 0.000000000000000000e+00
