0.000000000000000000e+00 0.000000000000000000e+00
0.000000000000000000e+00 2.761942000009121756e+01
-3.499419999974938023e+00 5.863553999996273092e+01
5.287120000163621825e+00 1.664724700000119526e+02
0.000000000000000000e+00 0.000000000000000000e+00
0.000000000000000000e+00 0.000000000000000000e+00
-2.444096000011608183e+01 -3.458181999991260369e+01
-8.409759999983279499e+00 7.205783000010512751e+01
-2.602279999974754787e+00 -2.962211000012705142e+01
0.000000000000000000e+00 0.000000000000000000e+00
