0.000000000000000000e+00 0.000000000000000000e+00
-3.535695390050053177e-05 -4.298057999987427158e-06
-5.500378999989674611e-06 3.833089999918937174e-07
2.338922000008625268e-06 5.627031000014423578e-06
0.000000000000000000e+00 0.000000000000000000e+00
0.000000000000000000e+00 0.000000000000000000e+00
7.335566999999709736e-06 2.014300000043739436e-07
3.999408000013304765e-06 -6.554434000008435568e-06
4.219940999996424358e-06 -1.728551100000676188e-05
0.000000000000000000e+00 0.000000000000000000e+00
