0.000000000000000000e+00 0.000000000000000000e+00
0.000000000000000000e+00 -5.448489000001721649e+01
1.819111999985522843e+01 3.803081000002261192e+01
1.609202000003584132e+01 4.877271999987885920e+01
0.000000000000000000e+00 0.000000000000000000e+00
0.000000000000000000e+00 0.000000000000000000e+00
-2.805081000003539415e+01 -7.528893000019465376e+01
-2.150828000007098950e+01 -6.924317000005508760e+01
1.569961999994262491e+01 -1.364197100000907596e+02
0.000000000000000000e+00 0.000000000000000000e+00
