0.000000000000000000e+00 0.000000000000000000e+00
-2.724707688497862712e-05 8.062274000004629460e-06
1.499338000005012717e-06 4.773592999985504237e-06
2.648533000006170202e-06 1.342661400001096683e-05
0.000000000000000000e+00 0.000000000000000000e+00
0.000000000000000000e+00 0.000000000000000000e+00
4.048430000125335937e-07 -2.191110000078835829e-07
1.938957000013896703e-06 1.265160999987940960e-06
-3.279903000006495484e-06 3.826230000102473494e-07
0.000000000000000000e+00 0.000000000000000000e+00
