0.000000000000000000e+00 0.000000000000000000e+00
-3.407326662135945483e-05 1.651773000008703585e-06
1.709615000011766028e-06 -5.356324999997164049e-06
-4.105019999894876648e-07 -2.742462999996003736e-06
0.000000000000000000e+00 0.000000000000000000e+00
0.000000000000000000e+00 0.000000000000000000e+00
1.345090999999021264e-06 2.781100000002513506e-06
1.798864999999483238e-06 -1.138470299999125301e-05
4.299421000008435412e-06 -5.319589799996238960e-05
0.000000000000000000e+00 0.000000000000000000e+00
