0.000000000000000000e+00 0.000000000000000000e+00
-1.215791097355922723e-05 -2.445018999994294159e-06
5.944761500009665411e-06 6.655527300006985891e-06
8.845143300011126808e-06 1.587818140000134270e-05
0.000000000000000000e+00 0.000000000000000000e+00
0.000000000000000000e+00 0.000000000000000000e+00
0.000000000000000000e+00 6.180228099990879576e-06
3.993217600001264245e-06 -3.223563000004370238e-07
5.199582399993685211e-06 -5.007699030003601171e-05
0.000000000000000000e+00 0.000000000000000000e+00
