0.000000000000000000e+00 0.000000000000000000e+00
0.000000000000000000e+00 5.442040999996677186e+01
1.459592000006004575e+01 1.972389900000814862e+02
1.749379000002270956e+01 4.377806000013251264e+01
0.000000000000000000e+00 0.000000000000000000e+00
0.000000000000000000e+00 0.000000000000000000e+00
-5.464837000004330037e+01 1.611170000015425785e+01
5.881600001922393517e-01 -1.224444699998716715e+02
5.550318000004938312e+01 -7.691522000001781123e+01
0.000000000000000000e+00 0.000000000000000000e+00
