0.000000000000000000e+00 0.000000000000000000e+00
-2.192215578125655817e-05 5.516109999902964189e-07
1.019339999991375478e-06 4.072441999996428974e-06
1.486869999969830936e-07 -8.472103999996802304e-06
0.000000000000000000e+00 0.000000000000000000e+00
0.000000000000000000e+00 0.000000000000000000e+00
2.064375999977219323e-06 -3.296799999975841278e-07
4.828768999987076427e-06 -1.125536400000196058e-05
-2.700562999998629143e-06 8.331275999956706813e-06
0.000000000000000000e+00 0.000000000000000000e+00
