0.000000000000000000e+00 0.000000000000000000e+00
0.000000000000000000e+00 3.131101000004576207e+01
1.989324999998043353e+01 7.512536000000568492e+01
1.548646000000264422e+01 6.368627000008508787e+01
0.000000000000000000e+00 0.000000000000000000e+00
0.000000000000000000e+00 0.000000000000000000e+00
-2.735863000007387669e+01 7.150257000003711028e+01
-5.709999999981008045e+00 2.044800000009506391e+01
1.003948600000858988e+02 -8.952476999992687468e+01
0.000000000000000000e+00 0.000000000000000000e+00
