0.000000000000000000e+00 0.000000000000000000e+00
0.000000000000000000e+00 8.641519000016640462e+01
-2.661204999996336085e+01 9.713770000017161976e+01
8.768531999991944303e+01 3.345746900000889354e+02
0.000000000000000000e+00 0.000000000000000000e+00
0.000000000000000000e+00 0.000000000000000000e+00
1.773437000012201281e+01 -3.503710000019029991e+00
2.348994000005432525e+01 5.949880000000192126e+00
6.039712999998947396e+01 7.268171999992301835e+01
0.000000000000000000e+00 0.000000000000000000e+00
