0.000000000000000000e+00 0.000000000000000000e+00
0.000000000000000000e+00 3.192133999998513616e+01
-3.300137000021851463e+01 2.413801999985308555e+01
1.219131999989907911e+01 9.157768999989988856e+01
0.000000000000000000e+00 0.000000000000000000e+00
0.000000000000000000e+00 0.000000000000000000e+00
4.543502999989622992e+01 -7.640017999999136578e+01
1.428646999990235145e+01 -1.094449100000671677e+02
-1.515021099999458443e+02 -1.055125600001760517e+02
0.000000000000000000e+00 0.000000000000000000e+00
