0.000000000000000000e+00 0.000000000000000000e+00
0.000000000000000000e+00 3.701644999998254804e+01
4.993800000030467423e+00 8.023461999997483929e+01
-3.371358999990636107e+01 -5.291700999989765819e+01
0.000000000000000000e+00 0.000000000000000000e+00
0.000000000000000000e+00 0.000000000000000000e+00
-7.163210000049602399e+00 1.889952999991616878e+01
1.759307000002152321e+01 8.905532000000880544e+01
3.429756999984157062e+01 -8.932487000004039146e+01
0.000000000000000000e+00 0.000000000000000000e+00
