0.000000000000000000e+00 0.000000000000000000e+00
0.000000000000000000e+00 -4.188124000004123104e+01
-1.180345000011407208e+01 -3.666550000036572499e+00
-3.814849999983493944e+00 1.497456699999899286e+02
0.000000000000000000e+00 0.000000000000000000e+00
0.000000000000000000e+00 0.000000000000000000e+00
-2.456052000014974368e+01 -3.609022000008454967e+01
1.879189999987040949e+01 -1.316383400000065080e+02
5.900336000004279668e+01 8.858000006829058748e-02
0.000000000000000000e+00 0.000000000000000000e+00
