0.000000000000000000e+00 0.000000000000000000e+00
0.000000000000000000e+00 1.451141000017307903e+01
-2.641174999984396621e+01 -1.127496999977496017e+01
-2.011885999990692397e+01 -3.052519999857651101e+00
0.000000000000000000e+00 0.000000000000000000e+00
0.000000000000000000e+00 0.000000000000000000e+00
-4.165379999898634722e+00 -9.696069999964848307e+00
1.668768000011588626e+01 -2.314340999982621838e+01
-6.503230000043382475e+00 -1.633184999999759270e+02
0.000000000000000000e+00 0.000000000000000000e+00
