0.000000000000000000e+00 0.000000000000000000e+00
0.000000000000000000e+00 7.831927000003790340e+01
-3.870220999999673239e+01 2.582457000002147396e+01
1.058533000006800506e+01 8.254348999989778690e+01
0.000000000000000000e+00 0.000000000000000000e+00
0.000000000000000000e+00 0.000000000000000000e+00
1.433820999989787559e+01 1.700939999997874708e+01
8.891270000010997876e+00 6.962430000045912948e+00
4.050354999991512273e+01 1.510777399998497685e+02
0.000000000000000000e+00 0.000000000000000000e+00
