0.000000000000000000e+00 0.000000000000000000e+00
-4.387876650974176229e-05 3.540816999998263465e-06
-1.561088000007204712e-06 -1.417672000000869126e-06
2.508227999992174162e-06 1.131397499999284295e-05
0.000000000000000000e+00 0.000000000000000000e+00
0.000000000000000000e+00 0.000000000000000000e+00
2.163079999978334556e-06 -2.210071999992659075e-06
2.338579999996981407e-06 -2.212260000009069749e-06
5.592989999990416461e-07 -4.377818999965789326e-06
0.000000000000000000e+00 0.000000000000000000e+00
