0.000000000000000000e+00 0.000000000000000000e+00
0.000000000000000000e+00 -5.496569999907663373e+00
-2.439510999991956197e+01 -1.196467999986516872e+01
8.589400000103001531e+00 2.686357000019066277e+01
0.000000000000000000e+00 0.000000000000000000e+00
0.000000000000000000e+00 0.000000000000000000e+00
-6.286633999983414611e+01 -5.540671999988421703e+01
-2.160552999979081434e+01 -1.620354299998183478e+02
-1.880038999977351466e+01 -2.227947699997567668e+02
0.000000000000000000e+00 0.000000000000000000e+00
