0.000000000000000000e+00 0.000000000000000000e+00
-4.901357570807896025e-05 4.220430999999236904e-06
-7.598809999842526253e-07 -9.256820999999776367e-06
-1.310909999927001302e-07 -4.293021000014926591e-06
0.000000000000000000e+00 0.000000000000000000e+00
0.000000000000000000e+00 0.000000000000000000e+00
6.142871999986754261e-06 4.379555000004822785e-06
2.059725000003176376e-06 -5.064334999985153907e-06
1.750075999996242304e-06 -2.660889600000510696e-05
0.000000000000000000e+00 0.000000000000000000e+00
