0.000000000000000000e+00 0.000000000000000000e+00
4.323117499233086747e-06 -5.840460000012918929e-06
-2.579951000003521955e-06 -2.407927999999170954e-06
3.257047000014556826e-06 1.344080999991781322e-06
0.000000000000000000e+00 0.000000000000000000e+00
0.000000000000000000e+00 0.000000000000000000e+00
-4.907682000010460399e-06 -9.102197999988348442e-06
2.648714999997636710e-06 -1.311621400000226312e-05
-5.210084999991704269e-06 -3.213926400001416300e-05
0.000000000000000000e+00 0.000000000000000000e+00
