0.000000000000000000e+00 0.000000000000000000e+00
0.000000000000000000e+00 -3.168987000006228527e+01
3.400795999990435092e+01 -8.205509000005494613e+01
2.858922999977586699e+01 8.862039999923950973e+00
0.000000000000000000e+00 0.000000000000000000e+00
0.000000000000000000e+00 0.000000000000000000e+00
-4.626595000012389391e+01 -6.303929999984518417e+00
-4.680660000000446530e+01 -1.020358499999263131e+02
-3.259871000003133901e+01 -1.380168500002110079e+02
0.000000000000000000e+00 0.000000000000000000e+00
