0.000000000000000000e+00 0.000000000000000000e+00
-3.472254093558890808e-05 -5.329405999987633230e-06
3.400448000012712413e-06 -1.175828000000989082e-06
1.008502000000854881e-06 5.186092000003875158e-06
0.000000000000000000e+00 0.000000000000000000e+00
0.000000000000000000e+00 0.000000000000000000e+00
2.393002000000699070e-06 4.239618999996724868e-06
3.199187000008096859e-06 3.626166999989854922e-06
4.060151000007811151e-06 -2.352350999996859204e-05
0.000000000000000000e+00 0.000000000000000000e+00
