0.000000000000000000e+00 0.000000000000000000e+00
0.000000000000000000e+00 2.660832000005441955e+01
-1.950077000016925055e+01 -4.652699999985188128e+00
1.328302000001002448e+01 7.866119999810905483e+00
0.000000000000000000e+00 0.000000000000000000e+00
0.000000000000000000e+00 0.000000000000000000e+00
-4.418524000007195696e+01 -2.201436000008882132e+01
3.349487999995125875e+01 -1.873428000007670846e+01
3.980364999991437003e+01 -1.804137900000668253e+02
0.000000000000000000e+00 0.000000000000000000e+00
