0.000000000000000000e+00 0.000000000000000000e+00
-1.706888151978280810e-05 -2.270942999977980381e-06
1.699920999992388104e-06 -2.467554999996401932e-06
-6.123779999894773951e-07 -1.659188999983407520e-06
0.000000000000000000e+00 0.000000000000000000e+00
0.000000000000000000e+00 0.000000000000000000e+00
-2.408487999983055516e-06 -6.651375999994907362e-06
9.895300001616647023e-08 -9.813796999980778368e-06
3.003299999318476132e-08 -4.611395699995364528e-05
0.000000000000000000e+00 0.000000000000000000e+00
