0.000000000000000000e+00 0.000000000000000000e+00
4.657598153223752036e-05 -5.238806000020489184e-06
-1.900089000028692965e-06 5.173405999977370717e-06
-2.641852000023758862e-06 -6.166438000013152454e-06
0.000000000000000000e+00 0.000000000000000000e+00
0.000000000000000000e+00 0.000000000000000000e+00
-1.947879000013807982e-06 -7.481814000009912036e-06
2.668937999994458465e-06 -9.533780000216263151e-07
2.979652999966775351e-06 -3.639287400005082607e-05
0.000000000000000000e+00 0.000000000000000000e+00
