0.000000000000000000e+00 0.000000000000000000e+00
-1.486440914622022547e-05 1.138073800000666269e-05
-5.060329799994045530e-06 1.654731699999439920e-06
-3.997108899991830278e-06 4.381124799985799956e-06
0.000000000000000000e+00 0.000000000000000000e+00
0.000000000000000000e+00 0.000000000000000000e+00
0.000000000000000000e+00 -3.166832600011264265e-06
-5.768869400013532101e-06 -1.977800699999587852e-06
-2.589404499993286368e-06 -4.110361770001506876e-05
0.000000000000000000e+00 0.000000000000000000e+00
