0.000000000000000000e+00 0.000000000000000000e+00
0.000000000000000000e+00 1.381981000001530901e+01
-3.380925999980632213e+01 1.383177000016112856e+01
3.580230000155281811e+00 1.547513500002040132e+02
0.000000000000000000e+00 0.000000000000000000e+00
0.000000000000000000e+00 0.000000000000000000e+00
3.652028000016293419e+01 -3.301460999978188227e+01
-8.108549999841230260e+00 -1.503834000002868265e+01
2.997900001133757542e-01 -7.592106999987356630e+01
0.000000000000000000e+00 0.000000000000000000e+00
