0.000000000000000000e+00 0.000000000000000000e+00
-3.474437976500044378e-05 3.322165000012831937e-06
9.944599999034409166e-08 8.323375999985671569e-06
4.727763999991252408e-06 8.707360999999150253e-06
0.000000000000000000e+00 0.000000000000000000e+00
0.000000000000000000e+00 0.000000000000000000e+00
3.612631999994064813e-06 -1.045158899998493290e-05
-1.058399998199455183e-08 -3.703884000012813704e-06
-3.059849000001946262e-06 -5.994386099997077444e-05
0.000000000000000000e+00 0.000000000000000000e+00
