0.000000000000000000e+00 0.000000000000000000e+00
0.000000000000000000e+00 -3.027162000011074383e+01
2.099313999996965663e+01 4.473964000006879616e+01
5.098290999998589257e+01 -5.592980000006521379e+01
0.000000000000000000e+00 0.000000000000000000e+00
0.000000000000000000e+00 0.000000000000000000e+00
-2.467208999998859653e+01 -9.151790000001547298e+01
8.727000015973374047e-02 -4.554162999994559158e+01
4.730031999988781166e+01 -2.801725999996840244e+01
0.000000000000000000e+00 0.000000000000000000e+00
