0.000000000000000000e+00 0.000000000000000000e+00
-6.946114635841826868e-05 1.015226500001610577e-05
-7.702539999709934193e-07 4.552969000017059731e-06
1.738381000017386047e-06 3.736493000006113618e-06
0.000000000000000000e+00 0.000000000000000000e+00
0.000000000000000000e+00 0.000000000000000000e+00
-2.467763000002509699e-06 -1.771735999999898836e-06
-2.630980999993037805e-06 1.361100000069059845e-07
-2.770505999984129719e-06 -5.346683999951987176e-06
0.000000000000000000e+00 0.000000000000000000e+00
