0.000000000000000000e+00 0.000000000000000000e+00
-3.164523042858968793e-06 -2.867616999991176585e-06
-4.150484999992931634e-06 9.717660000123362618e-07
-5.891779999982194038e-06 -6.560129999881592067e-07
0.000000000000000000e+00 0.000000000000000000e+00
0.000000000000000000e+00 0.000000000000000000e+00
6.337339999995528217e-07 1.568593999996294175e-06
1.029034000010753402e-06 -2.434199999998276631e-06
3.860240000003872796e-06 -5.715395699995053092e-05
0.000000000000000000e+00 0.000000000000000000e+00
