0.000000000000000000e+00 0.000000000000000000e+00
-3.127357199739222438e-05 4.252877000006198560e-06
-1.520147000000360293e-06 3.662966999998934492e-06
4.378707000006476502e-06 3.694087000009893540e-06
0.000000000000000000e+00 0.000000000000000000e+00
0.000000000000000000e+00 0.000000000000000000e+00
-5.685816999972947983e-06 1.559261000014938725e-06
-6.007519999934318733e-07 1.076748000011784612e-06
4.038400000516695343e-08 -2.845523699997187794e-05
0.000000000000000000e+00 0.000000000000000000e+00
