0.000000000000000000e+00 0.000000000000000000e+00
0.000000000000000000e+00 2.085026000000488011e+01
1.229218999982961336e+01 4.785999982993871527e-02
4.820176999977832111e+01 4.471797000000779576e+01
0.000000000000000000e+00 0.000000000000000000e+00
0.000000000000000000e+00 0.000000000000000000e+00
3.833162999984373442e+01 -9.780541000012908626e+01
2.120891999983775733e+01 -8.993658000004955966e+01
3.761943999989192378e+01 -4.493102000013848851e+01
0.000000000000000000e+00 0.000000000000000000e+00
