0.000000000000000000e+00 0.000000000000000000e+00
1.202919360721033115e-05 2.574986000003845477e-06
-5.219932999983578625e-06 -3.656611999986597583e-06
-1.661747999988361091e-06 -8.225973999981955886e-06
0.000000000000000000e+00 0.000000000000000000e+00
0.000000000000000000e+00 0.000000000000000000e+00
-7.346900000038125711e-07 -1.166935499999268572e-05
1.289165000001313288e-06 -8.103309999989843915e-06
-5.950098999996794591e-06 -5.460979199999570211e-05
0.000000000000000000e+00 0.000000000000000000e+00
