0.000000000000000000e+00 0.000000000000000000e+00
-3.949944761913459779e-05 -1.915665000011557151e-06
4.099399999984987275e-06 4.663179000000822194e-06
6.227929999991221877e-06 1.149517699998263420e-05
0.000000000000000000e+00 0.000000000000000000e+00
0.000000000000000000e+00 0.000000000000000000e+00
2.784813999984203647e-06 -4.501720000235284735e-07
5.368622999990524391e-06 -3.744959000004377536e-06
8.219628999994732510e-06 3.143517899994313636e-05
0.000000000000000000e+00 0.000000000000000000e+00
