0.000000000000000000e+00 0.000000000000000000e+00
0.000000000000000000e+00 4.264534000006925396e+01
-4.340337000003913204e+01 1.046338000000535260e+02
4.918674000000677182e+01 7.938797000006655935e+01
0.000000000000000000e+00 0.000000000000000000e+00
0.000000000000000000e+00 0.000000000000000000e+00
1.916029000001984173e+01 -6.617508999995357044e+01
2.688965000010589890e+01 6.087699999923756877e+00
-6.501989999918574625e+00 -7.579777999997538984e+01
0.000000000000000000e+00 0.000000000000000000e+00
