0.000000000000000000e+00 0.000000000000000000e+00
-1.619968186744591421e-05 3.203942000005143009e-06
-9.809390000004025723e-07 8.182544000007174745e-06
-3.161710999996514282e-06 -7.851870000089022916e-07
0.000000000000000000e+00 0.000000000000000000e+00
0.000000000000000000e+00 0.000000000000000000e+00
5.115409000000514794e-06 -6.830108999991528484e-06
-1.961058999994103047e-06 -2.214169999917303677e-07
1.249551000007814716e-06 -3.417341999966891364e-06
0.000000000000000000e+00 0.000000000000000000e+00
