0.000000000000000000e+00 0.000000000000000000e+00
-7.126176625102398354e-05 8.150020000072949466e-07
-9.406549999757540803e-07 9.733729999968077085e-07
3.848473000001018107e-06 1.482638699999358489e-05
0.000000000000000000e+00 0.000000000000000000e+00
0.000000000000000000e+00 0.000000000000000000e+00
-1.884508999988598887e-06 -6.919392999984314008e-06
-2.980846999983688406e-06 -8.293978000010332474e-06
6.502670000033128339e-07 2.519439600002365554e-05
0.000000000000000000e+00 0.000000000000000000e+00
