0.000000000000000000e+00 0.000000000000000000e+00
-5.042797313151159422e-05 1.024576700000331270e-05
6.439843000000111672e-06 6.836280000040162452e-07
5.479328999996591065e-06 4.586680999998579700e-06
0.000000000000000000e+00 0.000000000000000000e+00
0.000000000000000000e+00 0.000000000000000000e+00
-1.524203000008439446e-06 -3.529436999998199209e-06
-1.680820999994114828e-06 -8.734599999948855498e-07
-1.209523000009898874e-06 -4.560520199995560242e-05
0.000000000000000000e+00 0.000000000000000000e+00
