0.000000000000000000e+00 0.000000000000000000e+00
7.580172599608303585e-07 -4.485946999999504414e-06
1.489896000017587596e-06 -9.183908999982337562e-06
-6.372037999996527091e-06 -1.417383799999852312e-05
0.000000000000000000e+00 0.000000000000000000e+00
0.000000000000000000e+00 0.000000000000000000e+00
1.265457999999330951e-06 1.212078500000945275e-05
-3.441208999990785777e-06 -4.623597999992012930e-06
3.007000000387893834e-08 -8.426178599997731500e-05
0.000000000000000000e+00 0.000000000000000000e+00
