0.000000000000000000e+00 0.000000000000000000e+00
-4.772393195304203140e-05 -1.323598999993826075e-06
-1.340920000009182544e-06 -1.777820999988161121e-06
-4.916269999849509631e-07 -1.696374999981403731e-06
0.000000000000000000e+00 0.000000000000000000e+00
0.000000000000000000e+00 0.000000000000000000e+00
1.716281999991631224e-06 3.501704000003630357e-06
-3.770990999976686631e-06 2.106839999998361135e-06
-7.497979999868120693e-07 -1.935515699997246430e-05
0.000000000000000000e+00 0.000000000000000000e+00
