0.000000000000000000e+00 0.000000000000000000e+00
-1.044037760175864360e-04 1.875594000002103745e-05
2.108784000032226658e-06 1.259199200000227226e-05
1.635796300000769143e-05 1.428262400000185339e-05
0.000000000000000000e+00 0.000000000000000000e+00
0.000000000000000000e+00 0.000000000000000000e+00
7.063720000033413271e-07 2.716270000036047350e-07
-2.070719000005216692e-06 2.286287000004272318e-06
-3.359926000000290625e-06 3.209593500000905431e-05
0.000000000000000000e+00 0.000000000000000000e+00
