0.000000000000000000e+00 0.000000000000000000e+00
-1.858491156236929953e-05 7.615786000006279088e-06
-1.520928000015020487e-06 3.572364000010985752e-06
1.767760999998868598e-06 7.303045000002159060e-06
0.000000000000000000e+00 0.000000000000000000e+00
0.000000000000000000e+00 0.000000000000000000e+00
9.762160000093000889e-07 3.031822999992501988e-06
5.187979999904390738e-07 2.157002999995244474e-06
5.700069999926837827e-07 -5.552682000052600042e-06
0.000000000000000000e+00 0.000000000000000000e+00
