0.000000000000000000e+00 0.000000000000000000e+00
-8.567759270966535112e-06 3.405470999986136282e-06
4.508872999992030728e-06 2.462273999991049234e-06
5.957562000009908321e-06 7.837948999984620246e-06
0.000000000000000000e+00 0.000000000000000000e+00
0.000000000000000000e+00 0.000000000000000000e+00
-4.273790000008936829e-06 -5.048303000014520148e-06
-8.610519999924237666e-07 9.264499999904474148e-07
3.179679999992801598e-06 -2.124388200002748361e-05
0.000000000000000000e+00 0.000000000000000000e+00
