0.000000000000000000e+00 0.000000000000000000e+00
-1.103309078933079057e-04 -1.585162999999910338e-06
8.003800000544458726e-08 -1.117211000004059152e-06
4.727985000001211358e-06 -3.836184000002851313e-06
0.000000000000000000e+00 0.000000000000000000e+00
0.000000000000000000e+00 0.000000000000000000e+00
-3.963827999997615592e-06 7.871592000005880885e-06
-5.079199999480366046e-08 2.027260999990648793e-06
3.295459999989869271e-07 -2.229305400000894388e-05
0.000000000000000000e+00 0.000000000000000000e+00
