0.000000000000000000e+00 0.000000000000000000e+00
-9.580583957835564490e-07 1.495491000019083527e-06
-1.507299999814470937e-07 1.109255400000633274e-05
8.308226000001972533e-06 1.670354100000680242e-05
0.000000000000000000e+00 0.000000000000000000e+00
0.000000000000000000e+00 0.000000000000000000e+00
-6.573974000001481244e-06 -1.030854399999272739e-05
-4.270759999994155898e-06 -2.832360000010192280e-07
-2.039993999992245621e-06 -2.148384900000147035e-05
0.000000000000000000e+00 0.000000000000000000e+00
