0.000000000000000000e+00 0.000000000000000000e+00
0.000000000000000000e+00 -6.243369999969772266e+00
1.428941000005679030e+01 5.712288000014886080e+01
-2.727039999950168436e+00 8.802553000002430394e+01
0.000000000000000000e+00 0.000000000000000000e+00
0.000000000000000000e+00 0.000000000000000000e+00
3.335736999994232121e+01 2.340745000015685662e+01
1.628501000001669752e+01 -2.783107999984046899e+01
7.393480000006390718e+00 -7.831809999987449089e+01
0.000000000000000000e+00 0.000000000000000000e+00
