0.000000000000000000e+00 0.000000000000000000e+00
0.000000000000000000e+00 2.959209999975342953e+00
3.858792000004384448e+01 7.752647000001111621e+01
7.177652000005529942e+01 5.623450000147300898e+00
0.000000000000000000e+00 0.000000000000000000e+00
0.000000000000000000e+00 0.000000000000000000e+00
3.186467999993780253e+01 -6.878533000005404574e+01
4.159042000004831152e+01 6.175610000003217692e+00
6.489729000009880622e+01 -7.080775000010142151e+01
0.000000000000000000e+00 0.000000000000000000e+00
