0.000000000000000000e+00 0.000000000000000000e+00
2.139819965052414119e-05 -1.323880999999638153e-06
-4.371563000010736388e-06 -3.156571000008379091e-06
-4.591228999990815129e-06 1.159464599999673884e-05
0.000000000000000000e+00 0.000000000000000000e+00
0.000000000000000000e+00 0.000000000000000000e+00
-2.443792000011990595e-06 -3.388664000008190930e-06
-9.905660000031346613e-07 -2.443142999991598785e-06
2.370342999991059685e-06 2.401051199997679408e-05
0.000000000000000000e+00 0.000000000000000000e+00
