0.000000000000000000e+00 0.000000000000000000e+00
-1.539465415961727146e-05 8.036660999998987420e-06
-3.280836000013609421e-06 -8.862490000066669538e-07
2.784350000006874382e-07 2.225521799999359562e-05
0.000000000000000000e+00 0.000000000000000000e+00
0.000000000000000000e+00 0.000000000000000000e+00
1.016280999993623979e-06 -2.115833099999506195e-05
3.927999998876163801e-08 1.476620999998207173e-06
1.390371000008910896e-06 2.484161999985121105e-06
0.000000000000000000e+00 0.000000000000000000e+00
