0.000000000000000000e+00 0.000000000000000000e+00
0.000000000000000000e+00 4.476474000010276910e+01
-2.460975999998282759e+01 8.218700000561796060e-01
-2.912468999998196395e+01 5.073956000005709654e+01
0.000000000000000000e+00 0.000000000000000000e+00
0.000000000000000000e+00 0.000000000000000000e+00
1.065600000003108505e+01 -5.508792000004092415e+01
7.593890000023860942e+00 -5.443923999992605900e+01
3.590018000005912313e+01 -1.717254100000342589e+02
0.000000000000000000e+00 0.000000000000000000e+00
