0.000000000000000000e+00 0.000000000000000000e+00
-1.656763940396932533e-05 -7.603385000001620930e-06
-4.730366000016417161e-06 -2.092704800001760068e-05
2.248086999993847979e-06 -1.528637700001604649e-05
0.000000000000000000e+00 0.000000000000000000e+00
0.000000000000000000e+00 0.000000000000000000e+00
-4.204430000015468849e-06 -9.858959000004149931e-06
-1.120940000001735548e-06 -8.773404000010642800e-06
3.499749999975876324e-07 -4.962449100000612678e-05
0.000000000000000000e+00 0.000000000000000000e+00
