0.000000000000000000e+00 0.000000000000000000e+00
0.000000000000000000e+00 6.515049999995525809e+01
1.529114999994085622e+01 -4.067459000012263459e+01
4.037586999974251256e+01 3.603499999997870873e+01
0.000000000000000000e+00 0.000000000000000000e+00
0.000000000000000000e+00 0.000000000000000000e+00
9.154099999841845303e+00 -2.439519000021483919e+01
-9.911820000230166627e+00 -1.903412000006100158e+01
-2.699640000125565820e+00 -5.822356000009241939e+01
0.000000000000000000e+00 0.000000000000000000e+00
