0.000000000000000000e+00 0.000000000000000000e+00
0.000000000000000000e+00 1.766823999975741799e+01
3.078463999983682342e+01 6.354001999970824954e+01
3.937841999985813146e+01 1.314467899999893632e+02
0.000000000000000000e+00 0.000000000000000000e+00
0.000000000000000000e+00 0.000000000000000000e+00
2.645831999981140825e+01 -2.879613000015268653e+01
2.628712000003474358e+01 -2.073656000014524636e+01
2.319773999999163649e+01 -5.012238000010603400e+01
0.000000000000000000e+00 0.000000000000000000e+00
