0.000000000000000000e+00 0.000000000000000000e+00
0.000000000000000000e+00 -6.033226999999641293e+01
1.558858999994860817e+01 1.504011999995390170e+01
3.278306999998648052e+01 1.364870999980283273e+01
0.000000000000000000e+00 0.000000000000000000e+00
0.000000000000000000e+00 0.000000000000000000e+00
-4.184763000019131596e+01 -1.799221000013950444e+01
-1.100669000009269283e+01 -1.063317000002061832e+02
2.509885999990579819e+01 -2.296161600001233865e+02
0.000000000000000000e+00 0.000000000000000000e+00
