0.000000000000000000e+00 0.000000000000000000e+00
0.000000000000000000e+00 -5.703939999990303278e+01
-4.281094000000429389e+01 -8.787767999991478973e+01
-1.300399999237811244e-01 -7.185009999997046748e+01
0.000000000000000000e+00 0.000000000000000000e+00
0.000000000000000000e+00 0.000000000000000000e+00
6.225812000004715685e+01 -2.268535999987441798e+01
-3.950792999987129406e+01 -1.454225599998970324e+02
-8.710558000006861334e+01 -2.967055599999213200e+02
0.000000000000000000e+00 0.000000000000000000e+00
