0.000000000000000000e+00 0.000000000000000000e+00
-2.922309966296721129e-05 3.175481000003942123e-06
2.518950000002240230e-06 -2.968274000002268931e-06
2.836735000004420026e-06 -4.711022999988323523e-06
0.000000000000000000e+00 0.000000000000000000e+00
0.000000000000000000e+00 0.000000000000000000e+00
9.535699999063673715e-08 -4.708215999999973422e-06
-2.091040999990800842e-06 -1.143229000000536844e-05
-1.490650000011972676e-06 -5.490222299999944489e-05
0.000000000000000000e+00 0.000000000000000000e+00
