0.000000000000000000e+00 0.000000000000000000e+00
-2.571575020385297172e-05 1.042692900000453948e-05
1.999126999996381215e-06 6.062398000002133802e-06
6.774860000086091461e-07 7.987553000004393722e-06
0.000000000000000000e+00 0.000000000000000000e+00
0.000000000000000000e+00 0.000000000000000000e+00
4.146449999992141144e-06 8.661884000003058220e-06
-1.910389999998374222e-06 -4.482646999984934988e-06
3.160262000000135796e-06 -4.059339000001341291e-05
0.000000000000000000e+00 0.000000000000000000e+00
