0.000000000000000000e+00 0.000000000000000000e+00
0.000000000000000000e+00 1.206764000016845984e+01
-2.200434999992673113e+01 -5.098247999972826960e+01
2.564890000167352468e+00 3.198418000009974094e+01
0.000000000000000000e+00 0.000000000000000000e+00
0.000000000000000000e+00 0.000000000000000000e+00
-2.573500999987210491e+01 -1.327904999981477374e+01
1.558955000016126569e+01 -1.192141699999371554e+02
1.680374000017081926e+01 -1.619968799997373026e+02
0.000000000000000000e+00 0.000000000000000000e+00
