0.000000000000000000e+00 0.000000000000000000e+00
-4.882785304682890626e-05 -1.342997000022133625e-06
2.419574999995566245e-06 3.103955999988333714e-06
2.977287999979261190e-06 1.653052999981904914e-06
0.000000000000000000e+00 0.000000000000000000e+00
0.000000000000000000e+00 0.000000000000000000e+00
2.496546999991577920e-06 9.242591999982906897e-06
1.589369999999146188e-06 -1.026203500000336111e-05
7.698479999804219709e-07 -3.933118800002709248e-05
0.000000000000000000e+00 0.000000000000000000e+00
