0.000000000000000000e+00 0.000000000000000000e+00
-4.824432809805156985e-05 -2.304441999987673351e-06
2.218336000003873210e-06 1.832829000025099075e-06
3.706803999990737619e-06 1.485079100003658392e-05
0.000000000000000000e+00 0.000000000000000000e+00
0.000000000000000000e+00 0.000000000000000000e+00
2.325833000027532904e-06 -5.338602999982542535e-06
8.093700000211256906e-07 -2.390259899998428694e-05
-5.590229999991036536e-06 -3.435495900005330894e-05
0.000000000000000000e+00 0.000000000000000000e+00
