0.000000000000000000e+00 0.000000000000000000e+00
0.000000000000000000e+00 2.756189999786329281e+00
-2.251702000037880680e+01 5.732659999813094487e+00
-5.830490000269250572e+00 6.162307999963979910e+01
0.000000000000000000e+00 0.000000000000000000e+00
0.000000000000000000e+00 0.000000000000000000e+00
1.426035999969599288e+01 -1.948232000050786894e+01
5.942399995184644013e-01 -1.412907000033492011e+01
4.297499999506012358e+00 6.347958999950441239e+01
0.000000000000000000e+00 0.000000000000000000e+00
