0.000000000000000000e+00 0.000000000000000000e+00
-6.458875697121224668e-05 2.155684999993572049e-06
3.786830000129803864e-07 4.813152000012616005e-06
2.286379999980048261e-06 2.485108399997992823e-05
0.000000000000000000e+00 0.000000000000000000e+00
0.000000000000000000e+00 0.000000000000000000e+00
-3.564139000017396697e-06 3.080956999999134860e-06
-7.505870000118486374e-07 -9.313144000010209478e-06
2.430664999983345176e-06 -1.955418000042230542e-06
0.000000000000000000e+00 0.000000000000000000e+00
