0.000000000000000000e+00 0.000000000000000000e+00
3.068217067639378293e-05 2.775794000014174256e-06
-1.201433000003193641e-06 4.073248999997974851e-06
2.087501000003211260e-06 4.402495000034589712e-06
0.000000000000000000e+00 0.000000000000000000e+00
0.000000000000000000e+00 0.000000000000000000e+00
-4.401099998330160190e-08 -2.588104000014312261e-06
2.868988999982224897e-06 -3.882121999976284599e-06
8.869907000001037156e-06 -7.071526499990120340e-05
0.000000000000000000e+00 0.000000000000000000e+00
