0.000000000000000000e+00 0.000000000000000000e+00
-1.278413279743872977e-04 1.826487999956327712e-06
3.178914000007138085e-06 3.684582999992358499e-06
3.237935999954311139e-06 9.163752999965732449e-06
0.000000000000000000e+00 0.000000000000000000e+00
0.000000000000000000e+00 0.000000000000000000e+00
-3.844015000004086247e-06 -5.887893000000761490e-06
3.195579999643038960e-07 -1.522340000517652392e-07
3.850399999980741450e-06 -2.487346500003491390e-05
0.000000000000000000e+00 0.000000000000000000e+00
