0.000000000000000000e+00 0.000000000000000000e+00
-1.187160044452406638e-04 1.047623999946012407e-06
-6.111209000014827808e-06 -6.874830000044851452e-06
-9.221586000050796539e-06 1.510448599999041075e-05
0.000000000000000000e+00 0.000000000000000000e+00
0.000000000000000000e+00 0.000000000000000000e+00
-1.733335000003721760e-06 8.711521999989028930e-06
-3.700600000045017879e-06 -1.711238200001810594e-05
1.930076999973051599e-06 -2.631286500001314699e-05
0.000000000000000000e+00 0.000000000000000000e+00
