0.000000000000000000e+00 0.000000000000000000e+00
-1.881073395159083006e-04 8.716139000002239012e-06
2.219254999963338193e-06 8.244782999978356175e-06
2.698495999979566573e-06 8.494795999998069891e-06
0.000000000000000000e+00 0.000000000000000000e+00
0.000000000000000000e+00 0.000000000000000000e+00
4.059839999737135940e-07 3.791505999979280506e-06
-3.820765000009385126e-06 5.617642999996425024e-06
-2.240207000025334905e-06 -2.508543300009345722e-05
0.000000000000000000e+00 0.000000000000000000e+00
