0.000000000000000000e+00 0.000000000000000000e+00
7.671690152977195254e-06 -2.487099997911662586e-08
5.289180000089821476e-07 -1.095570999979506022e-06
1.187037000013879684e-06 -2.378627999979204821e-06
0.000000000000000000e+00 0.000000000000000000e+00
0.000000000000000000e+00 0.000000000000000000e+00
-1.995381999991829858e-06 1.690417999982221642e-06
3.494210000093422863e-07 -7.671861000004692732e-06
1.470194999977914030e-06 -7.368569700000673905e-05
0.000000000000000000e+00 0.000000000000000000e+00
