0.000000000000000000e+00 0.000000000000000000e+00
-6.792729999233193539e-05 2.848729999940444180e-07
-4.116689999722478177e-07 2.933423999987999631e-06
3.796777999977296592e-06 7.861312000000120204e-06
0.000000000000000000e+00 0.000000000000000000e+00
0.000000000000000000e+00 0.000000000000000000e+00
-5.535169000037143405e-06 7.714142999981458970e-06
-3.101200999999775831e-06 -1.027373000023895644e-06
-4.406519999965163858e-07 -3.649386000075319214e-06
0.000000000000000000e+00 0.000000000000000000e+00
