0.000000000000000000e+00 0.000000000000000000e+00
0.000000000000000000e+00 6.585703999992807667e+01
4.378448999999839231e+01 8.443106999993511863e+01
-2.892448999993746028e+01 1.067092600002262088e+02
0.000000000000000000e+00 0.000000000000000000e+00
0.000000000000000000e+00 0.000000000000000000e+00
-8.945600000043183897e+00 -2.038799999994898826e+01
-2.404689999924158883e+00 -2.581914999990608806e+01
1.240198000038716764e+01 -2.114694999977294287e+01
0.000000000000000000e+00 0.000000000000000000e+00
