0.000000000000000000e+00 0.000000000000000000e+00
-3.369816286233895397e-04 -3.526923000034265510e-06
-3.711820000001919695e-06 -3.398461999992025140e-06
-2.413517000018905456e-06 7.499857999974240963e-06
0.000000000000000000e+00 0.000000000000000000e+00
0.000000000000000000e+00 0.000000000000000000e+00
8.695320000001727223e-06 7.419993999997591405e-06
1.059173999992668591e-06 -4.702667000019977728e-06
4.220023000003902958e-06 -1.833225600001743560e-05
0.000000000000000000e+00 0.000000000000000000e+00
