0.000000000000000000e+00 0.000000000000000000e+00
-2.956706299495071022e-05 3.304112999997360633e-06
2.239318999980310920e-06 5.218879999685510640e-07
1.035836999993544616e-06 -1.179180000025759067e-06
0.000000000000000000e+00 0.000000000000000000e+00
0.000000000000000000e+00 0.000000000000000000e+00
1.870390000102695183e-07 -3.777235999988595716e-06
1.729434999986345645e-06 -5.232540999985241248e-06
-3.295699999988910278e-07 -5.784480600002500639e-05
0.000000000000000000e+00 0.000000000000000000e+00
