0.000000000000000000e+00 0.000000000000000000e+00
-1.122794761791168217e-04 1.006489099998533060e-05
5.539889000011344322e-06 7.622827000012405430e-06
2.877598000022851821e-06 -1.170379999755610800e-07
0.000000000000000000e+00 0.000000000000000000e+00
0.000000000000000000e+00 0.000000000000000000e+00
-3.502949999983906437e-06 7.357995000005935343e-06
-6.508540000005336168e-07 -1.693094999973693282e-06
3.630246999987429835e-06 -2.362785899995625827e-05
0.000000000000000000e+00 0.000000000000000000e+00
