0.000000000000000000e+00 0.000000000000000000e+00
0.000000000000000000e+00 1.683668999774567965e+00
-1.940450799988724384e+01 -3.625626099990063267e+01
-1.532770899990154945e+01 2.444381699988622358e+01
0.000000000000000000e+00 0.000000000000000000e+00
0.000000000000000000e+00 0.000000000000000000e+00
-3.820723699985428823e+01 -1.785453650000156927e+02
-1.540534699988604750e+01 -7.132993099983052332e+01
-5.789803100015866733e+01 -5.932795299994354821e+01
0.000000000000000000e+00 0.000000000000000000e+00
