0.000000000000000000e+00 0.000000000000000000e+00
-7.635343263145966120e-06 2.907306600036935196e-06
-2.250330099984321208e-06 1.894263410001997827e-05
3.973972000567704832e-07 1.488881610003933709e-05
0.000000000000000000e+00 0.000000000000000000e+00
0.000000000000000000e+00 0.000000000000000000e+00
-2.772539699991138917e-06 -7.775386899959782494e-06
6.593883000310940545e-07 -9.343727299958304311e-06
4.709854800003659969e-06 -7.808139899858831945e-06
0.000000000000000000e+00 0.000000000000000000e+00
