0.000000000000000000e+00 0.000000000000000000e+00
0.000000000000000000e+00 9.310487999991678976e+01
1.969393999989854294e+01 1.906477200003031385e+02
1.405006200001501497e+02 2.787709600001519448e+02
0.000000000000000000e+00 0.000000000000000000e+00
0.000000000000000000e+00 0.000000000000000000e+00
2.009713000021839946e+01 -8.843188999989592958e+01
-7.320848000009760881e+01 -6.071805999998680647e+01
-1.194206999999281038e+01 -3.548961999952915392e+01
0.000000000000000000e+00 0.000000000000000000e+00
