0.000000000000000000e+00 0.000000000000000000e+00
0.000000000000000000e+00 4.288119199964413042e+01
-1.730822700012346615e+01 4.782013699999864542e+01
-1.044236899998551493e+01 2.655997349997107335e+02
0.000000000000000000e+00 0.000000000000000000e+00
0.000000000000000000e+00 0.000000000000000000e+00
-5.330167500008364811e+01 -1.342278779999705876e+02
-2.370802299993534845e+01 -1.632241170001158252e+02
-1.510350499991374562e+01 -2.458118279998533353e+02
0.000000000000000000e+00 0.000000000000000000e+00
