0.000000000000000000e+00 0.000000000000000000e+00
-2.289389261110053031e-04 3.807226000041366576e-06
-1.080850099977048728e-06 4.901679800019959066e-06
-4.823512699973775408e-06 2.209432820003687237e-05
0.000000000000000000e+00 0.000000000000000000e+00
0.000000000000000000e+00 0.000000000000000000e+00
3.729670600027823468e-06 -4.163207299980736797e-06
2.419402000020109966e-06 -3.562530899968441300e-06
2.439549100015370175e-06 -2.457265289993598723e-05
0.000000000000000000e+00 0.000000000000000000e+00
