0.000000000000000000e+00 0.000000000000000000e+00
-1.736776610200829740e-04 -2.861986800004392983e-06
-3.730568200022155168e-06 -9.073309000136309255e-07
-6.334379000078049771e-07 -1.067713279999382703e-05
0.000000000000000000e+00 0.000000000000000000e+00
0.000000000000000000e+00 0.000000000000000000e+00
-3.379629699984398883e-06 -1.259279249998801475e-05
-1.740473600006509081e-06 -1.042187950000411645e-05
4.930034600014038260e-06 -6.773972759994799364e-05
0.000000000000000000e+00 0.000000000000000000e+00
