0.000000000000000000e+00 0.000000000000000000e+00
-6.888459159265503118e-05 -1.290983700026095138e-06
1.738556699992788168e-06 4.529414999905612138e-07
-1.453315300034563329e-06 -1.969684800009335879e-06
0.000000000000000000e+00 0.000000000000000000e+00
0.000000000000000000e+00 0.000000000000000000e+00
8.094069997577335585e-08 -5.345443500028718153e-06
1.019584199984935324e-06 1.502180099994393503e-06
1.460301799979107917e-06 -2.524852440003583220e-05
0.000000000000000000e+00 0.000000000000000000e+00
