0.000000000000000000e+00 0.000000000000000000e+00
0.000000000000000000e+00 -1.566626999995324354e+01
1.942140000008585332e+01 -5.974300000010089207e+01
2.919420000135897197e+00 -6.540025999999809869e+01
0.000000000000000000e+00 0.000000000000000000e+00
0.000000000000000000e+00 0.000000000000000000e+00
7.635269999861634460e+00 -2.007940100000993198e+02
-1.845757000001057975e+02 -1.301513499999961994e+02
-1.554927699999209096e+02 -3.095393000005495310e+01
0.000000000000000000e+00 0.000000000000000000e+00
