0.000000000000000000e+00 0.000000000000000000e+00
-1.759259926012446407e-05 -8.500819999972264451e-07
2.859926000020607262e-06 5.092326999994734038e-06
4.456493000008776573e-06 1.103631600001334090e-05
0.000000000000000000e+00 0.000000000000000000e+00
0.000000000000000000e+00 0.000000000000000000e+00
-4.017407000012074292e-06 -6.890083000006454877e-06
-2.239984999985455971e-06 1.276810000089279029e-07
1.180221000013359500e-06 -1.833154799999944795e-05
0.000000000000000000e+00 0.000000000000000000e+00
