0.000000000000000000e+00 0.000000000000000000e+00
0.000000000000000000e+00 -2.120963000020736544e+01
-7.770690000010736753e+01 -1.577106000030248367e+01
-6.983132000017988616e+01 3.228517999995793275e+01
0.000000000000000000e+00 0.000000000000000000e+00
0.000000000000000000e+00 0.000000000000000000e+00
-4.208051000005319509e+01 2.671503999973623422e+01
-1.810517000002675658e+01 -4.851584000031826349e+01
1.609992999984655171e+01 -1.033064500003177812e+02
0.000000000000000000e+00 0.000000000000000000e+00
