0.000000000000000000e+00 0.000000000000000000e+00
-7.591672332515897459e-05 2.499284000037453601e-06
3.119572000026549219e-06 4.472958000021481917e-06
4.136366000030700096e-06 4.277350000407575958e-07
0.000000000000000000e+00 0.000000000000000000e+00
0.000000000000000000e+00 0.000000000000000000e+00
-1.228060999974855960e-06 -5.619604999966901215e-06
-2.150072999973495769e-06 -1.261246599995949347e-05
1.479977000010818111e-06 -7.029377699998770601e-05
0.000000000000000000e+00 0.000000000000000000e+00
