0.000000000000000000e+00 0.000000000000000000e+00
-2.467469435308566883e-04 -7.195049999972683019e-07
5.697919999991807316e-07 -9.867070000155186982e-07
-3.523376999992056113e-06 -1.045091999999497867e-06
0.000000000000000000e+00 0.000000000000000000e+00
0.000000000000000000e+00 0.000000000000000000e+00
3.004148000002038188e-06 -6.276999990964537979e-09
-1.130041999998498969e-05 -6.065482999993709878e-06
-8.029968999973685628e-06 -4.914972600004140213e-05
0.000000000000000000e+00 0.000000000000000000e+00
