0.000000000000000000e+00 0.000000000000000000e+00
-1.218342973532959839e-05 1.208412999995685938e-06
-3.780882999987467130e-06 -4.063699000019654894e-06
1.940398999991654883e-06 -7.198967000014711015e-06
0.000000000000000000e+00 0.000000000000000000e+00
0.000000000000000000e+00 0.000000000000000000e+00
-3.680416000018116307e-06 -5.267988000007099714e-06
-4.137920999985889026e-06 -8.329187000007121089e-06
-8.617670000238275563e-07 -4.939103700001001851e-05
0.000000000000000000e+00 0.000000000000000000e+00
