0.000000000000000000e+00 0.000000000000000000e+00
-1.569639163645497604e-04 -4.652345000005081443e-06
3.288752000007999499e-06 -2.043519000020227461e-06
3.446729999995179483e-06 9.114418999988521675e-06
0.000000000000000000e+00 0.000000000000000000e+00
0.000000000000000000e+00 0.000000000000000000e+00
-2.038850000218861425e-07 -2.692411000006916799e-06
1.269447000018519844e-06 -4.481702000007359299e-06
3.950369999991543146e-06 -1.437366600003271710e-05
0.000000000000000000e+00 0.000000000000000000e+00
