/*--------------------------------*- C++ -*----------------------------------*\
  =========                 |
  \\      /  F ield         | OpenFOAM: The Open Source CFD Toolbox
   \\    /   O peration     | Website:  https://openfoam.org
    \\  /    A nd           | Version:  10
     \\/     M anipulation  |
\*---------------------------------------------------------------------------*/
FoamFile
{
    format      ascii;
    class       volScalarField;
    location    "2141";
    object      rho;
}
// * * * * * * * * * * * * * * * * * * * * * * * * * * * * * * * * * * * * * //

dimensions      [1 -3 0 0 0 0 0];

internalField   nonuniform List<scalar> 
10060
(
1.17159
1.17089
1.16965
1.16835
1.16719
1.16632
1.16571
1.16525
1.16488
1.1646
1.16438
1.16421
1.16407
1.16396
1.16387
1.16382
1.1638
1.1638
1.16383
1.16388
1.16395
1.16404
1.16416
1.16429
1.16444
1.1646
1.16476
1.16489
1.16501
1.16511
1.16522
1.16531
1.16541
1.1655
1.16558
1.16567
1.16575
1.16583
1.16591
1.16599
1.16607
1.16615
1.16622
1.1663
1.16638
1.16646
1.16655
1.16664
1.16674
1.16684
1.17137
1.1708
1.16994
1.16879
1.1677
1.16683
1.16619
1.16567
1.16525
1.16492
1.16467
1.16448
1.16432
1.16419
1.16409
1.16402
1.16398
1.16395
1.16395
1.16398
1.16402
1.1641
1.1642
1.16432
1.16446
1.16461
1.16476
1.16489
1.16501
1.16512
1.16522
1.16531
1.1654
1.16549
1.16558
1.16566
1.16574
1.16582
1.1659
1.16597
1.16605
1.16612
1.1662
1.16627
1.16635
1.16643
1.16651
1.16659
1.16669
1.16678
1.17109
1.17067
1.16997
1.16899
1.16796
1.16706
1.16638
1.16584
1.16541
1.16506
1.1648
1.1646
1.16444
1.16431
1.16421
1.16414
1.16409
1.16407
1.16406
1.16407
1.1641
1.16417
1.16425
1.16436
1.1645
1.16464
1.16479
1.16491
1.16503
1.16513
1.16523
1.16532
1.16541
1.1655
1.16558
1.16566
1.16574
1.16582
1.1659
1.16597
1.16605
1.16612
1.16619
1.16627
1.16634
1.16642
1.1665
1.16657
1.16667
1.16674
1.17079
1.1705
1.16992
1.16916
1.16822
1.16732
1.16661
1.16604
1.16558
1.16522
1.16494
1.16472
1.16455
1.16441
1.16431
1.16424
1.16419
1.16416
1.16415
1.16416
1.16419
1.16425
1.16433
1.16443
1.16455
1.16469
1.16483
1.16495
1.16506
1.16516
1.16525
1.16534
1.16543
1.16552
1.1656
1.16568
1.16576
1.16584
1.16591
1.16598
1.16606
1.16613
1.1662
1.16627
1.16634
1.16641
1.16649
1.16656
1.16664
1.1667
1.17049
1.17028
1.16984
1.16925
1.16845
1.16759
1.16685
1.16625
1.16576
1.16538
1.16507
1.16484
1.16466
1.16451
1.1644
1.16432
1.16427
1.16424
1.16424
1.16425
1.16428
1.16433
1.1644
1.1645
1.16462
1.16475
1.16488
1.165
1.1651
1.1652
1.16529
1.16538
1.16547
1.16555
1.16563
1.16571
1.16579
1.16586
1.16593
1.16601
1.16608
1.16615
1.16622
1.16628
1.16635
1.16642
1.16649
1.16656
1.16663
1.16667
1.17019
1.17003
1.16971
1.16924
1.16862
1.16785
1.1671
1.16648
1.16596
1.16554
1.16522
1.16496
1.16476
1.1646
1.16449
1.1644
1.16434
1.16431
1.1643
1.16432
1.16435
1.1644
1.16448
1.16457
1.16469
1.16481
1.16494
1.16506
1.16516
1.16525
1.16534
1.16543
1.16551
1.16559
1.16567
1.16575
1.16582
1.1659
1.16597
1.16604
1.16611
1.16617
1.16624
1.16631
1.16637
1.16643
1.1665
1.16656
1.16661
1.16665
1.1699
1.16978
1.16955
1.16918
1.16871
1.16806
1.16736
1.16672
1.16618
1.16573
1.16537
1.16509
1.16487
1.1647
1.16457
1.16448
1.16441
1.16438
1.16437
1.16438
1.16441
1.16446
1.16454
1.16463
1.16475
1.16488
1.165
1.16512
1.16522
1.16531
1.1654
1.16548
1.16557
1.16565
1.16572
1.1658
1.16587
1.16594
1.16601
1.16608
1.16615
1.16621
1.16627
1.16634
1.1664
1.16646
1.16651
1.16656
1.16661
1.16664
1.16962
1.16953
1.16936
1.16908
1.16871
1.16821
1.16759
1.16697
1.16641
1.16594
1.16555
1.16524
1.165
1.16481
1.16466
1.16456
1.16448
1.16444
1.16443
1.16443
1.16446
1.16451
1.16459
1.16469
1.1648
1.16493
1.16506
1.16517
1.16528
1.16537
1.16546
1.16554
1.16562
1.1657
1.16578
1.16585
1.16592
1.16599
1.16606
1.16613
1.16619
1.16625
1.16631
1.16637
1.16643
1.16648
1.16653
1.16657
1.16661
1.16663
1.16935
1.16927
1.16915
1.16895
1.16866
1.16829
1.16778
1.16721
1.16665
1.16616
1.16575
1.16541
1.16514
1.16493
1.16477
1.16464
1.16456
1.16451
1.16448
1.16449
1.16451
1.16456
1.16463
1.16473
1.16485
1.16498
1.16511
1.16522
1.16532
1.16542
1.16551
1.16559
1.16567
1.16575
1.16583
1.1659
1.16597
1.16604
1.16611
1.16617
1.16624
1.1663
1.16635
1.16641
1.16646
1.16651
1.16655
1.16659
1.16662
1.16664
1.16909
1.16903
1.16894
1.1688
1.16858
1.16828
1.1679
1.16741
1.16689
1.16639
1.16596
1.1656
1.1653
1.16507
1.16489
1.16475
1.16465
1.16458
1.16455
1.16454
1.16456
1.16461
1.16467
1.16477
1.16488
1.16501
1.16514
1.16526
1.16536
1.16546
1.16555
1.16564
1.16572
1.1658
1.16587
1.16595
1.16602
1.16609
1.16615
1.16621
1.16627
1.16633
1.16639
1.16644
1.16649
1.16653
1.16657
1.1666
1.16662
1.16664
1.16885
1.16879
1.16872
1.16862
1.16846
1.16823
1.16795
1.16756
1.1671
1.16663
1.16619
1.1658
1.16548
1.16523
1.16502
1.16486
1.16474
1.16467
1.16462
1.16461
1.16462
1.16465
1.16472
1.1648
1.16492
1.16504
1.16517
1.16529
1.16539
1.16549
1.16558
1.16567
1.16575
1.16583
1.16591
1.16598
1.16605
1.16612
1.16618
1.16624
1.1663
1.16636
1.16641
1.16646
1.1665
1.16654
1.16657
1.1666
1.16662
1.16664
1.16861
1.16857
1.16851
1.16843
1.16832
1.16815
1.16793
1.16764
1.16727
1.16684
1.16641
1.16602
1.16567
1.1654
1.16517
1.16499
1.16486
1.16476
1.1647
1.16468
1.16468
1.16471
1.16476
1.16484
1.16495
1.16507
1.1652
1.16531
1.16542
1.16552
1.16561
1.16569
1.16578
1.16586
1.16593
1.16601
1.16607
1.16614
1.1662
1.16626
1.16632
1.16637
1.16642
1.16647
1.16651
1.16654
1.16657
1.1666
1.16662
1.16663
1.16839
1.16835
1.16831
1.16825
1.16816
1.16804
1.16787
1.16765
1.16737
1.16701
1.16662
1.16623
1.16588
1.16558
1.16534
1.16514
1.16498
1.16487
1.1648
1.16476
1.16475
1.16477
1.16481
1.16488
1.16498
1.1651
1.16522
1.16534
1.16544
1.16554
1.16563
1.16572
1.1658
1.16588
1.16595
1.16602
1.16609
1.16615
1.16621
1.16627
1.16633
1.16638
1.16642
1.16646
1.1665
1.16653
1.16656
1.16658
1.1666
1.16661
1.16818
1.16815
1.16812
1.16807
1.168
1.16792
1.16779
1.16762
1.16741
1.16713
1.1668
1.16644
1.16609
1.16577
1.16551
1.1653
1.16513
1.16499
1.1649
1.16485
1.16482
1.16483
1.16487
1.16493
1.16502
1.16513
1.16525
1.16536
1.16546
1.16556
1.16565
1.16573
1.16581
1.16589
1.16596
1.16603
1.1661
1.16616
1.16622
1.16627
1.16632
1.16637
1.16641
1.16645
1.16649
1.16651
1.16654
1.16656
1.16658
1.16659
1.16799
1.16796
1.16793
1.16789
1.16784
1.16778
1.16768
1.16756
1.16739
1.16719
1.16692
1.16661
1.16629
1.16597
1.16569
1.16546
1.16528
1.16513
1.16502
1.16495
1.16491
1.16491
1.16493
1.16498
1.16506
1.16516
1.16527
1.16538
1.16548
1.16558
1.16567
1.16575
1.16583
1.1659
1.16598
1.16604
1.16611
1.16617
1.16622
1.16627
1.16632
1.16636
1.1664
1.16644
1.16647
1.16649
1.16652
1.16654
1.16655
1.16657
1.16781
1.16778
1.16776
1.16773
1.16769
1.16764
1.16757
1.16748
1.16735
1.16719
1.167
1.16675
1.16646
1.16617
1.16588
1.16564
1.16544
1.16528
1.16515
1.16506
1.16501
1.16499
1.165
1.16504
1.16511
1.1652
1.16531
1.16541
1.16551
1.1656
1.16568
1.16577
1.16584
1.16592
1.16598
1.16605
1.16611
1.16617
1.16622
1.16627
1.16631
1.16635
1.16639
1.16642
1.16645
1.16647
1.16649
1.16651
1.16653
1.16654
1.16764
1.16762
1.1676
1.16757
1.16754
1.1675
1.16745
1.16738
1.16729
1.16717
1.16702
1.16683
1.16659
1.16633
1.16607
1.16582
1.1656
1.16543
1.16529
1.16518
1.16512
1.16508
1.16508
1.16511
1.16516
1.16524
1.16534
1.16544
1.16553
1.16562
1.1657
1.16578
1.16586
1.16593
1.16599
1.16605
1.16611
1.16616
1.16621
1.16626
1.1663
1.16634
1.16637
1.1664
1.16642
1.16645
1.16647
1.16648
1.1665
1.16651
1.16749
1.16747
1.16745
1.16743
1.1674
1.16737
1.16733
1.16728
1.16721
1.16712
1.167
1.16686
1.16668
1.16647
1.16623
1.166
1.16577
1.16559
1.16544
1.16532
1.16523
1.16519
1.16517
1.16519
1.16523
1.16529
1.16538
1.16547
1.16556
1.16564
1.16572
1.1658
1.16587
1.16594
1.166
1.16606
1.16611
1.16616
1.16621
1.16625
1.16629
1.16632
1.16635
1.16638
1.1664
1.16642
1.16644
1.16646
1.16647
1.16648
1.16735
1.16733
1.16732
1.1673
1.16728
1.16725
1.16722
1.16718
1.16713
1.16706
1.16697
1.16686
1.16673
1.16656
1.16636
1.16615
1.16594
1.16574
1.16559
1.16546
1.16536
1.1653
1.16527
1.16527
1.1653
1.16535
1.16542
1.1655
1.16559
1.16567
1.16574
1.16581
1.16588
1.16594
1.166
1.16606
1.16611
1.16615
1.1662
1.16624
1.16627
1.1663
1.16633
1.16636
1.16638
1.1664
1.16641
1.16643
1.16644
1.16646
1.16723
1.16721
1.16719
1.16718
1.16716
1.16714
1.16711
1.16708
1.16704
1.16699
1.16692
1.16684
1.16674
1.16661
1.16645
1.16628
1.16609
1.1659
1.16574
1.16561
1.1655
1.16542
1.16537
1.16536
1.16538
1.16541
1.16547
1.16554
1.16562
1.1657
1.16577
1.16583
1.1659
1.16595
1.16601
1.16606
1.16611
1.16615
1.16619
1.16622
1.16626
1.16628
1.16631
1.16633
1.16635
1.16637
1.16639
1.1664
1.16642
1.16643
1.16711
1.16709
1.16708
1.16707
1.16706
1.16704
1.16702
1.16699
1.16696
1.16692
1.16687
1.1668
1.16672
1.16663
1.16651
1.16637
1.16621
1.16605
1.16588
1.16575
1.16564
1.16555
1.16549
1.16546
1.16546
1.16549
1.16553
1.16559
1.16566
1.16573
1.16579
1.16585
1.16591
1.16596
1.16601
1.16606
1.1661
1.16614
1.16618
1.16621
1.16624
1.16627
1.16629
1.16631
1.16633
1.16635
1.16636
1.16638
1.16639
1.1664
1.16701
1.167
1.16698
1.16697
1.16696
1.16694
1.16693
1.16691
1.16688
1.16685
1.16681
1.16676
1.1667
1.16663
1.16654
1.16643
1.1663
1.16617
1.16602
1.16588
1.16577
1.16568
1.16561
1.16557
1.16556
1.16557
1.1656
1.16564
1.1657
1.16576
1.16582
1.16588
1.16593
1.16598
1.16602
1.16606
1.1661
1.16614
1.16617
1.1662
1.16623
1.16625
1.16627
1.16629
1.16631
1.16632
1.16634
1.16635
1.16636
1.16637
1.16692
1.16691
1.1669
1.16689
1.16688
1.16686
1.16685
1.16683
1.16681
1.16679
1.16675
1.16672
1.16667
1.16661
1.16655
1.16647
1.16637
1.16625
1.16613
1.16601
1.16589
1.1658
1.16573
1.16568
1.16566
1.16566
1.16568
1.16571
1.16575
1.1658
1.16586
1.1659
1.16595
1.16599
1.16603
1.16607
1.16611
1.16614
1.16617
1.16619
1.16622
1.16624
1.16626
1.16627
1.16629
1.1663
1.16632
1.16633
1.16634
1.16635
1.16684
1.16683
1.16682
1.16681
1.1668
1.16679
1.16678
1.16676
1.16675
1.16673
1.1667
1.16667
1.16664
1.16659
1.16654
1.16648
1.16641
1.16632
1.16622
1.16612
1.16601
1.16592
1.16584
1.16579
1.16576
1.16575
1.16576
1.16578
1.16581
1.16585
1.16589
1.16594
1.16598
1.16601
1.16605
1.16608
1.16611
1.16614
1.16616
1.16619
1.16621
1.16623
1.16624
1.16626
1.16627
1.16629
1.1663
1.16631
1.16632
1.16633
1.16677
1.16676
1.16675
1.16674
1.16674
1.16673
1.16672
1.1667
1.16669
1.16667
1.16665
1.16663
1.1666
1.16657
1.16653
1.16648
1.16643
1.16636
1.16628
1.1662
1.16611
1.16602
1.16595
1.16589
1.16586
1.16584
1.16584
1.16585
1.16587
1.1659
1.16594
1.16597
1.16601
1.16604
1.16607
1.1661
1.16612
1.16615
1.16617
1.16619
1.1662
1.16622
1.16624
1.16625
1.16626
1.16627
1.16628
1.16629
1.1663
1.16631
1.16671
1.1667
1.16669
1.16669
1.16668
1.16667
1.16666
1.16665
1.16664
1.16663
1.16661
1.16659
1.16657
1.16654
1.16651
1.16648
1.16644
1.16638
1.16633
1.16626
1.16619
1.16612
1.16605
1.16599
1.16595
1.16593
1.16593
1.16593
1.16594
1.16596
1.16598
1.16601
1.16604
1.16607
1.16609
1.16612
1.16614
1.16616
1.16618
1.16619
1.16621
1.16622
1.16623
1.16625
1.16626
1.16627
1.16627
1.16628
1.16629
1.1663
1.16666
1.16665
1.16664
1.16664
1.16663
1.16662
1.16662
1.16661
1.1666
1.16659
1.16657
1.16656
1.16654
1.16652
1.1665
1.16647
1.16644
1.1664
1.16635
1.1663
1.16625
1.16619
1.16613
1.16608
1.16604
1.16601
1.166
1.16601
1.16601
1.16602
1.16604
1.16606
1.16608
1.1661
1.16612
1.16614
1.16616
1.16617
1.16619
1.1662
1.16621
1.16623
1.16624
1.16625
1.16625
1.16626
1.16627
1.16628
1.16628
1.16629
1.16661
1.16661
1.1666
1.1666
1.16659
1.16658
1.16658
1.16657
1.16656
1.16655
1.16654
1.16653
1.16652
1.1665
1.16648
1.16646
1.16643
1.16641
1.16637
1.16633
1.16629
1.16624
1.1662
1.16615
1.16611
1.16609
1.16608
1.16607
1.16608
1.16608
1.16609
1.1661
1.16612
1.16614
1.16615
1.16617
1.16618
1.16619
1.1662
1.16622
1.16623
1.16624
1.16624
1.16625
1.16626
1.16627
1.16627
1.16628
1.16628
1.16629
1.16658
1.16657
1.16657
1.16656
1.16656
1.16655
1.16654
1.16654
1.16653
1.16652
1.16652
1.16651
1.16649
1.16648
1.16647
1.16645
1.16643
1.16641
1.16638
1.16635
1.16632
1.16629
1.16625
1.16621
1.16618
1.16615
1.16614
1.16614
1.16614
1.16614
1.16614
1.16615
1.16616
1.16617
1.16618
1.1662
1.16621
1.16622
1.16622
1.16623
1.16624
1.16625
1.16626
1.16626
1.16627
1.16627
1.16628
1.16628
1.16629
1.16629
1.16654
1.16654
1.16654
1.16653
1.16653
1.16652
1.16652
1.16651
1.16651
1.1665
1.16649
1.16648
1.16648
1.16647
1.16645
1.16644
1.16643
1.16641
1.16639
1.16637
1.16634
1.16632
1.16629
1.16626
1.16623
1.16621
1.1662
1.16619
1.16619
1.16619
1.16619
1.1662
1.1662
1.16621
1.16622
1.16623
1.16623
1.16624
1.16625
1.16625
1.16626
1.16627
1.16627
1.16628
1.16628
1.16628
1.16629
1.16629
1.16629
1.1663
1.16652
1.16651
1.16651
1.16651
1.1665
1.1665
1.16649
1.16649
1.16649
1.16648
1.16647
1.16647
1.16646
1.16645
1.16644
1.16643
1.16642
1.16641
1.16639
1.16638
1.16636
1.16634
1.16632
1.1663
1.16627
1.16626
1.16624
1.16624
1.16623
1.16623
1.16623
1.16624
1.16624
1.16624
1.16625
1.16625
1.16626
1.16626
1.16627
1.16627
1.16628
1.16628
1.16629
1.16629
1.16629
1.1663
1.1663
1.1663
1.16631
1.16631
1.1665
1.16649
1.16649
1.16649
1.16648
1.16648
1.16648
1.16647
1.16647
1.16646
1.16646
1.16645
1.16645
1.16644
1.16643
1.16643
1.16642
1.16641
1.1664
1.16638
1.16637
1.16635
1.16634
1.16632
1.16631
1.16629
1.16628
1.16627
1.16627
1.16627
1.16627
1.16627
1.16627
1.16627
1.16628
1.16628
1.16629
1.16629
1.16629
1.16629
1.1663
1.1663
1.1663
1.16631
1.16631
1.16631
1.16631
1.16632
1.16632
1.16632
1.16648
1.16647
1.16647
1.16647
1.16647
1.16646
1.16646
1.16646
1.16645
1.16645
1.16645
1.16644
1.16644
1.16643
1.16643
1.16642
1.16641
1.16641
1.1664
1.16639
1.16638
1.16637
1.16635
1.16634
1.16633
1.16632
1.16631
1.16631
1.1663
1.1663
1.1663
1.1663
1.1663
1.1663
1.1663
1.16631
1.16631
1.16631
1.16631
1.16631
1.16632
1.16632
1.16632
1.16632
1.16632
1.16633
1.16633
1.16633
1.16633
1.16633
1.16646
1.16646
1.16646
1.16646
1.16645
1.16645
1.16645
1.16645
1.16644
1.16644
1.16644
1.16643
1.16643
1.16643
1.16642
1.16642
1.16641
1.1664
1.1664
1.16639
1.16638
1.16637
1.16637
1.16636
1.16635
1.16634
1.16633
1.16633
1.16633
1.16632
1.16632
1.16632
1.16632
1.16632
1.16632
1.16633
1.16633
1.16633
1.16633
1.16633
1.16633
1.16633
1.16633
1.16634
1.16634
1.16634
1.16634
1.16634
1.16634
1.16634
1.16645
1.16645
1.16645
1.16644
1.16644
1.16644
1.16644
1.16644
1.16643
1.16643
1.16643
1.16643
1.16642
1.16642
1.16642
1.16641
1.16641
1.1664
1.1664
1.16639
1.16639
1.16638
1.16637
1.16637
1.16636
1.16636
1.16635
1.16635
1.16634
1.16634
1.16634
1.16634
1.16634
1.16634
1.16634
1.16634
1.16634
1.16634
1.16634
1.16635
1.16635
1.16635
1.16635
1.16635
1.16635
1.16635
1.16635
1.16635
1.16635
1.16635
1.16644
1.16644
1.16644
1.16644
1.16643
1.16643
1.16643
1.16643
1.16643
1.16642
1.16642
1.16642
1.16642
1.16642
1.16641
1.16641
1.16641
1.1664
1.1664
1.16639
1.16639
1.16639
1.16638
1.16638
1.16637
1.16637
1.16636
1.16636
1.16636
1.16636
1.16636
1.16636
1.16635
1.16635
1.16636
1.16636
1.16636
1.16636
1.16636
1.16636
1.16636
1.16636
1.16636
1.16636
1.16636
1.16636
1.16636
1.16636
1.16636
1.16636
1.16643
1.16643
1.16643
1.16643
1.16643
1.16643
1.16642
1.16642
1.16642
1.16642
1.16642
1.16642
1.16641
1.16641
1.16641
1.16641
1.1664
1.1664
1.1664
1.1664
1.16639
1.16639
1.16639
1.16638
1.16638
1.16638
1.16637
1.16637
1.16637
1.16637
1.16637
1.16637
1.16637
1.16637
1.16637
1.16637
1.16637
1.16637
1.16637
1.16637
1.16637
1.16637
1.16637
1.16637
1.16637
1.16637
1.16637
1.16637
1.16637
1.16637
1.16642
1.16642
1.16642
1.16642
1.16642
1.16642
1.16642
1.16642
1.16642
1.16641
1.16641
1.16641
1.16641
1.16641
1.16641
1.16641
1.1664
1.1664
1.1664
1.1664
1.16639
1.16639
1.16639
1.16639
1.16638
1.16638
1.16638
1.16638
1.16638
1.16638
1.16638
1.16637
1.16637
1.16637
1.16637
1.16637
1.16637
1.16637
1.16637
1.16637
1.16637
1.16637
1.16637
1.16638
1.16638
1.16638
1.16638
1.16638
1.16638
1.16638
1.16642
1.16642
1.16642
1.16642
1.16642
1.16642
1.16641
1.16641
1.16641
1.16641
1.16641
1.16641
1.16641
1.16641
1.16641
1.1664
1.1664
1.1664
1.1664
1.1664
1.1664
1.16639
1.16639
1.16639
1.16639
1.16639
1.16638
1.16638
1.16638
1.16638
1.16638
1.16638
1.16638
1.16638
1.16638
1.16638
1.16638
1.16638
1.16638
1.16638
1.16638
1.16638
1.16638
1.16638
1.16638
1.16638
1.16638
1.16638
1.16638
1.16638
1.16642
1.16641
1.16641
1.16641
1.16641
1.16641
1.16641
1.16641
1.16641
1.16641
1.16641
1.16641
1.16641
1.16641
1.1664
1.1664
1.1664
1.1664
1.1664
1.1664
1.1664
1.1664
1.16639
1.16639
1.16639
1.16639
1.16639
1.16639
1.16639
1.16639
1.16639
1.16639
1.16639
1.16639
1.16639
1.16639
1.16638
1.16638
1.16638
1.16638
1.16639
1.16639
1.16639
1.16639
1.16639
1.16639
1.16639
1.16639
1.16639
1.16639
1.16641
1.16641
1.16641
1.16641
1.16641
1.16641
1.16641
1.16641
1.16641
1.16641
1.16641
1.16641
1.1664
1.1664
1.1664
1.1664
1.1664
1.1664
1.1664
1.1664
1.1664
1.1664
1.1664
1.16639
1.16639
1.16639
1.16639
1.16639
1.16639
1.16639
1.16639
1.16639
1.16639
1.16639
1.16639
1.16639
1.16639
1.16639
1.16639
1.16639
1.16639
1.16639
1.16639
1.16639
1.16639
1.16639
1.16639
1.16639
1.16639
1.16639
1.16641
1.16641
1.16641
1.16641
1.16641
1.16641
1.16641
1.16641
1.16641
1.16641
1.1664
1.1664
1.1664
1.1664
1.1664
1.1664
1.1664
1.1664
1.1664
1.1664
1.1664
1.1664
1.1664
1.1664
1.16639
1.16639
1.16639
1.16639
1.16639
1.16639
1.16639
1.16639
1.16639
1.16639
1.16639
1.16639
1.16639
1.16639
1.16639
1.16639
1.16639
1.16639
1.16639
1.16639
1.16639
1.16639
1.16639
1.16639
1.16639
1.16639
1.16641
1.16641
1.16641
1.16641
1.16641
1.16641
1.16641
1.1664
1.1664
1.1664
1.1664
1.1664
1.1664
1.1664
1.1664
1.1664
1.1664
1.1664
1.1664
1.1664
1.1664
1.1664
1.1664
1.1664
1.1664
1.1664
1.1664
1.16639
1.16639
1.16639
1.16639
1.16639
1.16639
1.16639
1.16639
1.16639
1.16639
1.16639
1.16639
1.16639
1.16639
1.16639
1.16639
1.16639
1.16639
1.16639
1.16639
1.16639
1.16639
1.16639
1.16641
1.16641
1.16641
1.16641
1.1664
1.1664
1.1664
1.1664
1.1664
1.1664
1.1664
1.1664
1.1664
1.1664
1.1664
1.1664
1.1664
1.1664
1.1664
1.1664
1.1664
1.1664
1.1664
1.1664
1.1664
1.1664
1.1664
1.1664
1.1664
1.1664
1.1664
1.1664
1.1664
1.1664
1.16639
1.16639
1.16639
1.16639
1.16639
1.16639
1.16639
1.16639
1.16639
1.16639
1.16639
1.16639
1.16639
1.16639
1.16639
1.16639
1.1664
1.1664
1.1664
1.1664
1.1664
1.1664
1.1664
1.1664
1.1664
1.1664
1.1664
1.1664
1.1664
1.1664
1.1664
1.1664
1.1664
1.1664
1.1664
1.1664
1.1664
1.1664
1.1664
1.1664
1.1664
1.1664
1.1664
1.1664
1.1664
1.1664
1.1664
1.1664
1.1664
1.1664
1.1664
1.1664
1.1664
1.1664
1.1664
1.1664
1.1664
1.1664
1.1664
1.1664
1.1664
1.1664
1.1664
1.1664
1.1664
1.1664
1.1664
1.1664
1.1664
1.1664
1.1664
1.1664
1.1664
1.1664
1.1664
1.1664
1.1664
1.1664
1.1664
1.1664
1.1664
1.1664
1.1664
1.1664
1.1664
1.1664
1.1664
1.1664
1.1664
1.1664
1.1664
1.1664
1.1664
1.1664
1.1664
1.1664
1.1664
1.1664
1.1664
1.1664
1.1664
1.1664
1.1664
1.1664
1.1664
1.1664
1.1664
1.1664
1.1664
1.1664
1.1664
1.1664
1.1664
1.1664
1.1664
1.1664
1.1664
1.1664
1.1664
1.1664
1.1664
1.1664
1.1664
1.1664
1.1664
1.1664
1.1664
1.1664
1.1664
1.1664
1.1664
1.1664
1.1664
1.1664
1.1664
1.1664
1.1664
1.1664
1.1664
1.1664
1.1664
1.1664
1.1664
1.1664
1.1664
1.1664
1.1664
1.1664
1.1664
1.1664
1.1664
1.1664
1.1664
1.1664
1.1664
1.1664
1.1664
1.1664
1.1664
1.1664
1.1664
1.1664
1.1664
1.1664
1.1664
1.1664
1.1664
1.1664
1.1664
1.1664
1.1664
1.1664
1.1664
1.1664
1.1664
1.1664
1.1664
1.1664
1.1664
1.1664
1.1664
1.1664
1.1664
1.1664
1.1664
1.1664
1.1664
1.1664
1.1664
1.1664
1.1664
1.1664
1.1664
1.1664
1.1664
1.1664
1.1664
1.1664
1.1664
1.1664
1.1664
1.1664
1.1664
1.1664
1.1664
1.1664
1.1664
1.1664
1.1664
1.1664
1.1664
1.1664
1.1664
1.1664
1.1664
1.1664
1.1664
1.1664
1.1664
1.1664
1.1664
1.1664
1.1664
1.1664
1.1664
1.1664
1.1664
1.1664
1.1664
1.1664
1.1664
1.1664
1.1664
1.1664
1.1664
1.1664
1.1664
1.1664
1.1664
1.1664
1.1664
1.1664
1.1664
1.1664
1.1664
1.1664
1.1664
1.1664
1.1664
1.1664
1.1664
1.1664
1.1664
1.1664
1.1664
1.1664
1.1664
1.1664
1.1664
1.1664
1.1664
1.1664
1.1664
1.1664
1.1664
1.1664
1.1664
1.1664
1.1664
1.1664
1.1664
1.1664
1.1664
1.1664
1.1664
1.1664
1.1664
1.1664
1.1664
1.1664
1.1664
1.1664
1.1664
1.1664
1.1664
1.1664
1.1664
1.1664
1.1664
1.1664
1.1664
1.1664
1.1664
1.1664
1.1664
1.1664
1.1664
1.1664
1.1664
1.1664
1.1664
1.1664
1.1664
1.1664
1.1664
1.1664
1.1664
1.1664
1.1664
1.1664
1.1664
1.1664
1.1664
1.1664
1.1664
1.1664
1.16714
1.16687
1.16666
1.16659
1.16653
1.16647
1.1664
1.16632
1.16623
1.16615
1.16699
1.16677
1.1666
1.16653
1.16649
1.16643
1.16636
1.16629
1.16621
1.16612
1.16689
1.16675
1.16659
1.16652
1.16647
1.16641
1.16635
1.16628
1.1662
1.16612
1.16681
1.16673
1.16659
1.16651
1.16647
1.16641
1.16635
1.16629
1.16622
1.16614
1.16675
1.1667
1.16659
1.16652
1.16648
1.16643
1.16637
1.16631
1.16625
1.16619
1.16671
1.16668
1.1666
1.16654
1.16649
1.16645
1.16639
1.16634
1.16629
1.16625
1.16668
1.16666
1.16661
1.16656
1.16652
1.16648
1.16643
1.16639
1.16635
1.16631
1.16667
1.16666
1.16662
1.16658
1.16655
1.16652
1.16648
1.16644
1.16641
1.16639
1.16666
1.16666
1.16664
1.16661
1.16658
1.16656
1.16653
1.1665
1.16648
1.16646
1.16666
1.16666
1.16665
1.16663
1.16661
1.16659
1.16657
1.16656
1.16654
1.16653
1.16666
1.16666
1.16665
1.16665
1.16664
1.16662
1.16661
1.1666
1.16659
1.16659
1.16665
1.16665
1.16665
1.16665
1.16665
1.16664
1.16663
1.16663
1.16662
1.16662
1.16663
1.16664
1.16664
1.16664
1.16664
1.16664
1.16664
1.16664
1.16664
1.16665
1.16661
1.16662
1.16662
1.16663
1.16663
1.16664
1.16664
1.16664
1.16665
1.16665
1.16658
1.16659
1.1666
1.16661
1.16662
1.16662
1.16663
1.16663
1.16664
1.16665
1.16655
1.16657
1.16657
1.16658
1.16659
1.1666
1.16661
1.16662
1.16662
1.16663
1.16653
1.16654
1.16655
1.16656
1.16657
1.16658
1.16658
1.16659
1.1666
1.16661
1.1665
1.16651
1.16652
1.16653
1.16654
1.16655
1.16656
1.16657
1.16657
1.16658
1.16647
1.16648
1.16649
1.1665
1.16651
1.16652
1.16653
1.16653
1.16654
1.16655
1.16644
1.16645
1.16646
1.16647
1.16648
1.16649
1.16649
1.1665
1.16651
1.16652
1.16641
1.16642
1.16643
1.16644
1.16644
1.16645
1.16646
1.16647
1.16648
1.16648
1.16638
1.16639
1.1664
1.16641
1.16641
1.16642
1.16643
1.16644
1.16644
1.16645
1.16636
1.16636
1.16637
1.16638
1.16638
1.16639
1.1664
1.1664
1.16641
1.16642
1.16633
1.16634
1.16635
1.16635
1.16636
1.16636
1.16637
1.16638
1.16638
1.16639
1.16631
1.16632
1.16633
1.16633
1.16634
1.16634
1.16635
1.16635
1.16636
1.16636
1.1663
1.16631
1.16631
1.16632
1.16632
1.16632
1.16633
1.16633
1.16634
1.16634
1.16629
1.1663
1.1663
1.16631
1.16631
1.16631
1.16632
1.16632
1.16632
1.16633
1.16629
1.16629
1.1663
1.1663
1.1663
1.16631
1.16631
1.16631
1.16631
1.16632
1.16629
1.1663
1.1663
1.1663
1.1663
1.16631
1.16631
1.16631
1.16631
1.16631
1.1663
1.1663
1.1663
1.16631
1.16631
1.16631
1.16631
1.16631
1.16631
1.16632
1.16631
1.16631
1.16631
1.16631
1.16631
1.16632
1.16632
1.16632
1.16632
1.16632
1.16632
1.16632
1.16632
1.16632
1.16632
1.16632
1.16633
1.16633
1.16633
1.16633
1.16633
1.16633
1.16633
1.16633
1.16633
1.16633
1.16634
1.16634
1.16634
1.16634
1.16634
1.16634
1.16634
1.16634
1.16634
1.16635
1.16635
1.16635
1.16635
1.16635
1.16635
1.16635
1.16635
1.16635
1.16635
1.16635
1.16635
1.16636
1.16636
1.16636
1.16636
1.16636
1.16636
1.16636
1.16636
1.16636
1.16636
1.16636
1.16636
1.16636
1.16637
1.16637
1.16637
1.16637
1.16637
1.16637
1.16637
1.16637
1.16637
1.16637
1.16638
1.16638
1.16638
1.16638
1.16638
1.16638
1.16638
1.16638
1.16638
1.16638
1.16638
1.16638
1.16638
1.16638
1.16638
1.16638
1.16638
1.16638
1.16638
1.16638
1.16639
1.16639
1.16639
1.16639
1.16639
1.16639
1.16639
1.16639
1.16639
1.16639
1.16639
1.16639
1.16639
1.16639
1.16639
1.16639
1.16639
1.16639
1.16639
1.16639
1.16639
1.16639
1.16639
1.16639
1.16639
1.16639
1.16639
1.16639
1.16639
1.16639
1.16639
1.16639
1.16639
1.16639
1.16639
1.16639
1.16639
1.16639
1.16639
1.16639
1.16639
1.16639
1.16639
1.16639
1.16639
1.16639
1.16639
1.16639
1.16639
1.16639
1.1664
1.1664
1.1664
1.1664
1.1664
1.1664
1.1664
1.1664
1.1664
1.1664
1.1664
1.1664
1.1664
1.1664
1.1664
1.1664
1.1664
1.1664
1.1664
1.1664
1.1664
1.1664
1.1664
1.1664
1.1664
1.1664
1.1664
1.1664
1.1664
1.1664
1.1664
1.1664
1.1664
1.1664
1.1664
1.1664
1.1664
1.1664
1.1664
1.1664
1.1664
1.1664
1.1664
1.1664
1.1664
1.1664
1.1664
1.1664
1.1664
1.1664
1.1664
1.1664
1.1664
1.1664
1.1664
1.1664
1.1664
1.1664
1.1664
1.1664
1.16594
1.1659
1.16586
1.16582
1.1658
1.1658
1.16584
1.16585
1.1658
1.16571
1.16563
1.16558
1.16556
1.16554
1.16553
1.16554
1.16556
1.16557
1.16557
1.16556
1.16555
1.16554
1.16554
1.16554
1.16554
1.16555
1.16555
1.16556
1.16556
1.16557
1.16558
1.16559
1.1656
1.16561
1.16561
1.16561
1.16561
1.1656
1.16559
1.16558
1.16557
1.16556
1.16556
1.16555
1.16555
1.16554
1.16554
1.16554
1.16554
1.16555
1.16556
1.16557
1.16557
1.16556
1.16554
1.16553
1.16554
1.16556
1.16558
1.16563
1.16571
1.1658
1.16585
1.16584
1.1658
1.1658
1.16582
1.16586
1.1659
1.16594
1.166
1.16597
1.16596
1.16595
1.16595
1.16594
1.16594
1.16594
1.16595
1.16597
1.16599
1.166
1.16599
1.16595
1.16589
1.16582
1.16577
1.16573
1.1657
1.16565
1.16561
1.16559
1.16557
1.16556
1.16555
1.16555
1.16554
1.16555
1.16555
1.16555
1.16556
1.16557
1.16557
1.16558
1.16558
1.16558
1.16558
1.16557
1.16557
1.16556
1.16555
1.16555
1.16555
1.16554
1.16555
1.16555
1.16556
1.16557
1.16559
1.16561
1.16565
1.1657
1.16573
1.16577
1.16582
1.16589
1.16595
1.16599
1.166
1.16599
1.16597
1.16595
1.16594
1.16594
1.16594
1.16595
1.16595
1.16596
1.16597
1.166
1.16605
1.16603
1.16602
1.16601
1.16601
1.16601
1.16601
1.16601
1.16602
1.16603
1.16603
1.16604
1.16604
1.16605
1.16607
1.16606
1.16603
1.16596
1.16587
1.16579
1.16573
1.16568
1.16564
1.16561
1.16558
1.16556
1.16556
1.16555
1.16555
1.16556
1.16556
1.16557
1.16557
1.16557
1.16558
1.16558
1.16557
1.16557
1.16557
1.16556
1.16556
1.16555
1.16555
1.16556
1.16556
1.16558
1.16561
1.16564
1.16568
1.16573
1.16579
1.16587
1.16596
1.16603
1.16606
1.16607
1.16605
1.16604
1.16604
1.16603
1.16603
1.16602
1.16601
1.16601
1.16601
1.16601
1.16601
1.16602
1.16603
1.16605
1.1661
1.16609
1.16609
1.16608
1.16608
1.16607
1.16607
1.16607
1.16607
1.16607
1.16607
1.16608
1.16608
1.16609
1.1661
1.1661
1.1661
1.16609
1.16607
1.16602
1.16595
1.16587
1.16579
1.16573
1.16568
1.16565
1.16563
1.16561
1.16561
1.16561
1.16561
1.16562
1.16562
1.16563
1.16563
1.16563
1.16563
1.16562
1.16562
1.16561
1.16561
1.16561
1.16561
1.16563
1.16565
1.16569
1.16573
1.16579
1.16587
1.16595
1.16602
1.16607
1.16609
1.1661
1.1661
1.1661
1.16609
1.16608
1.16608
1.16607
1.16607
1.16607
1.16607
1.16607
1.16607
1.16608
1.16608
1.16609
1.16609
1.1661
1.16616
1.16616
1.16616
1.16615
1.16615
1.16614
1.16614
1.16614
1.16614
1.16614
1.16614
1.16614
1.16614
1.16614
1.16614
1.16615
1.16615
1.16615
1.16615
1.16614
1.16612
1.16607
1.16601
1.16593
1.16585
1.16579
1.16575
1.16573
1.16572
1.16571
1.16571
1.16572
1.16572
1.16573
1.16573
1.16573
1.16573
1.16572
1.16572
1.16571
1.16571
1.16572
1.16573
1.16575
1.16579
1.16585
1.16593
1.16601
1.16607
1.16612
1.16614
1.16615
1.16615
1.16615
1.16615
1.16614
1.16614
1.16614
1.16614
1.16614
1.16614
1.16614
1.16614
1.16614
1.16614
1.16615
1.16615
1.16616
1.16616
1.16616
1.16623
1.16623
1.16623
1.16623
1.16622
1.16622
1.16622
1.16622
1.16621
1.16621
1.16621
1.16621
1.16621
1.16621
1.16621
1.16621
1.16621
1.16621
1.16622
1.16622
1.16622
1.16621
1.16619
1.16615
1.16608
1.16601
1.16594
1.1659
1.16587
1.16587
1.16587
1.16587
1.16588
1.16589
1.16589
1.16589
1.16589
1.16588
1.16587
1.16587
1.16587
1.16587
1.1659
1.16594
1.16601
1.16608
1.16615
1.16619
1.16621
1.16622
1.16622
1.16622
1.16621
1.16621
1.16621
1.16621
1.16621
1.16621
1.16621
1.16621
1.16621
1.16621
1.16622
1.16622
1.16622
1.16622
1.16623
1.16623
1.16623
1.16623
1.16631
1.16631
1.16631
1.16631
1.1663
1.1663
1.1663
1.1663
1.1663
1.1663
1.1663
1.16629
1.16629
1.16629
1.16629
1.16629
1.16629
1.1663
1.1663
1.1663
1.16631
1.16632
1.16632
1.16631
1.16629
1.16624
1.16618
1.16612
1.16608
1.16606
1.16606
1.16607
1.16608
1.16609
1.16609
1.16609
1.16609
1.16608
1.16607
1.16606
1.16606
1.16608
1.16612
1.16618
1.16624
1.16629
1.16631
1.16632
1.16632
1.16631
1.1663
1.1663
1.1663
1.16629
1.16629
1.16629
1.16629
1.16629
1.16629
1.1663
1.1663
1.1663
1.1663
1.1663
1.1663
1.1663
1.16631
1.16631
1.16631
1.16631
1.16639
1.16639
1.16639
1.16639
1.16639
1.16639
1.16639
1.16639
1.16639
1.16639
1.16639
1.16639
1.16639
1.16639
1.16639
1.16639
1.16639
1.16639
1.1664
1.1664
1.16641
1.16642
1.16643
1.16645
1.16645
1.16644
1.16641
1.16635
1.1663
1.16626
1.16625
1.16626
1.16628
1.1663
1.1663
1.1663
1.1663
1.16628
1.16626
1.16625
1.16626
1.1663
1.16635
1.16641
1.16644
1.16645
1.16645
1.16643
1.16642
1.16641
1.1664
1.1664
1.16639
1.16639
1.16639
1.16639
1.16639
1.16639
1.16639
1.16639
1.16639
1.16639
1.16639
1.16639
1.16639
1.16639
1.16639
1.16639
1.16639
1.16639
1.16647
1.16647
1.16647
1.16647
1.16647
1.16647
1.16647
1.16647
1.16647
1.16647
1.16647
1.16648
1.16648
1.16648
1.16648
1.16648
1.16648
1.16649
1.16649
1.1665
1.16651
1.16651
1.16653
1.16654
1.16656
1.16657
1.16657
1.16655
1.16651
1.16646
1.16643
1.16643
1.16646
1.16648
1.1665
1.1665
1.16648
1.16646
1.16643
1.16643
1.16646
1.16651
1.16655
1.16657
1.16657
1.16656
1.16654
1.16653
1.16652
1.16651
1.1665
1.16649
1.16649
1.16648
1.16648
1.16648
1.16648
1.16648
1.16648
1.16647
1.16647
1.16647
1.16647
1.16647
1.16647
1.16647
1.16647
1.16647
1.16647
1.16647
1.16654
1.16654
1.16654
1.16654
1.16654
1.16654
1.16655
1.16655
1.16655
1.16655
1.16656
1.16656
1.16656
1.16656
1.16657
1.16657
1.16657
1.16658
1.16658
1.16659
1.16659
1.1666
1.16661
1.16663
1.16664
1.16666
1.16668
1.16668
1.16665
1.16661
1.16656
1.16655
1.16657
1.16661
1.16663
1.16663
1.16661
1.16658
1.16655
1.16656
1.16661
1.16665
1.16668
1.16668
1.16666
1.16664
1.16663
1.16661
1.1666
1.16659
1.16659
1.16658
1.16658
1.16657
1.16657
1.16657
1.16656
1.16656
1.16656
1.16656
1.16655
1.16655
1.16655
1.16655
1.16654
1.16654
1.16654
1.16654
1.16654
1.16654
1.16659
1.16659
1.1666
1.1666
1.1666
1.1666
1.16661
1.16661
1.16661
1.16662
1.16662
1.16663
1.16663
1.16664
1.16664
1.16665
1.16665
1.16666
1.16666
1.16667
1.16667
1.16668
1.16668
1.16669
1.1667
1.16672
1.16674
1.16675
1.16674
1.1667
1.16665
1.16662
1.16664
1.16668
1.16671
1.16671
1.16668
1.16664
1.16662
1.16665
1.1667
1.16674
1.16675
1.16674
1.16672
1.1667
1.16669
1.16668
1.16668
1.16667
1.16667
1.16666
1.16666
1.16665
1.16665
1.16664
1.16664
1.16663
1.16663
1.16662
1.16662
1.16661
1.16661
1.16661
1.1666
1.1666
1.1666
1.1666
1.16659
1.16659
1.16663
1.16663
1.16664
1.16664
1.16664
1.16665
1.16665
1.16666
1.16666
1.16667
1.16667
1.16668
1.16669
1.16669
1.1667
1.1667
1.16671
1.16672
1.16672
1.16673
1.16673
1.16674
1.16674
1.16674
1.16675
1.16676
1.16677
1.16678
1.16678
1.16675
1.1667
1.16665
1.16665
1.16669
1.16674
1.16674
1.16669
1.16665
1.16665
1.1667
1.16675
1.16678
1.16678
1.16677
1.16676
1.16675
1.16674
1.16674
1.16674
1.16673
1.16673
1.16672
1.16672
1.16671
1.1667
1.1667
1.16669
1.16669
1.16668
1.16667
1.16667
1.16666
1.16666
1.16665
1.16665
1.16664
1.16664
1.16664
1.16663
1.16663
1.16665
1.16665
1.16666
1.16666
1.16667
1.16667
1.16668
1.16668
1.16669
1.1667
1.16671
1.16671
1.16672
1.16673
1.16674
1.16674
1.16675
1.16676
1.16676
1.16677
1.16677
1.16678
1.16678
1.16678
1.16678
1.16678
1.16678
1.16679
1.16678
1.16676
1.16671
1.16665
1.16663
1.16667
1.16673
1.16673
1.16667
1.16663
1.16665
1.16671
1.16676
1.16678
1.16679
1.16678
1.16678
1.16678
1.16678
1.16678
1.16678
1.16677
1.16677
1.16676
1.16676
1.16675
1.16674
1.16674
1.16673
1.16672
1.16671
1.16671
1.1667
1.16669
1.16668
1.16668
1.16667
1.16667
1.16666
1.16666
1.16665
1.16665
1.16666
1.16666
1.16667
1.16667
1.16668
1.16668
1.16669
1.1667
1.1667
1.16671
1.16672
1.16673
1.16674
1.16675
1.16675
1.16676
1.16677
1.16678
1.16679
1.16679
1.1668
1.1668
1.1668
1.1668
1.1668
1.1668
1.16679
1.16679
1.16678
1.16676
1.16671
1.16664
1.1666
1.16664
1.1667
1.1667
1.16664
1.1666
1.16664
1.16671
1.16676
1.16678
1.16679
1.16679
1.1668
1.1668
1.1668
1.1668
1.1668
1.1668
1.16679
1.16679
1.16678
1.16677
1.16676
1.16675
1.16675
1.16674
1.16673
1.16672
1.16671
1.1667
1.1667
1.16669
1.16668
1.16668
1.16667
1.16667
1.16666
1.16666
1.16665
1.16666
1.16666
1.16667
1.16668
1.16668
1.16669
1.1667
1.1667
1.16671
1.16672
1.16673
1.16674
1.16675
1.16676
1.16677
1.16678
1.16679
1.16679
1.1668
1.16681
1.16681
1.16681
1.16681
1.16681
1.1668
1.16679
1.16678
1.16677
1.16674
1.1667
1.16663
1.16657
1.16659
1.16666
1.16666
1.16659
1.16657
1.16663
1.1667
1.16674
1.16677
1.16678
1.16679
1.1668
1.16681
1.16681
1.16681
1.16681
1.16681
1.1668
1.16679
1.16679
1.16678
1.16677
1.16676
1.16675
1.16674
1.16673
1.16672
1.16671
1.1667
1.1667
1.16669
1.16668
1.16668
1.16667
1.16666
1.16666
1.16665
1.16664
1.16664
1.16665
1.16666
1.16666
1.16667
1.16668
1.16669
1.1667
1.1667
1.16671
1.16672
1.16673
1.16674
1.16675
1.16676
1.16677
1.16678
1.16679
1.16679
1.1668
1.16681
1.16681
1.16681
1.16681
1.1668
1.16679
1.16677
1.16675
1.16673
1.16668
1.16661
1.16653
1.16654
1.16661
1.16661
1.16654
1.16653
1.16661
1.16668
1.16673
1.16675
1.16677
1.16679
1.1668
1.16681
1.16681
1.16681
1.16681
1.1668
1.16679
1.16679
1.16678
1.16677
1.16676
1.16675
1.16674
1.16673
1.16672
1.16671
1.1667
1.1667
1.16669
1.16668
1.16667
1.16666
1.16666
1.16665
1.16664
1.16664
1.16662
1.16662
1.16663
1.16664
1.16665
1.16665
1.16666
1.16667
1.16668
1.16669
1.1667
1.16671
1.16671
1.16672
1.16673
1.16674
1.16675
1.16676
1.16677
1.16678
1.16678
1.16679
1.16679
1.1668
1.16679
1.16679
1.16678
1.16676
1.16674
1.16671
1.16666
1.16659
1.1665
1.16649
1.16656
1.16656
1.16649
1.1665
1.16659
1.16666
1.16671
1.16674
1.16676
1.16678
1.16679
1.16679
1.1668
1.16679
1.16679
1.16678
1.16678
1.16677
1.16676
1.16675
1.16674
1.16673
1.16672
1.16671
1.16671
1.1667
1.16669
1.16668
1.16667
1.16666
1.16665
1.16665
1.16664
1.16663
1.16662
1.16662
1.16659
1.1666
1.16661
1.16661
1.16662
1.16663
1.16664
1.16665
1.16666
1.16667
1.16667
1.16668
1.16669
1.1667
1.16671
1.16672
1.16673
1.16674
1.16674
1.16675
1.16676
1.16677
1.16677
1.16677
1.16677
1.16677
1.16676
1.16675
1.16672
1.16669
1.16665
1.16657
1.16648
1.16645
1.16652
1.16652
1.16645
1.16648
1.16657
1.16665
1.16669
1.16672
1.16675
1.16676
1.16677
1.16677
1.16677
1.16677
1.16677
1.16676
1.16675
1.16674
1.16674
1.16673
1.16672
1.16671
1.1667
1.16669
1.16668
1.16667
1.16667
1.16666
1.16665
1.16664
1.16663
1.16662
1.16661
1.16661
1.1666
1.16659
1.16656
1.16657
1.16658
1.16659
1.1666
1.1666
1.16661
1.16662
1.16663
1.16664
1.16665
1.16666
1.16667
1.16667
1.16668
1.16669
1.1667
1.16671
1.16672
1.16672
1.16673
1.16674
1.16674
1.16675
1.16675
1.16675
1.16674
1.16673
1.16671
1.16668
1.16663
1.16656
1.16646
1.16642
1.16648
1.16648
1.16642
1.16646
1.16656
1.16663
1.16668
1.16671
1.16673
1.16674
1.16675
1.16675
1.16675
1.16674
1.16674
1.16673
1.16672
1.16672
1.16671
1.1667
1.16669
1.16668
1.16667
1.16667
1.16666
1.16665
1.16664
1.16663
1.16662
1.16661
1.1666
1.1666
1.16659
1.16658
1.16657
1.16656
1.16653
1.16654
1.16655
1.16656
1.16657
1.16657
1.16658
1.16659
1.1666
1.16661
1.16662
1.16663
1.16664
1.16665
1.16665
1.16666
1.16667
1.16668
1.16669
1.16669
1.1667
1.16671
1.16671
1.16671
1.16672
1.16672
1.16671
1.16671
1.16669
1.16666
1.16662
1.16655
1.16644
1.16638
1.16644
1.16644
1.16638
1.16644
1.16655
1.16662
1.16666
1.16669
1.16671
1.16671
1.16672
1.16672
1.16671
1.16671
1.16671
1.1667
1.16669
1.16669
1.16668
1.16667
1.16666
1.16665
1.16665
1.16664
1.16663
1.16662
1.16661
1.1666
1.16659
1.16658
1.16657
1.16657
1.16656
1.16655
1.16654
1.16653
1.16649
1.1665
1.16651
1.16652
1.16653
1.16654
1.16655
1.16656
1.16657
1.16658
1.16659
1.1666
1.16661
1.16662
1.16663
1.16663
1.16664
1.16665
1.16666
1.16666
1.16667
1.16667
1.16668
1.16668
1.16669
1.16669
1.16669
1.16668
1.16667
1.16664
1.16661
1.16654
1.16643
1.16636
1.1664
1.1664
1.16636
1.16643
1.16654
1.16661
1.16664
1.16667
1.16668
1.16669
1.16669
1.16669
1.16668
1.16668
1.16667
1.16667
1.16666
1.16666
1.16665
1.16664
1.16663
1.16663
1.16662
1.16661
1.1666
1.16659
1.16658
1.16657
1.16656
1.16655
1.16654
1.16653
1.16652
1.16651
1.1665
1.16649
1.16646
1.16647
1.16648
1.16649
1.1665
1.16651
1.16652
1.16653
1.16654
1.16655
1.16656
1.16657
1.16658
1.16659
1.16659
1.1666
1.16661
1.16662
1.16662
1.16663
1.16664
1.16664
1.16665
1.16665
1.16665
1.16666
1.16666
1.16665
1.16664
1.16663
1.16659
1.16653
1.16643
1.16634
1.16637
1.16637
1.16634
1.16643
1.16653
1.16659
1.16663
1.16664
1.16665
1.16666
1.16666
1.16665
1.16665
1.16665
1.16664
1.16664
1.16663
1.16662
1.16662
1.16661
1.1666
1.16659
1.16659
1.16658
1.16657
1.16656
1.16655
1.16654
1.16653
1.16652
1.16651
1.1665
1.16649
1.16648
1.16647
1.16646
1.16643
1.16644
1.16645
1.16646
1.16647
1.16648
1.16649
1.1665
1.16651
1.16652
1.16653
1.16654
1.16655
1.16656
1.16657
1.16657
1.16658
1.16659
1.16659
1.1666
1.16661
1.16661
1.16662
1.16662
1.16662
1.16663
1.16663
1.16662
1.16662
1.16661
1.16658
1.16652
1.16642
1.16632
1.16635
1.16635
1.16632
1.16642
1.16652
1.16658
1.16661
1.16662
1.16662
1.16663
1.16663
1.16662
1.16662
1.16662
1.16661
1.16661
1.1666
1.16659
1.16659
1.16658
1.16657
1.16657
1.16656
1.16655
1.16654
1.16653
1.16652
1.16651
1.1665
1.16649
1.16648
1.16647
1.16646
1.16645
1.16644
1.16643
1.1664
1.16641
1.16642
1.16643
1.16644
1.16645
1.16647
1.16648
1.16649
1.16649
1.1665
1.16651
1.16652
1.16653
1.16654
1.16654
1.16655
1.16656
1.16657
1.16657
1.16658
1.16658
1.16659
1.16659
1.16659
1.1666
1.1666
1.1666
1.16659
1.16658
1.16656
1.16652
1.16642
1.16631
1.16632
1.16632
1.16631
1.16642
1.16651
1.16656
1.16658
1.16659
1.1666
1.1666
1.1666
1.16659
1.16659
1.16659
1.16658
1.16658
1.16657
1.16657
1.16656
1.16655
1.16654
1.16654
1.16653
1.16652
1.16651
1.1665
1.16649
1.16649
1.16648
1.16647
1.16645
1.16644
1.16643
1.16642
1.16641
1.1664
1.16637
1.16638
1.1664
1.16641
1.16642
1.16643
1.16644
1.16645
1.16646
1.16647
1.16648
1.16649
1.1665
1.1665
1.16651
1.16652
1.16653
1.16653
1.16654
1.16654
1.16655
1.16656
1.16656
1.16656
1.16657
1.16657
1.16657
1.16657
1.16657
1.16656
1.16655
1.16651
1.16642
1.16631
1.1663
1.1663
1.16631
1.16642
1.16651
1.16655
1.16656
1.16657
1.16657
1.16657
1.16657
1.16657
1.16656
1.16656
1.16656
1.16655
1.16654
1.16654
1.16653
1.16653
1.16652
1.16651
1.1665
1.1665
1.16649
1.16648
1.16647
1.16646
1.16645
1.16644
1.16643
1.16642
1.16641
1.1664
1.16638
1.16637
1.16635
1.16636
1.16638
1.16639
1.1664
1.16641
1.16642
1.16643
1.16644
1.16645
1.16646
1.16646
1.16647
1.16648
1.16649
1.16649
1.1665
1.16651
1.16651
1.16652
1.16653
1.16653
1.16653
1.16654
1.16654
1.16654
1.16655
1.16655
1.16655
1.16654
1.16653
1.1665
1.16642
1.1663
1.16629
1.16629
1.1663
1.16642
1.1665
1.16653
1.16654
1.16655
1.16655
1.16655
1.16654
1.16654
1.16654
1.16653
1.16653
1.16653
1.16652
1.16651
1.16651
1.1665
1.16649
1.16649
1.16648
1.16647
1.16646
1.16646
1.16645
1.16644
1.16643
1.16642
1.16641
1.1664
1.16639
1.16638
1.16636
1.16635
1.16633
1.16635
1.16636
1.16637
1.16638
1.16639
1.1664
1.16641
1.16642
1.16643
1.16644
1.16645
1.16645
1.16646
1.16647
1.16647
1.16648
1.16649
1.16649
1.1665
1.1665
1.16651
1.16651
1.16652
1.16652
1.16652
1.16652
1.16652
1.16652
1.16652
1.16651
1.16649
1.16642
1.1663
1.16628
1.16628
1.1663
1.16642
1.16649
1.16651
1.16652
1.16652
1.16652
1.16652
1.16652
1.16652
1.16652
1.16651
1.16651
1.1665
1.1665
1.16649
1.16649
1.16648
1.16647
1.16647
1.16646
1.16645
1.16645
1.16644
1.16643
1.16642
1.16641
1.1664
1.16639
1.16638
1.16637
1.16636
1.16635
1.16633
1.16633
1.16634
1.16635
1.16636
1.16637
1.16638
1.16639
1.1664
1.16641
1.16641
1.16642
1.16643
1.16644
1.16644
1.16645
1.16646
1.16646
1.16647
1.16647
1.16648
1.16648
1.16649
1.16649
1.1665
1.1665
1.1665
1.1665
1.1665
1.1665
1.1665
1.1665
1.16648
1.16642
1.16631
1.16627
1.16627
1.16631
1.16642
1.16648
1.1665
1.1665
1.1665
1.1665
1.1665
1.1665
1.1665
1.1665
1.16649
1.16649
1.16648
1.16648
1.16647
1.16647
1.16646
1.16646
1.16645
1.16644
1.16644
1.16643
1.16642
1.16641
1.16641
1.1664
1.16639
1.16638
1.16637
1.16636
1.16635
1.16634
1.16633
1.16632
1.16633
1.16634
1.16635
1.16636
1.16637
1.16638
1.16639
1.16639
1.1664
1.16641
1.16642
1.16642
1.16643
1.16644
1.16644
1.16645
1.16645
1.16646
1.16646
1.16647
1.16647
1.16647
1.16648
1.16648
1.16648
1.16649
1.16649
1.16649
1.16649
1.16648
1.16647
1.16642
1.16631
1.16627
1.16627
1.16631
1.16642
1.16647
1.16648
1.16649
1.16649
1.16649
1.16649
1.16648
1.16648
1.16648
1.16647
1.16647
1.16647
1.16646
1.16646
1.16645
1.16645
1.16644
1.16644
1.16643
1.16642
1.16642
1.16641
1.1664
1.16639
1.16639
1.16638
1.16637
1.16636
1.16635
1.16634
1.16633
1.16632
1.16632
1.16633
1.16634
1.16635
1.16636
1.16636
1.16637
1.16638
1.16639
1.16639
1.1664
1.16641
1.16641
1.16642
1.16642
1.16643
1.16643
1.16644
1.16644
1.16645
1.16645
1.16646
1.16646
1.16646
1.16647
1.16647
1.16647
1.16647
1.16647
1.16647
1.16647
1.16646
1.16642
1.16632
1.16627
1.16627
1.16632
1.16642
1.16646
1.16647
1.16647
1.16647
1.16647
1.16647
1.16647
1.16647
1.16646
1.16646
1.16646
1.16645
1.16645
1.16644
1.16644
1.16643
1.16643
1.16642
1.16642
1.16641
1.16641
1.1664
1.16639
1.16639
1.16638
1.16637
1.16636
1.16636
1.16635
1.16634
1.16633
1.16632
1.16633
1.16633
1.16634
1.16635
1.16636
1.16636
1.16637
1.16638
1.16638
1.16639
1.16639
1.1664
1.16641
1.16641
1.16642
1.16642
1.16642
1.16643
1.16643
1.16644
1.16644
1.16644
1.16645
1.16645
1.16645
1.16645
1.16646
1.16646
1.16646
1.16646
1.16646
1.16645
1.16642
1.16633
1.16627
1.16627
1.16633
1.16642
1.16645
1.16646
1.16646
1.16646
1.16646
1.16646
1.16645
1.16645
1.16645
1.16645
1.16644
1.16644
1.16644
1.16643
1.16643
1.16642
1.16642
1.16642
1.16641
1.16641
1.1664
1.16639
1.16639
1.16638
1.16638
1.16637
1.16636
1.16636
1.16635
1.16634
1.16633
1.16633
1.16633
1.16634
1.16634
1.16635
1.16636
1.16636
1.16637
1.16637
1.16638
1.16639
1.16639
1.1664
1.1664
1.1664
1.16641
1.16641
1.16642
1.16642
1.16642
1.16643
1.16643
1.16643
1.16644
1.16644
1.16644
1.16644
1.16644
1.16645
1.16645
1.16645
1.16645
1.16644
1.16642
1.16633
1.16627
1.16627
1.16633
1.16642
1.16644
1.16645
1.16645
1.16645
1.16645
1.16644
1.16644
1.16644
1.16644
1.16644
1.16643
1.16643
1.16643
1.16642
1.16642
1.16642
1.16641
1.16641
1.1664
1.1664
1.1664
1.16639
1.16639
1.16638
1.16637
1.16637
1.16636
1.16636
1.16635
1.16634
1.16634
1.16633
1.16634
1.16635
1.16635
1.16636
1.16636
1.16637
1.16637
1.16637
1.16638
1.16638
1.16639
1.16639
1.1664
1.1664
1.1664
1.16641
1.16641
1.16641
1.16642
1.16642
1.16642
1.16642
1.16643
1.16643
1.16643
1.16643
1.16644
1.16644
1.16644
1.16644
1.16644
1.16643
1.16642
1.16634
1.16627
1.16627
1.16634
1.16642
1.16643
1.16644
1.16644
1.16644
1.16644
1.16644
1.16643
1.16643
1.16643
1.16643
1.16642
1.16642
1.16642
1.16642
1.16641
1.16641
1.16641
1.1664
1.1664
1.1664
1.16639
1.16639
1.16638
1.16638
1.16637
1.16637
1.16637
1.16636
1.16636
1.16635
1.16635
1.16634
1.16635
1.16635
1.16636
1.16636
1.16636
1.16637
1.16637
1.16638
1.16638
1.16638
1.16639
1.16639
1.16639
1.1664
1.1664
1.1664
1.16641
1.16641
1.16641
1.16641
1.16642
1.16642
1.16642
1.16642
1.16642
1.16643
1.16643
1.16643
1.16643
1.16643
1.16643
1.16643
1.16641
1.16635
1.16628
1.16628
1.16635
1.16641
1.16643
1.16643
1.16643
1.16643
1.16643
1.16643
1.16643
1.16642
1.16642
1.16642
1.16642
1.16642
1.16641
1.16641
1.16641
1.16641
1.1664
1.1664
1.1664
1.16639
1.16639
1.16639
1.16638
1.16638
1.16638
1.16637
1.16637
1.16636
1.16636
1.16636
1.16635
1.16635
1.16636
1.16636
1.16636
1.16637
1.16637
1.16637
1.16638
1.16638
1.16638
1.16638
1.16639
1.16639
1.16639
1.1664
1.1664
1.1664
1.1664
1.16641
1.16641
1.16641
1.16641
1.16641
1.16642
1.16642
1.16642
1.16642
1.16642
1.16642
1.16642
1.16642
1.16642
1.16642
1.16641
1.16636
1.16628
1.16628
1.16636
1.16641
1.16642
1.16642
1.16642
1.16642
1.16642
1.16642
1.16642
1.16642
1.16642
1.16642
1.16641
1.16641
1.16641
1.16641
1.16641
1.1664
1.1664
1.1664
1.1664
1.16639
1.16639
1.16639
1.16638
1.16638
1.16638
1.16638
1.16637
1.16637
1.16637
1.16636
1.16636
1.16636
1.16636
1.16637
1.16637
1.16637
1.16637
1.16638
1.16638
1.16638
1.16638
1.16639
1.16639
1.16639
1.16639
1.16639
1.1664
1.1664
1.1664
1.1664
1.1664
1.16641
1.16641
1.16641
1.16641
1.16641
1.16641
1.16641
1.16642
1.16642
1.16642
1.16642
1.16642
1.16642
1.16641
1.16637
1.16629
1.16629
1.16637
1.16641
1.16642
1.16642
1.16642
1.16642
1.16642
1.16642
1.16641
1.16641
1.16641
1.16641
1.16641
1.16641
1.16641
1.1664
1.1664
1.1664
1.1664
1.1664
1.16639
1.16639
1.16639
1.16639
1.16639
1.16638
1.16638
1.16638
1.16638
1.16637
1.16637
1.16637
1.16637
1.16636
1.16637
1.16637
1.16637
1.16638
1.16638
1.16638
1.16638
1.16638
1.16639
1.16639
1.16639
1.16639
1.16639
1.16639
1.1664
1.1664
1.1664
1.1664
1.1664
1.1664
1.16641
1.16641
1.16641
1.16641
1.16641
1.16641
1.16641
1.16641
1.16641
1.16641
1.16641
1.16641
1.16641
1.16637
1.1663
1.1663
1.16637
1.16641
1.16641
1.16641
1.16641
1.16641
1.16641
1.16641
1.16641
1.16641
1.16641
1.16641
1.16641
1.16641
1.1664
1.1664
1.1664
1.1664
1.1664
1.1664
1.16639
1.16639
1.16639
1.16639
1.16639
1.16639
1.16638
1.16638
1.16638
1.16638
1.16638
1.16637
1.16637
1.16637
1.16638
1.16638
1.16638
1.16638
1.16638
1.16638
1.16638
1.16639
1.16639
1.16639
1.16639
1.16639
1.16639
1.16639
1.1664
1.1664
1.1664
1.1664
1.1664
1.1664
1.1664
1.1664
1.16641
1.16641
1.16641
1.16641
1.16641
1.16641
1.16641
1.16641
1.16641
1.16641
1.16641
1.16638
1.16631
1.16631
1.16638
1.16641
1.16641
1.16641
1.16641
1.16641
1.16641
1.16641
1.16641
1.16641
1.16641
1.16641
1.1664
1.1664
1.1664
1.1664
1.1664
1.1664
1.1664
1.1664
1.16639
1.16639
1.16639
1.16639
1.16639
1.16639
1.16639
1.16638
1.16638
1.16638
1.16638
1.16638
1.16638
1.16638
1.16638
1.16638
1.16638
1.16638
1.16639
1.16639
1.16639
1.16639
1.16639
1.16639
1.16639
1.16639
1.16639
1.16639
1.1664
1.1664
1.1664
1.1664
1.1664
1.1664
1.1664
1.1664
1.1664
1.1664
1.1664
1.16641
1.16641
1.16641
1.16641
1.16641
1.16641
1.16641
1.1664
1.16638
1.16631
1.16631
1.16638
1.1664
1.16641
1.16641
1.16641
1.16641
1.16641
1.16641
1.16641
1.1664
1.1664
1.1664
1.1664
1.1664
1.1664
1.1664
1.1664
1.1664
1.1664
1.1664
1.16639
1.16639
1.16639
1.16639
1.16639
1.16639
1.16639
1.16639
1.16639
1.16639
1.16638
1.16638
1.16638
1.16638
1.16639
1.16639
1.16639
1.16639
1.16639
1.16639
1.16639
1.16639
1.16639
1.16639
1.16639
1.16639
1.16639
1.1664
1.1664
1.1664
1.1664
1.1664
1.1664
1.1664
1.1664
1.1664
1.1664
1.1664
1.1664
1.1664
1.1664
1.1664
1.16641
1.16641
1.16641
1.16641
1.1664
1.16638
1.16632
1.16632
1.16638
1.1664
1.16641
1.16641
1.16641
1.16641
1.1664
1.1664
1.1664
1.1664
1.1664
1.1664
1.1664
1.1664
1.1664
1.1664
1.1664
1.1664
1.1664
1.1664
1.1664
1.16639
1.16639
1.16639
1.16639
1.16639
1.16639
1.16639
1.16639
1.16639
1.16639
1.16639
1.16639
1.16639
1.16639
1.16639
1.16639
1.16639
1.16639
1.16639
1.16639
1.16639
1.16639
1.16639
1.16639
1.16639
1.1664
1.1664
1.1664
1.1664
1.1664
1.1664
1.1664
1.1664
1.1664
1.1664
1.1664
1.1664
1.1664
1.1664
1.1664
1.1664
1.1664
1.1664
1.1664
1.1664
1.1664
1.16639
1.16633
1.16633
1.16639
1.1664
1.1664
1.1664
1.1664
1.1664
1.1664
1.1664
1.1664
1.1664
1.1664
1.1664
1.1664
1.1664
1.1664
1.1664
1.1664
1.1664
1.1664
1.1664
1.1664
1.1664
1.16639
1.16639
1.16639
1.16639
1.16639
1.16639
1.16639
1.16639
1.16639
1.16639
1.16639
1.16639
1.16639
1.16639
1.16639
1.16639
1.16639
1.16639
1.16639
1.16639
1.16639
1.16639
1.16639
1.1664
1.1664
1.1664
1.1664
1.1664
1.1664
1.1664
1.1664
1.1664
1.1664
1.1664
1.1664
1.1664
1.1664
1.1664
1.1664
1.1664
1.1664
1.1664
1.1664
1.1664
1.1664
1.16639
1.16634
1.16634
1.16639
1.1664
1.1664
1.1664
1.1664
1.1664
1.1664
1.1664
1.1664
1.1664
1.1664
1.1664
1.1664
1.1664
1.1664
1.1664
1.1664
1.1664
1.1664
1.1664
1.1664
1.1664
1.1664
1.16639
1.16639
1.16639
1.16639
1.16639
1.16639
1.16639
1.16639
1.16639
1.16639
1.16639
1.16639
1.16639
1.16639
1.16639
1.16639
1.16639
1.16639
1.16639
1.16639
1.1664
1.1664
1.1664
1.1664
1.1664
1.1664
1.1664
1.1664
1.1664
1.1664
1.1664
1.1664
1.1664
1.1664
1.1664
1.1664
1.1664
1.1664
1.1664
1.1664
1.1664
1.1664
1.1664
1.1664
1.16639
1.16634
1.16634
1.16639
1.1664
1.1664
1.1664
1.1664
1.1664
1.1664
1.1664
1.1664
1.1664
1.1664
1.1664
1.1664
1.1664
1.1664
1.1664
1.1664
1.1664
1.1664
1.1664
1.1664
1.1664
1.1664
1.1664
1.1664
1.16639
1.16639
1.16639
1.16639
1.16639
1.16639
1.16639
1.16639
1.16639
1.16639
1.16639
1.16639
1.16639
1.1664
1.1664
1.1664
1.1664
1.1664
1.1664
1.1664
1.1664
1.1664
1.1664
1.1664
1.1664
1.1664
1.1664
1.1664
1.1664
1.1664
1.1664
1.1664
1.1664
1.1664
1.1664
1.1664
1.1664
1.1664
1.1664
1.1664
1.1664
1.1664
1.16639
1.16635
1.16635
1.16639
1.1664
1.1664
1.1664
1.1664
1.1664
1.1664
1.1664
1.1664
1.1664
1.1664
1.1664
1.1664
1.1664
1.1664
1.1664
1.1664
1.1664
1.1664
1.1664
1.1664
1.1664
1.1664
1.1664
1.1664
1.1664
1.1664
1.1664
1.1664
1.1664
1.16639
1.16639
1.16639
1.16639
1.1664
1.1664
1.1664
1.1664
1.1664
1.1664
1.1664
1.1664
1.1664
1.1664
1.1664
1.1664
1.1664
1.1664
1.1664
1.1664
1.1664
1.1664
1.1664
1.1664
1.1664
1.1664
1.1664
1.1664
1.1664
1.1664
1.1664
1.1664
1.1664
1.1664
1.1664
1.1664
1.1664
1.16639
1.16636
1.16636
1.16639
1.1664
1.1664
1.1664
1.1664
1.1664
1.1664
1.1664
1.1664
1.1664
1.1664
1.1664
1.1664
1.1664
1.1664
1.1664
1.1664
1.1664
1.1664
1.1664
1.1664
1.1664
1.1664
1.1664
1.1664
1.1664
1.1664
1.1664
1.1664
1.1664
1.1664
1.1664
1.1664
1.1664
1.1664
1.1664
1.1664
1.1664
1.1664
1.1664
1.1664
1.1664
1.1664
1.1664
1.1664
1.1664
1.1664
1.1664
1.1664
1.1664
1.1664
1.1664
1.1664
1.1664
1.1664
1.1664
1.1664
1.1664
1.1664
1.1664
1.1664
1.1664
1.1664
1.1664
1.1664
1.1664
1.1664
1.16639
1.16636
1.16636
1.16639
1.1664
1.1664
1.1664
1.1664
1.1664
1.1664
1.1664
1.1664
1.1664
1.1664
1.1664
1.1664
1.1664
1.1664
1.1664
1.1664
1.1664
1.1664
1.1664
1.1664
1.1664
1.1664
1.1664
1.1664
1.1664
1.1664
1.1664
1.1664
1.1664
1.1664
1.1664
1.1664
1.1664
1.1664
1.1664
1.1664
1.1664
1.1664
1.1664
1.1664
1.1664
1.1664
1.1664
1.1664
1.1664
1.1664
1.1664
1.1664
1.1664
1.1664
1.1664
1.1664
1.1664
1.1664
1.1664
1.1664
1.1664
1.1664
1.1664
1.1664
1.1664
1.1664
1.1664
1.1664
1.1664
1.1664
1.1664
1.16636
1.16636
1.1664
1.1664
1.1664
1.1664
1.1664
1.1664
1.1664
1.1664
1.1664
1.1664
1.1664
1.1664
1.1664
1.1664
1.1664
1.1664
1.1664
1.1664
1.1664
1.1664
1.1664
1.1664
1.1664
1.1664
1.1664
1.1664
1.1664
1.1664
1.1664
1.1664
1.1664
1.1664
1.1664
1.1664
1.1664
1.1664
1.1664
1.1664
1.1664
1.1664
1.1664
1.1664
1.1664
1.1664
1.1664
1.1664
1.1664
1.1664
1.1664
1.1664
1.1664
1.1664
1.1664
1.1664
1.1664
1.1664
1.1664
1.1664
1.1664
1.1664
1.1664
1.1664
1.1664
1.1664
1.1664
1.1664
1.1664
1.1664
1.16637
1.16637
1.1664
1.1664
1.1664
1.1664
1.1664
1.1664
1.1664
1.1664
1.1664
1.1664
1.1664
1.1664
1.1664
1.1664
1.1664
1.1664
1.1664
1.1664
1.1664
1.1664
1.1664
1.1664
1.1664
1.1664
1.1664
1.1664
1.1664
1.1664
1.1664
1.1664
1.1664
1.1664
1.1664
1.1664
1.1664
1.1664
1.1664
1.1664
1.1664
1.1664
1.1664
1.1664
1.1664
1.1664
1.1664
1.1664
1.1664
1.1664
1.1664
1.1664
1.1664
1.1664
1.1664
1.1664
1.1664
1.1664
1.1664
1.1664
1.1664
1.1664
1.1664
1.1664
1.1664
1.1664
1.1664
1.1664
1.1664
1.1664
1.16637
1.16637
1.1664
1.1664
1.1664
1.1664
1.1664
1.1664
1.1664
1.1664
1.1664
1.1664
1.1664
1.1664
1.1664
1.1664
1.1664
1.1664
1.1664
1.1664
1.1664
1.1664
1.1664
1.1664
1.1664
1.1664
1.1664
1.1664
1.1664
1.1664
1.1664
1.1664
1.1664
1.1664
1.1664
1.1664
1.1664
1.1664
1.1664
1.1664
1.1664
1.1664
1.1664
1.1664
1.1664
1.1664
1.1664
1.1664
1.1664
1.1664
1.1664
1.1664
1.1664
1.1664
1.1664
1.1664
1.1664
1.1664
1.1664
1.1664
1.1664
1.1664
1.1664
1.1664
1.1664
1.1664
1.1664
1.1664
1.1664
1.1664
1.16638
1.16638
1.1664
1.1664
1.1664
1.1664
1.1664
1.1664
1.1664
1.1664
1.1664
1.1664
1.1664
1.1664
1.1664
1.1664
1.1664
1.1664
1.1664
1.1664
1.1664
1.1664
1.1664
1.1664
1.1664
1.1664
1.1664
1.1664
1.1664
1.1664
1.1664
1.1664
1.1664
1.1664
1.1664
1.1664
1.16615
1.16623
1.16632
1.1664
1.16647
1.16653
1.16659
1.16666
1.16687
1.16714
1.16612
1.16621
1.16629
1.16636
1.16643
1.16649
1.16653
1.1666
1.16677
1.16699
1.16612
1.1662
1.16628
1.16635
1.16641
1.16647
1.16652
1.16659
1.16675
1.16689
1.16614
1.16622
1.16629
1.16635
1.16641
1.16647
1.16651
1.16659
1.16673
1.16681
1.16619
1.16625
1.16631
1.16637
1.16643
1.16648
1.16652
1.16659
1.1667
1.16675
1.16625
1.16629
1.16634
1.16639
1.16645
1.16649
1.16654
1.1666
1.16668
1.16671
1.16631
1.16635
1.16639
1.16643
1.16648
1.16652
1.16656
1.16661
1.16666
1.16668
1.16639
1.16641
1.16644
1.16648
1.16652
1.16655
1.16658
1.16662
1.16666
1.16667
1.16646
1.16648
1.1665
1.16653
1.16656
1.16658
1.16661
1.16664
1.16666
1.16666
1.16653
1.16654
1.16656
1.16657
1.16659
1.16661
1.16663
1.16665
1.16666
1.16666
1.16659
1.16659
1.1666
1.16661
1.16662
1.16664
1.16665
1.16665
1.16666
1.16666
1.16662
1.16662
1.16663
1.16663
1.16664
1.16665
1.16665
1.16665
1.16665
1.16665
1.16665
1.16664
1.16664
1.16664
1.16664
1.16664
1.16664
1.16664
1.16664
1.16663
1.16665
1.16665
1.16664
1.16664
1.16664
1.16663
1.16663
1.16662
1.16662
1.16661
1.16665
1.16664
1.16663
1.16663
1.16662
1.16662
1.16661
1.1666
1.16659
1.16658
1.16663
1.16662
1.16662
1.16661
1.1666
1.16659
1.16658
1.16657
1.16657
1.16655
1.16661
1.1666
1.16659
1.16658
1.16658
1.16657
1.16656
1.16655
1.16654
1.16653
1.16658
1.16657
1.16657
1.16656
1.16655
1.16654
1.16653
1.16652
1.16651
1.1665
1.16655
1.16654
1.16653
1.16653
1.16652
1.16651
1.1665
1.16649
1.16648
1.16647
1.16652
1.16651
1.1665
1.16649
1.16649
1.16648
1.16647
1.16646
1.16645
1.16644
1.16648
1.16648
1.16647
1.16646
1.16645
1.16644
1.16644
1.16643
1.16642
1.16641
1.16645
1.16644
1.16644
1.16643
1.16642
1.16641
1.16641
1.1664
1.16639
1.16638
1.16642
1.16641
1.1664
1.1664
1.16639
1.16638
1.16638
1.16637
1.16636
1.16636
1.16639
1.16638
1.16638
1.16637
1.16636
1.16636
1.16635
1.16635
1.16634
1.16633
1.16636
1.16636
1.16635
1.16635
1.16634
1.16634
1.16633
1.16633
1.16632
1.16631
1.16634
1.16634
1.16633
1.16633
1.16632
1.16632
1.16632
1.16631
1.16631
1.1663
1.16633
1.16632
1.16632
1.16632
1.16631
1.16631
1.16631
1.1663
1.1663
1.16629
1.16632
1.16631
1.16631
1.16631
1.16631
1.1663
1.1663
1.1663
1.16629
1.16629
1.16631
1.16631
1.16631
1.16631
1.16631
1.1663
1.1663
1.1663
1.1663
1.16629
1.16632
1.16631
1.16631
1.16631
1.16631
1.16631
1.16631
1.1663
1.1663
1.1663
1.16632
1.16632
1.16632
1.16632
1.16632
1.16631
1.16631
1.16631
1.16631
1.16631
1.16633
1.16633
1.16633
1.16633
1.16632
1.16632
1.16632
1.16632
1.16632
1.16632
1.16634
1.16634
1.16634
1.16634
1.16633
1.16633
1.16633
1.16633
1.16633
1.16633
1.16635
1.16635
1.16635
1.16635
1.16635
1.16634
1.16634
1.16634
1.16634
1.16634
1.16636
1.16636
1.16636
1.16635
1.16635
1.16635
1.16635
1.16635
1.16635
1.16635
1.16636
1.16636
1.16636
1.16636
1.16636
1.16636
1.16636
1.16636
1.16636
1.16636
1.16637
1.16637
1.16637
1.16637
1.16637
1.16637
1.16637
1.16637
1.16637
1.16637
1.16638
1.16638
1.16638
1.16638
1.16638
1.16638
1.16638
1.16638
1.16638
1.16638
1.16638
1.16638
1.16638
1.16638
1.16638
1.16638
1.16638
1.16638
1.16638
1.16638
1.16639
1.16639
1.16639
1.16639
1.16639
1.16639
1.16639
1.16639
1.16639
1.16639
1.16639
1.16639
1.16639
1.16639
1.16639
1.16639
1.16639
1.16639
1.16639
1.16639
1.16639
1.16639
1.16639
1.16639
1.16639
1.16639
1.16639
1.16639
1.16639
1.16639
1.16639
1.16639
1.16639
1.16639
1.16639
1.16639
1.16639
1.16639
1.16639
1.16639
1.16639
1.16639
1.16639
1.16639
1.16639
1.16639
1.16639
1.16639
1.16639
1.16639
1.1664
1.1664
1.1664
1.1664
1.1664
1.1664
1.1664
1.1664
1.1664
1.1664
1.1664
1.1664
1.1664
1.1664
1.1664
1.1664
1.1664
1.1664
1.1664
1.1664
1.1664
1.1664
1.1664
1.1664
1.1664
1.1664
1.1664
1.1664
1.1664
1.1664
1.1664
1.1664
1.1664
1.1664
1.1664
1.1664
1.1664
1.1664
1.1664
1.1664
1.1664
1.1664
1.1664
1.1664
1.1664
1.1664
1.1664
1.1664
1.1664
1.1664
1.1664
1.1664
1.1664
1.1664
1.1664
1.1664
1.1664
1.1664
1.1664
1.1664
1.16684
1.16674
1.16664
1.16655
1.16646
1.16638
1.1663
1.16622
1.16615
1.16607
1.16599
1.16591
1.16583
1.16575
1.16567
1.16558
1.1655
1.16541
1.16531
1.16522
1.16511
1.16501
1.16489
1.16476
1.1646
1.16444
1.16429
1.16416
1.16404
1.16395
1.16388
1.16383
1.1638
1.1638
1.16382
1.16387
1.16396
1.16407
1.16421
1.16438
1.1646
1.16488
1.16525
1.16571
1.16632
1.16719
1.16835
1.16965
1.17089
1.17159
1.16678
1.16669
1.16659
1.16651
1.16643
1.16635
1.16627
1.1662
1.16612
1.16605
1.16597
1.1659
1.16582
1.16574
1.16566
1.16558
1.16549
1.1654
1.16531
1.16522
1.16512
1.16501
1.16489
1.16476
1.16461
1.16446
1.16432
1.1642
1.1641
1.16402
1.16398
1.16395
1.16395
1.16398
1.16402
1.16409
1.16419
1.16432
1.16448
1.16467
1.16492
1.16525
1.16567
1.16619
1.16683
1.1677
1.16879
1.16994
1.1708
1.17137
1.16674
1.16667
1.16657
1.1665
1.16642
1.16634
1.16627
1.16619
1.16612
1.16605
1.16597
1.1659
1.16582
1.16574
1.16566
1.16558
1.1655
1.16541
1.16532
1.16523
1.16513
1.16503
1.16491
1.16479
1.16464
1.1645
1.16436
1.16425
1.16417
1.1641
1.16407
1.16406
1.16407
1.16409
1.16414
1.16421
1.16431
1.16444
1.1646
1.1648
1.16506
1.16541
1.16584
1.16638
1.16706
1.16796
1.16899
1.16997
1.17067
1.17109
1.1667
1.16664
1.16656
1.16649
1.16641
1.16634
1.16627
1.1662
1.16613
1.16606
1.16598
1.16591
1.16584
1.16576
1.16568
1.1656
1.16552
1.16543
1.16534
1.16525
1.16516
1.16506
1.16495
1.16483
1.16469
1.16455
1.16443
1.16433
1.16425
1.16419
1.16416
1.16415
1.16416
1.16419
1.16424
1.16431
1.16441
1.16455
1.16472
1.16494
1.16522
1.16558
1.16604
1.16661
1.16732
1.16822
1.16916
1.16992
1.1705
1.17079
1.16667
1.16663
1.16656
1.16649
1.16642
1.16635
1.16628
1.16622
1.16615
1.16608
1.16601
1.16593
1.16586
1.16579
1.16571
1.16563
1.16555
1.16547
1.16538
1.16529
1.1652
1.1651
1.165
1.16488
1.16475
1.16462
1.1645
1.1644
1.16433
1.16428
1.16425
1.16424
1.16424
1.16427
1.16432
1.1644
1.16451
1.16466
1.16484
1.16507
1.16538
1.16576
1.16625
1.16685
1.16759
1.16845
1.16925
1.16984
1.17028
1.17049
1.16665
1.16661
1.16656
1.1665
1.16643
1.16637
1.16631
1.16624
1.16617
1.16611
1.16604
1.16597
1.1659
1.16582
1.16575
1.16567
1.16559
1.16551
1.16543
1.16534
1.16525
1.16516
1.16506
1.16494
1.16481
1.16469
1.16457
1.16448
1.1644
1.16435
1.16432
1.1643
1.16431
1.16434
1.1644
1.16449
1.1646
1.16476
1.16496
1.16522
1.16554
1.16596
1.16648
1.1671
1.16785
1.16862
1.16924
1.16971
1.17003
1.17019
1.16664
1.16661
1.16656
1.16651
1.16646
1.1664
1.16634
1.16627
1.16621
1.16615
1.16608
1.16601
1.16594
1.16587
1.1658
1.16572
1.16565
1.16557
1.16548
1.1654
1.16531
1.16522
1.16512
1.165
1.16488
1.16475
1.16463
1.16454
1.16446
1.16441
1.16438
1.16437
1.16438
1.16441
1.16448
1.16457
1.1647
1.16487
1.16509
1.16537
1.16573
1.16618
1.16672
1.16736
1.16806
1.16871
1.16918
1.16955
1.16978
1.1699
1.16663
1.16661
1.16657
1.16653
1.16648
1.16643
1.16637
1.16631
1.16625
1.16619
1.16613
1.16606
1.16599
1.16592
1.16585
1.16578
1.1657
1.16562
1.16554
1.16546
1.16537
1.16528
1.16517
1.16506
1.16493
1.1648
1.16469
1.16459
1.16451
1.16446
1.16443
1.16443
1.16444
1.16448
1.16456
1.16466
1.16481
1.165
1.16524
1.16555
1.16594
1.16641
1.16697
1.16759
1.16821
1.16871
1.16908
1.16936
1.16953
1.16962
1.16664
1.16662
1.16659
1.16655
1.16651
1.16646
1.16641
1.16635
1.1663
1.16624
1.16617
1.16611
1.16604
1.16597
1.1659
1.16583
1.16575
1.16567
1.16559
1.16551
1.16542
1.16532
1.16522
1.16511
1.16498
1.16485
1.16473
1.16463
1.16456
1.16451
1.16449
1.16448
1.16451
1.16456
1.16464
1.16477
1.16493
1.16514
1.16541
1.16575
1.16616
1.16665
1.16721
1.16778
1.16829
1.16866
1.16895
1.16915
1.16927
1.16935
1.16664
1.16662
1.1666
1.16657
1.16653
1.16649
1.16644
1.16639
1.16633
1.16627
1.16621
1.16615
1.16609
1.16602
1.16595
1.16587
1.1658
1.16572
1.16564
1.16555
1.16546
1.16536
1.16526
1.16514
1.16501
1.16488
1.16477
1.16467
1.16461
1.16456
1.16454
1.16455
1.16458
1.16465
1.16475
1.16489
1.16507
1.1653
1.1656
1.16596
1.16639
1.16689
1.16741
1.1679
1.16828
1.16858
1.1688
1.16894
1.16903
1.16909
1.16664
1.16662
1.1666
1.16657
1.16654
1.1665
1.16646
1.16641
1.16636
1.1663
1.16624
1.16618
1.16612
1.16605
1.16598
1.16591
1.16583
1.16575
1.16567
1.16558
1.16549
1.16539
1.16529
1.16517
1.16504
1.16492
1.1648
1.16472
1.16465
1.16462
1.16461
1.16462
1.16467
1.16474
1.16486
1.16502
1.16523
1.16548
1.1658
1.16619
1.16663
1.1671
1.16756
1.16795
1.16823
1.16846
1.16862
1.16872
1.16879
1.16885
1.16663
1.16662
1.1666
1.16657
1.16654
1.16651
1.16647
1.16642
1.16637
1.16632
1.16626
1.1662
1.16614
1.16607
1.16601
1.16593
1.16586
1.16578
1.16569
1.16561
1.16552
1.16542
1.16531
1.1652
1.16507
1.16495
1.16484
1.16476
1.16471
1.16468
1.16468
1.1647
1.16476
1.16486
1.16499
1.16517
1.1654
1.16567
1.16602
1.16641
1.16684
1.16727
1.16764
1.16793
1.16815
1.16832
1.16843
1.16851
1.16857
1.16861
1.16661
1.1666
1.16658
1.16656
1.16653
1.1665
1.16646
1.16642
1.16638
1.16633
1.16627
1.16621
1.16615
1.16609
1.16602
1.16595
1.16588
1.1658
1.16572
1.16563
1.16554
1.16544
1.16534
1.16522
1.1651
1.16498
1.16488
1.16481
1.16477
1.16475
1.16476
1.1648
1.16487
1.16498
1.16514
1.16534
1.16558
1.16588
1.16623
1.16662
1.16701
1.16737
1.16765
1.16787
1.16804
1.16816
1.16825
1.16831
1.16835
1.16839
1.16659
1.16658
1.16656
1.16654
1.16651
1.16649
1.16645
1.16641
1.16637
1.16632
1.16627
1.16622
1.16616
1.1661
1.16603
1.16596
1.16589
1.16581
1.16573
1.16565
1.16556
1.16546
1.16536
1.16525
1.16513
1.16502
1.16493
1.16487
1.16483
1.16482
1.16485
1.1649
1.16499
1.16513
1.1653
1.16551
1.16577
1.16609
1.16644
1.1668
1.16713
1.16741
1.16762
1.16779
1.16792
1.168
1.16807
1.16812
1.16815
1.16818
1.16657
1.16655
1.16654
1.16652
1.16649
1.16647
1.16644
1.1664
1.16636
1.16632
1.16627
1.16622
1.16617
1.16611
1.16604
1.16598
1.1659
1.16583
1.16575
1.16567
1.16558
1.16548
1.16538
1.16527
1.16516
1.16506
1.16498
1.16493
1.16491
1.16491
1.16495
1.16502
1.16513
1.16528
1.16546
1.16569
1.16597
1.16629
1.16661
1.16692
1.16719
1.16739
1.16756
1.16768
1.16778
1.16784
1.16789
1.16793
1.16796
1.16799
1.16654
1.16653
1.16651
1.16649
1.16647
1.16645
1.16642
1.16639
1.16635
1.16631
1.16627
1.16622
1.16617
1.16611
1.16605
1.16598
1.16592
1.16584
1.16577
1.16568
1.1656
1.16551
1.16541
1.16531
1.1652
1.16511
1.16504
1.165
1.16499
1.16501
1.16506
1.16515
1.16528
1.16544
1.16564
1.16588
1.16617
1.16646
1.16675
1.167
1.16719
1.16735
1.16748
1.16757
1.16764
1.16769
1.16773
1.16776
1.16778
1.16781
1.16651
1.1665
1.16648
1.16647
1.16645
1.16642
1.1664
1.16637
1.16634
1.1663
1.16626
1.16621
1.16616
1.16611
1.16605
1.16599
1.16593
1.16586
1.16578
1.1657
1.16562
1.16553
1.16544
1.16534
1.16524
1.16516
1.16511
1.16508
1.16508
1.16512
1.16518
1.16529
1.16543
1.1656
1.16582
1.16607
1.16633
1.16659
1.16683
1.16702
1.16717
1.16729
1.16738
1.16745
1.1675
1.16754
1.16757
1.1676
1.16762
1.16764
1.16648
1.16647
1.16646
1.16644
1.16642
1.1664
1.16638
1.16635
1.16632
1.16629
1.16625
1.16621
1.16616
1.16611
1.16606
1.166
1.16594
1.16587
1.1658
1.16572
1.16564
1.16556
1.16547
1.16538
1.16529
1.16523
1.16519
1.16517
1.16519
1.16523
1.16532
1.16544
1.16559
1.16577
1.166
1.16623
1.16647
1.16668
1.16686
1.167
1.16712
1.16721
1.16728
1.16733
1.16737
1.1674
1.16743
1.16745
1.16747
1.16749
1.16646
1.16644
1.16643
1.16641
1.1664
1.16638
1.16636
1.16633
1.1663
1.16627
1.16624
1.1662
1.16615
1.16611
1.16606
1.166
1.16594
1.16588
1.16581
1.16574
1.16567
1.16559
1.1655
1.16542
1.16535
1.1653
1.16527
1.16527
1.1653
1.16536
1.16546
1.16559
1.16574
1.16594
1.16615
1.16636
1.16656
1.16673
1.16686
1.16697
1.16706
1.16713
1.16718
1.16722
1.16725
1.16728
1.1673
1.16732
1.16733
1.16735
1.16643
1.16642
1.1664
1.16639
1.16637
1.16635
1.16633
1.16631
1.16628
1.16626
1.16622
1.16619
1.16615
1.16611
1.16606
1.16601
1.16595
1.1659
1.16583
1.16577
1.1657
1.16562
1.16554
1.16547
1.16541
1.16538
1.16536
1.16537
1.16542
1.1655
1.16561
1.16574
1.1659
1.16609
1.16628
1.16645
1.16661
1.16674
1.16684
1.16692
1.16699
1.16704
1.16708
1.16711
1.16714
1.16716
1.16718
1.16719
1.16721
1.16723
1.1664
1.16639
1.16638
1.16636
1.16635
1.16633
1.16631
1.16629
1.16627
1.16624
1.16621
1.16618
1.16614
1.1661
1.16606
1.16601
1.16596
1.16591
1.16585
1.16579
1.16573
1.16566
1.16559
1.16553
1.16549
1.16546
1.16546
1.16549
1.16555
1.16564
1.16575
1.16588
1.16605
1.16621
1.16637
1.16651
1.16663
1.16672
1.1668
1.16687
1.16692
1.16696
1.16699
1.16702
1.16704
1.16706
1.16707
1.16708
1.16709
1.16711
1.16637
1.16636
1.16635
1.16634
1.16632
1.16631
1.16629
1.16627
1.16625
1.16623
1.1662
1.16617
1.16614
1.1661
1.16606
1.16602
1.16598
1.16593
1.16588
1.16582
1.16576
1.1657
1.16564
1.1656
1.16557
1.16556
1.16557
1.16561
1.16568
1.16577
1.16588
1.16602
1.16617
1.1663
1.16643
1.16654
1.16663
1.1667
1.16676
1.16681
1.16685
1.16688
1.16691
1.16693
1.16694
1.16696
1.16697
1.16698
1.167
1.16701
1.16635
1.16634
1.16633
1.16632
1.1663
1.16629
1.16627
1.16626
1.16624
1.16622
1.16619
1.16617
1.16614
1.16611
1.16607
1.16603
1.16599
1.16595
1.1659
1.16586
1.1658
1.16575
1.16571
1.16568
1.16566
1.16566
1.16568
1.16573
1.1658
1.16589
1.16601
1.16613
1.16625
1.16637
1.16647
1.16655
1.16661
1.16667
1.16672
1.16675
1.16679
1.16681
1.16683
1.16685
1.16686
1.16688
1.16689
1.1669
1.16691
1.16692
1.16633
1.16632
1.16631
1.1663
1.16629
1.16627
1.16626
1.16624
1.16623
1.16621
1.16619
1.16616
1.16614
1.16611
1.16608
1.16605
1.16601
1.16598
1.16594
1.16589
1.16585
1.16581
1.16578
1.16576
1.16575
1.16576
1.16579
1.16584
1.16592
1.16601
1.16612
1.16622
1.16632
1.16641
1.16648
1.16654
1.16659
1.16664
1.16667
1.1667
1.16673
1.16675
1.16676
1.16678
1.16679
1.1668
1.16681
1.16682
1.16683
1.16684
1.16631
1.1663
1.16629
1.16628
1.16627
1.16626
1.16625
1.16624
1.16622
1.1662
1.16619
1.16617
1.16615
1.16612
1.1661
1.16607
1.16604
1.16601
1.16597
1.16594
1.1659
1.16587
1.16585
1.16584
1.16584
1.16586
1.16589
1.16595
1.16602
1.16611
1.1662
1.16628
1.16636
1.16643
1.16648
1.16653
1.16657
1.1666
1.16663
1.16665
1.16667
1.16669
1.1667
1.16672
1.16673
1.16674
1.16674
1.16675
1.16676
1.16677
1.1663
1.16629
1.16628
1.16627
1.16627
1.16626
1.16625
1.16623
1.16622
1.16621
1.16619
1.16618
1.16616
1.16614
1.16612
1.16609
1.16607
1.16604
1.16601
1.16598
1.16596
1.16594
1.16593
1.16593
1.16593
1.16595
1.16599
1.16605
1.16612
1.16619
1.16626
1.16633
1.16638
1.16644
1.16648
1.16651
1.16654
1.16657
1.16659
1.16661
1.16663
1.16664
1.16665
1.16666
1.16667
1.16668
1.16669
1.16669
1.1667
1.16671
1.16629
1.16628
1.16628
1.16627
1.16626
1.16625
1.16625
1.16624
1.16623
1.16621
1.1662
1.16619
1.16617
1.16616
1.16614
1.16612
1.1661
1.16608
1.16606
1.16604
1.16602
1.16601
1.16601
1.166
1.16601
1.16604
1.16608
1.16613
1.16619
1.16625
1.1663
1.16635
1.1664
1.16644
1.16647
1.1665
1.16652
1.16654
1.16656
1.16657
1.16659
1.1666
1.16661
1.16662
1.16662
1.16663
1.16664
1.16664
1.16665
1.16666
1.16629
1.16628
1.16628
1.16627
1.16627
1.16626
1.16625
1.16624
1.16624
1.16623
1.16622
1.1662
1.16619
1.16618
1.16617
1.16615
1.16614
1.16612
1.1661
1.16609
1.16608
1.16608
1.16607
1.16608
1.16609
1.16611
1.16615
1.1662
1.16624
1.16629
1.16633
1.16637
1.16641
1.16643
1.16646
1.16648
1.1665
1.16652
1.16653
1.16654
1.16655
1.16656
1.16657
1.16658
1.16658
1.16659
1.1666
1.1666
1.16661
1.16661
1.16629
1.16629
1.16628
1.16628
1.16627
1.16627
1.16626
1.16626
1.16625
1.16624
1.16623
1.16622
1.16622
1.16621
1.1662
1.16618
1.16617
1.16616
1.16615
1.16614
1.16614
1.16614
1.16614
1.16614
1.16615
1.16618
1.16621
1.16625
1.16629
1.16632
1.16635
1.16638
1.16641
1.16643
1.16645
1.16647
1.16648
1.16649
1.16651
1.16652
1.16652
1.16653
1.16654
1.16654
1.16655
1.16656
1.16656
1.16657
1.16657
1.16658
1.1663
1.16629
1.16629
1.16629
1.16628
1.16628
1.16628
1.16627
1.16627
1.16626
1.16625
1.16625
1.16624
1.16623
1.16623
1.16622
1.16621
1.1662
1.1662
1.16619
1.16619
1.16619
1.16619
1.1662
1.16621
1.16623
1.16626
1.16629
1.16632
1.16634
1.16637
1.16639
1.16641
1.16643
1.16644
1.16645
1.16647
1.16648
1.16648
1.16649
1.1665
1.16651
1.16651
1.16652
1.16652
1.16653
1.16653
1.16654
1.16654
1.16654
1.16631
1.16631
1.1663
1.1663
1.1663
1.16629
1.16629
1.16629
1.16628
1.16628
1.16627
1.16627
1.16626
1.16626
1.16625
1.16625
1.16624
1.16624
1.16624
1.16623
1.16623
1.16623
1.16624
1.16624
1.16626
1.16627
1.1663
1.16632
1.16634
1.16636
1.16638
1.16639
1.16641
1.16642
1.16643
1.16644
1.16645
1.16646
1.16647
1.16647
1.16648
1.16649
1.16649
1.16649
1.1665
1.1665
1.16651
1.16651
1.16651
1.16652
1.16632
1.16632
1.16632
1.16631
1.16631
1.16631
1.16631
1.1663
1.1663
1.1663
1.16629
1.16629
1.16629
1.16629
1.16628
1.16628
1.16627
1.16627
1.16627
1.16627
1.16627
1.16627
1.16627
1.16628
1.16629
1.16631
1.16632
1.16634
1.16635
1.16637
1.16638
1.1664
1.16641
1.16642
1.16643
1.16643
1.16644
1.16645
1.16645
1.16646
1.16646
1.16647
1.16647
1.16648
1.16648
1.16648
1.16649
1.16649
1.16649
1.1665
1.16633
1.16633
1.16633
1.16633
1.16633
1.16632
1.16632
1.16632
1.16632
1.16632
1.16631
1.16631
1.16631
1.16631
1.16631
1.1663
1.1663
1.1663
1.1663
1.1663
1.1663
1.1663
1.16631
1.16631
1.16632
1.16633
1.16634
1.16635
1.16637
1.16638
1.16639
1.1664
1.16641
1.16641
1.16642
1.16643
1.16643
1.16644
1.16644
1.16645
1.16645
1.16645
1.16646
1.16646
1.16646
1.16647
1.16647
1.16647
1.16647
1.16648
1.16634
1.16634
1.16634
1.16634
1.16634
1.16634
1.16634
1.16633
1.16633
1.16633
1.16633
1.16633
1.16633
1.16633
1.16633
1.16632
1.16632
1.16632
1.16632
1.16632
1.16632
1.16633
1.16633
1.16633
1.16634
1.16635
1.16636
1.16637
1.16637
1.16638
1.16639
1.1664
1.1664
1.16641
1.16642
1.16642
1.16643
1.16643
1.16643
1.16644
1.16644
1.16644
1.16645
1.16645
1.16645
1.16645
1.16646
1.16646
1.16646
1.16646
1.16635
1.16635
1.16635
1.16635
1.16635
1.16635
1.16635
1.16635
1.16635
1.16635
1.16635
1.16634
1.16634
1.16634
1.16634
1.16634
1.16634
1.16634
1.16634
1.16634
1.16634
1.16634
1.16635
1.16635
1.16636
1.16636
1.16637
1.16637
1.16638
1.16639
1.16639
1.1664
1.1664
1.16641
1.16641
1.16642
1.16642
1.16642
1.16643
1.16643
1.16643
1.16643
1.16644
1.16644
1.16644
1.16644
1.16644
1.16645
1.16645
1.16645
1.16636
1.16636
1.16636
1.16636
1.16636
1.16636
1.16636
1.16636
1.16636
1.16636
1.16636
1.16636
1.16636
1.16636
1.16636
1.16636
1.16635
1.16635
1.16636
1.16636
1.16636
1.16636
1.16636
1.16636
1.16637
1.16637
1.16638
1.16638
1.16639
1.16639
1.16639
1.1664
1.1664
1.16641
1.16641
1.16641
1.16642
1.16642
1.16642
1.16642
1.16642
1.16643
1.16643
1.16643
1.16643
1.16643
1.16644
1.16644
1.16644
1.16644
1.16637
1.16637
1.16637
1.16637
1.16637
1.16637
1.16637
1.16637
1.16637
1.16637
1.16637
1.16637
1.16637
1.16637
1.16637
1.16637
1.16637
1.16637
1.16637
1.16637
1.16637
1.16637
1.16637
1.16637
1.16638
1.16638
1.16638
1.16639
1.16639
1.16639
1.1664
1.1664
1.1664
1.1664
1.16641
1.16641
1.16641
1.16641
1.16642
1.16642
1.16642
1.16642
1.16642
1.16642
1.16643
1.16643
1.16643
1.16643
1.16643
1.16643
1.16638
1.16638
1.16638
1.16638
1.16638
1.16638
1.16638
1.16637
1.16637
1.16637
1.16637
1.16637
1.16637
1.16637
1.16637
1.16637
1.16637
1.16637
1.16637
1.16638
1.16638
1.16638
1.16638
1.16638
1.16638
1.16638
1.16639
1.16639
1.16639
1.16639
1.1664
1.1664
1.1664
1.1664
1.16641
1.16641
1.16641
1.16641
1.16641
1.16641
1.16641
1.16642
1.16642
1.16642
1.16642
1.16642
1.16642
1.16642
1.16642
1.16642
1.16638
1.16638
1.16638
1.16638
1.16638
1.16638
1.16638
1.16638
1.16638
1.16638
1.16638
1.16638
1.16638
1.16638
1.16638
1.16638
1.16638
1.16638
1.16638
1.16638
1.16638
1.16638
1.16638
1.16638
1.16639
1.16639
1.16639
1.16639
1.16639
1.1664
1.1664
1.1664
1.1664
1.1664
1.1664
1.16641
1.16641
1.16641
1.16641
1.16641
1.16641
1.16641
1.16641
1.16641
1.16642
1.16642
1.16642
1.16642
1.16642
1.16642
1.16639
1.16639
1.16639
1.16639
1.16639
1.16639
1.16639
1.16639
1.16639
1.16639
1.16638
1.16638
1.16638
1.16638
1.16639
1.16639
1.16639
1.16639
1.16639
1.16639
1.16639
1.16639
1.16639
1.16639
1.16639
1.16639
1.16639
1.16639
1.1664
1.1664
1.1664
1.1664
1.1664
1.1664
1.1664
1.1664
1.16641
1.16641
1.16641
1.16641
1.16641
1.16641
1.16641
1.16641
1.16641
1.16641
1.16641
1.16641
1.16641
1.16642
1.16639
1.16639
1.16639
1.16639
1.16639
1.16639
1.16639
1.16639
1.16639
1.16639
1.16639
1.16639
1.16639
1.16639
1.16639
1.16639
1.16639
1.16639
1.16639
1.16639
1.16639
1.16639
1.16639
1.16639
1.16639
1.16639
1.16639
1.1664
1.1664
1.1664
1.1664
1.1664
1.1664
1.1664
1.1664
1.1664
1.1664
1.1664
1.16641
1.16641
1.16641
1.16641
1.16641
1.16641
1.16641
1.16641
1.16641
1.16641
1.16641
1.16641
1.16639
1.16639
1.16639
1.16639
1.16639
1.16639
1.16639
1.16639
1.16639
1.16639
1.16639
1.16639
1.16639
1.16639
1.16639
1.16639
1.16639
1.16639
1.16639
1.16639
1.16639
1.16639
1.16639
1.16639
1.16639
1.16639
1.1664
1.1664
1.1664
1.1664
1.1664
1.1664
1.1664
1.1664
1.1664
1.1664
1.1664
1.1664
1.1664
1.1664
1.16641
1.16641
1.16641
1.16641
1.16641
1.16641
1.16641
1.16641
1.16641
1.16641
1.16639
1.16639
1.16639
1.16639
1.16639
1.16639
1.16639
1.16639
1.16639
1.16639
1.16639
1.16639
1.16639
1.16639
1.16639
1.16639
1.16639
1.16639
1.16639
1.16639
1.16639
1.16639
1.16639
1.1664
1.1664
1.1664
1.1664
1.1664
1.1664
1.1664
1.1664
1.1664
1.1664
1.1664
1.1664
1.1664
1.1664
1.1664
1.1664
1.1664
1.1664
1.1664
1.1664
1.16641
1.16641
1.16641
1.16641
1.16641
1.16641
1.16641
1.16639
1.16639
1.16639
1.16639
1.16639
1.16639
1.16639
1.16639
1.16639
1.16639
1.16639
1.16639
1.16639
1.16639
1.16639
1.16639
1.1664
1.1664
1.1664
1.1664
1.1664
1.1664
1.1664
1.1664
1.1664
1.1664
1.1664
1.1664
1.1664
1.1664
1.1664
1.1664
1.1664
1.1664
1.1664
1.1664
1.1664
1.1664
1.1664
1.1664
1.1664
1.1664
1.1664
1.1664
1.1664
1.1664
1.16641
1.16641
1.16641
1.16641
1.1664
1.1664
1.1664
1.1664
1.1664
1.1664
1.1664
1.1664
1.1664
1.1664
1.1664
1.1664
1.1664
1.1664
1.1664
1.1664
1.1664
1.1664
1.1664
1.1664
1.1664
1.1664
1.1664
1.1664
1.1664
1.1664
1.1664
1.1664
1.1664
1.1664
1.1664
1.1664
1.1664
1.1664
1.1664
1.1664
1.1664
1.1664
1.1664
1.1664
1.1664
1.1664
1.1664
1.1664
1.1664
1.1664
1.1664
1.1664
1.1664
1.1664
1.1664
1.1664
1.1664
1.1664
1.1664
1.1664
1.1664
1.1664
1.1664
1.1664
1.1664
1.1664
1.1664
1.1664
1.1664
1.1664
1.1664
1.1664
1.1664
1.1664
1.1664
1.1664
1.1664
1.1664
1.1664
1.1664
1.1664
1.1664
1.1664
1.1664
1.1664
1.1664
1.1664
1.1664
1.1664
1.1664
1.1664
1.1664
1.1664
1.1664
1.1664
1.1664
1.1664
1.1664
1.1664
1.1664
1.1664
1.1664
1.1664
1.1664
1.1664
1.1664
1.1664
1.1664
1.1664
1.1664
1.1664
1.1664
1.1664
1.1664
1.1664
1.1664
1.1664
1.1664
1.1664
1.1664
1.1664
1.1664
1.1664
1.1664
1.1664
1.1664
1.1664
1.1664
1.1664
1.1664
1.1664
1.1664
1.1664
1.1664
1.1664
1.1664
1.1664
1.1664
1.1664
1.1664
1.1664
1.1664
1.1664
1.1664
1.1664
1.1664
1.1664
1.1664
1.1664
1.1664
1.1664
1.1664
1.1664
1.1664
1.1664
1.1664
1.1664
1.1664
1.1664
1.1664
1.1664
1.1664
1.1664
1.1664
1.1664
1.1664
1.1664
1.1664
1.1664
1.1664
1.1664
1.1664
1.1664
1.1664
1.1664
1.1664
1.1664
1.1664
1.1664
1.1664
1.1664
1.1664
1.1664
1.1664
1.1664
1.1664
1.1664
1.1664
1.1664
1.1664
1.1664
1.1664
1.1664
1.1664
1.1664
1.1664
1.1664
1.1664
1.1664
1.1664
1.1664
1.1664
1.1664
1.1664
1.1664
1.1664
1.1664
1.1664
1.1664
1.1664
1.1664
1.1664
1.1664
1.1664
1.1664
1.1664
1.1664
1.1664
1.1664
1.1664
1.1664
1.1664
1.1664
1.1664
1.1664
1.1664
1.1664
1.1664
1.1664
1.1664
1.1664
1.1664
1.1664
1.1664
1.1664
1.1664
1.1664
1.1664
1.1664
1.1664
1.1664
1.1664
1.1664
1.1664
1.1664
1.1664
1.1664
1.1664
1.1664
1.1664
1.1664
1.1664
1.1664
1.1664
1.1664
1.1664
1.1664
1.1664
1.1664
1.1664
1.1664
1.1664
1.1664
1.1664
1.1664
1.1664
1.1664
1.1664
1.1664
1.1664
1.1664
1.1664
1.1664
1.1664
1.1664
1.1664
1.1664
1.1664
1.1664
1.1664
1.1664
1.1664
1.1664
1.1664
1.1664
1.1664
1.1664
1.1664
1.1664
1.1664
1.1664
1.1664
1.1664
1.1664
1.1664
1.1664
1.1664
1.1664
1.1664
1.1664
1.1664
1.1664
1.1664
1.1664
1.16539
1.16539
1.1654
1.1654
1.16539
1.16538
1.16538
1.16538
1.16537
1.16535
1.16533
1.16534
1.16536
1.1654
1.16545
1.16549
1.16552
1.16553
1.16553
1.16553
1.16553
1.16554
1.16554
1.16554
1.16555
1.16556
1.16557
1.16558
1.1656
1.16562
1.16563
1.16565
1.16566
1.16567
1.16567
1.16567
1.16567
1.16566
1.16565
1.16563
1.16562
1.1656
1.16558
1.16557
1.16556
1.16555
1.16554
1.16554
1.16554
1.16553
1.16553
1.16553
1.16553
1.16552
1.16549
1.16545
1.1654
1.16536
1.16534
1.16533
1.16535
1.16537
1.16538
1.16538
1.16538
1.16539
1.1654
1.1654
1.16539
1.16539
1.16538
1.16539
1.16541
1.16541
1.16541
1.1654
1.16539
1.16538
1.16536
1.16533
1.16532
1.16532
1.16535
1.16539
1.16545
1.1655
1.16552
1.16553
1.16554
1.16554
1.16554
1.16554
1.16554
1.16554
1.16555
1.16556
1.16557
1.16558
1.1656
1.16561
1.16563
1.16564
1.16565
1.16566
1.16566
1.16566
1.16566
1.16565
1.16564
1.16563
1.16561
1.1656
1.16558
1.16557
1.16556
1.16555
1.16554
1.16554
1.16554
1.16554
1.16554
1.16554
1.16553
1.16552
1.1655
1.16545
1.16539
1.16535
1.16532
1.16532
1.16533
1.16536
1.16538
1.16539
1.1654
1.16541
1.16541
1.16541
1.16539
1.16538
1.16536
1.16541
1.16543
1.16545
1.16545
1.16544
1.16543
1.16541
1.16537
1.16534
1.16532
1.16532
1.16534
1.16538
1.16544
1.1655
1.16553
1.16555
1.16555
1.16554
1.16554
1.16554
1.16554
1.16554
1.16555
1.16556
1.16556
1.16558
1.16559
1.1656
1.16562
1.16563
1.16564
1.16565
1.16565
1.16565
1.16565
1.16564
1.16563
1.16562
1.1656
1.16559
1.16558
1.16556
1.16556
1.16555
1.16554
1.16554
1.16554
1.16554
1.16554
1.16555
1.16555
1.16553
1.1655
1.16544
1.16538
1.16534
1.16532
1.16532
1.16534
1.16537
1.16541
1.16543
1.16544
1.16545
1.16545
1.16543
1.16541
1.16536
1.16539
1.16539
1.16539
1.16539
1.16539
1.16538
1.16538
1.16538
1.16537
1.16536
1.16535
1.16535
1.16537
1.16541
1.16545
1.16548
1.1655
1.16551
1.16552
1.16552
1.16552
1.16552
1.16553
1.16553
1.16554
1.16555
1.16556
1.16558
1.1656
1.16562
1.16564
1.16566
1.16568
1.16569
1.16569
1.16569
1.16569
1.16568
1.16566
1.16564
1.16562
1.1656
1.16558
1.16556
1.16555
1.16554
1.16553
1.16553
1.16552
1.16552
1.16552
1.16552
1.16551
1.1655
1.16548
1.16545
1.16541
1.16537
1.16535
1.16535
1.16536
1.16537
1.16538
1.16538
1.16538
1.16539
1.16539
1.16539
1.16539
1.16539
1.16539
1.16539
1.16539
1.16539
1.16539
1.16538
1.16538
1.16538
1.16537
1.16536
1.16535
1.16536
1.16538
1.16541
1.16545
1.16548
1.1655
1.16551
1.16552
1.16552
1.16552
1.16552
1.16553
1.16553
1.16554
1.16555
1.16556
1.16558
1.1656
1.16562
1.16564
1.16566
1.16568
1.16569
1.16569
1.16569
1.16569
1.16568
1.16566
1.16564
1.16562
1.1656
1.16558
1.16556
1.16555
1.16554
1.16553
1.16553
1.16552
1.16552
1.16552
1.16552
1.16551
1.1655
1.16548
1.16545
1.16541
1.16538
1.16536
1.16535
1.16536
1.16537
1.16538
1.16538
1.16538
1.16539
1.16539
1.16539
1.16539
1.16539
1.16539
1.16539
1.16539
1.16539
1.16539
1.16538
1.16538
1.16538
1.16537
1.16536
1.16535
1.16536
1.16538
1.16542
1.16546
1.16549
1.1655
1.16551
1.16552
1.16552
1.16552
1.16553
1.16553
1.16553
1.16554
1.16555
1.16557
1.16559
1.1656
1.16562
1.16564
1.16566
1.16567
1.16569
1.16569
1.16569
1.16569
1.16567
1.16566
1.16564
1.16562
1.1656
1.16559
1.16557
1.16555
1.16554
1.16553
1.16553
1.16553
1.16552
1.16552
1.16552
1.16551
1.1655
1.16549
1.16546
1.16542
1.16538
1.16536
1.16535
1.16536
1.16537
1.16538
1.16538
1.16538
1.16539
1.16539
1.16539
1.16539
1.16539
1.16539
1.16539
1.16539
1.16539
1.16539
1.16538
1.16538
1.16538
1.16537
1.16536
1.16535
1.16536
1.16538
1.16542
1.16546
1.16549
1.16551
1.16552
1.16552
1.16552
1.16553
1.16553
1.16553
1.16554
1.16555
1.16556
1.16557
1.16559
1.1656
1.16562
1.16564
1.16566
1.16567
1.16568
1.16569
1.16569
1.16568
1.16567
1.16566
1.16564
1.16562
1.1656
1.16559
1.16557
1.16556
1.16555
1.16554
1.16553
1.16553
1.16553
1.16552
1.16552
1.16552
1.16551
1.16549
1.16546
1.16542
1.16538
1.16536
1.16535
1.16536
1.16537
1.16538
1.16538
1.16538
1.16539
1.16539
1.16539
1.16539
1.16539
1.16539
1.16539
1.16539
1.16539
1.16539
1.16538
1.16538
1.16538
1.16537
1.16536
1.16535
1.16535
1.16538
1.16541
1.16546
1.16549
1.16551
1.16552
1.16553
1.16553
1.16553
1.16553
1.16554
1.16554
1.16555
1.16556
1.16557
1.16559
1.1656
1.16562
1.16564
1.16565
1.16567
1.16568
1.16568
1.16568
1.16568
1.16567
1.16565
1.16564
1.16562
1.1656
1.16559
1.16557
1.16556
1.16555
1.16554
1.16554
1.16553
1.16553
1.16553
1.16553
1.16552
1.16551
1.16549
1.16546
1.16541
1.16538
1.16535
1.16535
1.16536
1.16537
1.16538
1.16538
1.16538
1.16539
1.16539
1.16539
1.16539
1.16539
)
;

boundaryField
{
    inOut
    {
        type            calculated;
        value           nonuniform List<scalar> 
190
(
1.1664
1.1664
1.1664
1.1664
1.1664
1.1664
1.1664
1.1664
1.1664
1.1664
1.1664
1.1664
1.1664
1.1664
1.1664
1.1664
1.1664
1.1664
1.1664
1.1664
1.1664
1.1664
1.1664
1.1664
1.1664
1.1664
1.1664
1.1664
1.1664
1.1664
1.1664
1.1664
1.1664
1.1664
1.1664
1.1664
1.1664
1.1664
1.1664
1.1664
1.1664
1.1664
1.1664
1.1664
1.1664
1.1664
1.1664
1.1664
1.1664
1.1664
1.1664
1.1664
1.1664
1.1664
1.1664
1.1664
1.1664
1.1664
1.1664
1.1664
1.1664
1.1664
1.1664
1.1664
1.1664
1.1664
1.1664
1.1664
1.1664
1.1664
1.1664
1.1664
1.1664
1.1664
1.1664
1.1664
1.1664
1.1664
1.1664
1.1664
1.1664
1.1664
1.1664
1.1664
1.1664
1.1664
1.1664
1.1664
1.1664
1.1664
1.1664
1.1664
1.1664
1.1664
1.1664
1.1664
1.1664
1.1664
1.1664
1.1664
1.1664
1.1664
1.1664
1.1664
1.1664
1.1664
1.1664
1.1664
1.1664
1.1664
1.1664
1.1664
1.1664
1.1664
1.1664
1.1664
1.1664
1.1664
1.1664
1.1664
1.1664
1.1664
1.1664
1.1664
1.1664
1.1664
1.1664
1.1664
1.1664
1.1664
1.1664
1.1664
1.1664
1.1664
1.16638
1.16638
1.1664
1.1664
1.1664
1.1664
1.1664
1.1664
1.1664
1.1664
1.1664
1.1664
1.1664
1.1664
1.1664
1.1664
1.1664
1.1664
1.1664
1.1664
1.1664
1.1664
1.1664
1.1664
1.1664
1.1664
1.1664
1.1664
1.1664
1.1664
1.1664
1.1664
1.1664
1.1664
1.1664
1.1664
1.1664
1.1664
1.1664
1.1664
1.1664
1.1664
1.1664
1.1664
1.1664
1.1664
1.1664
1.1664
1.1664
1.1664
1.1664
1.1664
1.1664
1.1664
1.1664
1.1664
)
;
    }
    coandaUpper
    {
        type            calculated;
        value           nonuniform List<scalar> 5(1.16539 1.16539 1.16539 1.16539 1.16539);
    }
    coandaLower
    {
        type            calculated;
        value           nonuniform List<scalar> 5(1.16539 1.16539 1.16539 1.16539 1.16539);
    }
    surface
    {
        type            calculated;
        value           nonuniform List<scalar> 
196
(
1.17159
1.17089
1.16965
1.16835
1.16719
1.16632
1.16571
1.16525
1.16488
1.1646
1.16438
1.16421
1.16407
1.16396
1.16387
1.16382
1.1638
1.1638
1.16383
1.16388
1.16395
1.16404
1.16416
1.16429
1.16444
1.1646
1.16476
1.16489
1.16501
1.16511
1.16522
1.16531
1.16541
1.1655
1.16558
1.16567
1.16575
1.16583
1.16591
1.16599
1.16607
1.16615
1.16622
1.1663
1.16638
1.16646
1.16655
1.16664
1.16674
1.16684
1.16684
1.16674
1.16664
1.16655
1.16646
1.16638
1.1663
1.16622
1.16615
1.16607
1.16599
1.16591
1.16583
1.16575
1.16567
1.16558
1.1655
1.16541
1.16531
1.16522
1.16511
1.16501
1.16489
1.16476
1.1646
1.16444
1.16429
1.16416
1.16404
1.16395
1.16388
1.16383
1.1638
1.1638
1.16382
1.16387
1.16396
1.16407
1.16421
1.16438
1.1646
1.16488
1.16525
1.16571
1.16632
1.16719
1.16835
1.16965
1.17089
1.17159
1.16714
1.16687
1.16666
1.16659
1.16653
1.16647
1.1664
1.16632
1.16623
1.16615
1.16539
1.16538
1.16536
1.16539
1.16539
1.16539
1.16539
1.16539
1.16538
1.16538
1.16538
1.16537
1.16536
1.16535
1.16535
1.16537
1.16541
1.16545
1.16548
1.1655
1.16551
1.16552
1.16552
1.16552
1.16552
1.16553
1.16553
1.16554
1.16555
1.16556
1.16558
1.1656
1.16562
1.16564
1.16566
1.16568
1.16569
1.16569
1.16569
1.16569
1.16568
1.16566
1.16564
1.16562
1.1656
1.16558
1.16556
1.16555
1.16554
1.16553
1.16553
1.16552
1.16552
1.16552
1.16552
1.16551
1.1655
1.16548
1.16545
1.16541
1.16537
1.16535
1.16535
1.16536
1.16537
1.16538
1.16538
1.16538
1.16539
1.16539
1.16539
1.16539
1.16539
1.16539
1.16538
1.16536
1.16615
1.16623
1.16632
1.1664
1.16647
1.16653
1.16659
1.16666
1.16687
1.16714
)
;
    }
    defaultFaces
    {
        type            empty;
    }
}


// ************************************************************************* //
