/*--------------------------------*- C++ -*----------------------------------*\
  =========                 |
  \\      /  F ield         | OpenFOAM: The Open Source CFD Toolbox
   \\    /   O peration     | Website:  https://openfoam.org
    \\  /    A nd           | Version:  9
     \\/     M anipulation  |
\*---------------------------------------------------------------------------*/
FoamFile
{
    format      ascii;
    class       volScalarField;
    location    "0.005";
    object      alphat;
}
// * * * * * * * * * * * * * * * * * * * * * * * * * * * * * * * * * * * * * //

dimensions      [1 -1 -1 0 0 0 0];

internalField   nonuniform List<scalar> 
5373
(
0.0162925
0.016256
0.016256
0.0162559
0.0162559
0.0162159
0.0162159
0.0162158
0.0162158
0.0162157
0.0162156
0.0161778
0.0161779
0.016178
0.016178
0.0161781
0.0161782
0.0161782
0.0161783
0.0161345
0.0161346
0.0161347
0.0161348
0.0161349
0.016135
0.0161351
0.0161352
0.0161353
0.0160881
0.0160883
0.0160884
0.0160886
0.0160887
0.0160889
0.016089
0.0160891
0.0160893
0.0160894
0.0160896
0.0160342
0.0160344
0.0160346
0.0160348
0.016035
0.0160352
0.0160354
0.0160356
0.0160358
0.016036
0.0160361
0.0159697
0.01597
0.0159702
0.0159705
0.0159708
0.015971
0.0159713
0.0159715
0.0159718
0.015972
0.0159723
0.0159725
0.0158927
0.0158931
0.0158934
0.0158938
0.0158941
0.0158945
0.0158948
0.0158951
0.0158955
0.0158958
0.0158961
0.0158964
0.0158968
0.0158015
0.015802
0.0158024
0.0158029
0.0158033
0.0158037
0.0158042
0.0158046
0.0158051
0.0158055
0.0158059
0.0158063
0.0158067
0.0156922
0.0156928
0.0156934
0.015694
0.0156945
0.0156951
0.0156957
0.0156962
0.0156968
0.0156974
0.0156979
0.0156985
0.015699
0.0156995
0.0155616
0.0155623
0.0155631
0.0155638
0.0155646
0.0155653
0.0155661
0.0155668
0.0155675
0.0155682
0.0155689
0.0155696
0.0155703
0.015571
0.0154033
0.0154043
0.0154052
0.0154062
0.0154072
0.0154081
0.0154091
0.01541
0.0154109
0.0154118
0.0154127
0.0154136
0.0154145
0.0154154
0.0154162
0.0152134
0.0152146
0.0152158
0.0152171
0.0152183
0.0152194
0.0152206
0.0152218
0.0152229
0.0152241
0.0152252
0.0152263
0.0152274
0.0152285
0.0152295
0.0149838
0.0149854
0.0149869
0.0149884
0.0149899
0.0149913
0.0149928
0.0149942
0.0149956
0.014997
0.0149983
0.0149997
0.015001
0.0150024
0.0150037
0.0147065
0.0147084
0.0147102
0.014712
0.0147138
0.0147156
0.0147173
0.014719
0.0147207
0.0147223
0.014724
0.0147256
0.0147271
0.0147287
0.0147302
0.0143725
0.0143747
0.0143768
0.0143789
0.014381
0.014383
0.014385
0.014387
0.014389
0.0143909
0.0143927
0.0143946
0.0143964
0.0143982
0.0143999
0.0139701
0.0139726
0.013975
0.0139775
0.0139798
0.0139822
0.0139844
0.0139867
0.0139889
0.013991
0.0139931
0.0139952
0.0139972
0.0139991
0.0140011
0.0140029
0.0134964
0.0134991
0.0135017
0.0135043
0.0135068
0.0135092
0.0135116
0.0135139
0.0135162
0.0135184
0.0135205
0.0135226
0.0135247
0.0135266
0.0135285
0.0135304
0.0129442
0.0129469
0.0129495
0.012952
0.0129545
0.0129568
0.0129591
0.0129613
0.0129634
0.0129655
0.0129674
0.0129693
0.0129711
0.0129729
0.0129745
0.0129761
0.0123138
0.0123164
0.0123188
0.012321
0.0123231
0.0123251
0.012327
0.0123288
0.0123305
0.012332
0.0123335
0.0123349
0.0123362
0.0123373
0.0123385
0.0123396
0.0116143
0.0116162
0.0116179
0.0116195
0.011621
0.0116224
0.0116236
0.0116247
0.0116256
0.0116264
0.011627
0.0116275
0.011628
0.0116284
0.0116287
0.0116289
0.0108676
0.0108685
0.0108692
0.0108697
0.01087
0.0108702
0.0108703
0.0108703
0.0108701
0.0108698
0.0108693
0.0108686
0.0108677
0.0108668
0.0108657
0.0108644
0.0101193
0.0101189
0.0101183
0.0101176
0.0101167
0.0101156
0.0101143
0.0101129
0.0101113
0.0101093
0.0101072
0.0101048
0.0101023
0.0100995
0.0100966
0.0100935
0.00946314
0.00946153
0.00945969
0.00945765
0.00945541
0.00945293
0.00945015
0.00944712
0.00944387
0.00944041
0.00943675
0.00943289
0.00942883
0.00942459
0.00942017
0.00941556
0.00906584
0.00906597
0.00906581
0.0090654
0.00906474
0.00906384
0.00906268
0.00906119
0.0090594
0.00905721
0.00905402
0.0090498
0.00904465
0.00903869
0.009032
0.00902467
0.00891491
0.00891169
0.00890833
0.0089049
0.00890135
0.00889755
0.00889347
0.00888926
0.00888496
0.0088806
0.00887622
0.00887184
0.00886753
0.00886334
0.00885936
0.00885565
0.00891411
0.00891476
0.00891511
0.00891527
0.00891525
0.00891502
0.00891467
0.00891419
0.00891358
0.00891285
0.00891199
0.008911
0.0089099
0.00890875
0.00890757
0.00890638
0.00897749
0.0089801
0.00898246
0.00898465
0.00898672
0.00898868
0.00899056
0.00899236
0.00899409
0.00899575
0.00899735
0.00899889
0.00900038
0.00900181
0.00900321
0.00900458
0.0089698
0.00897458
0.00897912
0.00898352
0.00898781
0.00899202
0.00899615
0.00900021
0.0090042
0.00900813
0.00901199
0.0090158
0.00901954
0.00902321
0.00902684
0.00903044
0.00881183
0.00881848
0.00882485
0.00883104
0.00883709
0.00884301
0.00884881
0.0088545
0.00886008
0.00886553
0.00887087
0.00887608
0.00888116
0.0088861
0.00889092
0.00889563
0.00846307
0.00847131
0.00847923
0.00848694
0.00849433
0.00850147
0.0085084
0.00851512
0.00852163
0.00852792
0.00853399
0.00853982
0.0085454
0.00855071
0.00855576
0.00856069
0.00791964
0.00792898
0.00793797
0.00794676
0.00795534
0.00796374
0.00797167
0.00797916
0.00798628
0.00799304
0.00799942
0.00800541
0.00801098
0.00801619
0.00802129
0.00802613
0.00719908
0.0072094
0.00721941
0.00722921
0.00723881
0.00724817
0.00725725
0.00726576
0.0072736
0.00728088
0.00728763
0.00729381
0.00729936
0.00730479
0.00730985
0.00731441
0.00633359
0.0063447
0.00635559
0.00636633
0.0063769
0.00638725
0.00639734
0.00640709
0.00641589
0.00642397
0.00643137
0.00643805
0.00644415
0.00644997
0.00645521
0.00645969
0.00537661
0.00538785
0.00539898
0.00541006
0.00542105
0.00543189
0.00544254
0.00545293
0.00546256
0.00547132
0.00547933
0.00548655
0.00549324
0.0054995
0.00550496
0.00550944
0.00441638
0.0044264
0.00443641
0.00444644
0.00445646
0.0044664
0.00447621
0.00448581
0.004495
0.00450322
0.00451069
0.00451737
0.00452368
0.00452943
0.0045342
0.00453781
0.0035454
0.00355338
0.00356139
0.00356944
0.00357748
0.00358545
0.00359327
0.00360086
0.00360812
0.00361457
0.00362013
0.00362492
0.00362943
0.00363317
0.00363577
0.00363698
0.00279229
0.0027984
0.00280455
0.00281072
0.00281685
0.00282289
0.00282876
0.00283438
0.00283962
0.00284431
0.00284797
0.00285103
0.00285362
0.00285527
0.00285568
0.00285416
0.00215246
0.00215702
0.00216161
0.00216621
0.00217077
0.00217522
0.0021795
0.00218351
0.00218718
0.00219038
0.00219268
0.00219446
0.00219562
0.0021958
0.00219442
0.00219116
0.00161593
0.00161924
0.00162258
0.00162592
0.00162922
0.00163241
0.00163545
0.00163826
0.00164076
0.00164285
0.00164424
0.00164516
0.00164542
0.00164459
0.00164234
0.00163837
0.00117202
0.00117434
0.00117668
0.00117903
0.00118134
0.00118357
0.00118568
0.0011876
0.00118926
0.0011906
0.00119141
0.00119181
0.00119154
0.00119029
0.00118784
0.00118385
0.000810242
0.000811765
0.000813317
0.000814876
0.000816415
0.000817903
0.000819303
0.000820572
0.000821659
0.000822502
0.000822975
0.000823108
0.000822655
0.000821415
0.000819189
0.000815618
0.000521036
0.000521819
0.000522641
0.000523488
0.000524341
0.00052518
0.000525982
0.000526721
0.000527365
0.000527876
0.00052817
0.000528228
0.000527864
0.000526926
0.000525239
0.00052243
0.000304309
0.000303711
0.000303152
0.000302635
0.000302159
0.000301724
0.000301336
0.000301008
0.000300762
0.000300626
0.000300537
0.000300489
0.000300362
0.000300066
0.00029952
0.000298221
0.000149946
0.000148721
0.000147538
0.000146315
0.000145052
0.000143768
0.000142429
0.000141042
0.000139844
0.000138738
0.000137817
0.00013705
0.00013634
0.000135742
0.000135183
0.000133886
1.3671e-06
1.34977e-06
1.32303e-06
1.29297e-06
1.26054e-06
1.21613e-06
1.15574e-06
1.11869e-06
1.58656e-06
1.63294e-06
1.51989e-06
1.1121e-06
1.04501e-06
1.02451e-06
1.36618e-06
1.60499e-06
0.0163383
0.0163384
0.0163385
0.0163387
0.0163388
0.0163389
0.016339
0.0163391
0.0163393
0.0163394
0.0163395
0.0163396
0.0163397
0.0163399
0.01634
0.0163401
0.0163402
0.0163403
0.0163405
0.0163406
0.0163407
0.0163408
0.0163409
0.0163411
0.0163412
0.0163413
0.0163414
0.0163415
0.0163417
0.0163418
0.0163419
0.016342
0.0163422
0.0163423
0.0163424
0.0163425
0.0163427
0.0163428
0.0163429
0.016343
0.0163431
0.0163433
0.0163434
0.0163435
0.0163436
0.0163438
0.0163439
0.016344
0.0163441
0.0163411
0.016341
0.0163409
0.0163408
0.0163406
0.0163405
0.0163404
0.0163402
0.0163401
0.0163399
0.0163398
0.0163396
0.0163395
0.0163393
0.0163391
0.0163389
0.0163388
0.0163386
0.0163384
0.0163382
0.016338
0.0163378
0.0163376
0.0163374
0.0163372
0.016337
0.0163368
0.0163365
0.0163363
0.0163361
0.0163358
0.0163356
0.0163353
0.0163351
0.0163348
0.0163346
0.0163343
0.0163341
0.0163338
0.0163335
0.0163332
0.016333
0.0163327
0.0163324
0.0163321
0.0163318
0.0163315
0.0163312
0.0163308
0.0163266
0.0163264
0.0163263
0.0163262
0.0163261
0.016326
0.0163259
0.0163258
0.0163257
0.0163256
0.0163255
0.0163254
0.0163253
0.0163252
0.0163251
0.016325
0.0163249
0.0163248
0.0163247
0.0163246
0.0163245
0.0163244
0.0163243
0.0163242
0.0163241
0.016324
0.0163239
0.0163238
0.0163237
0.0163236
0.0163235
0.0163234
0.0163233
0.0163231
0.016323
0.0163229
0.0163228
0.0163227
0.0163226
0.0163225
0.0163224
0.0163222
0.0163221
0.016322
0.0163219
0.0163218
0.0163216
0.0163215
0.0163214
0.0163213
0.0162924
0.0162926
0.0162928
0.016293
0.016293
0.016293
0.016293
0.0162929
0.0162928
0.0162927
0.0162926
0.0162925
0.0162923
0.0162922
0.016292
0.0162919
0.0162917
0.0162915
0.0162913
0.0162912
0.016291
0.0162908
0.0162906
0.0162904
0.0162902
0.01629
0.0162898
0.0162896
0.0162894
0.0162891
0.0162889
0.0162887
0.0162885
0.0162883
0.0162881
0.0162878
0.0162876
0.0162874
0.0162872
0.016287
0.0162867
0.0162865
0.0162863
0.0162861
0.0162858
0.0162856
0.0162854
0.0162852
0.0162849
0.0162847
0.0162558
0.0162555
0.0162553
0.0162552
0.016255
0.0162549
0.0162549
0.0162548
0.0162548
0.016255
0.0162552
0.0162555
0.0162558
0.016256
0.0162563
0.0162566
0.0162568
0.0162571
0.0162574
0.0162576
0.0162579
0.0162582
0.0162585
0.0162587
0.016259
0.0162593
0.0162595
0.0162598
0.0162601
0.0162604
0.0162607
0.0162609
0.016261
0.0162611
0.016261
0.016261
0.0162609
0.0162608
0.0162607
0.0162605
0.0162604
0.0162603
0.0162601
0.0162599
0.0162598
0.0162596
0.0162594
0.0162592
0.016259
0.0162588
0.0162156
0.0162158
0.0162161
0.0162164
0.0162168
0.0162171
0.0162175
0.0162179
0.0162183
0.0162186
0.016219
0.0162194
0.0162197
0.0162201
0.0162205
0.0162208
0.0162212
0.0162216
0.016222
0.0162221
0.0162222
0.0162221
0.016222
0.0162219
0.0162218
0.0162216
0.0162215
0.0162213
0.0162213
0.0162213
0.0162215
0.0162219
0.0162223
0.0162226
0.016223
0.0162234
0.0162238
0.0162241
0.0162245
0.0162249
0.0162253
0.0162257
0.016226
0.0162264
0.0162268
0.0162272
0.0162276
0.016228
0.0162284
0.0162287
0.0161785
0.0161789
0.0161793
0.0161798
0.0161803
0.0161805
0.0161808
0.0161813
0.0161818
0.0161823
0.0161827
0.0161832
0.0161837
0.0161842
0.0161847
0.0161852
0.0161857
0.0161862
0.0161867
0.0161872
0.0161877
0.0161882
0.0161887
0.0161892
0.0161893
0.0161893
0.0161892
0.0161891
0.016189
0.016189
0.0161893
0.0161897
0.0161902
0.0161907
0.0161912
0.0161917
0.0161922
0.0161927
0.0161932
0.0161938
0.0161943
0.0161948
0.0161953
0.0161958
0.0161963
0.0161968
0.0161973
0.0161978
0.0161983
0.0161989
0.0161355
0.016136
0.0161366
0.0161372
0.0161376
0.0161381
0.0161388
0.0161394
0.01614
0.0161407
0.0161413
0.0161419
0.0161426
0.0161432
0.0161439
0.0161445
0.0161452
0.0161458
0.0161465
0.0161471
0.0161478
0.0161484
0.0161491
0.0161497
0.0161504
0.016151
0.0161517
0.0161523
0.016153
0.0161537
0.0161543
0.016155
0.0161557
0.0161563
0.016157
0.0161577
0.0161583
0.016159
0.0161597
0.0161604
0.016161
0.0161617
0.0161624
0.0161631
0.0161637
0.0161644
0.0161651
0.0161658
0.0161664
0.0161671
0.0160899
0.0160906
0.0160914
0.0160922
0.016093
0.0160938
0.0160947
0.0160955
0.0160964
0.0160972
0.016098
0.0160989
0.0160997
0.0161006
0.0161014
0.0161022
0.0161031
0.0161039
0.0161048
0.0161056
0.0161065
0.0161074
0.0161082
0.0161091
0.0161099
0.0161108
0.0161116
0.0161125
0.0161134
0.0161142
0.0161151
0.016116
0.0161169
0.0161177
0.0161186
0.0161195
0.0161203
0.0161212
0.0161221
0.016123
0.0161239
0.0161248
0.0161256
0.0161265
0.0161274
0.0161283
0.0161292
0.0161301
0.016131
0.0161319
0.0160365
0.0160375
0.0160385
0.0160395
0.0160406
0.0160417
0.0160428
0.0160439
0.016045
0.016046
0.0160471
0.0160482
0.0160493
0.0160504
0.0160515
0.0160526
0.0160537
0.0160548
0.016056
0.0160571
0.0160582
0.0160593
0.0160604
0.0160615
0.0160627
0.0160638
0.0160649
0.0160661
0.0160672
0.0160683
0.0160695
0.0160706
0.0160717
0.0160729
0.016074
0.0160752
0.0160763
0.0160775
0.0160786
0.0160798
0.016081
0.0160821
0.0160833
0.0160845
0.0160856
0.0160868
0.016088
0.0160891
0.0160903
0.0160915
0.015973
0.0159742
0.0159755
0.0159769
0.0159783
0.0159797
0.0159811
0.0159825
0.0159839
0.0159854
0.0159868
0.0159882
0.0159896
0.015991
0.0159925
0.0159939
0.0159954
0.0159968
0.0159982
0.0159997
0.0160012
0.0160026
0.0160041
0.0160055
0.016007
0.0160085
0.01601
0.0160115
0.0160129
0.0160144
0.0160159
0.0160174
0.0160189
0.0160204
0.0160219
0.0160234
0.0160249
0.0160265
0.016028
0.0160295
0.016031
0.0160326
0.0160341
0.0160356
0.0160372
0.0160387
0.0160403
0.0160418
0.0160434
0.0160449
0.0158974
0.0158989
0.0159007
0.0159024
0.0159042
0.0159061
0.0159079
0.0159097
0.0159115
0.0159133
0.0159152
0.015917
0.0159189
0.0159207
0.0159226
0.0159244
0.0159263
0.0159282
0.0159301
0.015932
0.0159339
0.0159358
0.0159377
0.0159396
0.0159415
0.0159434
0.0159454
0.0159473
0.0159493
0.0159512
0.0159532
0.0159551
0.0159571
0.0159591
0.0159611
0.015963
0.015965
0.015967
0.015969
0.015971
0.0159731
0.0159751
0.0159771
0.0159792
0.0159812
0.0159833
0.0159854
0.0159874
0.0159895
0.0159916
0.0158075
0.0158095
0.0158117
0.015814
0.0158163
0.0158186
0.015821
0.0158233
0.0158257
0.015828
0.0158304
0.0158328
0.0158351
0.0158375
0.0158399
0.0158424
0.0158448
0.0158472
0.0158497
0.0158521
0.0158546
0.015857
0.0158595
0.015862
0.0158645
0.015867
0.0158696
0.0158721
0.0158746
0.0158772
0.0158797
0.0158823
0.0158849
0.0158875
0.0158901
0.0158927
0.0158953
0.015898
0.0159006
0.0159033
0.015906
0.0159086
0.0159113
0.0159141
0.0159168
0.0159195
0.0159222
0.015925
0.0159277
0.0159304
0.0157006
0.0157031
0.0157059
0.0157088
0.0157117
0.0157147
0.0157176
0.0157206
0.0157236
0.0157266
0.0157297
0.0157327
0.0157358
0.0157389
0.0157419
0.0157451
0.0157482
0.0157513
0.0157545
0.0157576
0.0157608
0.015764
0.0157672
0.0157705
0.0157737
0.015777
0.0157803
0.0157836
0.0157869
0.0157902
0.0157935
0.0157969
0.0158003
0.0158037
0.0158071
0.0158106
0.0158141
0.0158176
0.0158211
0.0158246
0.0158281
0.0158317
0.0158352
0.0158388
0.0158424
0.015846
0.0158496
0.0158533
0.0158569
0.0158605
0.0155723
0.0155754
0.015579
0.0155826
0.0155863
0.0155901
0.0155938
0.0155976
0.0156014
0.0156052
0.0156091
0.015613
0.0156169
0.0156208
0.0156247
0.0156287
0.0156327
0.0156368
0.0156408
0.0156449
0.015649
0.0156531
0.0156573
0.0156614
0.0156656
0.0156699
0.0156741
0.0156784
0.0156827
0.0156871
0.0156915
0.0156959
0.0157003
0.0157048
0.0157093
0.0157139
0.0157184
0.015723
0.0157276
0.0157323
0.015737
0.0157416
0.0157464
0.0157511
0.0157559
0.0157606
0.0157654
0.0157702
0.0157751
0.0157799
0.0154178
0.0154218
0.0154262
0.0154307
0.0154353
0.01544
0.0154447
0.0154494
0.0154542
0.015459
0.0154639
0.0154688
0.0154737
0.0154787
0.0154837
0.0154888
0.0154939
0.015499
0.0155042
0.0155094
0.0155147
0.01552
0.0155253
0.0155307
0.0155361
0.0155416
0.0155471
0.0155527
0.0155583
0.015564
0.0155697
0.0155755
0.0155813
0.0155872
0.0155931
0.0155991
0.0156051
0.0156112
0.0156173
0.0156234
0.0156296
0.0156358
0.015642
0.0156483
0.0156546
0.0156609
0.0156673
0.0156737
0.0156801
0.0156865
0.0152314
0.0152363
0.0152417
0.0152473
0.015253
0.0152588
0.0152646
0.0152705
0.0152765
0.0152825
0.0152886
0.0152947
0.0153009
0.0153072
0.0153135
0.0153199
0.0153264
0.0153329
0.0153395
0.0153462
0.0153529
0.0153597
0.0153665
0.0153734
0.0153804
0.0153875
0.0153946
0.0154019
0.0154092
0.0154166
0.0154241
0.0154317
0.0154393
0.015447
0.0154548
0.0154627
0.0154706
0.0154786
0.0154866
0.0154947
0.0155029
0.0155111
0.0155194
0.0155277
0.0155361
0.0155445
0.015553
0.0155615
0.0155701
0.0155786
0.0150059
0.0150118
0.0150184
0.0150251
0.0150321
0.0150391
0.0150462
0.0150534
0.0150608
0.0150682
0.0150757
0.0150833
0.0150911
0.0150989
0.0151068
0.0151148
0.015123
0.0151312
0.0151396
0.015148
0.0151565
0.0151652
0.0151739
0.0151828
0.0151917
0.0152008
0.0152101
0.0152195
0.015229
0.0152386
0.0152484
0.0152583
0.0152683
0.0152784
0.0152886
0.015299
0.0153094
0.01532
0.0153306
0.0153414
0.0153522
0.0153632
0.0153742
0.0153853
0.0153964
0.0154077
0.015419
0.0154303
0.0154417
0.0154532
0.0147328
0.0147398
0.0147475
0.0147556
0.0147638
0.0147722
0.0147808
0.0147895
0.0147984
0.0148074
0.0148166
0.0148259
0.0148354
0.0148451
0.0148549
0.0148649
0.0148751
0.0148854
0.0148959
0.0149065
0.0149173
0.0149283
0.0149394
0.0149507
0.0149621
0.0149738
0.0149857
0.0149978
0.0150102
0.0150227
0.0150354
0.0150483
0.0150614
0.0150747
0.0150882
0.0151018
0.0151156
0.0151296
0.0151437
0.015158
0.0151724
0.015187
0.0152017
0.0152165
0.0152314
0.0152464
0.0152615
0.0152767
0.015292
0.0153073
0.0144028
0.0144108
0.0144196
0.0144289
0.0144385
0.0144483
0.0144583
0.0144686
0.0144791
0.0144899
0.0145009
0.0145122
0.0145237
0.0145355
0.0145475
0.0145598
0.0145723
0.0145851
0.0145981
0.0146114
0.0146249
0.0146387
0.0146527
0.014667
0.0146816
0.0146965
0.0147117
0.0147272
0.0147431
0.0147593
0.0147758
0.0147926
0.0148097
0.0148271
0.0148448
0.0148628
0.014881
0.0148995
0.0149183
0.0149372
0.0149565
0.0149759
0.0149955
0.0150153
0.0150353
0.0150554
0.0150756
0.015096
0.0151165
0.0151371
0.014006
0.0140147
0.0140244
0.0140347
0.0140454
0.0140564
0.0140678
0.0140796
0.0140918
0.0141043
0.0141172
0.0141305
0.0141442
0.0141582
0.0141727
0.0141875
0.0142027
0.0142183
0.0142343
0.0142507
0.0142674
0.0142846
0.0143021
0.01432
0.0143383
0.0143571
0.0143764
0.0143962
0.0144165
0.0144373
0.0144586
0.0144804
0.0145026
0.0145253
0.0145485
0.0145721
0.0145961
0.0146206
0.0146454
0.0146707
0.0146963
0.0147222
0.0147484
0.0147749
0.0148017
0.0148287
0.0148559
0.0148833
0.0149108
0.0149385
0.0135334
0.0135422
0.0135523
0.013563
0.0135743
0.0135861
0.0135986
0.0136115
0.0136251
0.0136391
0.0136538
0.013669
0.0136848
0.0137012
0.0137181
0.0137356
0.0137537
0.0137723
0.0137915
0.0138113
0.0138317
0.0138527
0.0138742
0.0138963
0.013919
0.0139424
0.0139665
0.0139914
0.014017
0.0140434
0.0140706
0.0140985
0.0141272
0.0141566
0.0141867
0.0142176
0.0142491
0.0142813
0.0143142
0.0143476
0.0143817
0.0144163
0.0144513
0.0144869
0.0145228
0.0145591
0.0145957
0.0146325
0.0146695
0.0147067
0.0129787
0.0129867
0.0129961
0.0130064
0.0130174
0.0130293
0.013042
0.0130555
0.0130698
0.0130848
0.0131007
0.0131174
0.013135
0.0131533
0.0131725
0.0131924
0.0132133
0.0132349
0.0132574
0.0132807
0.0133049
0.0133299
0.0133558
0.0133825
0.0134099
0.0134384
0.0134679
0.0134985
0.0135302
0.0135631
0.0135972
0.0136325
0.0136689
0.0137064
0.0137452
0.013785
0.013826
0.0138681
0.0139112
0.0139553
0.0140004
0.0140464
0.0140931
0.0141406
0.0141888
0.0142375
0.0142867
0.0143363
0.0143861
0.0144361
0.0123412
0.012347
0.0123543
0.0123628
0.0123724
0.0123831
0.0123949
0.0124078
0.0124218
0.0124369
0.0124531
0.0124704
0.0124888
0.0125083
0.012529
0.0125508
0.0125737
0.0125978
0.012623
0.0126494
0.0126771
0.0127059
0.0127359
0.0127672
0.0127997
0.0128332
0.0128682
0.0129047
0.0129429
0.0129828
0.0130244
0.0130678
0.013113
0.01316
0.0132088
0.0132594
0.0133118
0.0133659
0.0134218
0.0134794
0.0135385
0.0135991
0.0136611
0.0137243
0.0137886
0.0138538
0.0139197
0.0139863
0.0140533
0.0141205
0.011629
0.011631
0.0116346
0.0116395
0.011646
0.0116539
0.0116633
0.0116741
0.0116864
0.0117
0.0117151
0.0117316
0.0117496
0.011769
0.0117898
0.0118121
0.011836
0.0118613
0.0118881
0.0119165
0.0119466
0.0119782
0.0120115
0.0120465
0.0120833
0.0121211
0.0121608
0.0122026
0.0122467
0.0122932
0.0123422
0.0123937
0.0124479
0.0125048
0.0125645
0.012627
0.0126923
0.0127605
0.0128315
0.0129052
0.0129815
0.0130603
0.0131414
0.0132247
0.0133098
0.0133965
0.0134845
0.0135736
0.0136632
0.0137533
0.0108625
0.0108592
0.0108575
0.0108575
0.010859
0.0108623
0.0108672
0.0108739
0.0108824
0.0108927
0.0109047
0.0109184
0.0109338
0.010951
0.01097
0.0109907
0.0110133
0.0110377
0.011064
0.0110923
0.0111226
0.0111549
0.0111894
0.0112262
0.0112652
0.0113066
0.0113493
0.0113945
0.0114427
0.0114941
0.0115489
0.0116072
0.0116692
0.0117352
0.0118053
0.0118796
0.0119582
0.0120412
0.0121286
0.0122205
0.0123166
0.0124169
0.0125211
0.0126289
0.01274
0.012854
0.0129702
0.0130883
0.0132075
0.0133275
0.0100894
0.0100794
0.0100704
0.0100633
0.0100583
0.010055
0.0100536
0.0100538
0.0100556
0.0100594
0.0100652
0.0100732
0.0100832
0.010095
0.0101086
0.0101243
0.0101419
0.0101617
0.0101837
0.010208
0.0102347
0.010264
0.0102959
0.0103306
0.0103683
0.010409
0.0104527
0.0104981
0.010547
0.0105998
0.0106569
0.0107187
0.0107855
0.0108577
0.0109355
0.0110193
0.0111095
0.0112062
0.0113095
0.0114197
0.0115367
0.0116604
0.0117906
0.0119269
0.0120689
0.0122158
0.0123669
0.0125213
0.0126782
0.0128364
0.00940927
0.00939273
0.00937728
0.00936391
0.00935281
0.00934423
0.00933768
0.00933002
0.00931671
0.00930096
0.00929429
0.00929393
0.00929536
0.00929795
0.00930161
0.0093063
0.00931227
0.00931996
0.00932973
0.0093419
0.00935674
0.00937447
0.00939535
0.00941968
0.00944778
0.00947997
0.00951652
0.00955686
0.00960006
0.00964789
0.00970103
0.00975995
0.00982518
0.00989733
0.00997703
0.0100649
0.0101616
0.0102675
0.0103832
0.0105089
0.010645
0.0107915
0.0109482
0.0111149
0.011291
0.0114756
0.0116677
0.0118659
0.0120688
0.0122747
0.00901404
0.00898114
0.00895513
0.00892788
0.00889749
0.00886402
0.00882805
0.00879665
0.0087737
0.00876326
0.00875956
0.00875869
0.00875874
0.00875994
0.00876239
0.00876033
0.00875207
0.00873884
0.00872256
0.0087072
0.00869335
0.00868124
0.00867115
0.00866347
0.00865929
0.00866042
0.00866671
0.00867994
0.00870016
0.00872698
0.00876182
0.00880448
0.00885493
0.0089139
0.00898251
0.00906208
0.00915389
0.00925895
0.00937784
0.00951116
0.00965961
0.00982371
0.0100036
0.0101991
0.0104096
0.0106341
0.0108714
0.0111195
0.0113765
0.0116396
0.00885104
0.00883635
0.00881549
0.00879625
0.00877467
0.00875152
0.00872777
0.00870407
0.0086805
0.0086564
0.00863073
0.00860299
0.00857286
0.00854023
0.00850501
0.00846706
0.00842688
0.00838529
0.00834315
0.00830153
0.00826128
0.00822314
0.00818787
0.00815624
0.00812762
0.0081007
0.00807764
0.00805927
0.00804593
0.00803688
0.00803106
0.00803107
0.00803739
0.00805199
0.00807686
0.00811532
0.0081726
0.00825297
0.00835517
0.00847771
0.00862198
0.00878991
0.00898245
0.00919883
0.00943874
0.00970101
0.00998402
0.0102855
0.0106025
0.0109315
0.00890467
0.00889578
0.00888334
0.00886846
0.00885077
0.00883025
0.00880686
0.00878043
0.00875066
0.00871722
0.00867981
0.00863835
0.00859278
0.00854311
0.00848943
0.00843196
0.00837104
0.00830707
0.00824044
0.00817161
0.008101
0.00802909
0.0079564
0.00788349
0.00781091
0.00773946
0.00767051
0.0076053
0.00754625
0.00749497
0.00745136
0.00741126
0.00737841
0.00735506
0.00734285
0.00734354
0.00735895
0.0073914
0.00744258
0.00751556
0.00761629
0.0077532
0.00793433
0.00815167
0.00840695
0.00869747
0.00902098
0.00937443
0.00975409
0.0101551
0.00900651
0.00900803
0.00900644
0.00900182
0.00899397
0.00898268
0.00896773
0.00894884
0.00892575
0.00889819
0.00886591
0.00882871
0.00878643
0.00873888
0.00868593
0.00862746
0.00856334
0.00849347
0.00841773
0.00833605
0.0082484
0.00815479
0.00805538
0.00795054
0.00784066
0.00772656
0.00760935
0.00749043
0.00737167
0.00725506
0.00714282
0.00703698
0.0069383
0.00685004
0.00677572
0.00671786
0.00667461
0.00665006
0.00665012
0.00667751
0.00673576
0.00682433
0.00695229
0.00712292
0.00736199
0.00765838
0.00800791
0.00840485
0.00884419
0.00931955
0.00903564
0.00904754
0.00905751
0.0090652
0.00907029
0.00907255
0.00907169
0.00906744
0.00905951
0.00904761
0.00903146
0.00901075
0.00898521
0.0089545
0.00891818
0.00887591
0.00882733
0.00877198
0.00870937
0.00863893
0.00856022
0.00847273
0.00837591
0.0082693
0.00815248
0.0080252
0.00788733
0.00773903
0.00758084
0.00741386
0.00723992
0.00706184
0.00688372
0.00671069
0.00654537
0.00639033
0.00624892
0.00612795
0.00603809
0.00598467
0.00596896
0.00599643
0.00607352
0.00620088
0.00638245
0.00663679
0.00698267
0.00740359
0.00789178
0.00843809
0.00890277
0.00892204
0.00894107
0.00895918
0.00897603
0.00899131
0.00900474
0.00901603
0.00902486
0.00903092
0.00903388
0.00903334
0.00902888
0.00902013
0.00900665
0.00898798
0.00896366
0.00893312
0.00889605
0.00885123
0.00879812
0.00873593
0.00866385
0.00858098
0.00848613
0.00837851
0.00825694
0.00812032
0.00796758
0.00779779
0.00761031
0.00740498
0.00718257
0.00694525
0.00669951
0.00645315
0.00620992
0.00597734
0.00576445
0.00558027
0.00543417
0.00534504
0.00532366
0.00537474
0.00550335
0.00570581
0.00599902
0.00640664
0.00692142
0.00752768
0.00856846
0.00859148
0.00861632
0.00864194
0.00866781
0.00869354
0.00871877
0.00874316
0.00876638
0.0087881
0.00880795
0.00882555
0.00884053
0.00885245
0.00886084
0.0088653
0.00886555
0.00886054
0.00885024
0.00883369
0.00881001
0.00877808
0.00873713
0.00868635
0.00862415
0.00854956
0.00846129
0.0083577
0.00823704
0.00809747
0.00793718
0.00775422
0.00754667
0.00731285
0.00705174
0.00676407
0.00645934
0.0061436
0.00582588
0.00551878
0.00523818
0.00500269
0.00482973
0.00473609
0.00474796
0.00487262
0.00510852
0.00546096
0.00596318
0.00660811
0.00803341
0.00805782
0.008086
0.00811654
0.00814872
0.00818203
0.00821604
0.00825037
0.00828467
0.0083186
0.00835181
0.00838395
0.00841466
0.00844355
0.00847022
0.00849425
0.00851518
0.00853238
0.00854533
0.00855334
0.0085558
0.00855134
0.0085391
0.00851854
0.00848804
0.00844627
0.00839278
0.00832563
0.0082426
0.00814151
0.00802059
0.00787754
0.00770983
0.00751479
0.0072895
0.00703109
0.00673678
0.00640923
0.00605355
0.00567785
0.00529674
0.00493154
0.00460882
0.00435853
0.00421088
0.00418905
0.00431871
0.00460878
0.00505301
0.00570151
0.00732088
0.00734669
0.00737718
0.00741123
0.00744799
0.00748683
0.00752725
0.00756886
0.00761129
0.00765422
0.00769733
0.00774031
0.00778282
0.00782453
0.00786507
0.00790405
0.00794102
0.00797545
0.00800682
0.00803447
0.00805771
0.00807553
0.0080872
0.00809215
0.00808903
0.00807589
0.00805282
0.00801764
0.00796842
0.00790338
0.00782056
0.0077178
0.00759259
0.00744252
0.00726429
0.00705486
0.0068109
0.00652901
0.00620588
0.00584198
0.00544196
0.00501748
0.00459135
0.00419943
0.00388695
0.00370016
0.00367923
0.00385018
0.00423331
0.00483213
0.00646579
0.00649399
0.00652697
0.00656417
0.00660454
0.00664755
0.00669269
0.00673955
0.00678779
0.0068371
0.00688722
0.00693787
0.00698878
0.00703965
0.00709017
0.00713997
0.00718868
0.00723583
0.00728092
0.0073234
0.0073626
0.00739778
0.00742821
0.00745309
0.00747117
0.00748155
0.00748365
0.00747519
0.00745453
0.00742043
0.00737079
0.00730381
0.00721719
0.00710865
0.00697536
0.00681458
0.00662336
0.00639862
0.00613687
0.00583216
0.00548042
0.00508228
0.00464349
0.00418344
0.00374512
0.00339362
0.00319991
0.00322191
0.00349275
0.00402617
0.00551547
0.00554636
0.00558124
0.00562066
0.00566341
0.00570899
0.00575689
0.00580683
0.00585849
0.00591159
0.00596593
0.00602129
0.00607745
0.00613416
0.00619117
0.00624818
0.00630485
0.0063608
0.00641558
0.00646873
0.00651966
0.00656776
0.00661235
0.00665262
0.00668758
0.0067164
0.00673809
0.00675132
0.00675478
0.00674672
0.00672509
0.00668885
0.0066357
0.00656373
0.00647046
0.00635354
0.00621052
0.00603888
0.00583586
0.00559871
0.00531887
0.00499051
0.00461073
0.00417763
0.00370423
0.00324069
0.00288052
0.00272535
0.00285556
0.00331326
0.00454226
0.00457193
0.00460527
0.0046434
0.00468497
0.00472949
0.00477653
0.00482579
0.004877
0.00492994
0.00498452
0.00504054
0.00509784
0.00515625
0.00521556
0.00527554
0.00533594
0.00539643
0.00545667
0.00551624
0.00557469
0.00563147
0.005686
0.0057375
0.00578517
0.00582822
0.00586574
0.00589652
0.00591931
0.00593279
0.00593556
0.00592587
0.00590172
0.00586186
0.00580394
0.00572603
0.00562604
0.00550195
0.00535162
0.00517303
0.00496405
0.00471273
0.00441501
0.00406283
0.00364614
0.00316915
0.0026993
0.00237048
0.00231995
0.00265174
0.00363683
0.0036582
0.00368439
0.00371556
0.00375036
0.00378829
0.00382889
0.00387189
0.00391705
0.00396419
0.00401322
0.00406403
0.0041165
0.00417054
0.00422605
0.00428286
0.0043408
0.00439966
0.00445919
0.00451912
0.00457907
0.00463866
0.00469741
0.00475466
0.00480973
0.00486197
0.00491053
0.0049544
0.00499246
0.00502343
0.00504613
0.00505903
0.00506077
0.00504942
0.00502305
0.00498022
0.00491899
0.00483778
0.00473479
0.00460862
0.00445835
0.00427932
0.00406127
0.00379872
0.00347959
0.00307894
0.00259881
0.00214545
0.0019188
0.00207798
0.00285012
0.00286235
0.00287989
0.00290204
0.00292763
0.00295616
0.00298722
0.00302052
0.00305587
0.0030931
0.00313215
0.00317295
0.00321544
0.00325957
0.00330529
0.00335252
0.00340118
0.00345118
0.0035024
0.00355473
0.00360795
0.00366188
0.0037162
0.00377052
0.00382437
0.00387727
0.00392864
0.0039777
0.00402355
0.00406518
0.00410153
0.00413125
0.00415315
0.00416552
0.00416689
0.00415521
0.00412888
0.00408668
0.00402685
0.00394832
0.00385037
0.00373296
0.00358618
0.0034044
0.00318272
0.00289427
0.00249771
0.00200844
0.00163548
0.00161461
0.00218526
0.00219105
0.00220184
0.00221653
0.00223423
0.00225447
0.00227686
0.00230115
0.00232716
0.00235474
0.00238385
0.00241442
0.00244641
0.00247978
0.00251449
0.00255049
0.00258771
0.00262611
0.00266562
0.00270616
0.00274765
0.00278997
0.00283298
0.00287645
0.00292016
0.00296389
0.00300734
0.00305019
0.00309196
0.00313212
0.00317004
0.00320491
0.00323582
0.00326147
0.00328069
0.00329185
0.00329356
0.00328425
0.0032621
0.00322612
0.00317526
0.00310954
0.00302453
0.00291432
0.00277804
0.00259737
0.00232793
0.00190411
0.00144972
0.00126178
0.00163186
0.0016337
0.00163983
0.0016491
0.00166087
0.00167469
0.00169027
0.00170738
0.00172585
0.00174558
0.0017665
0.00178858
0.0018118
0.0018361
0.00186145
0.00188779
0.0019151
0.0019433
0.00197236
0.00200221
0.00203279
0.00206401
0.00209576
0.00212788
0.0021602
0.00219254
0.00222471
0.00225654
0.00228777
0.0023181
0.00234722
0.00237461
0.00240008
0.00242317
0.00244356
0.00246061
0.00247374
0.002482
0.00248413
0.00247904
0.00246545
0.00244255
0.00240892
0.00235916
0.00229322
0.00220231
0.00206073
0.00176709
0.0013246
0.00101248
0.00117748
0.00117712
0.00118021
0.0011857
0.00119314
0.0012022
0.00121261
0.00122421
0.00123684
0.00125042
0.00126491
0.00128029
0.00129654
0.00131361
0.00133147
0.00135007
0.00136938
0.00138935
0.00140996
0.00143114
0.00145285
0.00147501
0.00149755
0.00152035
0.00154327
0.00156612
0.00158881
0.00161121
0.00163328
0.00165443
0.00167464
0.00169351
0.00171094
0.00172664
0.00174044
0.00175206
0.00176137
0.00176829
0.00177284
0.00177549
0.00177669
0.00177645
0.00177471
0.00176854
0.00175757
0.00173804
0.00169398
0.00155523
0.00120858
0.000847401
0.000809858
0.000808419
0.000809619
0.000812504
0.000816849
0.000822383
0.000828929
0.000836348
0.000844522
0.000853386
0.000862922
0.000873116
0.000883942
0.000895358
0.000907333
0.000919851
0.00093287
0.000946356
0.000960282
0.000974605
0.000989297
0.00100429
0.00101955
0.00103497
0.00105048
0.00106587
0.00108114
0.00109622
0.00111093
0.00112497
0.00113828
0.00115059
0.00116182
0.00117176
0.00118029
0.0011872
0.0011924
0.00119584
0.00119755
0.00119796
0.0011975
0.00119664
0.0011971
0.00120023
0.00121026
0.0012324
0.00125895
0.00124106
0.00105324
0.000729517
0.000517582
0.000515636
0.000515556
0.000516522
0.000518515
0.000521351
0.000524929
0.000529159
0.000533947
0.000539239
0.000545032
0.000551304
0.000558013
0.000565116
0.000572583
0.000580454
0.000588656
0.000597162
0.000605955
0.000615002
0.000624291
0.000633765
0.000643403
0.00065315
0.000662955
0.00067267
0.000682249
0.000691649
0.000700795
0.000709462
0.000717621
0.000725081
0.000731781
0.000737592
0.000742434
0.000746157
0.000748697
0.000750018
0.000750146
0.000749368
0.000747888
0.00074597
0.000745029
0.000746576
0.000752866
0.000767673
0.000794143
0.000845196
0.000831124
0.000626632
0.000294752
0.000291426
0.00028935
0.000287505
0.000286209
0.000285525
0.000285579
0.000286446
0.000288069
0.000290356
0.000293252
0.000296636
0.000300359
0.000304335
0.000308513
0.000313062
0.000317814
0.000322747
0.00032785
0.000333096
0.000338485
0.00034397
0.000349544
0.00035518
0.000360888
0.000366457
0.000371892
0.000377208
0.000382356
0.000387187
0.000391688
0.000395733
0.000399287
0.000402276
0.000404658
0.000406331
0.000407258
0.000407417
0.000406825
0.000405683
0.000404073
0.000402027
0.000400582
0.000401164
0.000404802
0.000413545
0.000429505
0.000461744
0.000516005
0.000481878
0.000129435
0.000125274
0.000120034
0.000114089
0.000107714
0.000101677
9.60395e-05
9.06892e-05
8.54267e-05
8.07394e-05
7.85021e-05
7.90603e-05
8.06516e-05
8.25739e-05
8.47011e-05
8.66621e-05
8.87486e-05
9.09522e-05
9.32578e-05
9.56542e-05
9.81511e-05
0.000100711
0.00010335
0.000106257
0.000109206
0.000112043
0.000114789
0.000117479
0.000120078
0.000122486
0.000124698
0.000126634
0.000128295
0.000129812
0.000130982
0.000131726
0.000132022
0.000131856
0.000131241
0.00013024
0.000128604
0.000126694
0.000125247
0.000125379
0.000127276
0.000131776
0.000140919
0.000158943
0.000186949
0.000201313
1.16262e-06
1.093e-06
1.01236e-06
9.40302e-07
8.91115e-07
8.40526e-07
7.92328e-07
7.44301e-07
6.92858e-07
6.1283e-07
5.32889e-07
4.63148e-07
3.95935e-07
3.26976e-07
2.82134e-07
2.78699e-07
2.78666e-07
2.79223e-07
2.86256e-07
2.96012e-07
3.06451e-07
3.17597e-07
3.3164e-07
3.54587e-07
3.7703e-07
3.95786e-07
4.1436e-07
4.3352e-07
4.52392e-07
4.7004e-07
4.86155e-07
4.99779e-07
5.12001e-07
5.25288e-07
5.35569e-07
5.41561e-07
5.42987e-07
5.39664e-07
5.31906e-07
5.20452e-07
5.03954e-07
4.84277e-07
4.7114e-07
4.71284e-07
4.84451e-07
5.21888e-07
6.28424e-07
8.61349e-07
1.31908e-06
1.43472e-06
0.0163439
0.0163436
0.0163421
0.0163397
0.0163364
0.0163339
0.0163326
0.016332
0.0163324
0.0163342
0.0163345
0.0163345
0.0163343
0.0163339
0.0163333
0.0163328
0.0163324
0.016332
0.0163316
0.0163311
0.0163306
0.01633
0.016329
0.0163279
0.0163269
0.0163261
0.0163255
0.0163258
0.0163276
0.0163291
0.0163301
0.0163306
0.0163309
0.0163309
0.0163307
0.0163303
0.0163299
0.0163298
0.0163294
0.0163292
0.0163306
0.0163319
0.0163325
0.0163328
0.0163328
0.0163327
0.0163331
0.0163328
0.0163325
0.0163321
0.0163307
0.0163289
0.0163262
0.0163235
0.0163209
0.0163184
0.0163193
0.016319
0.0163196
0.0163203
0.0163209
0.0163214
0.0163219
0.0163223
0.0163227
0.0163231
0.0163236
0.0163242
0.0163249
0.0163256
0.0163266
0.0163275
0.0163273
0.0163269
0.0163264
0.0163258
0.0163254
0.0163253
0.0163253
0.0163249
0.0163238
0.0163224
0.0163223
0.0163223
0.0163223
0.0163225
0.0163229
0.0163236
0.0163233
0.0163224
0.0163232
0.0163241
0.0163245
0.0163247
0.0163249
0.0163253
0.0163255
0.0163252
0.0163251
0.0163249
0.0163211
0.0163203
0.0163197
0.0163191
0.0163187
0.0163184
0.0163183
0.0163183
0.0163184
0.0163185
0.0163187
0.016319
0.0163192
0.0163195
0.0163197
0.0163199
0.0163199
0.0163197
0.0163192
0.0163185
0.0163176
0.0163165
0.0163152
0.016314
0.0163135
0.0163134
0.0163134
0.0163134
0.0163134
0.0163132
0.016313
0.0163131
0.0163136
0.0163143
0.0163152
0.0163164
0.0163167
0.0163156
0.0163139
0.0163136
0.0163142
0.0163148
0.0163152
0.0163156
0.0163161
0.0163165
0.0163163
0.0163164
0.0163163
0.0163158
0.0162848
0.0162869
0.0162889
0.0162908
0.0162925
0.016294
0.0162954
0.0162967
0.0162979
0.016299
0.0163
0.016301
0.0163018
0.0163024
0.0163025
0.0163023
0.0163017
0.0163009
0.0163002
0.0162997
0.0162995
0.0162993
0.0162993
0.0162993
0.0162996
0.0162999
0.0163002
0.0163006
0.016301
0.0163014
0.0163019
0.0163025
0.0163032
0.0163039
0.0163044
0.0163046
0.0163042
0.0163035
0.0163029
0.0163031
0.0163037
0.0163044
0.0163049
0.0163054
0.0163059
0.016306
0.0163059
0.0163063
0.0163061
0.0163055
0.0162586
0.0162605
0.0162628
0.016265
0.016267
0.016269
0.0162707
0.0162723
0.0162738
0.0162751
0.0162763
0.0162773
0.0162782
0.0162789
0.0162795
0.01628
0.0162804
0.0162808
0.0162813
0.0162818
0.0162824
0.0162829
0.0162836
0.0162842
0.0162849
0.0162856
0.0162864
0.0162871
0.0162877
0.0162884
0.0162891
0.0162897
0.0162903
0.0162906
0.0162908
0.0162907
0.0162905
0.0162904
0.0162905
0.0162911
0.0162917
0.0162924
0.016293
0.0162935
0.0162938
0.0162939
0.0162942
0.0162945
0.0162943
0.0162937
0.0162293
0.0162322
0.0162351
0.0162377
0.0162402
0.0162426
0.0162448
0.0162468
0.0162487
0.0162505
0.0162521
0.0162536
0.0162551
0.0162564
0.0162577
0.0162589
0.0162601
0.0162612
0.0162623
0.0162635
0.0162646
0.0162656
0.0162667
0.0162677
0.0162687
0.0162697
0.0162706
0.0162715
0.0162723
0.016273
0.0162736
0.0162742
0.0162746
0.0162749
0.0162751
0.0162753
0.0162755
0.0162759
0.0162764
0.0162772
0.0162779
0.0162786
0.0162791
0.0162796
0.0162798
0.0162801
0.0162805
0.0162807
0.0162804
0.0162799
0.0161995
0.016203
0.0162063
0.0162095
0.0162125
0.0162154
0.0162181
0.0162207
0.0162231
0.0162254
0.0162276
0.0162297
0.0162317
0.0162336
0.0162354
0.0162371
0.0162388
0.0162404
0.016242
0.0162435
0.0162449
0.0162463
0.0162476
0.0162488
0.01625
0.0162511
0.0162521
0.0162531
0.0162539
0.0162547
0.0162554
0.016256
0.0162565
0.016257
0.0162575
0.0162581
0.0162588
0.0162595
0.0162602
0.016261
0.0162618
0.0162624
0.0162629
0.0162633
0.0162636
0.0162641
0.0162645
0.0162646
0.0162643
0.0162639
0.016168
0.016172
0.0161759
0.0161796
0.0161832
0.0161866
0.0161898
0.0161929
0.0161958
0.0161986
0.0162013
0.0162039
0.0162063
0.0162086
0.0162109
0.016213
0.016215
0.016217
0.0162189
0.0162206
0.0162223
0.0162239
0.0162254
0.0162268
0.0162282
0.0162294
0.0162306
0.0162316
0.0162327
0.0162336
0.0162345
0.0162353
0.0162362
0.0162371
0.0162379
0.0162388
0.0162397
0.0162405
0.0162414
0.0162422
0.0162429
0.0162435
0.0162441
0.0162446
0.0162451
0.0162456
0.0162459
0.016246
0.0162457
0.0162454
0.016133
0.0161376
0.0161421
0.0161464
0.0161505
0.0161545
0.0161582
0.0161618
0.0161652
0.0161685
0.0161716
0.0161746
0.0161775
0.0161802
0.0161828
0.0161853
0.0161877
0.01619
0.0161921
0.0161942
0.0161961
0.0161979
0.0161997
0.0162014
0.0162029
0.0162044
0.0162058
0.0162072
0.0162085
0.0162097
0.0162109
0.0162121
0.0162133
0.0162144
0.0162155
0.0162166
0.0162176
0.0162186
0.0162195
0.0162203
0.0162211
0.0162218
0.0162224
0.0162231
0.0162237
0.0162242
0.0162244
0.0162244
0.0162242
0.016224
0.016093
0.0160982
0.0161034
0.0161084
0.0161131
0.0161177
0.016122
0.0161262
0.0161301
0.0161339
0.0161376
0.016141
0.0161443
0.0161475
0.0161505
0.0161534
0.0161562
0.0161588
0.0161613
0.0161637
0.016166
0.0161682
0.0161703
0.0161723
0.0161742
0.016176
0.0161778
0.0161795
0.0161811
0.0161827
0.0161842
0.0161857
0.0161871
0.0161884
0.0161897
0.0161909
0.016192
0.0161931
0.0161941
0.016195
0.0161959
0.0161968
0.0161976
0.0161983
0.0161989
0.0161993
0.0161995
0.0161995
0.0161994
0.0161994
0.0160469
0.0160529
0.0160588
0.0160646
0.0160701
0.0160753
0.0160804
0.0160852
0.0160898
0.0160942
0.0160984
0.0161024
0.0161063
0.0161099
0.0161135
0.0161168
0.0161201
0.0161232
0.0161261
0.016129
0.0161317
0.0161343
0.0161368
0.0161393
0.0161416
0.0161438
0.0161459
0.0161479
0.0161499
0.0161518
0.0161535
0.0161552
0.0161568
0.0161584
0.0161598
0.0161612
0.0161625
0.0161637
0.0161648
0.0161659
0.016167
0.0161679
0.0161688
0.0161695
0.0161701
0.0161705
0.0161707
0.0161708
0.0161708
0.0161709
0.0159941
0.0160009
0.0160078
0.0160145
0.0160208
0.0160269
0.0160327
0.0160383
0.0160436
0.0160488
0.0160536
0.0160583
0.0160628
0.0160671
0.0160713
0.0160752
0.016079
0.0160827
0.0160862
0.0160895
0.0160927
0.0160958
0.0160988
0.0161016
0.0161043
0.0161069
0.0161094
0.0161117
0.016114
0.0161161
0.0161182
0.0161201
0.016122
0.0161237
0.0161254
0.0161269
0.0161284
0.0161298
0.0161312
0.0161324
0.0161336
0.0161346
0.0161355
0.0161363
0.0161369
0.0161373
0.0161376
0.0161378
0.0161379
0.0161381
0.0159337
0.0159416
0.0159496
0.0159573
0.0159646
0.0159717
0.0159784
0.0159849
0.0159911
0.015997
0.0160027
0.0160081
0.0160134
0.0160184
0.0160232
0.0160278
0.0160322
0.0160364
0.0160405
0.0160444
0.0160481
0.0160516
0.0160551
0.0160583
0.0160614
0.0160644
0.0160673
0.01607
0.0160726
0.016075
0.0160774
0.0160796
0.0160818
0.0160838
0.0160857
0.0160875
0.0160893
0.0160909
0.0160924
0.0160938
0.016095
0.0160961
0.0160971
0.0160979
0.0160985
0.016099
0.0160994
0.0160997
0.0160999
0.0161002
0.0158648
0.0158739
0.0158831
0.015892
0.0159005
0.0159086
0.0159164
0.0159238
0.015931
0.0159378
0.0159444
0.0159507
0.0159567
0.0159625
0.015968
0.0159733
0.0159784
0.0159833
0.0159879
0.0159924
0.0159967
0.0160008
0.0160047
0.0160085
0.0160121
0.0160155
0.0160188
0.0160219
0.0160249
0.0160278
0.0160305
0.0160331
0.0160355
0.0160379
0.0160401
0.0160421
0.0160441
0.0160459
0.0160475
0.016049
0.0160504
0.0160516
0.0160526
0.0160535
0.0160543
0.0160549
0.0160554
0.0160558
0.0160561
0.0157854
0.015796
0.0158066
0.0158169
0.0158266
0.015836
0.015845
0.0158536
0.0158618
0.0158697
0.0158773
0.0158845
0.0158915
0.0158981
0.0159045
0.0159106
0.0159165
0.0159221
0.0159275
0.0159326
0.0159376
0.0159423
0.0159468
0.0159512
0.0159553
0.0159593
0.0159631
0.0159667
0.0159701
0.0159734
0.0159765
0.0159795
0.0159823
0.0159849
0.0159874
0.0159897
0.0159919
0.0159939
0.0159957
0.0159974
0.0159989
0.0160002
0.0160014
0.0160024
0.0160033
0.016004
0.0160046
0.0160051
0.0160055
0.0156937
0.0157061
0.0157185
0.0157304
0.0157417
0.0157525
0.0157629
0.0157728
0.0157823
0.0157914
0.0158001
0.0158084
0.0158165
0.0158241
0.0158315
0.0158385
0.0158453
0.0158518
0.015858
0.0158639
0.0158696
0.0158751
0.0158803
0.0158852
0.01589
0.0158946
0.0158989
0.015903
0.015907
0.0159107
0.0159142
0.0159176
0.0159207
0.0159237
0.0159265
0.0159291
0.0159315
0.0159338
0.0159358
0.0159377
0.0159394
0.0159409
0.0159423
0.0159434
0.0159445
0.0159453
0.0159461
0.0159467
0.0159472
0.0155881
0.0156025
0.015617
0.0156307
0.0156438
0.0156563
0.0156683
0.0156797
0.0156907
0.0157012
0.0157112
0.0157209
0.0157301
0.015739
0.0157474
0.0157556
0.0157633
0.0157708
0.0157779
0.0157847
0.0157913
0.0157975
0.0158035
0.0158092
0.0158147
0.0158199
0.0158248
0.0158295
0.015834
0.0158383
0.0158423
0.0158461
0.0158497
0.0158531
0.0158562
0.0158591
0.0158619
0.0158644
0.0158667
0.0158689
0.0158708
0.0158725
0.0158741
0.0158754
0.0158766
0.0158777
0.0158785
0.0158792
0.0158798
0.0154656
0.0154825
0.0154993
0.0155155
0.0155307
0.0155452
0.015559
0.0155723
0.015585
0.0155971
0.0156087
0.0156198
0.0156305
0.0156407
0.0156504
0.0156598
0.0156687
0.0156773
0.0156855
0.0156934
0.0157009
0.0157081
0.0157149
0.0157215
0.0157277
0.0157336
0.0157393
0.0157447
0.0157498
0.0157546
0.0157592
0.0157635
0.0157676
0.0157715
0.015775
0.0157784
0.0157815
0.0157844
0.015787
0.0157895
0.0157917
0.0157937
0.0157955
0.015797
0.0157984
0.0157996
0.0158006
0.0158014
0.015802
0.0153236
0.0153436
0.0153632
0.0153822
0.0153999
0.0154167
0.0154327
0.0154481
0.0154627
0.0154768
0.0154902
0.015503
0.0155153
0.0155271
0.0155384
0.0155491
0.0155595
0.0155693
0.0155788
0.0155878
0.0155964
0.0156047
0.0156126
0.0156201
0.0156272
0.015634
0.0156405
0.0156467
0.0156525
0.0156581
0.0156633
0.0156683
0.0156729
0.0156773
0.0156814
0.0156852
0.0156888
0.0156921
0.0156951
0.0156979
0.0157004
0.0157027
0.0157048
0.0157066
0.0157082
0.0157096
0.0157107
0.0157116
0.0157123
0.0151585
0.0151821
0.0152051
0.0152272
0.0152483
0.0152679
0.0152865
0.0153043
0.0153213
0.0153376
0.0153531
0.015368
0.0153822
0.0153958
0.0154088
0.0154213
0.0154332
0.0154446
0.0154555
0.0154659
0.0154758
0.0154853
0.0154943
0.015503
0.0155112
0.015519
0.0155265
0.0155336
0.0155403
0.0155466
0.0155526
0.0155583
0.0155636
0.0155687
0.0155734
0.0155778
0.0155818
0.0155856
0.0155891
0.0155923
0.0155952
0.0155979
0.0156002
0.0156023
0.0156041
0.0156056
0.0156069
0.0156079
0.0156087
0.0149668
0.0149947
0.0150217
0.0150475
0.0150722
0.0150955
0.0151173
0.015138
0.0151577
0.0151766
0.0151946
0.0152118
0.0152283
0.015244
0.0152591
0.0152735
0.0152873
0.0153004
0.015313
0.015325
0.0153365
0.0153474
0.0153579
0.0153678
0.0153773
0.0153863
0.0153949
0.015403
0.0154108
0.0154181
0.015425
0.0154315
0.0154376
0.0154434
0.0154488
0.0154539
0.0154585
0.0154629
0.0154669
0.0154706
0.0154739
0.0154769
0.0154796
0.015482
0.015484
0.0154858
0.0154872
0.0154883
0.0154891
0.0147442
0.0147774
0.0148091
0.0148394
0.0148682
0.0148957
0.0149214
0.0149456
0.0149685
0.0149904
0.0150114
0.0150314
0.0150505
0.0150687
0.0150862
0.0151029
0.0151188
0.0151341
0.0151486
0.0151625
0.0151757
0.0151884
0.0152004
0.0152119
0.0152229
0.0152333
0.0152432
0.0152525
0.0152614
0.0152699
0.0152778
0.0152853
0.0152924
0.015299
0.0153053
0.015311
0.0153164
0.0153214
0.015326
0.0153302
0.0153341
0.0153375
0.0153406
0.0153433
0.0153456
0.0153476
0.0153492
0.0153504
0.0144857
0.0145253
0.0145627
0.0145981
0.0146319
0.0146641
0.0146947
0.0147231
0.0147499
0.0147754
0.0147998
0.014823
0.0148452
0.0148664
0.0148867
0.014906
0.0149245
0.0149421
0.014959
0.0149751
0.0149904
0.015005
0.015019
0.0150322
0.0150449
0.0150569
0.0150683
0.0150791
0.0150894
0.0150991
0.0151083
0.0151169
0.0151251
0.0151327
0.0151399
0.0151465
0.0151527
0.0151585
0.0151638
0.0151686
0.015173
0.0151769
0.0151804
0.0151835
0.0151861
0.0151883
0.0151901
0.0151914
0.0141862
0.0142334
0.0142774
0.0143189
0.0143585
0.0143961
0.0144319
0.0144661
0.0144976
0.0145274
0.0145557
0.0145827
0.0146085
0.0146332
0.0146567
0.0146791
0.0147005
0.014721
0.0147405
0.0147591
0.0147769
0.0147938
0.0148099
0.0148253
0.0148399
0.0148538
0.014867
0.0148795
0.0148913
0.0149026
0.0149131
0.0149231
0.0149325
0.0149413
0.0149495
0.0149572
0.0149643
0.0149709
0.014977
0.0149825
0.0149875
0.014992
0.014996
0.0149995
0.0150025
0.015005
0.015007
0.0150085
0.01384
0.0138963
0.0139481
0.0139968
0.014043
0.014087
0.0141288
0.0141687
0.0142066
0.0142416
0.0142747
0.0143061
0.0143361
0.0143647
0.014392
0.014418
0.0144428
0.0144666
0.0144892
0.0145107
0.0145313
0.0145509
0.0145696
0.0145873
0.0146042
0.0146203
0.0146355
0.01465
0.0146636
0.0146766
0.0146888
0.0147003
0.0147111
0.0147213
0.0147307
0.0147396
0.0147478
0.0147553
0.0147623
0.0147686
0.0147744
0.0147795
0.0147841
0.0147881
0.0147915
0.0147943
0.0147965
0.0147982
0.0134416
0.0135085
0.0135693
0.0136263
0.0136802
0.0137314
0.0137802
0.0138267
0.013871
0.0139129
0.0139517
0.0139884
0.0140232
0.0140564
0.014088
0.0141182
0.014147
0.0141745
0.0142007
0.0142256
0.0142494
0.0142721
0.0142937
0.0143142
0.0143337
0.0143523
0.0143699
0.0143866
0.0144023
0.0144173
0.0144314
0.0144446
0.0144571
0.0144688
0.0144797
0.0144898
0.0144993
0.014508
0.014516
0.0145233
0.0145298
0.0145358
0.014541
0.0145455
0.0145494
0.0145526
0.0145551
0.0129856
0.0130647
0.0131358
0.0132021
0.0132648
0.0133243
0.0133809
0.0134349
0.0134863
0.0135354
0.0135816
0.0136246
0.0136651
0.0137035
0.0137402
0.0137751
0.0138084
0.0138402
0.0138705
0.0138993
0.0139268
0.013953
0.0139779
0.0140016
0.0140241
0.0140455
0.0140658
0.0140851
0.0141033
0.0141205
0.0141367
0.014152
0.0141663
0.0141798
0.0141923
0.014204
0.0142149
0.0142249
0.0142341
0.0142424
0.01425
0.0142568
0.0142627
0.0142679
0.0142724
0.014276
0.0142789
0.0124679
0.0125607
0.0126432
0.0127199
0.0127922
0.0128609
0.0129262
0.0129885
0.0130479
0.0131046
0.0131586
0.0132096
0.0132568
0.0133014
0.0133438
0.0133841
0.0134225
0.0134592
0.0134941
0.0135273
0.013559
0.0135892
0.0136179
0.0136452
0.0136711
0.0136957
0.0137191
0.0137412
0.0137622
0.013782
0.0138006
0.0138182
0.0138347
0.0138501
0.0138646
0.013878
0.0138904
0.0139019
0.0139125
0.0139221
0.0139307
0.0139385
0.0139454
0.0139513
0.0139564
0.0139606
0.0139638
0.0118865
0.011994
0.0120889
0.0121766
0.0122593
0.0123378
0.0124126
0.0124839
0.0125519
0.0126169
0.0126789
0.0127382
0.012794
0.0128458
0.0128946
0.012941
0.0129852
0.0130272
0.0130673
0.0131054
0.0131418
0.0131764
0.0132093
0.0132407
0.0132704
0.0132987
0.0133255
0.0133508
0.0133749
0.0133975
0.0134189
0.0134391
0.013458
0.0134757
0.0134922
0.0135076
0.0135219
0.0135351
0.0135471
0.0135581
0.0135681
0.013577
0.0135848
0.0135916
0.0135975
0.0136022
0.0112419
0.0113646
0.0114721
0.0115713
0.0116647
0.0117535
0.0118381
0.0119189
0.0119961
0.0120698
0.0121403
0.0122077
0.0122721
0.0123328
0.0123892
0.0124424
0.0124929
0.0125409
0.0125866
0.0126302
0.0126717
0.0127111
0.0127487
0.0127845
0.0128184
0.0128507
0.0128812
0.0129102
0.0129376
0.0129635
0.0129879
0.0130109
0.0130325
0.0130527
0.0130716
0.0130891
0.0131054
0.0131205
0.0131342
0.0131468
0.0131582
0.0131683
0.0131773
0.0131851
0.0131918
0.0131973
0.0105379
0.0106754
0.0107954
0.0109059
0.0110099
0.0111089
0.0112034
0.0112937
0.0113801
0.0114628
0.011542
0.0116177
0.0116903
0.0117597
0.0118252
0.0118861
0.0119435
0.011998
0.0120498
0.0120991
0.0121461
0.0121908
0.0122334
0.0122739
0.0123123
0.0123489
0.0123835
0.0124164
0.0124474
0.0124768
0.0125045
0.0125306
0.012555
0.012578
0.0125994
0.0126194
0.0126378
0.0126549
0.0126706
0.0126849
0.0126978
0.0127094
0.0127196
0.0127285
0.0127362
0.00978153
0.00993266
0.0100641
0.0101851
0.0102992
0.0104079
0.0105118
0.0106113
0.0107067
0.0107981
0.0108857
0.0109697
0.0110503
0.0111275
0.0112015
0.0112715
0.0113365
0.0113979
0.0114561
0.0115115
0.0115642
0.0116144
0.0116621
0.0117076
0.0117508
0.0117918
0.0118307
0.0118676
0.0119026
0.0119356
0.0119667
0.0119961
0.0120236
0.0120494
0.0120736
0.0120961
0.0121169
0.0121362
0.0121538
0.01217
0.0121846
0.0121977
0.0122093
0.0122194
0.00898303
0.00914561
0.00928686
0.00941699
0.00953993
0.00965724
0.00976965
0.00987751
0.00998108
0.0100805
0.0101761
0.0102678
0.0103559
0.0104405
0.0105217
0.0105996
0.0106734
0.0107422
0.010807
0.0108685
0.010927
0.0109827
0.0110357
0.0110861
0.0111341
0.0111797
0.011223
0.011264
0.0113029
0.0113396
0.0113743
0.011407
0.0114377
0.0114664
0.0114934
0.0115184
0.0115417
0.0115632
0.011583
0.0116011
0.0116174
0.0116322
0.0116452
0.0116566
0.00815494
0.00832603
0.0084748
0.00861217
0.00874227
0.00886672
0.00898623
0.00910115
0.00921173
0.00931812
0.00942049
0.00951898
0.00961372
0.00970485
0.00979248
0.00987675
0.00995777
0.0100346
0.0101062
0.0101738
0.0102379
0.0102989
0.010357
0.0104123
0.0104649
0.0105149
0.0105624
0.0106075
0.0106501
0.0106905
0.0107287
0.0107646
0.0107984
0.0108301
0.0108598
0.0108875
0.0109132
0.0109369
0.0109588
0.0109788
0.0109969
0.0110133
0.0110278
0.00731146
0.00748747
0.007641
0.00778333
0.00791855
0.00804825
0.00817309
0.00829341
0.00840941
0.00852124
0.00862904
0.00873294
0.00883306
0.00892952
0.00902244
0.00911194
0.00919812
0.0092811
0.00935985
0.00943336
0.00950279
0.00956872
0.00963144
0.00969116
0.00974799
0.00980205
0.00985342
0.00990218
0.0099484
0.00999215
0.0100335
0.0100725
0.0101092
0.0101437
0.0101759
0.010206
0.010234
0.0102599
0.0102838
0.0103056
0.0103255
0.0103434
0.00646745
0.00664432
0.00679963
0.00694439
0.00708247
0.0072153
0.00734346
0.00746723
0.00758679
0.00770226
0.00781377
0.00792142
0.00802533
0.0081256
0.00822235
0.00831567
0.00840567
0.00849246
0.00857613
0.00865552
0.00872978
0.00879998
0.00886668
0.00893015
0.00899058
0.00904808
0.00910275
0.00915467
0.00920393
0.00925058
0.0092947
0.00933634
0.00937555
0.00941239
0.00944691
0.00947915
0.00950916
0.00953695
0.00956259
0.00958609
0.00960748
0.00962679
0.00563768
0.00581107
0.00596507
0.0061097
0.0062483
0.00638203
0.00651136
0.00663649
0.00675757
0.00687471
0.00698799
0.00709753
0.00720341
0.00730573
0.0074046
0.0075001
0.00759234
0.0076814
0.00776738
0.00785037
0.00792898
0.00800267
0.00807244
0.00813877
0.0082019
0.00826199
0.00831916
0.00837349
0.00842506
0.00847394
0.00852019
0.00856388
0.00860505
0.00864377
0.00868007
0.00871401
0.00874562
0.00877494
0.00880201
0.00882686
0.00884952
0.00483598
0.00500145
0.00515121
0.00529328
0.00543011
0.00556253
0.00569084
0.0058152
0.0059357
0.00605243
0.00616548
0.00627492
0.00638083
0.00648332
0.00658246
0.00667833
0.00677104
0.00686066
0.00694729
0.00703101
0.00711191
0.00718822
0.00725999
0.00732805
0.0073928
0.00745443
0.00751309
0.00756886
0.00762184
0.00767209
0.00771967
0.00776464
0.00780706
0.00784697
0.00788443
0.00791948
0.00795216
0.00798251
0.00801056
0.00803634
0.00407436
0.00422789
0.00437093
0.00450823
0.00464115
0.00477012
0.00489531
0.00501679
0.00513463
0.00524891
0.00535969
0.00546704
0.00557103
0.00567173
0.00576924
0.00586362
0.00595496
0.00604335
0.00612886
0.0062116
0.00629163
0.00636906
0.00644159
0.00651011
0.0065752
0.00663716
0.00669614
0.00675225
0.00680557
0.00685618
0.00690413
0.00694948
0.00699229
0.00703261
0.00707048
0.00710594
0.00713904
0.00716981
0.00719828
0.00335977
0.0035007
0.0036355
0.0037662
0.00389326
0.00401679
0.00413685
0.00425347
0.0043667
0.00447657
0.00458315
0.00468648
0.00478663
0.00488366
0.00497765
0.00506867
0.0051568
0.00524212
0.00532472
0.00540466
0.00548205
0.00555695
0.00562946
0.00569724
0.00576139
0.00582237
0.00588042
0.00593565
0.00598816
0.00603803
0.00608531
0.00613005
0.00617232
0.00621215
0.0062496
0.00628469
0.00631748
0.00634799
0.00270346
0.00282975
0.00295462
0.00307697
0.00319637
0.00331267
0.00342582
0.00353581
0.00364265
0.00374637
0.003847
0.00394458
0.00403915
0.00413079
0.00421956
0.00430553
0.00438877
0.00446938
0.00454744
0.00462303
0.00469625
0.00476718
0.00483591
0.00490178
0.00496363
0.00502229
0.0050781
0.00513121
0.00518172
0.0052297
0.00527522
0.00531833
0.00535907
0.0053975
0.00543365
0.00546756
0.00549927
0.00211574
0.00222317
0.00233607
0.00244831
0.00255837
0.00266581
0.00277048
0.0028723
0.00297123
0.00306727
0.00316042
0.00325071
0.00333818
0.00342288
0.00350488
0.00358425
0.00366107
0.00373544
0.00380745
0.00387718
0.00394474
0.00401022
0.00407372
0.00413535
0.00419339
0.00424838
0.00430067
0.00435045
0.0043978
0.0044428
0.00448551
0.00452598
0.00456425
0.00460037
0.00463438
0.00466631
0.00159919
0.00168721
0.00178622
0.00188635
0.00198532
0.00208236
0.00217715
0.00226947
0.00235923
0.00244633
0.00253075
0.00261248
0.00269155
0.002768
0.0028419
0.00291333
0.00298238
0.00304914
0.00311372
0.00317623
0.00323675
0.00329541
0.00335228
0.00340747
0.00346107
0.00351131
0.00355897
0.0036043
0.00364743
0.00368843
0.00372736
0.00376426
0.00379918
0.00383216
0.00386323
0.00116481
0.00123067
0.00131154
0.00139647
0.00148206
0.00156695
0.00165043
0.00173205
0.00181153
0.00188868
0.00196336
0.00203553
0.00210518
0.00217234
0.00223709
0.00229951
0.00235972
0.00241784
0.00247398
0.00252826
0.00258079
0.00263171
0.00268113
0.00272915
0.0027759
0.00282022
0.00286223
0.00290218
0.00294019
0.00297634
0.00301067
0.00304322
0.00307405
0.00310318
0.000828449
0.00086864
0.000921087
0.000985212
0.00105371
0.00112396
0.00119428
0.00126379
0.00133188
0.00139813
0.00146226
0.00152408
0.00158351
0.00164058
0.00169537
0.00174799
0.00179857
0.00184724
0.00189414
0.0019394
0.00198316
0.00202554
0.00206667
0.00210665
0.00214558
0.00218358
0.00221922
0.00225305
0.00228523
0.00231583
0.00234491
0.00237251
0.000594469
0.000606117
0.000630834
0.000665056
0.000708763
0.00075957
0.000813198
0.000868232
0.000923274
0.000977421
0.00103008
0.0010808
0.00112934
0.00117564
0.00121982
0.00126205
0.00130244
0.00134117
0.00137837
0.00141418
0.00144874
0.0014822
0.00151469
0.00154633
0.00157724
0.00160753
0.00163625
0.00166351
0.00168944
0.0017141
0.00173753
0.000465016
0.000453711
0.000448827
0.000452494
0.000466308
0.000488158
0.000516265
0.000551493
0.000590279
0.000629977
0.00066964
0.000708376
0.000745411
0.000780565
0.000813591
0.000844943
0.00087483
0.000903401
0.000930768
0.000957064
0.000982402
0.00100691
0.00103071
0.00105391
0.00107662
0.00109896
0.00112101
0.00114152
0.00116099
0.00117949
0.000377765
0.000363046
0.000343286
0.000325096
0.000313901
0.00031089
0.000315263
0.000326566
0.000342271
0.000360393
0.000381477
0.000406237
0.000430707
0.00045386
0.000475756
0.000496538
0.000516262
0.000534953
0.000552691
0.000569602
0.000585858
0.000601698
0.000617158
0.000632272
0.000647147
0.000661909
0.00067665
0.000690895
0.000704173
0.000234532
0.000256932
0.000253949
0.000229714
0.000202319
0.00018284
0.000171372
0.000166347
0.000164712
0.000167868
0.000172998
0.000180208
0.00018813
0.000195292
0.00020159
0.000208502
0.000218435
0.00022941
0.000240012
0.000250132
0.000259787
0.000269089
0.000278093
0.000286806
0.000295109
0.000302631
0.000310198
0.000318261
1.91732e-06
2.47475e-06
2.57162e-06
2.14196e-06
1.59346e-06
1.2487e-06
1.60578e-06
3.62021e-06
1.0797e-05
2.24002e-05
2.30951e-05
1.84696e-05
1.32767e-05
9.33061e-06
6.9312e-06
5.43802e-06
4.48514e-06
3.91808e-06
3.80779e-06
4.1253e-06
4.47735e-06
4.84673e-06
5.23563e-06
5.64774e-06
6.08891e-06
6.57002e-06
7.11254e-06
)
;

boundaryField
{
    down
    {
        type            calculated;
        value           nonuniform List<scalar> 0();
    }
    right
    {
        type            calculated;
        value           nonuniform List<scalar> 0();
    }
    up
    {
        type            calculated;
        value           nonuniform List<scalar> 
49
(
0.0163292
0.0163291
0.0163291
0.0163291
0.0163291
0.0163291
0.0163291
0.0163291
0.0163291
0.0163291
0.0163291
0.0163291
0.0163291
0.0163291
0.0163291
0.0163291
0.0163291
0.0163291
0.0163291
0.0163291
0.0163291
0.0163291
0.0163291
0.0163291
0.0163291
0.0163291
0.0163291
0.0163291
0.0163291
0.0163291
0.016329
0.016329
0.016329
0.016329
0.016329
0.016329
0.016329
0.016329
0.016329
0.016329
0.016329
0.016329
0.016329
0.016329
0.016329
0.016329
0.016329
0.016329
0.016329
)
;
    }
    meanFlow
    {
        type            calculated;
        value           uniform 0.0163296;
    }
    surface
    {
        type            compressible::alphatWallFunction;
        Prt             0.85;
        value           nonuniform List<scalar> 
93
(
1.86047e-06
1.64798e-06
1.45708e-06
1.28882e-06
1.13873e-06
1.00244e-06
8.77681e-07
7.63022e-07
6.58307e-07
5.65518e-07
4.85374e-07
4.14955e-07
3.50352e-07
2.90253e-07
2.34367e-07
1.82788e-07
1.35736e-07
9.36894e-08
5.73576e-08
2.78134e-08
6.90964e-09
2.16937e-09
2.02813e-08
5.10695e-08
9.45259e-08
1.50217e-07
2.15739e-07
2.92062e-07
3.78899e-07
4.75432e-07
5.8038e-07
6.92083e-07
8.07761e-07
9.24756e-07
1.04157e-06
1.15441e-06
1.25959e-06
1.35336e-06
1.43231e-06
1.49337e-06
1.53605e-06
1.55558e-06
1.55573e-06
1.54039e-06
1.53291e-06
1.53056e-06
1.63038e-06
1.70514e-06
2.38642e-06
1.45686e-06
3.00812e-06
2.9499e-06
2.89215e-06
2.83476e-06
2.77749e-06
2.72008e-06
2.6623e-06
2.6039e-06
2.54466e-06
2.48388e-06
2.42069e-06
2.35509e-06
2.28768e-06
2.21395e-06
2.12171e-06
2.01448e-06
7.75047e-07
5.16037e-07
3.99536e-07
3.13623e-07
1.83869e-07
3.24704e-08
1.63686e-07
6.85796e-07
1.81861e-06
3.5375e-06
5.43416e-06
7.26248e-06
8.85354e-06
1.01824e-05
1.12873e-05
1.22056e-05
1.29708e-05
1.36097e-05
1.41446e-05
1.45964e-05
1.4977e-05
1.52959e-05
1.5561e-05
1.57798e-05
1.59565e-05
1.60921e-05
1.61869e-05
)
;
    }
    surfaceInner
    {
        type            compressible::alphatWallFunction;
        Prt             0.85;
        value           nonuniform List<scalar> 0();
    }
    coandaInlet
    {
        type            calculated;
        value           nonuniform List<scalar> 0();
    }
    defaultFaces
    {
        type            empty;
    }
    procBoundary2to0
    {
        type            processor;
        value           nonuniform List<scalar> 
73
(
0.0163326
0.0163251
0.0163159
0.0163056
0.0162938
0.01628
0.0162641
0.0162456
0.0162243
0.0161996
0.0161712
0.0161384
0.0160564
0.0161004
0.0160564
0.0160059
0.0159475
0.0158802
0.0158025
0.0157127
0.0156091
0.0154896
0.0153512
0.0153512
0.0151924
0.0150095
0.0147993
0.014557
0.014557
0.014281
0.0139662
0.013606
0.013606
0.0132016
0.0127424
0.0127424
0.0122281
0.0122281
0.0116664
0.0110405
0.0110405
0.0103593
0.0103593
0.00964399
0.00886996
0.00886996
0.00805983
0.00805983
0.00722442
0.00722442
0.00637619
0.00637619
0.00552875
0.00552875
0.00469613
0.00469613
0.00389237
0.00389237
0.0031306
0.00239861
0.0031306
0.0024233
0.00239861
0.00175974
0.00175974
0.00119704
0.00119704
0.000716758
0.000716758
0.000326112
0.000326112
7.73274e-06
7.73274e-06
)
;
    }
    procBoundary2to3
    {
        type            processor;
        value           nonuniform List<scalar> 
67
(
0.0163266
0.0163266
0.0162925
0.0162925
0.0162925
0.0162925
0.0162561
0.0162561
0.0162561
0.016216
0.016216
0.016216
0.0161778
0.0161778
0.0161343
0.0161344
0.0161344
0.016088
0.016034
0.016034
0.0159694
0.0159694
0.0158924
0.015801
0.015801
0.0156916
0.0155608
0.0155608
0.0154023
0.0152121
0.0149823
0.0147047
0.0143703
0.0143703
0.0139675
0.0134936
0.0129414
0.0123112
0.0116123
0.0108666
0.0101196
0.00946458
0.0090654
0.00891807
0.00891325
0.00897475
0.0089649
0.00880503
0.00845462
0.00791007
0.00718857
0.00632235
0.00536534
0.0044064
0.00353748
0.00278624
0.00214795
0.00161265
0.00116973
0.000808742
0.000520253
0.000304736
0.000150739
1.2879e-06
0.0163382
0.0163412
0.0163412
)
;
    }
}


// ************************************************************************* //
