/*--------------------------------*- C++ -*----------------------------------*\
  =========                 |
  \\      /  F ield         | OpenFOAM: The Open Source CFD Toolbox
   \\    /   O peration     | Website:  https://openfoam.org
    \\  /    A nd           | Version:  9
     \\/     M anipulation  |
\*---------------------------------------------------------------------------*/
FoamFile
{
    format      ascii;
    class       volScalarField;
    location    "0.02";
    object      T;
}
// * * * * * * * * * * * * * * * * * * * * * * * * * * * * * * * * * * * * * //

dimensions      [0 0 0 1 0 0 0];

internalField   nonuniform List<scalar> 
5057
(
298
298
298.001
298.001
298.001
298.001
298.001
298.001
298.001
298.001
298.002
298.002
298.002
298.002
298.002
298
298
298
298
298
298
298.001
298.001
298.001
298.001
298.001
298.001
298.001
298.001
298.001
298
298
298
298
298
298
298
298
298
298
298
298
298
298.001
298.001
298
298
298
298
298
298
298
298
298
298
298
298
298
298
298
298
298
298
298
298
298
298
298
298
297.999
297.999
297.999
297.999
297.999
297.999
298
298
298
298
298
298
297.999
297.999
297.999
297.999
297.999
297.999
297.999
297.999
297.999
298
298
298
298
298
298
297.999
297.999
297.999
297.999
297.999
297.999
297.999
297.999
297.999
298
298
298
298
298
298
297.999
297.999
297.999
297.999
297.999
297.999
297.999
297.999
297.999
298
298
298
298
298
298
297.999
297.999
297.999
297.999
297.999
297.999
297.999
297.999
297.999
298
298
298
298
298
298
297.999
297.999
297.999
297.999
297.999
297.999
297.999
297.999
297.999
298
298
298
298
298
298
298
297.999
297.999
297.999
297.999
297.999
297.999
297.999
297.999
298
298
298
298
298
298
298
298
298
298
297.999
297.999
297.999
297.999
297.999
298
298
298
298
298
298
298
298
298
298
298
298
298
298
298
298
298
298
298
298
298
298
298
298
298
298.001
298.001
298.001
298.001
298.001
298
298
298
298
298.001
298.001
298.001
298.001
298.001
298.001
298.002
298.002
298.002
298.002
298.002
298.002
298.002
298.002
298.002
298.002
298.002
298.001
297.999
297.997
297.995
297.992
297.988
297.983
297.976
297.966
298.001
298.001
298.001
298.001
298.001
298.001
298
297.998
297.996
297.993
297.989
297.984
297.977
297.967
297.953
298.001
298.001
298.001
298
298
298
297.999
297.997
297.995
297.992
297.988
297.982
297.974
297.963
297.947
298
298
298
298
297.999
297.999
297.998
297.996
297.994
297.991
297.987
297.981
297.972
297.96
297.943
297.999
297.999
297.999
297.999
297.998
297.998
297.997
297.995
297.993
297.99
297.986
297.98
297.971
297.958
297.939
297.999
297.999
297.999
297.998
297.998
297.997
297.996
297.995
297.993
297.99
297.985
297.979
297.97
297.956
297.937
297.999
297.999
297.998
297.998
297.998
297.997
297.996
297.995
297.993
297.99
297.985
297.979
297.97
297.956
297.935
297.999
297.998
297.998
297.998
297.998
297.997
297.996
297.995
297.993
297.99
297.986
297.979
297.97
297.956
297.933
297.999
297.998
297.998
297.998
297.998
297.997
297.996
297.995
297.993
297.99
297.986
297.98
297.97
297.956
297.933
297.999
297.998
297.998
297.998
297.998
297.997
297.996
297.995
297.994
297.991
297.987
297.981
297.972
297.957
297.933
297.999
297.999
297.999
297.998
297.998
297.998
297.997
297.996
297.994
297.992
297.988
297.982
297.973
297.959
297.933
297.999
297.999
297.999
297.999
297.999
297.998
297.998
297.997
297.996
297.993
297.99
297.984
297.975
297.961
297.935
298
298
298
298
298
297.999
297.999
297.998
297.997
297.995
297.992
297.987
297.978
297.964
297.938
298.001
298.001
298.001
298.001
298.001
298.001
298
297.999
297.998
297.997
297.994
297.989
297.981
297.968
297.942
298.002
298.002
298.002
298.002
298.002
298.001
298.001
298.001
298
297.999
297.997
297.994
297.988
297.978
297.957
297.951
297.93
297.904
297.869
297.822
297.756
297.659
297.513
297.285
296.926
296.342
295.446
297.932
297.904
297.867
297.818
297.751
297.656
297.514
297.299
296.96
296.428
295.547
294.218
297.925
297.897
297.858
297.808
297.737
297.634
297.481
297.247
296.876
296.284
295.291
293.765
297.92
297.892
297.854
297.803
297.733
297.63
297.476
297.239
296.864
296.263
295.247
293.672
297.916
297.888
297.85
297.8
297.729
297.625
297.47
297.232
296.854
296.25
295.23
293.657
297.913
297.885
297.847
297.797
297.725
297.621
297.465
297.226
296.846
296.239
295.217
293.645
297.91
297.882
297.845
297.795
297.723
297.618
297.461
297.22
296.838
296.229
295.203
293.633
297.908
297.88
297.843
297.793
297.721
297.615
297.457
297.215
296.831
296.219
295.19
293.62
297.906
297.879
297.842
297.792
297.72
297.614
297.455
297.211
296.825
296.21
295.177
293.607
297.905
297.879
297.842
297.792
297.719
297.613
297.453
297.208
296.82
296.202
295.166
293.594
297.906
297.879
297.843
297.793
297.72
297.614
297.453
297.206
296.816
296.195
295.155
293.581
297.907
297.88
297.844
297.794
297.722
297.615
297.454
297.206
296.814
296.19
295.146
293.573
297.909
297.883
297.847
297.797
297.725
297.618
297.457
297.208
296.816
296.194
295.16
293.617
297.913
297.888
297.853
297.805
297.734
297.631
297.475
297.237
296.864
296.284
295.346
293.997
297.937
297.916
297.888
297.849
297.794
297.714
297.598
297.424
297.159
296.761
296.126
295.224
297.986
297.986
297.986
297.987
297.987
297.987
297.987
297.987
297.988
297.988
297.988
297.988
297.988
297.988
297.989
297.989
297.989
297.989
297.989
297.989
297.989
297.989
297.99
297.99
297.99
297.99
297.99
297.99
297.99
297.99
297.991
297.991
297.991
297.991
297.991
297.991
297.991
297.991
297.991
297.991
297.992
297.992
297.992
297.992
297.992
297.992
297.992
297.992
297.992
297.992
297.992
297.992
297.993
297.993
297.993
297.993
297.993
297.993
297.993
297.993
297.993
297.993
297.993
297.993
297.993
297.993
297.993
297.993
297.994
297.994
297.994
297.994
297.994
298.011
298.011
298.011
298.011
298.011
298.011
298.011
298.011
298.011
298.011
298.011
298.011
298.011
298.011
298.011
298.011
298.011
298.011
298.011
298.011
298.011
298.011
298.011
298.011
298.011
298.011
298.011
298.011
298.011
298.011
298.011
298.011
298.011
298.011
298.011
298.011
298.011
298.011
298.01
298.01
298.01
298.01
298.01
298.01
298.01
298.01
298.01
298.01
298.01
298.01
298.01
298.01
298.01
298.01
298.01
298.01
298.01
298.01
298.01
298.01
298.01
298.01
298.01
298.01
298.01
298.01
298.01
298.01
298.01
298.009
298.009
298.009
298.009
298.008
298.008
298.008
298.008
298.008
298.008
298.008
298.008
298.008
298.008
298.008
298.008
298.008
298.008
298.008
298.008
298.008
298.008
298.008
298.008
298.008
298.008
298.008
298.008
298.008
298.008
298.008
298.008
298.008
298.008
298.008
298.008
298.008
298.008
298.008
298.008
298.008
298.008
298.008
298.008
298.008
298.008
298.008
298.008
298.008
298.008
298.008
298.008
298.008
298.008
298.007
298.007
298.007
298.007
298.007
298.007
298.007
298.007
298.007
298.007
298.007
298.007
298.007
298.007
298.007
298.007
298.007
298.007
298.007
298.007
298.007
298.007
298.007
298.014
298.014
298.014
298.014
298.014
298.014
298.014
298.014
298.014
298.014
298.015
298.015
298.015
298.015
298.015
298.015
298.015
298.015
298.015
298.015
298.015
298.015
298.015
298.015
298.015
298.015
298.015
298.015
298.015
298.015
298.015
298.015
298.015
298.015
298.015
298.015
298.015
298.015
298.015
298.015
298.015
298.015
298.015
298.015
298.015
298.014
298.014
298.014
298.014
298.014
298.014
298.014
298.014
298.014
298.014
298.014
298.014
298.014
298.014
298.014
298.014
298.014
298.014
298.014
298.014
298.014
298.014
298.014
298.014
298.014
298.014
298.014
298.014
298.018
298.018
298.018
298.018
298.018
298.018
298.018
298.017
298.017
298.017
298.017
298.017
298.017
298.017
298.017
298.017
298.017
298.017
298.017
298.017
298.017
298.017
298.017
298.017
298.017
298.017
298.017
298.017
298.017
298.017
298.017
298.017
298.017
298.017
298.017
298.017
298.017
298.017
298.017
298.017
298.016
298.016
298.016
298.016
298.016
298.016
298.016
298.016
298.016
298.016
298.016
298.016
298.016
298.016
298.016
298.016
298.016
298.016
298.016
298.016
298.016
298.016
298.016
298.016
298.016
298.016
298.016
298.015
298.015
298.015
298.015
298.015
298.015
298.022
298.022
298.022
298.022
298.022
298.022
298.022
298.022
298.022
298.022
298.022
298.022
298.022
298.022
298.022
298.022
298.022
298.022
298.022
298.022
298.022
298.022
298.022
298.022
298.022
298.022
298.022
298.022
298.021
298.021
298.021
298.021
298.021
298.021
298.021
298.021
298.021
298.021
298.021
298.021
298.021
298.021
298.021
298.021
298.021
298.021
298.021
298.021
298.021
298.021
298.021
298.021
298.021
298.021
298.021
298.021
298.021
298.021
298.021
298.021
298.021
298.021
298.02
298.02
298.02
298.02
298.02
298.02
298.02
298.02
298.02
298.02
298.02
298.026
298.026
298.026
298.026
298.026
298.026
298.026
298.026
298.026
298.026
298.026
298.026
298.026
298.025
298.025
298.025
298.025
298.025
298.025
298.025
298.025
298.025
298.025
298.025
298.025
298.025
298.025
298.025
298.025
298.025
298.025
298.025
298.025
298.025
298.025
298.025
298.024
298.024
298.024
298.024
298.024
298.024
298.024
298.024
298.024
298.024
298.024
298.024
298.024
298.024
298.024
298.024
298.024
298.024
298.024
298.023
298.023
298.023
298.023
298.023
298.023
298.023
298.023
298.023
298.023
298.023
298.023
298.023
298.023
298.023
298.022
298.022
298.022
298.029
298.029
298.029
298.029
298.029
298.029
298.029
298.029
298.029
298.029
298.029
298.029
298.029
298.029
298.029
298.029
298.029
298.029
298.029
298.029
298.029
298.029
298.029
298.029
298.029
298.029
298.029
298.029
298.028
298.028
298.028
298.028
298.028
298.028
298.028
298.028
298.028
298.028
298.028
298.028
298.028
298.028
298.028
298.028
298.028
298.028
298.028
298.028
298.028
298.027
298.027
298.027
298.027
298.027
298.027
298.027
298.027
298.027
298.027
298.027
298.027
298.027
298.027
298.027
298.027
298.026
298.026
298.026
298.026
298.026
298.026
298.026
298.026
298.033
298.033
298.033
298.033
298.033
298.033
298.033
298.033
298.033
298.033
298.033
298.033
298.033
298.033
298.033
298.033
298.032
298.032
298.032
298.032
298.032
298.032
298.032
298.032
298.032
298.032
298.032
298.032
298.032
298.032
298.032
298.032
298.032
298.032
298.032
298.031
298.031
298.031
298.031
298.031
298.031
298.031
298.031
298.031
298.031
298.031
298.031
298.031
298.031
298.03
298.03
298.03
298.03
298.03
298.03
298.03
298.03
298.03
298.03
298.03
298.03
298.029
298.029
298.029
298.029
298.029
298.029
298.029
298.029
298.029
298.029
298.029
298.028
298.036
298.036
298.036
298.036
298.036
298.036
298.036
298.036
298.036
298.036
298.036
298.036
298.036
298.036
298.036
298.036
298.036
298.036
298.036
298.036
298.036
298.036
298.036
298.036
298.036
298.035
298.035
298.035
298.035
298.035
298.035
298.035
298.035
298.035
298.035
298.035
298.035
298.035
298.035
298.035
298.034
298.034
298.034
298.034
298.034
298.034
298.034
298.034
298.034
298.034
298.034
298.034
298.034
298.033
298.033
298.033
298.033
298.033
298.033
298.033
298.033
298.033
298.033
298.033
298.032
298.032
298.032
298.032
298.032
298.032
298.032
298.032
298.032
298.04
298.04
298.04
298.04
298.04
298.04
298.04
298.04
298.04
298.04
298.04
298.04
298.04
298.04
298.04
298.04
298.04
298.039
298.039
298.039
298.039
298.039
298.039
298.039
298.039
298.039
298.039
298.039
298.039
298.039
298.039
298.039
298.038
298.038
298.038
298.038
298.038
298.038
298.038
298.038
298.038
298.038
298.038
298.037
298.037
298.037
298.037
298.037
298.037
298.037
298.037
298.037
298.037
298.036
298.036
298.036
298.036
298.036
298.036
298.036
298.036
298.036
298.035
298.035
298.035
298.035
298.035
298.035
298.035
298.035
298.034
298.034
298.034
298.044
298.044
298.044
298.044
298.044
298.044
298.044
298.044
298.044
298.043
298.043
298.043
298.043
298.043
298.043
298.043
298.043
298.043
298.043
298.043
298.043
298.043
298.043
298.043
298.043
298.042
298.042
298.042
298.042
298.042
298.042
298.042
298.042
298.042
298.042
298.042
298.042
298.041
298.041
298.041
298.041
298.041
298.041
298.041
298.041
298.041
298.04
298.04
298.04
298.04
298.04
298.04
298.04
298.04
298.04
298.039
298.039
298.039
298.039
298.039
298.039
298.039
298.039
298.038
298.038
298.038
298.038
298.038
298.038
298.038
298.037
298.037
298.037
298.048
298.048
298.048
298.048
298.048
298.048
298.047
298.047
298.047
298.047
298.047
298.047
298.047
298.047
298.047
298.047
298.047
298.047
298.047
298.047
298.047
298.046
298.046
298.046
298.046
298.046
298.046
298.046
298.046
298.046
298.046
298.046
298.045
298.045
298.045
298.045
298.045
298.045
298.045
298.045
298.045
298.044
298.044
298.044
298.044
298.044
298.044
298.044
298.043
298.043
298.043
298.043
298.043
298.043
298.043
298.042
298.042
298.042
298.042
298.042
298.042
298.042
298.041
298.041
298.041
298.041
298.041
298.041
298.04
298.04
298.04
298.04
298.04
298.052
298.052
298.052
298.051
298.051
298.051
298.051
298.051
298.051
298.051
298.051
298.051
298.051
298.051
298.051
298.051
298.051
298.051
298.05
298.05
298.05
298.05
298.05
298.05
298.05
298.05
298.05
298.05
298.049
298.049
298.049
298.049
298.049
298.049
298.049
298.049
298.048
298.048
298.048
298.048
298.048
298.048
298.048
298.048
298.047
298.047
298.047
298.047
298.047
298.047
298.046
298.046
298.046
298.046
298.046
298.046
298.045
298.045
298.045
298.045
298.045
298.045
298.044
298.044
298.044
298.044
298.044
298.043
298.043
298.043
298.043
298.043
298.043
298.042
298.056
298.056
298.056
298.056
298.055
298.055
298.055
298.055
298.055
298.055
298.055
298.055
298.055
298.055
298.055
298.055
298.055
298.054
298.054
298.054
298.054
298.054
298.054
298.054
298.054
298.054
298.053
298.053
298.053
298.053
298.053
298.053
298.053
298.052
298.052
298.052
298.052
298.052
298.052
298.052
298.051
298.051
298.051
298.051
298.051
298.051
298.05
298.05
298.05
298.05
298.05
298.049
298.049
298.049
298.049
298.049
298.048
298.048
298.048
298.048
298.048
298.047
298.047
298.047
298.047
298.047
298.046
298.046
298.046
298.046
298.046
298.045
298.045
298.045
298.06
298.06
298.06
298.06
298.06
298.059
298.059
298.059
298.059
298.059
298.059
298.059
298.059
298.059
298.059
298.059
298.058
298.058
298.058
298.058
298.058
298.058
298.058
298.058
298.057
298.057
298.057
298.057
298.057
298.057
298.057
298.056
298.056
298.056
298.056
298.056
298.056
298.055
298.055
298.055
298.055
298.055
298.054
298.054
298.054
298.054
298.054
298.053
298.053
298.053
298.053
298.053
298.052
298.052
298.052
298.052
298.052
298.051
298.051
298.051
298.051
298.05
298.05
298.05
298.05
298.049
298.049
298.049
298.049
298.048
298.048
298.048
298.048
298.047
298.064
298.064
298.064
298.064
298.064
298.064
298.064
298.063
298.063
298.063
298.063
298.063
298.063
298.063
298.063
298.063
298.062
298.062
298.062
298.062
298.062
298.062
298.062
298.061
298.061
298.061
298.061
298.061
298.061
298.06
298.06
298.06
298.06
298.06
298.06
298.059
298.059
298.059
298.059
298.059
298.058
298.058
298.058
298.058
298.057
298.057
298.057
298.057
298.056
298.056
298.056
298.056
298.055
298.055
298.055
298.055
298.054
298.054
298.054
298.054
298.053
298.053
298.053
298.053
298.052
298.052
298.052
298.052
298.051
298.051
298.051
298.05
298.05
298.05
298.068
298.068
298.068
298.068
298.068
298.068
298.068
298.068
298.068
298.067
298.067
298.067
298.067
298.067
298.067
298.067
298.067
298.066
298.066
298.066
298.066
298.066
298.066
298.065
298.065
298.065
298.065
298.065
298.064
298.064
298.064
298.064
298.064
298.063
298.063
298.063
298.063
298.062
298.062
298.062
298.062
298.061
298.061
298.061
298.061
298.06
298.06
298.06
298.06
298.059
298.059
298.059
298.059
298.058
298.058
298.058
298.057
298.057
298.057
298.056
298.056
298.056
298.056
298.055
298.055
298.055
298.054
298.054
298.054
298.053
298.053
298.053
298.052
298.052
298.073
298.072
298.072
298.072
298.072
298.072
298.072
298.072
298.072
298.072
298.072
298.071
298.071
298.071
298.071
298.071
298.071
298.07
298.07
298.07
298.07
298.07
298.07
298.069
298.069
298.069
298.069
298.068
298.068
298.068
298.068
298.068
298.067
298.067
298.067
298.067
298.066
298.066
298.066
298.065
298.065
298.065
298.065
298.064
298.064
298.064
298.063
298.063
298.063
298.062
298.062
298.062
298.061
298.061
298.061
298.061
298.06
298.06
298.06
298.059
298.059
298.058
298.058
298.058
298.057
298.057
298.057
298.056
298.056
298.056
298.055
298.055
298.055
298.054
298.077
298.077
298.077
298.077
298.077
298.076
298.076
298.076
298.076
298.076
298.076
298.076
298.076
298.075
298.075
298.075
298.075
298.075
298.074
298.074
298.074
298.074
298.074
298.073
298.073
298.073
298.073
298.072
298.072
298.072
298.072
298.071
298.071
298.071
298.07
298.07
298.07
298.069
298.069
298.069
298.069
298.068
298.068
298.068
298.067
298.067
298.067
298.066
298.066
298.065
298.065
298.065
298.064
298.064
298.064
298.063
298.063
298.063
298.062
298.062
298.061
298.061
298.061
298.06
298.06
298.059
298.059
298.059
298.058
298.058
298.057
298.057
298.057
298.056
298.081
298.081
298.081
298.081
298.081
298.081
298.081
298.081
298.081
298.08
298.08
298.08
298.08
298.08
298.079
298.079
298.079
298.079
298.079
298.078
298.078
298.078
298.078
298.077
298.077
298.077
298.077
298.076
298.076
298.076
298.075
298.075
298.075
298.074
298.074
298.074
298.073
298.073
298.073
298.072
298.072
298.072
298.071
298.071
298.07
298.07
298.07
298.069
298.069
298.068
298.068
298.068
298.067
298.067
298.066
298.066
298.065
298.065
298.065
298.064
298.064
298.063
298.063
298.062
298.062
298.062
298.061
298.061
298.06
298.06
298.059
298.059
298.059
298.058
298.086
298.086
298.086
298.086
298.086
298.085
298.085
298.085
298.085
298.085
298.085
298.084
298.084
298.084
298.084
298.084
298.083
298.083
298.083
298.083
298.082
298.082
298.082
298.081
298.081
298.081
298.08
298.08
298.08
298.079
298.079
298.079
298.078
298.078
298.078
298.077
298.077
298.076
298.076
298.076
298.075
298.075
298.074
298.074
298.073
298.073
298.073
298.072
298.072
298.071
298.071
298.07
298.07
298.069
298.069
298.068
298.068
298.067
298.067
298.067
298.066
298.066
298.065
298.065
298.064
298.064
298.063
298.063
298.062
298.062
298.061
298.061
298.06
298.06
298.091
298.091
298.09
298.09
298.09
298.09
298.09
298.09
298.09
298.089
298.089
298.089
298.089
298.088
298.088
298.088
298.088
298.087
298.087
298.087
298.087
298.086
298.086
298.086
298.085
298.085
298.084
298.084
298.084
298.083
298.083
298.082
298.082
298.082
298.081
298.081
298.08
298.08
298.079
298.079
298.078
298.078
298.077
298.077
298.077
298.076
298.075
298.075
298.074
298.074
298.073
298.073
298.072
298.072
298.071
298.071
298.07
298.07
298.069
298.069
298.068
298.068
298.067
298.067
298.066
298.065
298.065
298.064
298.064
298.063
298.063
298.062
298.062
298.061
298.095
298.095
298.095
298.095
298.095
298.095
298.094
298.094
298.094
298.094
298.094
298.093
298.093
298.093
298.093
298.092
298.092
298.092
298.091
298.091
298.091
298.09
298.09
298.09
298.089
298.089
298.088
298.088
298.088
298.087
298.087
298.086
298.086
298.085
298.085
298.084
298.084
298.083
298.083
298.082
298.082
298.081
298.081
298.08
298.079
298.079
298.078
298.078
298.077
298.077
298.076
298.075
298.075
298.074
298.074
298.073
298.072
298.072
298.071
298.071
298.07
298.069
298.069
298.068
298.068
298.067
298.067
298.066
298.065
298.065
298.064
298.064
298.063
298.062
298.1
298.1
298.1
298.1
298.1
298.099
298.099
298.099
298.099
298.099
298.098
298.098
298.098
298.097
298.097
298.097
298.097
298.096
298.096
298.095
298.095
298.095
298.094
298.094
298.093
298.093
298.092
298.092
298.092
298.091
298.091
298.09
298.089
298.089
298.088
298.088
298.087
298.087
298.086
298.085
298.085
298.084
298.084
298.083
298.082
298.082
298.081
298.08
298.08
298.079
298.078
298.078
298.077
298.076
298.076
298.075
298.074
298.074
298.073
298.072
298.072
298.071
298.07
298.07
298.069
298.068
298.068
298.067
298.067
298.066
298.065
298.065
298.064
298.063
298.105
298.105
298.105
298.104
298.104
298.104
298.104
298.104
298.103
298.103
298.103
298.103
298.102
298.102
298.102
298.101
298.101
298.101
298.1
298.1
298.099
298.099
298.099
298.098
298.098
298.097
298.097
298.096
298.095
298.095
298.094
298.094
298.093
298.093
298.092
298.091
298.091
298.09
298.089
298.089
298.088
298.087
298.086
298.086
298.085
298.084
298.084
298.083
298.082
298.081
298.081
298.08
298.079
298.078
298.078
298.077
298.076
298.075
298.075
298.074
298.073
298.072
298.072
298.071
298.07
298.07
298.069
298.068
298.068
298.067
298.066
298.065
298.065
298.064
298.11
298.109
298.109
298.109
298.109
298.109
298.109
298.108
298.108
298.108
298.108
298.107
298.107
298.107
298.106
298.106
298.106
298.105
298.105
298.104
298.104
298.103
298.103
298.102
298.102
298.101
298.101
298.1
298.099
298.099
298.098
298.097
298.097
298.096
298.095
298.095
298.094
298.093
298.092
298.092
298.091
298.09
298.089
298.088
298.088
298.087
298.086
298.085
298.084
298.083
298.083
298.082
298.081
298.08
298.079
298.078
298.078
298.077
298.076
298.075
298.074
298.074
298.073
298.072
298.071
298.07
298.07
298.069
298.068
298.067
298.067
298.066
298.065
298.065
298.114
298.114
298.114
298.114
298.114
298.114
298.113
298.113
298.113
298.113
298.112
298.112
298.112
298.111
298.111
298.111
298.11
298.11
298.109
298.109
298.108
298.108
298.107
298.107
298.106
298.105
298.105
298.104
298.103
298.103
298.102
298.101
298.1
298.1
298.099
298.098
298.097
298.096
298.095
298.095
298.094
298.093
298.092
298.091
298.09
298.089
298.088
298.087
298.086
298.085
298.084
298.083
298.083
298.082
298.081
298.08
298.079
298.078
298.077
298.076
298.075
298.074
298.073
298.073
298.072
298.071
298.07
298.069
298.068
298.068
298.067
298.066
298.065
298.065
298.119
298.119
298.119
298.119
298.118
298.118
298.118
298.118
298.118
298.117
298.117
298.117
298.116
298.116
298.116
298.115
298.115
298.114
298.114
298.113
298.113
298.112
298.112
298.111
298.11
298.11
298.109
298.108
298.107
298.107
298.106
298.105
298.104
298.103
298.102
298.101
298.1
298.1
298.099
298.098
298.097
298.095
298.094
298.093
298.092
298.091
298.09
298.089
298.088
298.087
298.086
298.085
298.084
298.083
298.082
298.081
298.08
298.079
298.078
298.077
298.076
298.075
298.074
298.073
298.072
298.071
298.07
298.069
298.068
298.068
298.067
298.066
298.065
298.064
298.124
298.123
298.123
298.123
298.123
298.123
298.123
298.123
298.122
298.122
298.122
298.121
298.121
298.121
298.12
298.12
298.119
298.119
298.118
298.118
298.117
298.117
298.116
298.115
298.115
298.114
298.113
298.112
298.112
298.111
298.11
298.109
298.108
298.107
298.106
298.105
298.104
298.103
298.102
298.1
298.099
298.098
298.097
298.096
298.094
298.093
298.092
298.091
298.09
298.088
298.087
298.086
298.085
298.084
298.082
298.081
298.08
298.079
298.078
298.077
298.076
298.075
298.074
298.073
298.072
298.071
298.07
298.069
298.068
298.067
298.066
298.065
298.065
298.064
298.128
298.128
298.128
298.128
298.128
298.128
298.127
298.127
298.127
298.127
298.126
298.126
298.126
298.125
298.125
298.125
298.124
298.124
298.123
298.123
298.122
298.121
298.121
298.12
298.119
298.118
298.117
298.117
298.116
298.115
298.114
298.113
298.112
298.11
298.109
298.108
298.107
298.106
298.104
298.103
298.102
298.1
298.099
298.098
298.096
298.095
298.094
298.092
298.091
298.089
298.088
298.087
298.085
298.084
298.083
298.081
298.08
298.079
298.078
298.076
298.075
298.074
298.073
298.072
298.071
298.07
298.069
298.068
298.067
298.066
298.065
298.064
298.064
298.063
298.132
298.132
298.132
298.132
298.132
298.132
298.132
298.132
298.132
298.131
298.131
298.131
298.131
298.13
298.13
298.129
298.129
298.128
298.128
298.127
298.127
298.126
298.125
298.124
298.124
298.123
298.122
298.121
298.12
298.119
298.118
298.117
298.115
298.114
298.113
298.112
298.11
298.109
298.107
298.106
298.104
298.103
298.101
298.1
298.098
298.097
298.095
298.093
298.092
298.09
298.089
298.087
298.085
298.084
298.082
298.081
298.079
298.078
298.077
298.075
298.074
298.073
298.072
298.07
298.069
298.068
298.067
298.066
298.065
298.065
298.064
298.063
298.062
298.061
298.137
298.137
298.137
298.137
298.137
298.137
298.136
298.136
298.136
298.136
298.136
298.135
298.135
298.135
298.135
298.134
298.134
298.133
298.133
298.132
298.131
298.131
298.13
298.129
298.128
298.127
298.126
298.125
298.124
298.123
298.122
298.121
298.119
298.118
298.116
298.115
298.113
298.112
298.11
298.109
298.107
298.105
298.103
298.101
298.1
298.098
298.096
298.094
298.092
298.09
298.089
298.087
298.085
298.083
298.082
298.08
298.078
298.077
298.075
298.074
298.072
298.071
298.07
298.068
298.067
298.066
298.065
298.064
298.063
298.062
298.062
298.061
298.06
298.059
298.141
298.141
298.141
298.141
298.141
298.141
298.141
298.141
298.141
298.14
298.14
298.14
298.14
298.14
298.139
298.139
298.138
298.138
298.137
298.137
298.136
298.136
298.135
298.134
298.133
298.132
298.131
298.13
298.129
298.128
298.126
298.125
298.123
298.122
298.12
298.118
298.117
298.115
298.113
298.111
298.109
298.107
298.105
298.103
298.101
298.099
298.097
298.094
298.092
298.09
298.088
298.086
298.084
298.082
298.08
298.078
298.076
298.075
298.073
298.071
298.07
298.068
298.067
298.066
298.065
298.063
298.062
298.061
298.06
298.06
298.059
298.058
298.057
298.056
298.145
298.145
298.145
298.145
298.145
298.145
298.145
298.145
298.145
298.145
298.145
298.145
298.144
298.144
298.144
298.144
298.143
298.143
298.142
298.142
298.141
298.14
298.14
298.139
298.138
298.137
298.136
298.135
298.133
298.132
298.131
298.129
298.127
298.126
298.124
298.122
298.12
298.118
298.116
298.114
298.111
298.109
298.107
298.104
298.102
298.099
298.097
298.094
298.092
298.089
298.087
298.085
298.082
298.08
298.078
298.076
298.074
298.072
298.07
298.068
298.066
298.065
298.063
298.062
298.061
298.059
298.058
298.057
298.056
298.055
298.055
298.054
298.053
298.052
298.148
298.148
298.148
298.149
298.149
298.149
298.149
298.149
298.149
298.149
298.149
298.149
298.149
298.149
298.148
298.148
298.148
298.148
298.147
298.147
298.146
298.145
298.145
298.144
298.143
298.142
298.141
298.139
298.138
298.137
298.135
298.134
298.132
298.13
298.128
298.126
298.124
298.121
298.119
298.116
298.114
298.111
298.108
298.105
298.103
298.1
298.097
298.094
298.091
298.088
298.085
298.082
298.08
298.077
298.075
298.072
298.07
298.068
298.065
298.063
298.062
298.06
298.058
298.057
298.055
298.054
298.053
298.052
298.051
298.05
298.049
298.049
298.049
298.049
298.151
298.152
298.152
298.152
298.152
298.153
298.153
298.153
298.153
298.153
298.153
298.153
298.153
298.153
298.153
298.153
298.153
298.152
298.152
298.151
298.151
298.15
298.15
298.149
298.148
298.147
298.146
298.144
298.143
298.142
298.14
298.138
298.136
298.134
298.132
298.13
298.127
298.125
298.122
298.119
298.116
298.113
298.11
298.106
298.103
298.1
298.096
298.093
298.089
298.086
298.083
298.079
298.076
298.073
298.07
298.067
298.065
298.062
298.059
298.057
298.055
298.053
298.051
298.049
298.048
298.047
298.046
298.046
298.046
298.046
298.047
298.048
298.049
298.05
298.155
298.155
298.155
298.156
298.156
298.156
298.156
298.157
298.157
298.157
298.157
298.157
298.157
298.157
298.157
298.157
298.157
298.157
298.157
298.156
298.156
298.155
298.155
298.154
298.153
298.152
298.151
298.15
298.148
298.147
298.145
298.143
298.141
298.139
298.136
298.134
298.131
298.128
298.125
298.122
298.118
298.115
298.111
298.107
298.103
298.099
298.095
298.091
298.087
298.083
298.079
298.075
298.072
298.068
298.064
298.061
298.058
298.055
298.052
298.049
298.047
298.045
298.044
298.043
298.043
298.043
298.044
298.045
298.046
298.048
298.051
298.054
298.058
298.063
298.157
298.158
298.158
298.159
298.159
298.159
298.16
298.16
298.16
298.161
298.161
298.161
298.161
298.161
298.162
298.162
298.162
298.161
298.161
298.161
298.161
298.16
298.16
298.159
298.158
298.157
298.156
298.155
298.153
298.152
298.15
298.148
298.146
298.144
298.141
298.138
298.135
298.132
298.128
298.124
298.12
298.116
298.112
298.108
298.103
298.098
298.094
298.089
298.084
298.079
298.075
298.07
298.065
298.061
298.057
298.053
298.049
298.046
298.044
298.042
298.042
298.041
298.042
298.042
298.044
298.047
298.051
298.055
298.061
298.067
298.073
298.08
298.087
298.094
298.16
298.161
298.161
298.161
298.162
298.162
298.163
298.163
298.164
298.164
298.164
298.165
298.165
298.165
298.166
298.166
298.166
298.166
298.166
298.166
298.165
298.165
298.165
298.164
298.163
298.162
298.161
298.16
298.159
298.157
298.155
298.153
298.151
298.149
298.146
298.143
298.139
298.136
298.132
298.127
298.123
298.118
298.113
298.108
298.102
298.097
298.091
298.086
298.08
298.074
298.068
298.063
298.058
298.053
298.049
298.046
298.044
298.042
298.041
298.042
298.044
298.048
298.053
298.058
298.065
298.071
298.078
298.085
298.091
298.097
298.102
298.107
298.113
298.119
298.162
298.163
298.163
298.164
298.165
298.165
298.166
298.166
298.167
298.167
298.168
298.168
298.169
298.169
298.169
298.17
298.17
298.17
298.17
298.17
298.17
298.17
298.169
298.169
298.168
298.168
298.167
298.166
298.164
298.163
298.161
298.159
298.156
298.154
298.151
298.147
298.144
298.14
298.135
298.13
298.125
298.12
298.114
298.108
298.101
298.095
298.088
298.081
298.074
298.068
298.062
298.056
298.052
298.049
298.046
298.046
298.048
298.052
298.056
298.062
298.068
298.074
298.08
298.085
298.09
298.095
298.099
298.104
298.107
298.111
298.115
298.118
298.122
298.126
298.164
298.165
298.166
298.166
298.167
298.168
298.168
298.169
298.169
298.17
298.171
298.171
298.172
298.172
298.173
298.173
298.174
298.174
298.174
298.174
298.174
298.174
298.174
298.174
298.174
298.173
298.172
298.171
298.17
298.168
298.167
298.165
298.162
298.159
298.156
298.153
298.149
298.144
298.139
298.134
298.128
298.121
298.115
298.108
298.1
298.092
298.084
298.077
298.07
298.064
298.059
298.056
298.056
298.058
298.062
298.067
298.072
298.076
298.08
298.084
298.087
298.09
298.093
298.095
298.098
298.101
298.103
298.106
298.109
298.111
298.114
298.117
298.12
298.123
298.166
298.167
298.167
298.168
298.169
298.17
298.17
298.171
298.172
298.173
298.173
298.174
298.175
298.175
298.176
298.177
298.177
298.178
298.178
298.178
298.179
298.179
298.179
298.179
298.178
298.178
298.177
298.177
298.175
298.174
298.172
298.17
298.168
298.165
298.162
298.158
298.154
298.149
298.144
298.138
298.131
298.124
298.116
298.108
298.099
298.09
298.082
298.076
298.07
298.07
298.072
298.074
298.078
298.082
298.085
298.087
298.088
298.089
298.089
298.089
298.09
298.09
298.091
298.092
298.093
298.095
298.098
298.101
298.104
298.107
298.11
298.113
298.117
298.121
298.168
298.168
298.169
298.17
298.171
298.171
298.172
298.173
298.174
298.175
298.176
298.177
298.177
298.178
298.179
298.18
298.18
298.181
298.182
298.182
298.183
298.183
298.183
298.183
298.183
298.183
298.183
298.182
298.181
298.18
298.178
298.176
298.174
298.171
298.168
298.164
298.16
298.155
298.149
298.142
298.135
298.126
298.118
298.109
298.1
298.093
298.088
298.088
298.089
298.092
298.095
298.097
298.097
298.096
298.094
298.091
298.088
298.085
298.083
298.081
298.08
298.081
298.082
298.084
298.086
298.089
298.092
298.096
298.1
298.104
298.108
298.113
298.117
298.121
298.169
298.169
298.17
298.171
298.172
298.173
298.174
298.175
298.176
298.177
298.178
298.179
298.18
298.181
298.182
298.183
298.183
298.184
298.185
298.186
298.186
298.187
298.187
298.188
298.188
298.188
298.188
298.187
298.186
298.186
298.184
298.183
298.181
298.178
298.175
298.171
298.166
298.161
298.155
298.148
298.14
298.131
298.122
298.114
298.108
298.107
298.109
298.112
298.115
298.115
298.112
298.107
298.1
298.093
298.086
298.08
298.076
298.073
298.071
298.07
298.071
298.073
298.075
298.078
298.082
298.086
298.09
298.095
298.1
298.105
298.11
298.115
298.12
298.126
298.17
298.17
298.171
298.172
298.173
298.174
298.175
298.176
298.177
298.178
298.18
298.181
298.182
298.183
298.184
298.185
298.186
298.187
298.188
298.189
298.19
298.191
298.191
298.192
298.192
298.192
298.192
298.192
298.192
298.191
298.19
298.189
298.187
298.185
298.182
298.178
298.174
298.168
298.162
298.156
298.148
298.139
298.132
298.128
298.13
298.134
298.137
298.136
298.13
298.121
298.11
298.098
298.087
298.078
298.072
298.067
298.064
298.063
298.063
298.064
298.066
298.069
298.073
298.077
298.082
298.087
298.092
298.097
298.103
298.109
298.115
298.121
298.127
298.134
298.17
298.171
298.172
298.173
298.174
298.175
298.176
298.177
298.179
298.18
298.181
298.182
298.183
298.185
298.186
298.187
298.188
298.19
298.191
298.192
298.193
298.194
298.195
298.195
298.196
298.197
298.197
298.197
298.197
298.196
298.196
298.195
298.194
298.192
298.189
298.186
298.183
298.178
298.173
298.166
298.158
298.152
298.152
298.156
298.162
298.162
298.155
298.142
298.126
298.11
298.095
298.082
298.073
298.066
298.061
298.058
298.057
298.058
298.059
298.062
298.066
298.07
298.075
298.08
298.085
298.091
298.096
298.102
298.108
298.115
298.122
298.129
298.137
298.145
298.171
298.172
298.173
298.174
298.175
298.176
298.177
298.178
298.18
298.181
298.182
298.184
298.185
298.186
298.188
298.189
298.19
298.192
298.193
298.194
298.196
298.197
298.198
298.199
298.2
298.201
298.201
298.201
298.202
298.202
298.202
298.201
298.2
298.199
298.198
298.196
298.193
298.19
298.186
298.18
298.175
298.177
298.184
298.19
298.186
298.173
298.153
298.131
298.111
298.094
298.081
298.07
298.063
298.058
298.055
298.054
298.054
298.056
298.059
298.063
298.068
298.073
298.078
298.084
298.09
298.096
298.102
298.109
298.116
298.123
298.131
298.139
298.148
298.157
298.171
298.172
298.173
298.174
298.175
298.176
298.178
298.179
298.18
298.182
298.183
298.184
298.186
298.188
298.189
298.191
298.192
298.194
298.195
298.197
298.198
298.2
298.201
298.202
298.203
298.204
298.205
298.206
298.206
298.207
298.207
298.207
298.207
298.207
298.207
298.207
298.207
298.205
298.201
298.197
298.201
298.213
298.22
298.213
298.192
298.166
298.14
298.117
298.098
298.083
298.072
298.063
298.058
298.054
298.052
298.052
298.054
298.057
298.06
298.065
298.07
298.076
298.082
298.088
298.095
298.102
298.109
298.116
298.124
298.132
298.14
298.15
298.16
298.17
298.171
298.172
298.173
298.174
298.175
298.176
298.178
298.179
298.181
298.182
298.184
298.185
298.187
298.188
298.19
298.192
298.194
298.195
298.197
298.199
298.2
298.202
298.204
298.205
298.206
298.208
298.209
298.21
298.211
298.212
298.213
298.214
298.215
298.217
298.218
298.22
298.221
298.22
298.217
298.222
298.24
298.251
298.241
298.215
298.183
298.154
298.128
298.108
298.091
298.078
298.067
298.06
298.055
298.052
298.051
298.051
298.053
298.056
298.061
298.066
298.072
298.078
298.085
298.092
298.1
298.107
298.115
298.123
298.132
298.141
298.15
298.16
298.171
298.182
298.17
298.171
298.173
298.174
298.175
298.176
298.178
298.179
298.181
298.182
298.184
298.186
298.187
298.189
298.191
298.193
298.195
298.197
298.199
298.201
298.203
298.204
298.206
298.208
298.21
298.211
298.213
298.214
298.216
298.218
298.219
298.221
298.224
298.227
298.23
298.233
298.235
298.234
298.237
298.26
298.282
298.273
298.244
298.207
298.174
298.146
298.123
298.104
298.088
298.075
298.065
298.058
298.052
298.049
298.048
298.049
298.051
298.054
298.059
298.064
298.071
298.078
298.086
298.094
298.102
298.111
298.12
298.129
298.138
298.148
298.158
298.169
298.179
298.19
298.17
298.171
298.172
298.173
298.175
298.176
298.178
298.179
298.181
298.182
298.184
298.186
298.188
298.19
298.192
298.194
298.196
298.198
298.2
298.202
298.205
298.207
298.209
298.211
298.213
298.215
298.217
298.219
298.221
298.224
298.227
298.23
298.233
298.237
298.24
298.244
298.246
298.247
298.266
298.304
298.309
298.28
298.239
298.202
298.171
298.144
298.122
298.103
298.087
298.074
298.064
298.055
298.05
298.046
298.044
298.044
298.046
298.049
298.053
298.059
298.065
298.073
298.081
298.09
298.1
298.11
298.12
298.131
298.141
298.152
298.163
298.174
298.184
298.194
298.169
298.17
298.172
298.173
298.174
298.176
298.177
298.179
298.181
298.182
298.184
298.186
298.188
298.19
298.193
298.195
298.197
298.2
298.202
298.204
298.207
298.209
298.212
298.214
298.217
298.22
298.222
298.225
298.228
298.231
298.234
298.238
298.242
298.245
298.248
298.251
298.253
298.261
298.303
298.339
298.321
298.28
298.238
298.203
298.173
298.147
298.124
298.105
298.088
298.074
298.063
298.053
298.046
298.041
298.038
298.037
298.037
298.039
298.042
298.047
298.053
298.061
298.069
298.079
298.089
298.1
298.112
298.125
298.137
298.149
298.161
298.172
298.183
298.193
298.168
298.17
298.171
298.172
298.174
298.176
298.177
298.179
298.181
298.183
298.185
298.187
298.189
298.191
298.194
298.196
298.199
298.201
298.204
298.207
298.21
298.213
298.216
298.219
298.222
298.225
298.229
298.232
298.235
298.239
298.242
298.245
298.248
298.25
298.253
298.255
298.259
298.281
298.339
298.358
298.327
298.284
298.244
298.209
298.179
298.152
298.129
298.109
298.091
298.076
298.063
298.051
298.042
298.035
298.03
298.027
298.025
298.025
298.026
298.029
298.034
298.04
298.047
298.056
298.066
298.078
298.09
298.104
298.118
298.132
298.146
298.159
298.172
298.185
298.168
298.169
298.171
298.172
298.174
298.176
298.177
298.179
298.181
298.183
298.185
298.188
298.19
298.193
298.195
298.198
298.201
298.204
298.207
298.211
298.214
298.218
298.221
298.225
298.229
298.232
298.236
298.239
298.242
298.245
298.248
298.249
298.251
298.252
298.254
298.258
298.267
298.301
298.361
298.366
298.335
298.294
298.254
298.219
298.189
298.162
298.137
298.116
298.096
298.079
298.064
298.051
298.04
298.03
298.022
298.016
298.011
298.008
298.006
298.006
298.007
298.01
298.014
298.02
298.028
298.037
298.048
298.061
298.075
298.09
298.106
298.124
298.143
298.164
298.168
298.17
298.171
298.173
298.175
298.177
298.179
298.181
298.183
298.185
298.187
298.19
298.193
298.196
298.199
298.202
298.205
298.209
298.212
298.216
298.22
298.224
298.228
298.232
298.235
298.239
298.242
298.245
298.247
298.249
298.25
298.25
298.251
298.253
298.257
298.262
298.275
298.322
298.369
298.373
298.346
298.309
298.27
298.234
298.203
298.175
298.149
298.126
298.105
298.086
298.069
298.054
298.041
298.029
298.018
298.009
298.001
297.994
297.988
297.983
297.979
297.977
297.976
297.976
297.977
297.98
297.985
297.992
298.001
298.012
298.028
298.049
298.077
298.113
298.17
298.172
298.174
298.176
298.178
298.18
298.182
298.184
298.187
298.189
298.192
298.195
298.198
298.201
298.204
298.208
298.211
298.215
298.219
298.223
298.226
298.23
298.234
298.238
298.241
298.244
298.246
298.248
298.249
298.249
298.249
298.25
298.253
298.258
298.264
298.269
298.284
298.333
298.371
298.378
298.36
298.327
298.29
298.254
298.222
298.192
298.165
298.141
298.119
298.099
298.08
298.064
298.048
298.034
298.022
298.01
297.999
297.989
297.979
297.97
297.961
297.953
297.945
297.937
297.929
297.922
297.915
297.909
297.904
297.901
297.902
297.912
297.936
297.984
298.176
298.177
298.179
298.182
298.184
298.186
298.188
298.191
298.193
298.196
298.199
298.202
298.205
298.208
298.211
298.214
298.217
298.221
298.225
298.228
298.232
298.235
298.238
298.241
298.243
298.245
298.246
298.247
298.247
298.247
298.249
298.254
298.262
298.268
298.271
298.276
298.292
298.336
298.366
298.378
298.374
298.348
298.315
298.279
298.246
298.215
298.188
298.162
298.139
298.118
298.099
298.082
298.066
298.051
298.037
298.024
298.012
298.001
297.989
297.978
297.967
297.955
297.942
297.929
297.915
297.899
297.882
297.863
297.84
297.813
297.781
297.752
297.728
297.723
298.184
298.186
298.188
298.19
298.192
298.194
298.196
298.198
298.2
298.203
298.205
298.207
298.21
298.213
298.215
298.218
298.221
298.224
298.227
298.23
298.232
298.235
298.237
298.239
298.241
298.242
298.243
298.244
298.244
298.248
298.256
298.266
298.274
298.278
298.279
298.285
298.301
298.334
298.353
298.368
298.383
298.368
298.34
298.306
298.273
298.243
298.215
298.19
298.167
298.146
298.127
298.11
298.094
298.079
298.066
298.053
298.042
298.031
298.021
298.01
298
297.989
297.977
297.964
297.949
297.932
297.913
297.893
297.871
297.846
297.811
297.763
297.693
297.576
298.19
298.191
298.192
298.193
298.195
298.196
298.198
298.199
298.201
298.203
298.205
298.207
298.209
298.211
298.213
298.215
298.217
298.22
298.223
298.225
298.228
298.231
298.233
298.236
298.237
298.239
298.241
298.242
298.243
298.257
298.274
298.282
298.286
298.289
298.292
298.298
298.309
298.327
298.336
298.349
298.382
298.382
298.361
298.33
298.297
298.267
298.24
298.216
298.194
298.174
298.156
298.138
298.123
298.108
298.094
298.081
298.069
298.057
298.047
298.036
298.027
298.018
298.01
298.004
297.998
297.994
297.989
297.985
297.981
297.975
297.948
297.911
297.91
297.929
)
;

boundaryField
{
    down
    {
        type            zeroGradient;
    }
    right
    {
        type            zeroGradient;
    }
    up
    {
        type            zeroGradient;
    }
    meanFlow
    {
        type            inletOutlet;
        inletValue      nonuniform List<scalar> 0();
        value           nonuniform List<scalar> 0();
    }
    surface
    {
        type            zeroGradient;
    }
    surfaceInner
    {
        type            zeroGradient;
    }
    coandaInlet
    {
        type            inletOutlet;
        inletValue      uniform 298;
        value           uniform 298;
    }
    defaultFaces
    {
        type            empty;
    }
    procBoundary1to0
    {
        type            processor;
        value           nonuniform List<scalar> 
60
(
297.986
298.011
298.008
298.014
298.018
298.022
298.026
298.029
298.033
298.036
298.04
298.044
298.048
298.052
298.056
298.06
298.064
298.068
298.073
298.077
298.082
298.086
298.091
298.095
298.1
298.105
298.11
298.114
298.119
298.124
298.128
298.132
298.137
298.141
298.144
298.148
298.151
298.154
298.157
298.16
298.162
298.164
298.165
298.167
298.168
298.169
298.169
298.17
298.17
298.17
298.169
298.169
298.168
298.167
298.167
298.167
298.169
298.174
298.182
298.188
)
;
    }
    procBoundary1to2
    {
        type            processor;
        value           nonuniform List<scalar> 
76
(
293.975
291.942
291.079
290.878
290.827
290.795
290.772
290.753
290.735
290.717
290.698
290.704
290.852
291.648
293.715
297.994
298.009
298.007
298.014
298.015
298.02
298.022
298.026
298.028
298.032
298.034
298.037
298.04
298.04
298.042
298.045
298.047
298.05
298.052
298.054
298.056
298.058
298.06
298.061
298.062
298.063
298.064
298.064
298.064
298.064
298.063
298.062
298.061
298.059
298.056
298.052
298.049
298.051
298.065
298.096
298.119
298.125
298.124
298.122
298.124
298.129
298.137
298.149
298.162
298.176
298.187
298.195
298.199
298.199
298.192
298.177
298.139
298.021
297.736
297.473
297.411
)
;
    }
}


// ************************************************************************* //
