/*--------------------------------*- C++ -*----------------------------------*\
  =========                 |
  \\      /  F ield         | OpenFOAM: The Open Source CFD Toolbox
   \\    /   O peration     | Website:  https://openfoam.org
    \\  /    A nd           | Version:  9
     \\/     M anipulation  |
\*---------------------------------------------------------------------------*/
FoamFile
{
    format      ascii;
    class       volScalarField;
    location    "0.005";
    object      nuTilda;
}
// * * * * * * * * * * * * * * * * * * * * * * * * * * * * * * * * * * * * * //

dimensions      [0 2 -1 0 0 0 0];

internalField   nonuniform List<scalar> 
6352
(
0.0131909
0.0128214
0.0126917
0.0126873
0.0127383
0.0128086
0.012884
0.0129573
0.0130255
0.013088
0.013145
0.013197
0.0132444
0.0132877
0.0133272
0.0133634
0.0133966
0.0134272
0.0134554
0.0134815
0.0135057
0.0135281
0.013549
0.0135682
0.0135856
0.0130807
0.0127172
0.012584
0.0125755
0.0126249
0.0126961
0.0127718
0.0128469
0.0129175
0.0129826
0.0130426
0.0130979
0.0131488
0.0131955
0.0132384
0.0132779
0.0133143
0.0133479
0.0133789
0.0134077
0.0134345
0.0134595
0.0134828
0.0135046
0.013525
0.0125956
0.0124632
0.0124532
0.0125022
0.0125751
0.0126542
0.0127316
0.0128042
0.0128712
0.0129331
0.012991
0.0130449
0.0130949
0.0131412
0.013184
0.0132236
0.0132603
0.0132943
0.0133259
0.0133553
0.0133828
0.0134085
0.0134326
0.0134551
0.0124575
0.0123315
0.0123221
0.0123711
0.0124448
0.0125258
0.012606
0.0126819
0.0127523
0.0128173
0.0128774
0.0129337
0.0129866
0.0130361
0.0130821
0.0131248
0.0131646
0.0132016
0.0132361
0.0132682
0.0132983
0.0133264
0.0133529
0.0133777
0.0123062
0.01219
0.0121833
0.0122328
0.0123072
0.0123898
0.0124723
0.012551
0.0126246
0.0126929
0.012756
0.0128147
0.01287
0.0129223
0.0129713
0.0130172
0.0130601
0.0131002
0.0131376
0.0131727
0.0132055
0.0132362
0.0132651
0.0132923
0.0121408
0.012038
0.0120359
0.0120869
0.0121623
0.0122463
0.0123308
0.0124121
0.0124886
0.0125599
0.0126262
0.0126879
0.0127455
0.0127998
0.0128516
0.0129004
0.0129464
0.0129895
0.01303
0.0130679
0.0131036
0.0131371
0.0131687
0.0131984
0.0119632
0.0118759
0.0118799
0.0119331
0.0120096
0.0120948
0.012181
0.0122645
0.0123436
0.0124177
0.012487
0.0125516
0.012612
0.0126687
0.0127225
0.0127739
0.0128227
0.0128688
0.0129123
0.0129532
0.0129918
0.0130281
0.0130624
0.0130948
0.0117747
0.0117043
0.0117155
0.0117714
0.0118491
0.0119354
0.0120229
0.0121082
0.0121895
0.0122662
0.0123382
0.0124056
0.0124688
0.0125282
0.0125843
0.0126376
0.0126888
0.0127376
0.012784
0.0128278
0.0128693
0.0129085
0.0129456
0.0129807
0.0115771
0.011524
0.0115428
0.0116016
0.0116805
0.0117676
0.0118563
0.011943
0.0120262
0.012105
0.0121794
0.0122494
0.0123153
0.0123773
0.0124359
0.0124915
0.0125446
0.0125957
0.0126446
0.0126912
0.0127355
0.0127775
0.0128174
0.0128552
0.011372
0.0113358
0.0113621
0.0114238
0.0115037
0.0115913
0.0116807
0.0117685
0.0118532
0.0119339
0.0120104
0.0120828
0.0121511
0.0122157
0.0122767
0.0123346
0.0123898
0.0124428
0.0124939
0.012543
0.01259
0.0126347
0.0126773
0.0127178
0.0111614
0.0111407
0.0111738
0.011238
0.0113185
0.0114063
0.0114959
0.0115844
0.0116702
0.0117524
0.0118308
0.0119052
0.0119758
0.0120427
0.0121061
0.0121664
0.0122238
0.0122788
0.0123317
0.0123829
0.0124322
0.0124794
0.0125246
0.0125677
0.010947
0.0109399
0.0109787
0.0110446
0.011125
0.0112123
0.0113017
0.0113904
0.0114768
0.0115601
0.0116399
0.0117161
0.0117887
0.0118577
0.0119234
0.011986
0.0120457
0.0121027
0.0121575
0.0122104
0.0122617
0.0123113
0.0123589
0.0124046
0.0107346
0.0107775
0.0108439
0.0109235
0.0110095
0.0110979
0.0111861
0.0112725
0.0113564
0.0114372
0.0115148
0.011589
0.01166
0.0117278
0.0117925
0.0118544
0.0119135
0.0119703
0.012025
0.012078
0.0121295
0.0121794
0.0122276
0.010526
0.0105713
0.010637
0.0107146
0.0107984
0.0108848
0.0109716
0.0110573
0.011141
0.0112222
0.0113006
0.0113761
0.0114486
0.0115181
0.0115847
0.0116486
0.0117099
0.0117687
0.0118253
0.0118799
0.0119329
0.0119847
0.012035
0.0103159
0.0103616
0.0104251
0.0104994
0.0105798
0.0106633
0.0107476
0.0108316
0.0109142
0.010995
0.0110735
0.0111495
0.0112229
0.0112937
0.0113619
0.0114275
0.0114905
0.0115512
0.0116096
0.011666
0.0117206
0.0117737
0.0118256
0.0101063
0.0101503
0.01021
0.0102797
0.0103555
0.0104346
0.0105154
0.0105964
0.0106768
0.0107561
0.0108337
0.0109094
0.010983
0.0110543
0.0111234
0.0111901
0.0112546
0.0113168
0.0113768
0.0114348
0.0114909
0.0115453
0.0115983
0.00989923
0.00993979
0.00999416
0.0100578
0.0101276
0.0102011
0.0102769
0.0103537
0.0104306
0.0105071
0.0105826
0.0106569
0.0107295
0.0108005
0.0108695
0.0109366
0.0110017
0.0110649
0.011126
0.0111852
0.0112426
0.0112983
0.0113523
0.00973293
0.00978051
0.00983684
0.00989927
0.00996589
0.0100353
0.0101064
0.0101784
0.0102507
0.0103227
0.0103941
0.0104645
0.0105338
0.0106017
0.0106681
0.0107329
0.010796
0.0108574
0.0109172
0.0109752
0.0110316
0.0110865
0.0095324
0.00957228
0.00962029
0.00967432
0.0097328
0.00979451
0.00985853
0.00992409
0.0099906
0.0100576
0.0101246
0.0101913
0.0102574
0.0103227
0.010387
0.0104502
0.0105121
0.0105726
0.0106319
0.0106896
0.010746
0.0108009
0.00934163
0.0093732
0.00941223
0.00945706
0.00950643
0.00955935
0.009615
0.00967274
0.009732
0.00979232
0.0098533
0.00991458
0.00997588
0.0100369
0.0100975
0.0101575
0.0102167
0.010275
0.0103323
0.0103885
0.0104436
0.0104976
0.00918685
0.00921663
0.00925189
0.00929162
0.00933501
0.00938139
0.00943019
0.00948094
0.0095332
0.00958663
0.00964088
0.00969566
0.00975073
0.00980586
0.00986084
0.00991551
0.00996976
0.0100234
0.0100765
0.0101287
0.0101802
0.00901537
0.00903653
0.00906261
0.00909282
0.00912654
0.00916326
0.00920252
0.00924394
0.00928715
0.00933184
0.00937771
0.00942451
0.009472
0.00951996
0.00956819
0.00961654
0.00966486
0.00971301
0.00976088
0.00980838
0.00985547
0.00886027
0.008874
0.00889187
0.00891334
0.00893794
0.00896532
0.00899513
0.00902706
0.00906086
0.00909624
0.00913298
0.00917086
0.00920965
0.00924918
0.00928926
0.00932974
0.00937049
0.00941137
0.00945228
0.00949312
0.00953383
0.00872899
0.00874022
0.00875439
0.00877117
0.0087903
0.00881154
0.00883466
0.00885949
0.00888581
0.00891347
0.00894227
0.00897205
0.00900265
0.00903393
0.00906575
0.00909799
0.00913053
0.00916327
0.0091961
0.00922897
0.00859813
0.00860513
0.00861424
0.00862524
0.00863797
0.0086523
0.0086681
0.00868525
0.00870362
0.0087231
0.00874357
0.00876491
0.008787
0.00880973
0.008833
0.00885671
0.00888075
0.00890504
0.00892949
0.00895403
0.00848188
0.00848835
0.00849601
0.00850472
0.00851442
0.00852504
0.00853653
0.00854882
0.00856186
0.00857558
0.00858992
0.0086048
0.00862015
0.00863591
0.008652
0.00866835
0.0086849
0.00870157
0.00871833
0.00836228
0.00836902
0.00837612
0.00838354
0.00839126
0.00839928
0.0084076
0.00841621
0.00842512
0.00843431
0.00844376
0.00845345
0.00846334
0.00847342
0.00848365
0.00849399
0.00850438
0.00851479
0.00852519
0.00824731
0.00825633
0.00826502
0.00827337
0.00828141
0.00828916
0.00829666
0.00830395
0.00831107
0.00831803
0.00832487
0.0083316
0.0083382
0.00834477
0.00835127
0.00835767
0.00836396
0.00837011
0.00812605
0.00813831
0.00814967
0.00816014
0.00816974
0.00817855
0.00818663
0.00819404
0.00820092
0.00820742
0.00821355
0.00821929
0.00822467
0.00822968
0.00823434
0.00823868
0.00824271
0.00797441
0.00799234
0.00800879
0.00802378
0.00803738
0.00804965
0.0080607
0.00807059
0.00807958
0.00808782
0.0080953
0.00810204
0.00810806
0.0081134
0.00811809
0.00812217
0.00812568
0.00781711
0.00783982
0.00786069
0.00787976
0.00789707
0.0079127
0.00792674
0.00793956
0.00795128
0.00796188
0.00797137
0.00797978
0.00798716
0.00799356
0.00799904
0.00800367
0.00763244
0.00765968
0.00768478
0.00770773
0.00772861
0.00774774
0.00776544
0.0077816
0.00779621
0.00780929
0.00782088
0.00783102
0.0078398
0.00784729
0.00785358
0.00737863
0.00741213
0.00744309
0.00747151
0.00749801
0.00752267
0.00754537
0.00756603
0.00758464
0.00760121
0.0076158
0.00762849
0.00763935
0.00764847
0.00765594
0.00711272
0.00714863
0.00718274
0.00721468
0.00724424
0.0072713
0.00729577
0.00731768
0.00733703
0.0073539
0.00736834
0.00738043
0.00739027
0.00739798
0.00679924
0.00683766
0.00687337
0.00690612
0.00693583
0.00696242
0.00698588
0.00700622
0.00702349
0.00703777
0.00704912
0.00705783
0.00706473
0.00639456
0.0064349
0.00647192
0.00650544
0.00653531
0.0065615
0.00658396
0.00660267
0.00661769
0.00662933
0.00663866
0.00664627
0.00665193
0.00597717
0.00601247
0.00604372
0.00607074
0.00609345
0.00611182
0.00612586
0.00613707
0.0061462
0.0061528
0.00615661
0.00615748
0.00550036
0.00552632
0.00554749
0.00556379
0.00557652
0.00558705
0.00559472
0.00559902
0.00559978
0.00559413
0.00558238
0.00496195
0.00497554
0.00498678
0.00499523
0.0050003
0.00500149
0.00499641
0.00498525
0.00496877
0.0049484
0.00437734
0.00438345
0.00438615
0.00438413
0.00437595
0.00436254
0.00434291
0.00431607
0.00428094
0.00379408
0.0037944
0.00378721
0.00377174
0.00374784
0.00371488
0.00367207
0.00361893
0.00324945
0.00324233
0.00322534
0.0031991
0.00316313
0.00311722
0.00306072
0.00299347
0.0027246
0.00269762
0.00266103
0.00261445
0.00255734
0.00248888
0.00240885
0.00216689
0.00211319
0.00204918
0.00197408
0.00188775
0.00166901
0.0015999
0.00151947
0.001427
0.00125183
0.00115723
0.00105023
0.0135993
0.0135995
0.0135996
0.0135997
0.0135998
0.0135999
0.0136
0.0136
0.0136
0.0136
0.0136
0.0136
0.0136
0.0135999
0.0135999
0.0135998
0.0135997
0.0135996
0.0135995
0.0135994
0.0135409
0.0135411
0.0135412
0.0135413
0.0135414
0.0135415
0.0135416
0.0135416
0.0135416
0.0135416
0.0135416
0.0135415
0.0135415
0.0135414
0.0135413
0.0135412
0.0135411
0.0135409
0.0135408
0.0135406
0.0134724
0.0134726
0.0134728
0.0134729
0.013473
0.0134731
0.0134731
0.0134732
0.0134732
0.0134732
0.0134731
0.013473
0.0134729
0.0134728
0.0134727
0.0134725
0.0134724
0.0134722
0.013472
0.0134718
0.0133963
0.0133966
0.0133968
0.0133969
0.013397
0.0133971
0.0133972
0.0133972
0.0133972
0.0133971
0.0133971
0.013397
0.0133969
0.0133967
0.0133965
0.0133963
0.0133961
0.0133959
0.0133956
0.0133953
0.0133124
0.0133127
0.0133129
0.013313
0.0133132
0.0133132
0.0133133
0.0133133
0.0133133
0.0133132
0.0133131
0.013313
0.0133129
0.0133127
0.0133125
0.0133122
0.013312
0.0133117
0.0133113
0.013311
0.0132201
0.0132203
0.0132206
0.0132207
0.0132209
0.0132209
0.013221
0.013221
0.0132209
0.0132209
0.0132207
0.0132206
0.0132204
0.0132202
0.0132199
0.0132196
0.0132193
0.0132189
0.0132185
0.0132181
0.013118
0.0131183
0.0131186
0.0131188
0.0131189
0.013119
0.013119
0.013119
0.0131189
0.0131188
0.0131187
0.0131185
0.0131182
0.0131179
0.0131176
0.0131173
0.0131168
0.0131164
0.0131159
0.0131154
0.0130054
0.0130058
0.013006
0.0130062
0.0130064
0.0130064
0.0130065
0.0130064
0.0130063
0.0130062
0.013006
0.0130058
0.0130055
0.0130051
0.0130047
0.0130043
0.0130038
0.0130033
0.0130027
0.0130021
0.0128814
0.0128818
0.0128821
0.0128823
0.0128825
0.0128825
0.0128825
0.0128825
0.0128824
0.0128822
0.0128819
0.0128816
0.0128813
0.0128809
0.0128804
0.0128799
0.0128793
0.0128787
0.012878
0.0128773
0.0127455
0.0127459
0.0127462
0.0127464
0.0127465
0.0127466
0.0127466
0.0127465
0.0127464
0.0127461
0.0127458
0.0127455
0.0127451
0.0127446
0.012744
0.0127434
0.0127427
0.0127419
0.0127411
0.0127403
0.0125968
0.0125972
0.0125975
0.0125978
0.0125979
0.012598
0.012598
0.0125979
0.0125977
0.0125974
0.012597
0.0125966
0.0125961
0.0125955
0.0125948
0.0125941
0.0125933
0.0125924
0.0125914
0.0125904
0.012435
0.0124354
0.0124358
0.012436
0.0124362
0.0124362
0.0124362
0.012436
0.0124358
0.0124354
0.012435
0.0124345
0.0124338
0.0124331
0.0124323
0.0124315
0.0124305
0.0124295
0.0124284
0.0124272
0.0122592
0.0122597
0.0122601
0.0122604
0.0122605
0.0122605
0.0122604
0.0122602
0.0122599
0.0122595
0.012259
0.0122584
0.0122576
0.0122568
0.0122559
0.0122548
0.0122537
0.0122525
0.0122512
0.0122498
0.0120677
0.0120683
0.0120687
0.012069
0.0120691
0.0120691
0.012069
0.0120688
0.0120684
0.0120679
0.0120673
0.0120665
0.0120657
0.0120647
0.0120636
0.0120624
0.0120611
0.0120597
0.0120582
0.0120566
0.0118592
0.0118598
0.0118603
0.0118606
0.0118607
0.0118607
0.0118605
0.0118602
0.0118598
0.0118592
0.0118584
0.0118576
0.0118566
0.0118555
0.0118542
0.0118528
0.0118513
0.0118497
0.011848
0.0118461
0.0116324
0.0116331
0.0116335
0.0116338
0.011634
0.0116339
0.0116337
0.0116334
0.0116328
0.0116322
0.0116313
0.0116303
0.0116292
0.0116279
0.0116265
0.0116249
0.0116232
0.0116214
0.0116194
0.0116173
0.0113864
0.0113871
0.0113876
0.011388
0.0113881
0.011388
0.0113877
0.0113873
0.0113867
0.0113859
0.011385
0.0113838
0.0113826
0.0113811
0.0113795
0.0113777
0.0113758
0.0113737
0.0113715
0.0113691
0.0111206
0.0111213
0.0111218
0.0111222
0.0111223
0.0111222
0.0111219
0.0111214
0.0111207
0.0111198
0.0111187
0.0111175
0.011116
0.0111144
0.0111126
0.0111106
0.0111085
0.0111062
0.0111037
0.0111011
0.0108346
0.0108355
0.010836
0.0108364
0.0108364
0.0108363
0.010836
0.0108354
0.0108347
0.0108337
0.0108325
0.0108311
0.0108295
0.0108277
0.0108257
0.0108235
0.0108211
0.0108186
0.0108159
0.010813
0.0105304
0.0105313
0.0105319
0.0105323
0.0105323
0.0105321
0.0105317
0.0105311
0.0105303
0.0105292
0.0105279
0.0105263
0.0105246
0.0105226
0.0105204
0.0105181
0.0105155
0.0105127
0.0105097
0.0105066
0.0102113
0.0102122
0.0102129
0.0102132
0.0102132
0.010213
0.0102126
0.0102119
0.010211
0.0102098
0.0102083
0.0102067
0.0102047
0.0102026
0.0102002
0.0101977
0.0101949
0.0101918
0.0101886
0.0101852
0.00988373
0.00988463
0.00988525
0.00988558
0.00988553
0.00988529
0.00988478
0.009884
0.00988295
0.00988164
0.00988007
0.00987824
0.00987617
0.00987385
0.00987129
0.0098685
0.00986548
0.00986224
0.00985878
0.00985511
0.00955804
0.00955891
0.00955947
0.00955972
0.00955961
0.00955928
0.00955866
0.00955775
0.00955656
0.00955509
0.00955336
0.00955135
0.00954909
0.00954657
0.00954379
0.00954078
0.00953752
0.00953403
0.00953032
0.00952638
0.00924825
0.00924902
0.00924947
0.00924949
0.00924929
0.00924881
0.00924803
0.00924696
0.00924559
0.00924393
0.00924199
0.00923978
0.00923729
0.00923453
0.00923152
0.00922824
0.00922472
0.00922096
0.00921696
0.00921273
0.00896815
0.00896879
0.00896909
0.008969
0.00896866
0.008968
0.00896703
0.00896575
0.00896416
0.00896228
0.00896011
0.00895764
0.0089549
0.00895188
0.00894859
0.00894504
0.00894123
0.00893717
0.00893286
0.00892832
0.00872777
0.00872825
0.00872829
0.00872808
0.00872755
0.00872669
0.0087255
0.008724
0.00872218
0.00872005
0.00871762
0.0087149
0.00871188
0.00870858
0.008705
0.00870114
0.00869702
0.00869265
0.00868801
0.00868314
0.00853093
0.00853124
0.00853115
0.00853075
0.00853001
0.00852892
0.00852749
0.00852574
0.00852365
0.00852125
0.00851853
0.00851551
0.00851218
0.00850856
0.00850466
0.00850047
0.008496
0.00849127
0.00848628
0.00848104
0.00837365
0.00837379
0.00837358
0.00837301
0.00837207
0.00837078
0.00836914
0.00836716
0.00836485
0.0083622
0.00835923
0.00835594
0.00835233
0.00834842
0.00834421
0.0083397
0.00833491
0.00832983
0.00832449
0.00831888
0.00824489
0.00824487
0.00824455
0.00824383
0.00824274
0.00824128
0.00823945
0.00823726
0.00823473
0.00823186
0.00822865
0.00822511
0.00822126
0.00821708
0.00821259
0.0082078
0.00820271
0.00819733
0.00819167
0.00818574
0.00812743
0.00812739
0.00812702
0.00812626
0.00812509
0.00812355
0.00812162
0.00811932
0.00811665
0.00811363
0.00811026
0.00810655
0.00810252
0.00809816
0.00809348
0.0080885
0.00808323
0.00807766
0.0080718
0.00806567
0.00800592
0.00800592
0.00800563
0.00800494
0.00800385
0.00800236
0.00800049
0.00799824
0.00799563
0.00799265
0.00798931
0.00798563
0.00798161
0.00797726
0.00797258
0.0079676
0.00796231
0.00795673
0.00795087
0.00794473
0.0078566
0.00785681
0.00785661
0.00785609
0.00785516
0.00785385
0.00785216
0.00785009
0.00784766
0.00784486
0.00784172
0.00783824
0.00783442
0.00783028
0.00782582
0.00782106
0.00781599
0.00781063
0.007805
0.00779909
0.00765941
0.0076598
0.00765967
0.00765928
0.00765856
0.00765747
0.007656
0.00765418
0.00765199
0.00764946
0.00764659
0.00764339
0.00763987
0.00763604
0.0076319
0.00762747
0.00762276
0.00761776
0.0076125
0.00760698
0.00740133
0.0074018
0.00740171
0.00740138
0.0074008
0.00739997
0.00739879
0.00739727
0.00739542
0.00739324
0.00739075
0.00738796
0.00738486
0.00738148
0.00737781
0.00737388
0.00736969
0.00736525
0.00736057
0.00735565
0.00706805
0.00706864
0.00706862
0.00706838
0.00706793
0.00706728
0.00706641
0.00706534
0.00706398
0.00706233
0.0070604
0.0070582
0.00705573
0.007053
0.00705003
0.00704682
0.00704338
0.00703973
0.00703586
0.00703181
0.00665399
0.00665437
0.00665433
0.0066541
0.00665371
0.00665314
0.00665241
0.00665152
0.00665046
0.00664925
0.00664788
0.00664634
0.00664458
0.00664262
0.00664045
0.00663809
0.00663555
0.00663284
0.00662996
0.00662693
0.0061542
0.00615405
0.00615379
0.00615341
0.00615292
0.00615233
0.00615163
0.00615083
0.00614992
0.00614892
0.00614783
0.00614665
0.00614539
0.00614404
0.00614262
0.00614113
0.00613957
0.00613796
0.0061363
0.00613459
0.0055708
0.00557039
0.00556997
0.00556952
0.00556905
0.00556855
0.00556802
0.00556747
0.00556689
0.00556629
0.00556566
0.005565
0.00556433
0.00556363
0.00556291
0.00556217
0.00556142
0.00556065
0.00555988
0.00555909
0.00493137
0.00493073
0.00493013
0.00492957
0.00492903
0.00492853
0.00492805
0.0049276
0.00492717
0.00492676
0.00492638
0.00492602
0.00492568
0.00492537
0.00492509
0.00492483
0.00492461
0.00492441
0.00492425
0.00492412
0.00424878
0.00424747
0.00424631
0.00424529
0.00424439
0.0042436
0.00424293
0.00424237
0.0042419
0.00424154
0.00424127
0.0042411
0.00424102
0.00424103
0.00424129
0.00424181
0.00424257
0.00424357
0.0042448
0.00424628
0.00357134
0.00356927
0.00356746
0.00356591
0.0035646
0.0035635
0.00356262
0.00356194
0.00356146
0.00356116
0.00356104
0.00356119
0.0035618
0.00356286
0.00356432
0.00356616
0.00356835
0.00357088
0.00357373
0.00357689
0.0029338
0.00293107
0.00292877
0.00292687
0.00292535
0.00292419
0.00292338
0.00292289
0.00292271
0.00292302
0.0029241
0.00292586
0.00292824
0.00293116
0.00293458
0.00293844
0.00294258
0.00294692
0.00295144
0.00295614
0.00233689
0.00233345
0.00233067
0.00232851
0.00232696
0.00232597
0.00232552
0.0023257
0.00232718
0.0023298
0.0023334
0.00233771
0.00234241
0.00234749
0.00235291
0.00235865
0.00236468
0.00237098
0.00237755
0.00238434
0.00181142
0.00180771
0.00180487
0.00180287
0.00180166
0.0018012
0.00180181
0.00180409
0.00180777
0.00181229
0.00181735
0.00182291
0.00182891
0.00183532
0.00184208
0.00184917
0.00185656
0.00186421
0.0018721
0.0018802
0.00134498
0.00134096
0.00133812
0.00133636
0.00133561
0.00133609
0.00133875
0.00134302
0.00134807
0.0013538
0.00136013
0.00136698
0.00137428
0.00138197
0.00139
0.00139833
0.00140692
0.00141574
0.00142476
0.00143395
0.000945555
0.000940017
0.000936872
0.000935391
0.000935377
0.000938514
0.000943278
0.000949064
0.000955682
0.000962973
0.000970795
0.000979025
0.000987561
0.000996354
0.00100537
0.00101456
0.00102391
0.00103339
0.00104297
0.00105265
0.00060513
0.000606482
0.000610898
0.000616821
0.00062404
0.000632339
0.000641386
0.000650922
0.000660758
0.00067074
0.000680305
0.000689361
0.000698506
0.000707714
0.000716958
0.000726216
0.000735473
0.000744722
0.000459208
0.000469562
0.000479741
0.00048961
0.000498978
0.000507507
0.000515685
0.000523211
0.0135992
0.013599
0.0135987
0.0135985
0.0135983
0.0135402
0.0135398
0.0135395
0.0135391
0.0135388
0.0134713
0.0134707
0.0134702
0.0134697
0.0134692
0.0133947
0.013394
0.0133933
0.0133926
0.013392
0.0133102
0.0133093
0.0133084
0.0133076
0.0133067
0.0132171
0.013216
0.0132149
0.0132138
0.0132127
0.0131142
0.0131128
0.0131114
0.0131101
0.0131088
0.0130007
0.0129989
0.0129972
0.0129956
0.012994
0.0128756
0.0128735
0.0128714
0.0128694
0.0128674
0.0127383
0.0127357
0.0127332
0.0127308
0.0127284
0.012588
0.0125849
0.0125819
0.012579
0.0125761
0.0124243
0.0124206
0.012417
0.0124134
0.0124099
0.0122464
0.0122419
0.0122376
0.0122333
0.0122291
0.0120526
0.0120473
0.0120421
0.012037
0.012032
0.0118415
0.0118353
0.0118291
0.0118231
0.0118173
0.011612
0.0116047
0.0115976
0.0115906
0.0115838
0.0113631
0.0113547
0.0113465
0.0113385
0.0113307
0.0110943
0.0110847
0.0110754
0.0110663
0.0110574
0.0108054
0.0107947
0.0107842
0.010774
0.010764
0.0104983
0.0104863
0.0104746
0.0104633
0.0104523
0.0101762
0.010163
0.0101502
0.0101377
0.0101257
0.00984533
0.00983094
0.00981699
0.0098035
0.00979045
0.00951584
0.00950018
0.00948503
0.00947041
0.00945631
0.00920139
0.00918435
0.00916791
0.00915208
0.00913684
0.00891612
0.00889761
0.00887979
0.00886266
0.00884622
0.00867002
0.00864995
0.00863067
0.00861217
0.00859445
0.0084669
0.00844513
0.00842426
0.00840428
0.00838517
0.0083037
0.00828022
0.00825776
0.00823632
0.00821587
0.00816961
0.00814461
0.00812079
0.00809812
0.00807657
0.00804891
0.00802298
0.00799844
0.00797528
0.00795345
0.00792788
0.00790202
0.00787774
0.00785495
0.00783353
0.00778274
0.00775769
0.0077342
0.0077122
0.00769163
0.00759162
0.00756829
0.00754661
0.00752652
0.00750792
0.0073419
0.00732135
0.00730257
0.00728546
0.00726994
0.00702039
0.00700379
0.00698903
0.00697599
0.00696457
0.00661838
0.00660676
0.00659708
0.0065892
0.00658293
0.00612992
0.00612372
0.00611899
0.00611564
0.00611361
0.00555702
0.00555536
0.00555539
0.00555943
0.00556679
0.00492393
0.00492864
0.00493798
0.00495099
0.00496597
0.00425068
0.00426344
0.00428012
0.00429871
0.00431899
0.00358536
0.00360396
0.0036249
0.00364793
0.00367289
0.00296863
0.00299287
0.00302027
0.00305061
0.00308323
0.00240206
0.00243531
0.00247132
0.0025093
0.00254869
0.00190066
0.00193878
0.0019796
0.00202217
0.00206587
0.00145629
0.00149791
0.0015422
0.00158803
0.00163475
0.00107515
0.00111757
0.00116301
0.00121006
0.00125802
0.000765297
0.000804291
0.000845887
0.000889497
0.000934882
0.000539285
0.000570359
0.000599587
0.000629885
0.000664318
0.000362706
0.000378761
0.000392775
0.000410499
0.00043421
0.000210803
0.000213961
0.000228166
0.0135982
0.013598
0.0135979
0.0135978
0.0135977
0.0135976
0.0135975
0.0135975
0.0135976
0.0135977
0.013598
0.0135984
0.0135989
0.0135997
0.0136007
0.0136019
0.0136034
0.0136051
0.0136073
0.0136097
0.0136125
0.0136158
0.0136195
0.0136237
0.0136285
0.0136338
0.0136398
0.0136466
0.0136541
0.0136625
0.0136719
0.0136823
0.0136938
0.0137065
0.0137204
0.0137356
0.0137522
0.0137701
0.0137894
0.0138099
0.0138317
0.0138548
0.0138795
0.0139058
0.0139325
0.0139571
0.0139788
0.0140156
0.0140385
0.014019
0.0135382
0.0135379
0.0135377
0.0135374
0.0135371
0.0135369
0.0135367
0.0135365
0.0135364
0.0135363
0.0135364
0.0135367
0.0135371
0.0135379
0.0135388
0.0135401
0.0135418
0.0135439
0.0135464
0.0135495
0.0135531
0.0135573
0.0135622
0.0135677
0.0135739
0.0135808
0.0135885
0.013597
0.0136064
0.0136169
0.0136285
0.0136412
0.0136551
0.0136702
0.0136867
0.0137047
0.013724
0.0137447
0.0137669
0.0137903
0.0138148
0.0138401
0.0138662
0.0138938
0.0139231
0.0139504
0.0139736
0.0140085
0.0140333
0.01402
0.0134683
0.0134679
0.0134674
0.013467
0.0134665
0.013466
0.0134656
0.0134652
0.0134648
0.0134646
0.0134645
0.0134647
0.0134651
0.0134659
0.013467
0.0134686
0.0134706
0.0134732
0.0134765
0.0134804
0.0134851
0.0134906
0.0134968
0.0135039
0.013512
0.0135209
0.0135308
0.0135418
0.0135539
0.0135672
0.0135817
0.0135976
0.0136147
0.0136331
0.0136528
0.0136738
0.0136962
0.0137201
0.0137453
0.0137718
0.0137993
0.0138274
0.0138558
0.0138846
0.0139146
0.0139445
0.0139704
0.0140027
0.0140272
0.0140216
0.0133907
0.01339
0.0133893
0.0133886
0.0133879
0.0133871
0.0133863
0.0133857
0.0133851
0.0133846
0.0133844
0.0133844
0.0133848
0.0133856
0.013387
0.0133889
0.0133914
0.0133946
0.0133986
0.0134036
0.0134094
0.0134161
0.0134239
0.0134327
0.0134425
0.0134536
0.0134659
0.0134796
0.0134948
0.0135114
0.0135295
0.0135491
0.0135702
0.0135926
0.0136163
0.0136413
0.0136676
0.013695
0.0137235
0.0137529
0.0137832
0.0138143
0.0138456
0.0138767
0.0139074
0.0139391
0.0139684
0.0139987
0.0140215
0.0140218
0.0133052
0.0133042
0.0133033
0.0133022
0.0133012
0.0133001
0.0132991
0.0132981
0.0132973
0.0132967
0.0132963
0.0132963
0.0132968
0.0132979
0.0132996
0.0133021
0.0133054
0.0133095
0.0133147
0.013321
0.0133284
0.0133369
0.0133467
0.0133577
0.01337
0.0133838
0.0133991
0.013416
0.0134346
0.0134549
0.013477
0.0135007
0.0135261
0.0135531
0.0135814
0.013611
0.0136415
0.0136729
0.0137049
0.0137376
0.0137707
0.0138043
0.0138383
0.0138717
0.0139036
0.0139345
0.0139663
0.0139962
0.0140174
0.0140212
0.0132109
0.0132096
0.0132082
0.0132068
0.0132053
0.0132038
0.0132024
0.0132011
0.0132
0.0131991
0.0131987
0.0131986
0.0131993
0.0132008
0.0132031
0.0132063
0.0132105
0.0132158
0.0132225
0.0132305
0.0132399
0.0132506
0.0132629
0.0132767
0.0132921
0.0133092
0.0133281
0.013349
0.0133718
0.0133965
0.0134232
0.0134518
0.0134821
0.0135141
0.0135473
0.0135816
0.0136167
0.0136523
0.0136881
0.0137239
0.0137599
0.013796
0.0138323
0.013868
0.0139015
0.0139317
0.0139646
0.0139956
0.0140146
0.0140202
0.0131065
0.0131048
0.0131029
0.0131009
0.0130989
0.013097
0.013095
0.0130933
0.0130918
0.0130908
0.0130902
0.0130902
0.0130912
0.0130931
0.0130961
0.0131002
0.0131057
0.0131127
0.0131212
0.0131314
0.0131432
0.0131567
0.0131719
0.013189
0.0132081
0.0132292
0.0132525
0.0132779
0.0133056
0.0133356
0.0133676
0.0134017
0.0134376
0.0134751
0.0135138
0.0135533
0.0135932
0.0136332
0.0136729
0.013712
0.0137507
0.0137891
0.0138274
0.0138653
0.0139005
0.0139309
0.0139633
0.0139974
0.0140129
0.0140188
0.0129912
0.0129889
0.0129864
0.0129838
0.0129812
0.0129786
0.0129761
0.0129739
0.012972
0.0129707
0.0129701
0.0129701
0.0129715
0.012974
0.012978
0.0129834
0.0129905
0.0129994
0.0130103
0.013023
0.0130378
0.0130546
0.0130735
0.0130946
0.013118
0.0131439
0.0131722
0.013203
0.0132364
0.0132723
0.0133104
0.0133507
0.0133928
0.0134364
0.0134809
0.013526
0.0135711
0.0136157
0.0136594
0.0137018
0.0137431
0.0137835
0.0138236
0.0138633
0.0139003
0.0139308
0.0139623
0.0139994
0.0140121
0.0140171
0.0128641
0.012861
0.0128577
0.0128544
0.0128509
0.0128476
0.0128444
0.0128416
0.0128393
0.0128377
0.012837
0.0128372
0.0128391
0.0128426
0.0128477
0.0128547
0.0128639
0.0128753
0.012889
0.012905
0.0129233
0.0129441
0.0129673
0.0129932
0.0130217
0.0130531
0.0130873
0.0131244
0.0131644
0.0132069
0.013252
0.0132992
0.0133481
0.0133983
0.0134492
0.0135002
0.0135506
0.0136
0.0136476
0.0136933
0.0137371
0.0137793
0.0138208
0.013862
0.0139007
0.0139313
0.0139617
0.0140012
0.0140123
0.0140154
0.0127244
0.0127203
0.0127161
0.0127117
0.0127073
0.0127031
0.0126991
0.0126956
0.0126928
0.0126909
0.0126901
0.0126908
0.0126934
0.012698
0.0127046
0.0127137
0.0127255
0.0127398
0.0127569
0.0127767
0.0127993
0.0128247
0.0128531
0.0128845
0.0129191
0.012957
0.0129981
0.0130424
0.0130897
0.0131399
0.0131927
0.0132475
0.0133038
0.0133611
0.0134187
0.0134759
0.0135318
0.0135859
0.0136376
0.0136864
0.0137325
0.0137763
0.0138189
0.0138612
0.0139014
0.0139321
0.0139615
0.0140016
0.0140143
0.0140136
0.0125712
0.012566
0.0125606
0.012555
0.0125494
0.012544
0.012539
0.0125347
0.0125313
0.0125292
0.0125284
0.0125297
0.0125332
0.0125392
0.0125478
0.0125595
0.0125743
0.0125923
0.0126134
0.0126378
0.0126654
0.0126963
0.0127307
0.0127686
0.0128103
0.0128556
0.0129046
0.0129571
0.0130129
0.0130716
0.0131329
0.013196
0.0132604
0.0133253
0.0133899
0.0134533
0.0135148
0.0135737
0.0136292
0.013681
0.0137292
0.0137743
0.0138177
0.0138608
0.0139024
0.0139333
0.0139616
0.0140016
0.014015
0.0140119
0.012404
0.0123973
0.0123904
0.0123833
0.0123763
0.0123696
0.0123634
0.0123581
0.0123541
0.0123517
0.0123509
0.012353
0.0123577
0.0123655
0.0123767
0.0123915
0.0124101
0.0124323
0.0124582
0.0124878
0.0125213
0.0125586
0.0126
0.0126455
0.0126952
0.0127491
0.012807
0.0128689
0.0129342
0.0130024
0.013073
0.0131453
0.0132182
0.0132911
0.0133629
0.0134328
0.0134998
0.0135632
0.0136223
0.0136769
0.013727
0.0137732
0.0138171
0.0138607
0.0139036
0.0139346
0.013962
0.0140013
0.0140151
0.0140104
0.0122219
0.0122135
0.0122047
0.0121959
0.0121871
0.0121788
0.0121713
0.0121649
0.0121602
0.0121576
0.012157
0.01216
0.0121664
0.0121766
0.0121909
0.0122095
0.0122324
0.0122595
0.012291
0.0123267
0.0123669
0.0124116
0.012461
0.0125151
0.012574
0.0126377
0.0127058
0.0127781
0.012854
0.0129327
0.0130136
0.0130955
0.0131776
0.0132588
0.013338
0.0134142
0.0134866
0.0135544
0.013617
0.0136741
0.0137257
0.0137728
0.013817
0.0138609
0.0139049
0.013936
0.0139625
0.014001
0.014015
0.014009
0.0120234
0.0120128
0.012002
0.0119911
0.0119804
0.0119703
0.0119613
0.0119539
0.0119486
0.011946
0.0119457
0.0119501
0.0119587
0.0119719
0.01199
0.0120131
0.0120411
0.0120739
0.0121118
0.0121546
0.0122025
0.0122556
0.0123141
0.012378
0.0124473
0.0125219
0.0126014
0.0126852
0.0127728
0.0128631
0.0129549
0.0130473
0.0131389
0.0132287
0.0133153
0.0133978
0.0134754
0.0135472
0.0136129
0.0136722
0.0137253
0.013773
0.0138174
0.0138613
0.0139062
0.0139374
0.0139631
0.0140007
0.0140147
0.0140078
0.011807
0.0117941
0.0117809
0.0117677
0.0117549
0.0117429
0.0117325
0.011724
0.0117183
0.0117158
0.0117164
0.0117227
0.0117342
0.0117512
0.0117738
0.0118021
0.011836
0.0118754
0.0119205
0.0119713
0.012028
0.0120906
0.0121594
0.0122344
0.0123154
0.0124022
0.0124943
0.0125909
0.0126912
0.0127939
0.0128976
0.0130009
0.0131025
0.0132009
0.0132949
0.0133836
0.013466
0.0135416
0.01361
0.0136712
0.0137254
0.0137736
0.013818
0.0138618
0.0139074
0.0139388
0.0139637
0.0140004
0.0140145
0.0140067
0.0115717
0.0115562
0.0115404
0.0115247
0.0115097
0.0114959
0.011484
0.0114748
0.011469
0.0114668
0.0114696
0.0114783
0.0114933
0.0115146
0.0115424
0.0115766
0.0116172
0.0116641
0.0117174
0.0117772
0.0118437
0.0119171
0.0119974
0.0120847
0.0121787
0.0122791
0.0123851
0.0124957
0.0126097
0.0127257
0.012842
0.0129567
0.0130684
0.0131756
0.0132769
0.0133714
0.0134583
0.0135373
0.0136081
0.0136709
0.013726
0.0137745
0.0138188
0.0138623
0.0139087
0.0139401
0.0139643
0.0140001
0.0140142
0.0140059
0.0113166
0.0112982
0.0112796
0.0112613
0.011244
0.0112284
0.0112153
0.0112055
0.0112
0.0111984
0.011204
0.0112162
0.0112355
0.0112621
0.0112959
0.0113369
0.011385
0.0114402
0.0115027
0.0115725
0.01165
0.0117353
0.0118285
0.0119294
0.0120379
0.0121531
0.0122744
0.0124002
0.0125291
0.0126592
0.0127886
0.0129151
0.013037
0.0131528
0.0132612
0.0133612
0.0134522
0.0135341
0.013607
0.0136711
0.0137269
0.0137756
0.0138198
0.0138629
0.0139098
0.0139413
0.0139649
0.0139999
0.0140139
0.0140054
0.0110413
0.0110198
0.0109984
0.0109775
0.0109581
0.0109409
0.0109269
0.0109171
0.0109125
0.0109121
0.0109209
0.0109373
0.0109618
0.0109944
0.011035
0.0110834
0.0111398
0.0112042
0.0112768
0.0113577
0.0114474
0.0115459
0.0116532
0.0117693
0.0118935
0.0120251
0.0121628
0.012305
0.0124498
0.0125948
0.0127378
0.0128762
0.0130084
0.0131326
0.0132476
0.0133527
0.0134475
0.013532
0.0136066
0.0136717
0.0137281
0.0137769
0.0138208
0.0138636
0.0139109
0.0139425
0.0139655
0.0139996
0.0140136
0.0140051
0.0107457
0.0107211
0.0106968
0.0106735
0.010652
0.0106336
0.0106191
0.0106098
0.0106061
0.0106089
0.0106217
0.0106432
0.0106736
0.0107128
0.0107607
0.0108173
0.0108826
0.0109569
0.0110403
0.0111334
0.0112363
0.0113493
0.0114722
0.0116048
0.0117463
0.0118956
0.0120512
0.0122109
0.0123724
0.0125329
0.0126898
0.0128403
0.0129825
0.0131149
0.0132362
0.013346
0.013444
0.0135307
0.0136067
0.0136726
0.0137293
0.0137782
0.0138218
0.0138642
0.0139119
0.0139435
0.013966
0.0139994
0.0140133
0.0140049
0.0104318
0.0104042
0.0103771
0.0103515
0.0103285
0.0103093
0.010295
0.0102869
0.0102845
0.0102924
0.0103096
0.0103365
0.010373
0.0104191
0.0104747
0.0105398
0.0106145
0.0106993
0.0107944
0.0109005
0.0110178
0.0111465
0.0112864
0.011437
0.0115972
0.0117656
0.0119402
0.0121186
0.0122976
0.0124741
0.012645
0.0128074
0.0129595
0.0130995
0.0132267
0.0133406
0.0134415
0.01353
0.0136071
0.0136736
0.0137307
0.0137795
0.0138228
0.0138647
0.0139128
0.0139445
0.0139666
0.0139994
0.0140131
0.0140048
0.0101031
0.0100725
0.0100429
0.0100154
0.00999123
0.00997172
0.00995818
0.00995177
0.00995121
0.0099638
0.00998654
0.0100195
0.0100628
0.0101161
0.0101796
0.0102534
0.0103378
0.0104335
0.0105408
0.0106606
0.0107931
0.0109386
0.0110968
0.0112668
0.0114472
0.0116361
0.0118308
0.0120286
0.0122258
0.0124187
0.0126035
0.0127777
0.0129391
0.0130864
0.0132188
0.0133364
0.0134398
0.0135299
0.0136078
0.0136748
0.013732
0.0137808
0.0138238
0.0138653
0.0139137
0.0139454
0.013967
0.0139998
0.0140129
0.0140047
0.00976574
0.00973235
0.00970045
0.00967134
0.00964639
0.00962705
0.0096147
0.00960966
0.00961367
0.00963061
0.00965843
0.00969711
0.00974656
0.00980678
0.00987789
0.00996026
0.0100545
0.0101612
0.0102813
0.0104154
0.010564
0.0107272
0.0109047
0.0110954
0.0112972
0.0115077
0.0117237
0.0119417
0.0121574
0.0123666
0.0125654
0.012751
0.0129213
0.0130752
0.0132124
0.0133333
0.0134387
0.0135301
0.0136087
0.013676
0.0137333
0.013782
0.0138248
0.0138658
0.0139145
0.0139462
0.0139675
0.0140004
0.0140127
0.0140048
0.00942945
0.00939315
0.00935892
0.0093282
0.00930249
0.00928333
0.00927213
0.00926842
0.00927781
0.00929866
0.00933088
0.00937439
0.00942917
0.00949536
0.00957333
0.00966371
0.00976735
0.00988514
0.0100181
0.0101669
0.0103321
0.0105139
0.0107117
0.010924
0.0111485
0.0113816
0.0116198
0.0118585
0.012093
0.0123184
0.0125308
0.0127272
0.0129059
0.0130659
0.0132073
0.013331
0.0134382
0.0135305
0.0136097
0.0136772
0.0137346
0.0137832
0.0138257
0.0138663
0.0139152
0.0139469
0.0139678
0.0140009
0.0140125
0.0140048
0.00910771
0.00906832
0.00903161
0.00899913
0.00897249
0.00895324
0.00894278
0.00894063
0.00895316
0.00897711
0.00901247
0.0090592
0.00911749
0.00918784
0.00927102
0.009368
0.00947993
0.00960804
0.00975348
0.00991721
0.0100996
0.0103005
0.0105194
0.0107543
0.0110023
0.0112587
0.0115197
0.0117794
0.0120327
0.012274
0.0124995
0.0127062
0.0128926
0.013058
0.0132032
0.0133293
0.013438
0.0135311
0.0136107
0.0136784
0.0137358
0.0137842
0.0138265
0.0138667
0.0139152
0.0139469
0.0139682
0.0140013
0.0140123
0.014005
0.00881467
0.00877202
0.00873265
0.00869823
0.0086704
0.00865073
0.00864097
0.0086397
0.00865361
0.00867875
0.00871483
0.00876175
0.00882021
0.00889151
0.00897713
0.0090785
0.00919701
0.00933405
0.00949098
0.00966889
0.00986836
0.0100889
0.0103293
0.0105876
0.0108597
0.0111402
0.0114241
0.0117049
0.0119765
0.0122334
0.0124715
0.0126878
0.0128811
0.0130515
0.0132
0.0133282
0.0134381
0.0135319
0.0136118
0.0136796
0.0137369
0.0137852
0.0138273
0.0138671
0.0139147
0.0139466
0.0139685
0.0140013
0.0140122
0.0140053
0.00856036
0.0085143
0.00847218
0.00843572
0.00840661
0.00838668
0.00837764
0.00837701
0.00839121
0.00841512
0.00844863
0.00849219
0.00854695
0.00861496
0.00869897
0.00880125
0.00892352
0.00906737
0.00923418
0.00942514
0.00964084
0.00988086
0.0101431
0.0104251
0.0107217
0.0110267
0.0113337
0.0116353
0.0119248
0.0121967
0.0124465
0.0126717
0.0128714
0.0130461
0.0131974
0.0133274
0.0134383
0.0135326
0.0136128
0.0136807
0.0137379
0.0137861
0.013828
0.0138675
0.0139142
0.0139462
0.0139688
0.0140013
0.014012
0.0140055
0.00834835
0.0082987
0.0082537
0.00821518
0.00818538
0.00816594
0.0081574
0.00815627
0.00816777
0.00818816
0.00821743
0.00825603
0.00830514
0.00836682
0.00844463
0.00854317
0.00866527
0.00881265
0.0089869
0.00918911
0.00941988
0.00967858
0.00996251
0.0102682
0.0105894
0.0109188
0.0112487
0.0115705
0.0118774
0.0121635
0.0124243
0.0126576
0.012863
0.0130416
0.0131954
0.013327
0.0134387
0.0135334
0.0136138
0.0136817
0.0137389
0.013787
0.0138286
0.0138679
0.0139136
0.0139458
0.013969
0.0140012
0.0140119
0.0140057
0.00817639
0.00812343
0.00807601
0.00803687
0.00800747
0.00798773
0.00797742
0.00797464
0.00798248
0.00799914
0.0080239
0.00805705
0.00809959
0.00815352
0.0082222
0.0083115
0.00842823
0.0085749
0.00875304
0.00896388
0.0092078
0.00948396
0.00978894
0.0101181
0.0104638
0.0108172
0.0111692
0.0115107
0.0118343
0.0121337
0.0124046
0.0126453
0.0128559
0.0130379
0.0131939
0.0133267
0.0134392
0.0135343
0.0136147
0.0136826
0.0137397
0.0137877
0.0138292
0.0138682
0.013913
0.0139454
0.0139692
0.0140011
0.0140118
0.0140059
0.00803495
0.00797988
0.0079323
0.00789379
0.00786413
0.00784365
0.00783227
0.00782853
0.00783336
0.00784713
0.00786785
0.00789579
0.0079318
0.00797769
0.00803639
0.00811319
0.0082182
0.00835885
0.00853657
0.00875251
0.00900695
0.00929874
0.00962372
0.00997567
0.0103453
0.0107222
0.0110955
0.011456
0.0117953
0.012107
0.0123873
0.0126347
0.0128498
0.0130349
0.0131927
0.0133266
0.0134397
0.013535
0.0136156
0.0136834
0.0137405
0.0137884
0.0138297
0.0138685
0.0139125
0.013945
0.0139694
0.014001
0.0140117
0.0140061
0.00791156
0.00785769
0.0078112
0.00777308
0.00774408
0.00772438
0.00771365
0.00771016
0.00771464
0.00772695
0.00774503
0.00776895
0.00779935
0.00783782
0.00788701
0.00795172
0.00804042
0.00816881
0.00834099
0.00855775
0.00881944
0.0091244
0.00946795
0.00984171
0.0102346
0.0106337
0.0110278
0.0114061
0.01176
0.0120832
0.012372
0.0126254
0.0128446
0.0130323
0.0131918
0.0133267
0.0134402
0.0135358
0.0136164
0.0136842
0.0137412
0.013789
0.0138301
0.0138688
0.013912
0.0139446
0.0139696
0.0140009
0.0140116
0.0140063
0.00779235
0.00773937
0.00769442
0.00765862
0.00763254
0.00761609
0.00760859
0.00760734
0.00761544
0.00762896
0.00764715
0.00766976
0.00769708
0.00773032
0.00777173
0.00782536
0.00789859
0.00800828
0.0081692
0.00838201
0.00864707
0.00896248
0.0093225
0.00971666
0.0101314
0.0105521
0.0109657
0.0113608
0.0117283
0.012062
0.0123585
0.0126173
0.0128402
0.0130302
0.0131911
0.0133268
0.0134407
0.0135365
0.0136171
0.0136849
0.0137419
0.0137896
0.0138306
0.0138691
0.0139116
0.0139442
0.0139698
0.0140007
0.0140115
0.0140064
0.00765222
0.00760283
0.00756257
0.00753245
0.00751271
0.0075029
0.00750046
0.00750787
0.00752193
0.00754068
0.0075631
0.00758847
0.00761671
0.00764838
0.00768516
0.00773039
0.00779062
0.00787963
0.0080232
0.00822687
0.00849099
0.00881359
0.00918783
0.00960085
0.0100361
0.0104772
0.0109092
0.0113198
0.0116998
0.0120431
0.0123466
0.0126103
0.0128363
0.0130284
0.0131905
0.0133269
0.0134412
0.0135371
0.0136178
0.0136856
0.0137424
0.01379
0.0138309
0.0138694
0.0139112
0.0139439
0.0139699
0.0140006
0.0140115
0.0140065
0.00747268
0.00743063
0.00739893
0.00737819
0.00736839
0.00736653
0.00737773
0.0073964
0.00742086
0.00744953
0.00748105
0.00751424
0.00754845
0.0075835
0.00762024
0.00766133
0.00771208
0.0077837
0.00790406
0.00809324
0.00835182
0.00867808
0.00906408
0.00949404
0.00994872
0.0104088
0.0108579
0.0112829
0.0116743
0.0120263
0.0123361
0.0126041
0.0128331
0.0130269
0.0131901
0.0133271
0.0134417
0.0135377
0.0136184
0.0136861
0.0137429
0.0137905
0.0138313
0.0138696
0.0139108
0.0139436
0.01397
0.0140005
0.0140114
0.0140066
0.00724115
0.00720987
0.00719013
0.00718105
0.00718141
0.00719908
0.00722576
0.00725993
0.0072999
0.00734386
0.00739009
0.0074369
0.00748294
0.00752713
0.00756934
0.00761104
0.00765639
0.00771564
0.00781166
0.00798117
0.00822963
0.00855591
0.00895094
0.00939631
0.0098689
0.0103467
0.0108115
0.0112496
0.0116516
0.0120115
0.0123269
0.0125988
0.0128302
0.0130257
0.0131898
0.0133273
0.0134422
0.0135382
0.0136189
0.0136867
0.0137434
0.0137909
0.0138316
0.0138698
0.0139104
0.0139433
0.0139702
0.0140004
0.0140115
0.0140067
0.00694423
0.00692703
0.0069195
0.00692595
0.00695105
0.0069874
0.00703372
0.00708824
0.00714911
0.00721419
0.00728136
0.00734819
0.00741242
0.00747183
0.0075252
0.00757286
0.00761789
0.00766905
0.00774506
0.00789
0.00812395
0.00844647
0.00884838
0.00930738
0.00979634
0.0102903
0.0107696
0.0112198
0.0116312
0.0119983
0.0123188
0.0125941
0.0128278
0.0130246
0.0131896
0.0133275
0.0134426
0.0135387
0.0136194
0.0136871
0.0137438
0.0137912
0.0138318
0.01387
0.0139101
0.0139431
0.0139703
0.0140003
0.0140115
0.0140068
0.00657212
0.0065669
0.00658109
0.00661474
0.00666196
0.00672181
0.00679277
0.00687312
0.00696085
0.00705351
0.00714842
0.00724229
0.00733156
0.0074126
0.00748304
0.00754178
0.00759101
0.00763848
0.00770055
0.0078183
0.00803367
0.00834945
0.00875595
0.00922679
0.00973061
0.0102395
0.010732
0.0111931
0.0116131
0.0119866
0.0123116
0.01259
0.0128257
0.0130237
0.0131894
0.0133277
0.013443
0.0135392
0.0136199
0.0136875
0.0137441
0.0137915
0.013832
0.0138701
0.0139098
0.0139428
0.0139704
0.0140002
0.0140115
0.0140069
0.00611197
0.00613455
0.00617696
0.00623516
0.00630873
0.00639659
0.00649739
0.00660941
0.00673035
0.00685754
0.00698733
0.00711534
0.00723674
0.00734619
0.0074394
0.00751396
0.00757159
0.00761901
0.00767121
0.00776426
0.00795796
0.00826405
0.00867301
0.00915404
0.00967127
0.0101936
0.0106982
0.0111692
0.011597
0.0119762
0.0123053
0.0125864
0.0128238
0.013023
0.0131893
0.0133279
0.0134433
0.0135396
0.0136203
0.0136879
0.0137445
0.0137918
0.0138322
0.0138703
0.0139096
0.0139426
0.0139704
0.0140001
0.0140115
0.0140069
0.00558513
0.0056339
0.00570084
0.00578621
0.00588944
0.00600964
0.00614551
0.00629506
0.00645599
0.00662475
0.0067967
0.00696632
0.00712667
0.00727061
0.00739185
0.00748687
0.00755621
0.00760637
0.00765217
0.00772566
0.00789541
0.00818927
0.00859884
0.00908856
0.00961783
0.0101524
0.0106679
0.0111479
0.0115826
0.011967
0.0122998
0.0125833
0.0128222
0.0130223
0.0131892
0.0133281
0.0134436
0.0135399
0.0136206
0.0136882
0.0137448
0.013792
0.0138324
0.0138704
0.0139093
0.0139424
0.0139705
0.0140001
0.0140114
0.014007
0.00499802
0.0050668
0.00515802
0.00527179
0.00540756
0.00556395
0.0057397
0.00593249
0.00613969
0.0063568
0.00657822
0.00679616
0.00700166
0.00718573
0.00733983
0.00745903
0.00754295
0.00759805
0.00764033
0.00770006
0.00784446
0.00812403
0.00853272
0.00902979
0.00956984
0.0101155
0.0106408
0.0111289
0.0115699
0.0119589
0.0122949
0.0125805
0.0128209
0.0130218
0.0131891
0.0133282
0.0134439
0.0135403
0.0136209
0.0136885
0.013745
0.0137923
0.0138326
0.0138705
0.0139091
0.0139423
0.0139706
0.014
0.0140114
0.014007
0.00436078
0.00444864
0.00456422
0.00470688
0.00487605
0.00507077
0.00528909
0.00552943
0.00578769
0.00605919
0.00633578
0.00660776
0.00686419
0.00709301
0.00728382
0.00742989
0.00753065
0.00759283
0.00763358
0.00768303
0.00780354
0.00806731
0.00847391
0.00897715
0.00952682
0.0100825
0.0106167
0.011112
0.0115586
0.0119517
0.0122906
0.0125781
0.0128197
0.0130213
0.013189
0.0133284
0.0134442
0.0135406
0.0136212
0.0136888
0.0137452
0.0137924
0.0138327
0.0138706
0.0139089
0.0139421
0.0139706
0.0139999
0.0140114
0.0140071
0.00372292
0.00383009
0.00396862
0.00413626
0.00433308
0.00456004
0.00481672
0.00510253
0.0054123
0.00574028
0.00607522
0.00640567
0.00671672
0.00699361
0.00722379
0.00739936
0.00751872
0.00758956
0.00763017
0.00767137
0.00777119
0.00801807
0.0084217
0.00893011
0.00948835
0.010053
0.0105951
0.011097
0.0115485
0.0119454
0.0122868
0.012576
0.0128186
0.0130209
0.013189
0.0133286
0.0134444
0.0135408
0.0136215
0.013689
0.0137454
0.0137926
0.0138329
0.0138707
0.0139088
0.013942
0.0139706
0.0139999
0.0140113
0.0140071
0.00314532
0.00327171
0.00342885
0.00361481
0.00383049
0.00407803
0.00435958
0.00467793
0.00503095
0.00541182
0.00580485
0.00619477
0.00656263
0.00689009
0.00716195
0.00736799
0.0075071
0.00758747
0.00762898
0.00766348
0.00774607
0.00797543
0.00837542
0.00888815
0.009454
0.0100266
0.010576
0.0110837
0.0115397
0.0119398
0.0122834
0.0125742
0.0128177
0.0130206
0.013189
0.0133287
0.0134446
0.0135411
0.0136217
0.0136892
0.0137456
0.0137928
0.013833
0.0138708
0.0139086
0.0139418
0.0139705
0.0139998
0.0140113
0.0140072
0.00261931
0.00276082
0.00293392
0.00313653
0.00337
0.00363682
0.00393951
0.00428157
0.00466455
0.00508699
0.00553278
0.00598006
0.00640609
0.00678577
0.00709948
0.00733651
0.00749572
0.00758606
0.00762917
0.00765833
0.00772705
0.00793859
0.00833444
0.00885077
0.00942338
0.0100032
0.0105589
0.0110718
0.0115318
0.0119348
0.0122805
0.0125726
0.0128169
0.0130203
0.013189
0.0133288
0.0134448
0.0135413
0.0136219
0.0136894
0.0137458
0.0137929
0.0138331
0.0138709
0.0139085
0.0139417
0.0139705
0.0139998
0.0140113
0.0140072
0.00214073
0.00229376
0.00248012
0.00269732
0.00294692
0.00323167
0.00355427
0.00391822
0.00432576
0.00477721
0.00526481
0.00576795
0.00625218
0.00668337
0.00703795
0.00730543
0.00748458
0.00758501
0.00763001
0.00765512
0.00771281
0.00790674
0.00829821
0.00881753
0.00939613
0.00998237
0.0105438
0.0110613
0.0115248
0.0119305
0.0122779
0.0125711
0.0128162
0.01302
0.013189
0.0133289
0.013445
0.0135415
0.0136221
0.0136895
0.0137459
0.013793
0.0138332
0.013871
0.0139083
0.0139416
0.0139705
0.0139997
0.0140112
0.0140072
0.00171132
0.0018728
0.00206905
0.00229784
0.00256086
0.00286117
0.0032018
0.0035864
0.00401655
0.00449403
0.00501559
0.00556588
0.00610467
0.0065843
0.00697832
0.00727514
0.0074737
0.00758417
0.00763129
0.00765323
0.007702
0.00787919
0.00826619
0.00878799
0.00937191
0.00996387
0.0105304
0.0110521
0.0115187
0.0119266
0.0122756
0.0125699
0.0128157
0.0130198
0.013189
0.013329
0.0134452
0.0135416
0.0136222
0.0136897
0.013746
0.0137931
0.0138332
0.013871
0.0139082
0.0139415
0.0139705
0.0139997
0.0140112
0.0140072
0.0013335
0.00149941
0.00170169
0.0019382
0.00221113
0.00252392
0.00287968
0.00328334
0.00373697
0.00424068
0.00479157
0.00537945
0.00596521
0.00649028
0.00692134
0.00724593
0.00746313
0.00758343
0.00763281
0.00765223
0.00769353
0.00785534
0.00823792
0.00876179
0.0093504
0.00994745
0.0105185
0.0110438
0.0115133
0.0119232
0.0122737
0.0125688
0.0128151
0.0130196
0.0131889
0.0133291
0.0134453
0.0135418
0.0136224
0.0136898
0.0137461
0.0137932
0.0138333
0.0138711
0.0139081
0.0139415
0.0139704
0.0139997
0.0140112
0.0140073
0.00100469
0.00117144
0.00137559
0.00161619
0.00189573
0.00221905
0.00258992
0.00301146
0.00348578
0.00401291
0.00459025
0.00520885
0.00583586
0.00640221
0.00686743
0.00721803
0.00745294
0.00758275
0.00763444
0.00765186
0.00768682
0.00783467
0.00821297
0.00873857
0.00933134
0.00993291
0.010508
0.0110366
0.0115085
0.0119202
0.0122719
0.0125679
0.0128147
0.0130194
0.0131889
0.0133292
0.0134454
0.0135419
0.0136225
0.0136899
0.0137462
0.0137933
0.0138334
0.0138711
0.013908
0.0139414
0.0139704
0.0139997
0.0140111
0.0140073
0.000719921
0.000884289
0.0010879
0.00133166
0.00161865
0.00195169
0.00233436
0.00276988
0.00326094
0.00380765
0.00440825
0.00505456
0.00571715
0.00632045
0.00681685
0.00719157
0.00744317
0.0075821
0.00763608
0.0076519
0.00768142
0.00781677
0.00819097
0.00871802
0.00931445
0.00992004
0.0104987
0.0110302
0.0115043
0.0119176
0.0122704
0.012567
0.0128143
0.0130193
0.013189
0.0133293
0.0134455
0.013542
0.0136226
0.01369
0.0137463
0.0137934
0.0138334
0.0138711
0.013908
0.0139413
0.0139704
0.0139996
0.0140111
0.0140073
0.000473979
0.000635667
0.000840586
0.00108815
0.00138034
0.00171992
0.00211069
0.00255611
0.00305954
0.00362241
0.00424323
0.00491455
0.00560875
0.00624502
0.00676972
0.00716667
0.00743388
0.00758147
0.00763767
0.00765212
0.00767703
0.00780124
0.00817159
0.00869984
0.00929951
0.00990866
0.0104905
0.0110246
0.0115006
0.0119153
0.012269
0.0125663
0.0128139
0.0130192
0.013189
0.0133294
0.0134456
0.0135421
0.0136227
0.0136901
0.0137464
0.0137934
0.0138335
0.0138712
0.0139079
0.0139413
0.0139703
0.0139996
0.0140111
0.0140073
0.000245881
0.000421266
0.000628722
0.00088021
0.00117584
0.00151902
0.00191482
0.00236701
0.00288008
0.00345567
0.0040931
0.00478649
0.00550951
0.00617557
0.006726
0.00714334
0.00742506
0.00758083
0.00763915
0.00765245
0.00767333
0.00778778
0.00815451
0.00868377
0.0092863
0.00989861
0.0104832
0.0110196
0.0114973
0.0119133
0.0122678
0.0125657
0.0128136
0.0130191
0.013189
0.0133294
0.0134457
0.0135422
0.0136228
0.0136902
0.0137465
0.0137935
0.0138335
0.0138712
0.0139078
0.0139412
0.0139703
0.0139996
0.0140111
0.0140073
0.0140073
0.0140073
0.0140073
0.0140073
0.0140073
0.0140073
0.0140074
0.0140074
0.0140074
0.0140074
0.0140074
0.0140074
0.0140074
0.0140074
0.0140074
0.0140074
0.0140074
0.0140074
0.0140074
0.0140074
0.0140074
0.0140074
0.0140074
0.0140074
0.0140074
0.0140074
0.0140075
0.0140075
0.0140075
0.0140075
0.0140075
0.0140075
0.0140075
0.0140075
0.0140075
0.0140075
0.0140075
0.0140075
0.0140075
0.0140075
0.0140075
0.0140076
0.0140076
0.0140076
0.0140076
0.0140076
0.0140076
0.0140076
0.0140076
0.0140076
0.0140111
0.014011
0.014011
0.014011
0.014011
0.014011
0.014011
0.014011
0.014011
0.0140109
0.0140109
0.0140109
0.0140109
0.0140109
0.0140109
0.0140109
0.0140108
0.0140108
0.0140108
0.0140108
0.0140108
0.0140108
0.0140108
0.0140108
0.0140107
0.0140107
0.0140107
0.0140107
0.0140107
0.0140107
0.0140107
0.0140106
0.0140106
0.0140106
0.0140106
0.0140106
0.0140106
0.0140106
0.0140105
0.0140105
0.0140105
0.0140105
0.0140105
0.0140105
0.0140105
0.0140104
0.0140104
0.0140104
0.0140104
0.0140104
0.0139996
0.0139996
0.0139995
0.0139995
0.0139995
0.0139995
0.0139995
0.0139995
0.0139995
0.0139995
0.0139995
0.0139995
0.0139994
0.0139994
0.0139994
0.0139994
0.0139994
0.0139994
0.0139994
0.0139994
0.0139994
0.0139993
0.0139993
0.0139993
0.0139993
0.0139993
0.0139993
0.0139993
0.0139993
0.0139993
0.0139992
0.0139992
0.0139992
0.0139992
0.0139992
0.0139992
0.0139992
0.0139992
0.0139991
0.0139991
0.0139991
0.0139991
0.0139991
0.0139991
0.0139991
0.013999
0.013999
0.013999
0.013999
0.013999
0.0139703
0.0139703
0.0139703
0.0139702
0.0139702
0.0139702
0.0139702
0.0139702
0.0139701
0.0139701
0.0139701
0.0139701
0.0139701
0.01397
0.01397
0.01397
0.01397
0.01397
0.01397
0.01397
0.01397
0.01397
0.01397
0.01397
0.01397
0.01397
0.01397
0.01397
0.0139701
0.0139701
0.0139701
0.0139701
0.0139701
0.0139702
0.0139702
0.0139702
0.0139702
0.0139702
0.0139702
0.0139702
0.0139702
0.0139702
0.0139702
0.0139702
0.0139702
0.0139701
0.0139701
0.0139701
0.0139701
0.0139412
0.0139412
0.0139411
0.0139411
0.0139411
0.0139411
0.013941
0.013941
0.013941
0.0139409
0.0139409
0.0139409
0.0139409
0.0139408
0.0139408
0.0139408
0.0139408
0.0139407
0.0139407
0.0139407
0.0139406
0.0139406
0.0139406
0.0139406
0.0139405
0.0139405
0.0139405
0.0139404
0.0139404
0.0139404
0.0139403
0.0139403
0.0139403
0.0139402
0.0139402
0.0139402
0.0139401
0.0139401
0.0139401
0.01394
0.01394
0.0139399
0.0139399
0.0139399
0.0139398
0.0139398
0.0139077
0.0139077
0.0139077
0.0139076
0.0139076
0.0139076
0.0139075
0.0139075
0.0139075
0.0139074
0.0139074
0.0139074
0.0139073
0.0139073
0.0139073
0.0139072
0.0139072
0.0139071
0.0139071
0.0139071
0.013907
0.013907
0.0139069
0.0139069
0.0139069
0.0139068
0.0139068
0.0139067
0.0139067
0.0139067
0.0139066
0.0139066
0.0139065
0.0139065
0.0139064
0.0139064
0.0139063
0.0139063
0.0139063
0.0139062
0.0139062
0.0139061
0.0139061
0.013906
0.0138712
0.0138713
0.0138714
0.0138715
0.0138715
0.0138716
0.0138717
0.0138718
0.0138719
0.0138719
0.013872
0.0138721
0.0138722
0.0138722
0.0138723
0.0138724
0.0138725
0.0138725
0.0138726
0.0138727
0.0138728
0.0138728
0.0138729
0.013873
0.013873
0.0138731
0.0138732
0.0138733
0.0138733
0.0138734
0.0138735
0.0138735
0.0138736
0.0138737
0.0138737
0.0138738
0.0138738
0.0138739
0.013874
0.013874
0.0138741
0.0138741
0.0138336
0.0138337
0.0138338
0.0138339
0.013834
0.0138341
0.0138343
0.0138344
0.0138345
0.0138346
0.0138347
0.0138348
0.013835
0.0138351
0.0138352
0.0138353
0.0138354
0.0138355
0.0138356
0.0138357
0.0138359
0.013836
0.0138361
0.0138362
0.0138363
0.0138364
0.0138365
0.0138366
0.0138367
0.0138368
0.0138369
0.013837
0.0138371
0.0138372
0.0138373
0.0138374
0.0138375
0.0138376
0.0138377
0.0138377
0.0138378
0.0137936
0.0137937
0.0137939
0.013794
0.0137942
0.0137943
0.0137945
0.0137946
0.0137948
0.013795
0.0137951
0.0137953
0.0137954
0.0137956
0.0137957
0.0137959
0.013796
0.0137962
0.0137963
0.0137965
0.0137966
0.0137968
0.0137969
0.0137971
0.0137972
0.0137973
0.0137975
0.0137976
0.0137978
0.0137979
0.013798
0.0137982
0.0137983
0.0137985
0.0137986
0.0137987
0.0137989
0.013799
0.0137991
0.0137465
0.0137467
0.0137469
0.0137471
0.0137474
0.0137476
0.0137478
0.013748
0.0137482
0.0137484
0.0137486
0.0137488
0.013749
0.0137493
0.0137495
0.0137497
0.0137499
0.0137501
0.0137503
0.0137505
0.0137507
0.0137509
0.0137511
0.0137513
0.0137514
0.0137516
0.0137518
0.013752
0.0137522
0.0137524
0.0137526
0.0137528
0.0137529
0.0137531
0.0137533
0.0137535
0.0137537
0.0137538
0.013754
0.0136903
0.0136905
0.0136908
0.0136911
0.0136913
0.0136916
0.0136919
0.0136922
0.0136925
0.0136928
0.013693
0.0136933
0.0136936
0.0136939
0.0136941
0.0136944
0.0136947
0.013695
0.0136952
0.0136955
0.0136958
0.013696
0.0136963
0.0136965
0.0136968
0.013697
0.0136973
0.0136976
0.0136978
0.013698
0.0136983
0.0136985
0.0136988
0.013699
0.0136993
0.0136995
0.0136997
0.0137
0.0136229
0.0136232
0.0136235
0.0136239
0.0136243
0.0136246
0.013625
0.0136254
0.0136258
0.0136261
0.0136265
0.0136269
0.0136272
0.0136276
0.013628
0.0136283
0.0136287
0.0136291
0.0136294
0.0136298
0.0136301
0.0136305
0.0136308
0.0136311
0.0136315
0.0136318
0.0136321
0.0136325
0.0136328
0.0136331
0.0136335
0.0136338
0.0136341
0.0136344
0.0136347
0.013635
0.0136353
0.0135423
0.0135427
0.0135431
0.0135436
0.0135441
0.0135446
0.0135451
0.0135456
0.0135461
0.0135465
0.013547
0.0135475
0.013548
0.0135485
0.013549
0.0135495
0.0135499
0.0135504
0.0135509
0.0135513
0.0135518
0.0135522
0.0135527
0.0135531
0.0135536
0.013554
0.0135545
0.0135549
0.0135553
0.0135557
0.0135562
0.0135566
0.013557
0.0135574
0.0135578
0.0135582
0.0135586
0.0134458
0.0134463
0.0134468
0.0134474
0.0134481
0.0134487
0.0134494
0.01345
0.0134507
0.0134513
0.013452
0.0134526
0.0134532
0.0134539
0.0134545
0.0134551
0.0134557
0.0134564
0.013457
0.0134576
0.0134582
0.0134588
0.0134593
0.0134599
0.0134605
0.0134611
0.0134616
0.0134622
0.0134628
0.0134633
0.0134638
0.0134644
0.0134649
0.0134655
0.013466
0.0134665
0.0133295
0.0133301
0.0133308
0.0133316
0.0133324
0.0133332
0.0133341
0.0133349
0.0133358
0.0133366
0.0133374
0.0133383
0.0133391
0.0133399
0.0133407
0.0133415
0.0133423
0.0133431
0.0133439
0.0133447
0.0133455
0.0133462
0.013347
0.0133478
0.0133485
0.0133492
0.01335
0.0133507
0.0133514
0.0133521
0.0133528
0.0133535
0.0133542
0.0133549
0.0133556
0.0133563
0.013189
0.0131896
0.0131905
0.0131915
0.0131926
0.0131936
0.0131947
0.0131958
0.0131969
0.013198
0.0131991
0.0132002
0.0132012
0.0132023
0.0132033
0.0132044
0.0132054
0.0132064
0.0132074
0.0132084
0.0132094
0.0132104
0.0132113
0.0132123
0.0132133
0.0132142
0.0132151
0.013216
0.013217
0.0132179
0.0132188
0.0132197
0.0132206
0.0132215
0.0132224
0.013019
0.0130197
0.0130208
0.0130222
0.0130235
0.0130249
0.0130263
0.0130277
0.0130291
0.0130305
0.0130319
0.0130333
0.0130346
0.013036
0.0130373
0.0130386
0.0130399
0.0130412
0.0130425
0.0130437
0.0130449
0.0130462
0.0130474
0.0130486
0.0130498
0.013051
0.0130522
0.0130534
0.0130545
0.0130557
0.0130569
0.013058
0.0130591
0.0130603
0.0130614
0.0128133
0.0128141
0.0128156
0.0128172
0.012819
0.0128208
0.0128226
0.0128244
0.0128261
0.0128279
0.0128296
0.0128313
0.012833
0.0128346
0.0128363
0.0128379
0.0128395
0.0128411
0.0128427
0.0128443
0.0128458
0.0128474
0.0128489
0.0128504
0.012852
0.0128535
0.012855
0.0128564
0.0128579
0.0128594
0.0128608
0.0128622
0.0128637
0.0128651
0.0128664
0.0125651
0.012566
0.0125677
0.0125697
0.0125719
0.0125741
0.0125763
0.0125786
0.0125807
0.0125829
0.0125851
0.0125872
0.0125892
0.0125913
0.0125933
0.0125953
0.0125973
0.0125992
0.0126012
0.0126032
0.0126052
0.0126071
0.012609
0.0126109
0.0126128
0.0126147
0.0126165
0.0126183
0.0126201
0.0126219
0.0126237
0.0126254
0.0126271
0.0126288
0.0126305
0.0122669
0.0122676
0.0122696
0.012272
0.0122747
0.0122773
0.01228
0.0122827
0.0122853
0.0122879
0.0122905
0.0122931
0.0122956
0.0122982
0.0123008
0.0123033
0.0123058
0.0123083
0.0123107
0.0123131
0.0123155
0.0123179
0.0123202
0.0123225
0.0123247
0.012327
0.0123292
0.0123313
0.0123335
0.0123356
0.0123377
0.0123398
0.0123418
0.0123438
0.0123458
0.0119117
0.0119122
0.0119144
0.0119172
0.0119202
0.0119234
0.0119266
0.0119298
0.011933
0.0119362
0.0119395
0.0119426
0.0119458
0.0119489
0.0119519
0.011955
0.0119579
0.0119609
0.0119638
0.0119667
0.0119695
0.0119723
0.011975
0.0119777
0.0119803
0.0119829
0.0119854
0.011988
0.0119904
0.0119929
0.0119953
0.0119976
0.0119999
0.0120022
0.0114948
0.0114949
0.0114973
0.0115007
0.0115044
0.0115082
0.0115121
0.0115159
0.0115197
0.0115234
0.0115271
0.0115307
0.0115343
0.0115378
0.0115413
0.0115447
0.0115481
0.0115514
0.0115547
0.011558
0.0115611
0.0115643
0.0115673
0.0115704
0.0115733
0.0115763
0.0115792
0.011582
0.0115847
0.0115874
0.01159
0.0115925
0.0115951
0.0115975
0.0110158
0.0110155
0.0110179
0.0110215
0.0110256
0.0110298
0.0110341
0.0110382
0.0110424
0.0110465
0.0110505
0.0110545
0.0110583
0.0110622
0.0110659
0.0110696
0.0110733
0.0110769
0.0110804
0.0110838
0.0110872
0.0110905
0.0110938
0.011097
0.0111001
0.0111032
0.0111062
0.0111092
0.0111121
0.0111149
0.0111176
0.0111203
0.0111229
0.0111254
0.0104777
0.0104767
0.0104786
0.0104823
0.0104865
0.0104909
0.0104953
0.0104996
0.0105039
0.0105081
0.0105123
0.0105163
0.0105203
0.0105242
0.0105281
0.0105318
0.0105355
0.0105391
0.0105426
0.0105461
0.0105495
0.0105527
0.010556
0.0105591
0.0105622
0.0105652
0.0105681
0.0105709
0.0105736
0.0105763
0.0105789
0.0105814
0.0105838
0.0105862
0.009891
0.00988907
0.00989004
0.00989331
0.00989733
0.00990155
0.00990579
0.00990997
0.00991408
0.00991811
0.00992205
0.0099259
0.00992966
0.00993334
0.00993692
0.00994042
0.00994383
0.00994714
0.00995037
0.00995351
0.00995655
0.00995951
0.00996237
0.00996514
0.00996782
0.0099704
0.00997289
0.00997529
0.00997759
0.00997979
0.0099819
0.00998392
0.00998583
0.00998765
0.00927628
0.00927319
0.00927296
0.00927538
0.00927876
0.0092824
0.00928605
0.00928965
0.00929317
0.0092966
0.00929993
0.00930316
0.0093063
0.00930934
0.00931229
0.00931513
0.00931788
0.00932053
0.00932307
0.00932552
0.00932786
0.00933011
0.00933224
0.00933428
0.00933621
0.00933803
0.00933975
0.00934136
0.00934286
0.00934425
0.00934553
0.0093467
0.00934776
0.0093487
0.00867154
0.00866724
0.00866603
0.00866693
0.00866918
0.00867179
0.00867444
0.00867703
0.00867955
0.00868196
0.00868429
0.00868651
0.00868864
0.00869066
0.00869258
0.0086944
0.00869612
0.00869773
0.00869924
0.00870064
0.00870193
0.00870311
0.00870418
0.00870514
0.00870599
0.00870672
0.00870734
0.00870784
0.00870822
0.00870847
0.00870861
0.00870862
0.00870854
0.00870838
0.00814149
0.00813657
0.0081347
0.00813451
0.00813564
0.00813721
0.00813885
0.00814045
0.00814197
0.00814341
0.00814475
0.00814601
0.00814717
0.00814823
0.0081492
0.00815007
0.00815083
0.00815149
0.00815205
0.0081525
0.00815284
0.00815306
0.00815317
0.00815317
0.00815308
0.0081529
0.00815261
0.00815221
0.00815167
0.00815102
0.00815023
0.00814931
0.00814825
0.00814706
0.00777619
0.007772
0.00777055
0.0077706
0.00777188
0.00777348
0.00777515
0.00777681
0.00777845
0.00778005
0.00778161
0.00778314
0.00778464
0.0077861
0.00778753
0.00778893
0.0077903
0.00779163
0.00779293
0.00779419
0.00779541
0.0077966
0.00779774
0.00779884
0.00779989
0.0078009
0.00780184
0.00780272
0.00780353
0.00780424
0.00780485
0.00780534
0.0078057
0.00780598
0.00766952
0.00767167
0.00767374
0.00767591
0.00767813
0.00768031
0.00768241
0.00768443
0.00768635
0.00768817
0.00768989
0.00769151
0.00769303
0.00769446
0.00769577
0.00769696
0.00769806
0.00769905
0.00769994
0.00770074
0.00770142
0.00770198
0.00770218
0.00770203
0.00770157
0.00770077
0.00769954
0.00769785
0.00769574
0.00769329
0.00769064
0.00768785
0.00768496
0.00768202
0.00765277
0.00765523
0.00765755
0.00765978
0.00766191
0.00766394
0.00766583
0.00766759
0.00766921
0.00767068
0.00767202
0.00767324
0.0076743
0.00767521
0.00767595
0.00767651
0.00767688
0.00767706
0.00767705
0.00767686
0.00767649
0.00767613
0.00767586
0.00767571
0.00767572
0.00767587
0.00767614
0.00767655
0.00767715
0.00767798
0.00767894
0.00767981
0.00768052
0.00768109
0.00764104
0.00764485
0.00764835
0.0076517
0.00765493
0.00765804
0.00766104
0.00766394
0.00766673
0.00766959
0.00767266
0.00767601
0.00767964
0.00768333
0.00768693
0.00769041
0.00769377
0.007697
0.00770009
0.00770303
0.00770583
0.00770849
0.00771108
0.00771366
0.00771623
0.00771879
0.00772134
0.00772385
0.00772632
0.00772873
0.00773108
0.00773333
0.0077355
0.00773759
0.00758005
0.00758393
0.00758871
0.00759363
0.0075986
0.00760359
0.00760858
0.00761359
0.00761862
0.0076237
0.0076288
0.00763391
0.00763895
0.00764394
0.00764887
0.00765374
0.00765855
0.00766331
0.00766801
0.00767266
0.00767725
0.0076818
0.0076863
0.00769076
0.00769517
0.00769954
0.00770384
0.00770809
0.00771228
0.0077164
0.00772046
0.00772444
0.00772836
0.00773221
0.00741764
0.00741745
0.00742102
0.00742582
0.00743104
0.00743645
0.00744198
0.00744743
0.00745292
0.00745845
0.00746403
0.00746964
0.00747529
0.00748098
0.00748671
0.00749248
0.00749828
0.00750412
0.00750997
0.00751585
0.00752174
0.00752763
0.00753353
0.00753942
0.0075453
0.00755117
0.00755701
0.00756283
0.00756861
0.00757436
0.00758007
0.00758574
0.00759136
0.00759683
0.00712423
0.00711847
0.00711718
0.00711874
0.00712185
0.00712559
0.00712972
0.00713414
0.00713884
0.00714378
0.00714898
0.00715415
0.00715947
0.00716494
0.00717059
0.00717641
0.00718239
0.00718852
0.00719479
0.00720119
0.00720769
0.00721429
0.00722098
0.00722774
0.00723455
0.00724141
0.0072483
0.0072552
0.00726212
0.00726902
0.0072759
0.00728276
0.00728956
0.00729631
0.00669038
0.00667671
0.00666979
0.00666644
0.00666507
0.00666492
0.00666602
0.00666795
0.0066705
0.0066736
0.00667722
0.0066813
0.00668585
0.00669041
0.00669523
0.00670034
0.00670577
0.00671151
0.00671755
0.00672385
0.0067304
0.00673717
0.00674414
0.00675129
0.00675858
0.00676601
0.00677355
0.00678118
0.00678887
0.00679661
0.00680437
0.00681213
0.00681988
0.00682759
0.00611879
0.00609564
0.00608183
0.00607284
0.00606663
0.00606229
0.00605942
0.00605776
0.0060571
0.00605741
0.00605881
0.00606104
0.00606403
0.00606769
0.00607201
0.00607618
0.00608067
0.00608561
0.00609101
0.00609684
0.00610306
0.00610966
0.00611657
0.00612379
0.00613127
0.00613899
0.00614691
0.006155
0.00616324
0.00617159
0.00618004
0.00618854
0.00619707
0.00620561
0.00542756
0.00539391
0.00537253
0.00535763
0.00534649
0.0053379
0.00533129
0.00532629
0.00532271
0.00532042
0.00531933
0.00531932
0.0053207
0.00532314
0.0053265
0.00533071
0.00533426
0.00533825
0.00534283
0.00534798
0.00535366
0.00535983
0.00536646
0.00537348
0.00538088
0.00538861
0.00539664
0.00540493
0.00541345
0.00542216
0.00543104
0.00544004
0.00544915
0.00545832
0.00468061
0.00463327
0.00460255
0.00458036
0.00456318
0.00454942
0.00453822
0.00452911
0.00452192
0.00451651
0.00451274
0.00451049
0.00450965
0.00451022
0.0045123
0.00451563
0.00451785
0.00452056
0.00452397
0.00452807
0.00453281
0.00453814
0.004544
0.00455035
0.00455715
0.00456436
0.00457194
0.00457985
0.00458805
0.00459652
0.00460523
0.00461413
0.0046232
0.00463241
0.00396951
0.00391083
0.00387106
0.00384063
0.00381578
0.00379493
0.0037773
0.00376247
0.00375017
0.00374016
0.00373223
0.00372617
0.00372181
0.00371898
0.0037175
0.0037172
0.00371689
0.00371725
0.00371853
0.00372063
0.00372349
0.00372702
0.00373117
0.00373589
0.00374111
0.0037468
0.00375292
0.00375943
0.00376629
0.00377346
0.00378092
0.00378862
0.00379655
0.00380467
0.00331761
0.00325117
0.00320482
0.0031683
0.00313786
0.00311199
0.0030899
0.00307113
0.00305528
0.00304202
0.00303107
0.00302213
0.00301503
0.00300958
0.00300498
0.00300138
0.00299868
0.0029969
0.00299602
0.00299596
0.00299682
0.00299843
0.00300069
0.00300353
0.00300691
0.00301077
0.00301508
0.0030198
0.00302487
0.00303029
0.00303599
0.00304196
0.00304817
0.00305457
0.00273041
0.00265886
0.00260823
0.00256786
0.00253413
0.00250552
0.00248119
0.00246051
0.00244303
0.00242836
0.00241616
0.00240554
0.00239661
0.00238916
0.00238297
0.00237793
0.00237394
0.00237094
0.00236885
0.00236759
0.00236709
0.0023673
0.00236821
0.0023697
0.00237169
0.00237415
0.00237704
0.00238031
0.00238392
0.00238786
0.00239207
0.00239653
0.00240121
0.00240606
0.00220865
0.00213424
0.0020814
0.00203931
0.00200444
0.00197523
0.00195072
0.00192964
0.00191173
0.00189653
0.00188363
0.00187262
0.00186328
0.00185541
0.00184883
0.00184339
0.00183898
0.00183551
0.00183289
0.00183102
0.00182984
0.00182929
0.0018293
0.00182989
0.00183095
0.00183243
0.00183428
0.00183648
0.00183899
0.00184178
0.00184482
0.00184807
0.00185152
0.00185512
0.00175071
0.00167527
0.00162189
0.00157978
0.00154535
0.00151685
0.00149304
0.00147298
0.00145605
0.00144172
0.00142956
0.00141923
0.00141046
0.00140305
0.00139682
0.00139164
0.00138737
0.00138393
0.00138122
0.00137917
0.00137772
0.0013768
0.00137636
0.00137636
0.00137681
0.00137761
0.00137873
0.00138015
0.00138183
0.00138374
0.00138587
0.00138817
0.00139064
0.00139324
0.00135045
0.00127586
0.00122391
0.00118387
0.00115182
0.0011258
0.00110439
0.00108661
0.00107173
0.00105921
0.00104863
0.00103966
0.00103206
0.00102562
0.00102019
0.00101563
0.00101185
0.00100875
0.00100625
0.00100429
0.00100282
0.00100178
0.00100113
0.00100084
0.00100087
0.00100121
0.00100182
0.00100266
0.00100372
0.00100497
0.00100638
0.00100795
0.00100964
0.00101143
0.00100429
0.000932659
0.000884171
0.000848298
0.000820393
0.000798306
0.000780446
0.000765822
0.000753699
0.000743565
0.000735034
0.000727822
0.000721711
0.000716529
0.000712142
0.00070844
0.000705336
0.000702754
0.000700635
0.000698926
0.000697585
0.000696572
0.000695857
0.00069541
0.000695207
0.000695226
0.000695456
0.000695867
0.00069644
0.00069716
0.000698011
0.000698977
0.000700042
0.00070119
0.000708089
0.000642263
0.000599435
0.000569839
0.000547616
0.000530651
0.000517224
0.000506442
0.00049762
0.000490318
0.000484218
0.00047909
0.000474761
0.000471092
0.000467977
0.000465327
0.000463073
0.00046116
0.000459541
0.000458181
0.000457051
0.000456126
0.000455385
0.000454809
0.000454386
0.000454107
0.000453962
0.000453937
0.000454027
0.000454221
0.00045451
0.000454885
0.000455337
0.000455859
0.000458193
0.000402592
0.000368038
0.000346991
0.000332171
0.000322518
0.000315776
0.000311199
0.000307831
0.000305174
0.000302945
0.000301007
0.000299287
0.000297735
0.000296303
0.000294974
0.000293731
0.000292563
0.000291464
0.000290432
0.000289465
0.000288562
0.000287707
0.000286865
0.00028604
0.000285248
0.000284491
0.000283763
0.000283059
0.000282375
0.000281709
0.000281062
0.000280436
0.000279837
0.000259188
0.000232784
0.000209178
0.000199639
0.000185116
0.000188112
0.000188282
0.000188277
0.000187939
0.000187425
0.00018677
0.000186019
0.000185262
0.000184593
0.000183861
0.000183097
0.000182292
0.000181475
0.000180664
0.000179892
0.000179208
0.000178681
0.000178275
0.000177517
0.000176765
0.000175952
0.000175115
0.000174292
0.000173498
0.000172654
0.000171689
0.000170594
0.000169358
0.000168022
8.12378e-05
7.67292e-05
4.74659e-05
4.40663e-05
4.09102e-05
4.02397e-05
3.97231e-05
3.94707e-05
3.94532e-05
3.9377e-05
3.87905e-05
3.78578e-05
3.7562e-05
3.73573e-05
3.73045e-05
3.72536e-05
3.69585e-05
3.65856e-05
3.62701e-05
3.61656e-05
3.64749e-05
3.79283e-05
4.30384e-05
4.39185e-05
4.47602e-05
4.49245e-05
4.47765e-05
4.47204e-05
4.52293e-05
4.55868e-05
4.49989e-05
4.33839e-05
4.01943e-05
3.50404e-05
0.0140076
0.0140104
)
;

boundaryField
{
    down
    {
        type            freestream;
        freestreamValue nonuniform List<scalar> 0();
        value           nonuniform List<scalar> 0();
    }
    right
    {
        type            freestream;
        freestreamValue uniform 0.014;
        value           nonuniform List<scalar> 
100
(
0.0131909
0.0128214
0.0126917
0.0126873
0.0127383
0.0128086
0.012884
0.0129573
0.0130255
0.013088
0.013145
0.013197
0.0132444
0.0132877
0.0133272
0.0133634
0.0133966
0.0134272
0.0134554
0.0134815
0.0135057
0.0135281
0.013549
0.0135682
0.0135856
0.0135993
0.0135995
0.0135996
0.0135997
0.0135998
0.0135999
0.0136
0.0136
0.0136
0.0136
0.0136
0.0136
0.0136
0.0135999
0.0135999
0.0135998
0.0135997
0.0135996
0.0135995
0.0135994
0.0135992
0.013599
0.0135987
0.0135985
0.0135983
0.0135982
0.013598
0.0135979
0.0135978
0.0135977
0.0135976
0.0135975
0.0135975
0.0135976
0.0135977
0.013598
0.0135984
0.0135989
0.0135997
0.0136007
0.0136019
0.0136034
0.0136051
0.0136073
0.0136097
0.0136125
0.0136158
0.0136195
0.0136237
0.0136285
0.0136338
0.0136398
0.0136466
0.0136541
0.0136625
0.0136719
0.0136823
0.0136938
0.0137065
0.0137204
0.0137356
0.0137522
0.0137701
0.0137894
0.0138099
0.0138317
0.0138548
0.0138795
0.0139058
0.0139325
0.0139571
0.0139788
0.0140156
0.0140385
0.014019
)
;
    }
    up
    {
        type            freestream;
        freestreamValue uniform 0.014;
        value           uniform 0.014;
    }
    meanFlow
    {
        type            freestream;
        freestreamValue nonuniform List<scalar> 0();
        value           nonuniform List<scalar> 0();
    }
    surface
    {
        type            fixedValue;
        value           uniform 0;
    }
    surfaceInner
    {
        type            fixedValue;
        value           nonuniform List<scalar> 0();
    }
    coandaInlet
    {
        type            freestream;
        freestreamValue nonuniform List<scalar> 0();
        value           nonuniform List<scalar> 0();
    }
    defaultFaces
    {
        type            empty;
    }
    procBoundary3to1
    {
        type            processor;
        value           nonuniform List<scalar> 
97
(
0.0139409
0.0137993
0.0129467
0.0129467
0.0127868
0.0126091
0.0124128
0.0122017
0.0119786
0.0117467
0.0115089
0.011268
0.0110265
0.0107303
0.0107303
0.0105134
0.0102978
0.0100854
0.00987822
0.00969724
0.00969724
0.00950299
0.00931911
0.0091634
0.0091634
0.0089996
0.00885083
0.00872065
0.00872065
0.00859294
0.00847625
0.00847625
0.00835542
0.00823744
0.00823744
0.00811241
0.00811241
0.00795449
0.00779205
0.00779205
0.00760263
0.00760263
0.0073422
0.00707385
0.00707385
0.00675815
0.00675815
0.00635092
0.00593784
0.00593784
0.00546968
0.00546968
0.00494396
0.00494396
0.00436804
0.00436804
0.00379002
0.00379002
0.00324776
0.00274238
0.00274238
0.00224527
0.00221084
0.00221084
0.00172778
0.00172778
0.00133317
0.00133317
0.000965825
0.000856566
0.000734371
0.000611735
0.00060676
0.00060676
0.00037201
0.000379491
0.000387508
0.000395501
0.000403447
0.00041163
0.000420212
0.000429274
0.000438835
0.000448863
0.000448863
0.00028686
0.000295145
0.00030295
0.000311248
0.000320367
0.000330204
0.000339841
0.000348646
0.000348646
0.00023323
0.000215023
0.000215023
)
;
    }
    procBoundary3to2
    {
        type            processor;
        value           nonuniform List<scalar> 
67
(
0.0139701
0.013999
0.0139397
0.0139397
0.0139701
0.0139397
0.013906
0.0139397
0.0139059
0.0138742
0.013906
0.0138743
0.0138742
0.0138379
0.0137992
0.0138379
0.0137994
0.0137992
0.0137542
0.0137002
0.0137002
0.0136356
0.0136356
0.013559
0.013467
0.013467
0.013357
0.0132232
0.0132232
0.0130625
0.0128678
0.0126321
0.0123477
0.0120045
0.0120045
0.0116
0.0111279
0.0105885
0.00998947
0.00934964
0.00870818
0.00814583
0.00780634
0.00767927
0.00768177
0.00773986
0.00773631
0.00760253
0.0073034
0.00683562
0.00621445
0.0054678
0.00464193
0.00381311
0.00306126
0.00241117
0.00185892
0.00139599
0.00101335
0.000702436
0.000456492
0.000279544
0.000168244
4.25754e-05
0.0140077
0.0140103
0.013999
)
;
    }
}


// ************************************************************************* //
