/*--------------------------------*- C++ -*----------------------------------*\
  =========                 |
  \\      /  F ield         | OpenFOAM: The Open Source CFD Toolbox
   \\    /   O peration     | Website:  https://openfoam.org
    \\  /    A nd           | Version:  10
     \\/     M anipulation  |
\*---------------------------------------------------------------------------*/
FoamFile
{
    format      ascii;
    class       volScalarField;
    location    "0.003";
    object      p;
}
// * * * * * * * * * * * * * * * * * * * * * * * * * * * * * * * * * * * * * //

dimensions      [1 -1 -2 0 0 0 0];

internalField   nonuniform List<scalar> 
8922
(
99097.1
99059.1
99020.7
98982.3
98944.3
98907
98870.5
98835.4
98802.2
98771.4
98743.3
98718.2
98696.6
98678.8
98665
98655.7
98651.1
98651.7
98658.2
98672
98693.6
98723.1
98761.2
98808.7
98861.7
98913.1
98979.4
99082.7
98999.5
98388.3
99177.3
99138.2
99098.6
99058.8
99019.2
98980.3
98942.2
98905.4
98870.5
98837.9
98808
98781.2
98757.9
98738.4
98723
98712.2
98706.2
98705.4
98710.6
98722.5
98741.7
98768.2
98802.6
98844.9
98889.8
98931.8
98990.6
99062.2
98954.4
98649.5
99239.8
99199.9
99159.4
99118.7
99078.3
99038.6
98999.7
98962.3
98926.9
98893.8
98863.4
98836.2
98812.5
98792.7
98777
98765.8
98759.3
98757.9
98762.3
98772.8
98789.8
98813.4
98843.9
98880.6
98918.1
98954.2
99004
99045.2
98951.4
98803
99290.2
99250
99209.4
99168.7
99128.4
99088.8
99050.3
99013.2
98978.2
98945.5
98915.6
98888.8
98865.4
98845.8
98830.1
98818.8
98812.1
98810.1
98813.5
98822.6
98837.5
98858.2
98884.9
98916.3
98947.8
98979.7
99020.1
99041.8
98976.3
98910.4
99332.9
99293.2
99253.2
99213.3
99173.8
99135.1
99097.5
99061.4
99027.4
98995.6
98966.5
98940.4
98917.6
98898.3
98882.9
98871.5
98864.4
98861.9
98864.3
98871.9
98884.6
98902.5
98925.5
98951.9
98978.4
99006.4
99038.8
99050.3
99009.7
98986.9
99371
99332.4
99293.6
99254.9
99216.7
99179.3
99143.1
99108.4
99075.5
99044.9
99016.7
98991.4
98969.2
98950.3
98935
98923.6
98916.2
98913
98914.4
98920.4
98931.1
98946.3
98965.9
98988
99010.4
99034.5
99059.8
99068.1
99048.1
99045.2
99406.5
99369.4
99332.1
99294.9
99258.3
99222.5
99187.7
99154.4
99122.8
99093.3
99066.2
99041.6
99020
99001.5
98986.4
98974.9
98967.1
98963.3
98963.6
98968.2
98976.8
98989.6
99005.9
99024.3
99043.5
99064.1
99084
99091.9
99086
99093.1
99440.5
99405
99369.3
99333.9
99298.9
99264.6
99231.4
99199.4
99169.1
99140.8
99114.6
99090.9
99069.8
99051.7
99036.8
99025.2
99017
99012.6
99011.9
99015
99021.8
99032.2
99045.6
99061
99077.3
99094.8
99111.1
99119.8
99122.5
99134.3
99473.2
99439.5
99405.5
99371.8
99338.4
99305.7
99273.9
99243.4
99214.3
99187.1
99161.9
99138.9
99118.5
99100.8
99086
99074.3
99065.9
99060.8
99059.1
99060.9
99066
99074.2
99085.1
99097.7
99111.6
99126.4
99140.3
99149.9
99157.5
99171.3
99504.9
99472.8
99440.6
99408.5
99376.7
99345.5
99315.2
99286
99258.3
99232.1
99207.8
99185.7
99165.9
99148.6
99133.9
99122.2
99113.4
99107.7
99105.1
99105.6
99109.2
99115.5
99124.1
99134.5
99146.2
99158.8
99170.9
99181.2
99191.1
99205.5
99535.5
99505
99474.4
99443.9
99413.7
99384
99355.2
99327.3
99300.8
99275.7
99252.4
99231
99211.8
99194.9
99180.5
99168.6
99159.6
99153.3
99149.9
99149.3
99151.4
99155.9
99162.7
99171.1
99180.9
99191.6
99202.4
99212.7
99223.6
99237.7
99564.8
99536
99507
99478
99449.3
99421.2
99393.7
99367.2
99341.8
99317.8
99295.4
99274.8
99256.2
99239.7
99225.4
99213.6
99204.3
99197.5
99193.3
99191.7
99192.5
99195.6
99200.6
99207.3
99215.4
99224.5
99234.2
99244.2
99255.1
99268.3
99592.8
99565.5
99538.1
99510.7
99483.5
99456.8
99430.7
99405.4
99381.2
99358.3
99336.8
99317
99298.9
99282.8
99268.8
99257
99247.4
99240.2
99235.4
99232.8
99232.5
99234.2
99237.8
99243.1
99249.6
99257.3
99265.9
99275.2
99285.6
99297.8
99619.5
99593.7
99567.8
99541.9
99516.2
99490.8
99466.1
99442
99419
99397.1
99376.5
99357.4
99339.9
99324.2
99310.5
99298.7
99289
99281.4
99276
99272.6
99271.3
99271.9
99274.2
99278.1
99283.3
99289.8
99297.3
99305.7
99315.2
99326.3
99644.8
99620.5
99596.1
99571.6
99547.3
99523.3
99499.8
99477
99455
99434.1
99414.4
99396.1
99379.2
99363.9
99350.4
99338.7
99328.9
99321
99315
99311
99308.8
99308.4
99309.6
99312.3
99316.4
99321.7
99328.1
99335.6
99344.1
99354
99668.8
99645.9
99622.9
99599.8
99576.9
99554.2
99531.9
99510.3
99489.4
99469.4
99450.6
99432.9
99416.7
99401.8
99388.6
99377
99367.1
99359
99352.6
99348
99345
99343.7
99344
99345.7
99348.6
99352.8
99358.2
99364.7
99372.1
99380.8
99691.4
99669.9
99648.3
99626.5
99604.9
99583.4
99562.4
99541.8
99522
99503
99485
99468
99452.3
99437.9
99425
99413.5
99403.6
99395.3
99388.6
99383.4
99379.9
99377.8
99377.2
99378
99380
99383.2
99387.6
99393
99399.4
99406.9
99712.8
99692.6
99672.2
99651.7
99631.3
99611.1
99591.2
99571.7
99552.9
99534.8
99517.5
99501.3
99486.2
99472.2
99459.6
99448.3
99438.4
99429.9
99423
99417.4
99413.3
99410.6
99409.3
99409.2
99410.3
99412.6
99416
99420.5
99425.8
99432.2
99732.9
99713.9
99694.8
99675.5
99656.3
99637.2
99618.3
99599.9
99582
99564.8
99548.4
99532.8
99518.3
99504.8
99492.4
99481.3
99471.5
99463
99455.8
99449.9
99445.3
99442.1
99440.1
99439.3
99439.6
99441.1
99443.6
99447.1
99451.4
99456.8
99751.7
99734
99716
99697.8
99679.7
99661.7
99644
99626.5
99609.6
99593.2
99577.5
99562.6
99548.6
99535.6
99523.6
99512.7
99502.9
99494.4
99487
99480.9
99475.9
99472.2
99469.6
99468.2
99467.8
99468.5
99470.2
99472.8
99476.2
99480.6
99769.5
99752.8
99735.9
99718.8
99701.8
99684.8
99668
99651.6
99635.5
99619.9
99604.9
99590.7
99577.2
99564.6
99553
99542.3
99532.7
99524.1
99516.7
99510.4
99505.1
99501
99497.9
99495.9
99494.9
99494.9
99495.8
99497.7
99500.2
99503.7
99786.1
99770.4
99754.6
99738.6
99722.5
99706.5
99690.7
99675.1
99659.8
99645
99630.8
99617.1
99604.2
99592.1
99580.8
99570.3
99560.9
99552.4
99544.9
99538.4
99532.9
99528.4
99524.9
99522.4
99520.8
99520.2
99520.5
99521.6
99523.3
99526
99801.7
99787
99772.1
99757
99741.9
99726.8
99711.9
99697.1
99682.7
99668.6
99655
99642
99629.6
99617.9
99606.9
99596.8
99587.5
99579
99571.5
99564.9
99559.2
99554.5
99550.6
99547.7
99545.7
99544.5
99544.1
99544.5
99545.6
99547.5
99816.3
99802.5
99788.5
99774.3
99760.1
99745.9
99731.7
99717.8
99704.1
99690.7
99677.8
99665.3
99653.4
99642.2
99631.6
99621.7
99612.6
99604.2
99596.7
99590.1
99584.2
99579.2
99575.1
99571.8
99569.3
99567.7
99566.8
99566.6
99567
99568.3
99830
99817.1
99803.9
99790.5
99777.1
99763.7
99750.4
99737.2
99724.2
99711.5
99699.1
99687.2
99675.8
99665
99654.7
99645.1
99636.2
99628
99620.5
99613.8
99607.9
99602.7
99598.4
99594.7
99591.9
99589.8
99588.4
99587.7
99587.6
99588.2
99842.9
99830.7
99818.3
99805.7
99793.1
99780.4
99767.8
99755.3
99743
99730.9
99719.1
99707.8
99696.8
99686.4
99676.5
99667.1
99658.4
99650.4
99643
99636.3
99630.3
99625
99620.4
99616.5
99613.4
99610.9
99609.1
99607.9
99607.3
99607.4
99854.9
99843.5
99831.8
99819.9
99808
99796
99784.1
99772.2
99760.5
99749.1
99737.9
99727
99716.5
99706.4
99696.9
99687.8
99679.3
99671.4
99664.1
99657.4
99651.4
99646
99641.3
99637.2
99633.7
99630.9
99628.8
99627.2
99626.1
99625.8
99866.3
99855.5
99844.4
99833.3
99822
99810.7
99799.3
99788.1
99777
99766.1
99755.4
99745
99734.9
99725.3
99716
99707.2
99699
99691.2
99684
99677.4
99671.3
99665.9
99661
99656.8
99653.1
99650
99647.5
99645.6
99644.2
99643.4
99876.9
99866.7
99856.3
99845.7
99835.1
99824.3
99813.6
99802.9
99792.4
99782
99771.8
99761.8
99752.2
99742.9
99733.9
99725.4
99717.4
99709.8
99702.7
99696.1
99690.1
99684.6
99679.7
99675.3
99671.4
99668.1
99665.4
99663.1
99661.3
99660.2
99886.9
99877.3
99867.4
99857.4
99847.3
99837.1
99827
99816.8
99806.8
99796.8
99787.1
99777.6
99768.3
99759.3
99750.7
99742.5
99734.7
99727.3
99720.3
99713.8
99707.8
99702.3
99697.3
99692.8
99688.8
99685.3
99682.3
99679.8
99677.7
99676.2
99896.4
99887.2
99877.9
99868.4
99858.8
99849.1
99839.4
99829.8
99820.2
99810.7
99801.4
99792.3
99783.4
99774.8
99766.5
99758.5
99750.9
99743.6
99736.8
99730.4
99724.4
99718.9
99713.9
99709.3
99705.2
99701.5
99698.3
99695.6
99693.3
99691.5
99905.2
99896.6
99887.7
99878.7
99869.5
99860.3
99851.1
99841.9
99832.8
99823.7
99814.8
99806
99797.5
99789.2
99781.2
99773.4
99766
99759
99752.3
99746
99740.1
99734.6
99729.5
99724.9
99720.6
99716.9
99713.5
99710.6
99708
99706
99913.6
99905.3
99896.9
99888.3
99879.6
99870.8
99862
99853.2
99844.5
99835.8
99827.3
99818.9
99810.7
99802.7
99794.9
99787.4
99780.2
99773.3
99766.8
99760.6
99754.8
99749.3
99744.2
99739.5
99735.2
99731.4
99727.9
99724.8
99722
99719.8
99921.5
99913.6
99905.5
99897.3
99889
99880.6
99872.2
99863.8
99855.5
99847.2
99839
99830.9
99823
99815.3
99807.8
99800.5
99793.5
99786.8
99780.4
99774.3
99768.5
99763.1
99758.1
99753.4
99749
99745
99741.4
99738.2
99735.3
99732.9
99928.9
99921.3
99913.6
99905.8
99897.8
99889.8
99881.8
99873.7
99865.7
99857.8
99849.9
99842.1
99834.5
99827.1
99819.8
99812.8
99806
99799.4
99793.1
99787.2
99781.5
99776.1
99771.1
99766.4
99762
99757.9
99754.2
99750.9
99747.9
99745.3
99935.9
99928.6
99921.2
99913.7
99906.1
99898.4
99890.7
99883
99875.3
99867.6
99860.1
99852.6
99845.2
99838.1
99831
99824.2
99817.6
99811.2
99805.1
99799.2
99793.6
99788.3
99783.3
99778.6
99774.2
99770.1
99766.3
99762.9
99759.7
99757
99942.4
99935.5
99928.4
99921.1
99913.8
99906.5
99899
99891.6
99884.2
99876.9
99869.6
99862.4
99855.3
99848.3
99841.5
99834.9
99828.5
99822.3
99816.3
99810.5
99805
99799.7
99794.8
99790.1
99785.6
99781.5
99777.7
99774.1
99770.9
99768
99948.5
99941.8
99935
99928.1
99921
99914
99906.8
99899.7
99892.6
99885.5
99878.4
99871.5
99864.6
99857.9
99851.3
99844.9
99838.6
99832.6
99826.7
99821.1
99815.6
99810.5
99805.5
99800.8
99796.4
99792.3
99788.4
99784.8
99781.4
99778.4
99954.3
99947.8
99941.2
99934.5
99927.8
99920.9
99914.1
99907.2
99900.3
99893.5
99886.7
99880
99873.4
99866.9
99860.5
99854.2
99848.1
99842.2
99836.5
99831
99825.6
99820.5
99815.6
99811
99806.6
99802.4
99798.5
99794.8
99791.4
99788.3
99959.6
99953.4
99947
99940.6
99934
99927.5
99920.8
99914.2
99907.6
99901
99894.4
99887.9
99881.5
99875.2
99869
99862.9
99857
99851.2
99845.6
99840.2
99835
99829.9
99825.1
99820.5
99816.1
99811.9
99807.9
99804.2
99800.7
99797.5
99964.6
99958.6
99952.4
99946.2
99939.9
99933.5
99927.1
99920.7
99914.3
99907.9
99901.6
99895.3
99889.1
99883
99877
99871.1
99865.3
99859.7
99854.2
99848.9
99843.7
99838.7
99834
99829.4
99825
99820.8
99816.8
99813.1
99809.5
99806.3
99969.2
99963.4
99957.4
99951.4
99945.3
99939.1
99932.9
99926.7
99920.6
99914.4
99908.3
99902.2
99896.2
99890.2
99884.4
99878.6
99873
99867.5
99862.2
99856.9
99851.9
99847
99842.3
99837.7
99833.4
99829.2
99825.2
99821.4
99817.8
99814.5
99973.4
99967.8
99962
99956.2
99950.3
99944.3
99938.3
99932.3
99926.4
99920.4
99914.5
99908.6
99902.7
99897
99891.3
99885.7
99880.2
99874.9
99869.6
99864.5
99859.5
99854.7
99850.1
99845.6
99841.2
99837
99833.1
99829.2
99825.6
99822.2
99977.3
99971.8
99966.2
99960.6
99954.9
99949.1
99943.3
99937.5
99931.7
99926
99920.2
99914.5
99908.8
99903.2
99897.7
99892.3
99887
99881.7
99876.6
99871.6
99866.7
99862
99857.4
99852.9
99848.6
99844.4
99840.4
99836.6
99832.9
99829.5
99980.8
99975.5
99970.1
99964.6
99959.1
99953.5
99947.9
99942.3
99936.7
99931.1
99925.5
99920
99914.5
99909.1
99903.7
99898.4
99893.2
99888.1
99883.1
99878.2
99873.4
99868.7
99864.2
99859.8
99855.5
99851.4
99847.4
99843.5
99839.8
99836.3
99984
99978.9
99973.6
99968.3
99962.9
99957.6
99952.1
99946.7
99941.3
99935.9
99930.5
99925.1
99919.8
99914.5
99909.3
99904.1
99899.1
99894.1
99889.2
99884.4
99879.7
99875.1
99870.6
99866.2
99862
99857.9
99853.9
99850
99846.3
99842.8
99986.9
99981.9
99976.8
99971.7
99966.5
99961.2
99956
99950.8
99945.5
99940.2
99935
99929.8
99924.6
99919.5
99914.5
99909.4
99904.5
99899.6
99894.9
99890.2
99885.5
99881
99876.6
99872.3
99868.1
99864
99860
99856.2
99852.4
99848.8
99989.4
99984.6
99979.7
99974.7
99969.7
99964.6
99959.5
99954.5
99949.4
99944.3
99939.2
99934.2
99929.2
99924.2
99919.3
99914.4
99909.6
99904.8
99900.2
99895.6
99891
99886.6
99882.3
99878
99873.8
99869.8
99865.8
99862
99858.2
99854.6
99991.6
99987
99982.2
99977.4
99972.5
99967.7
99962.8
99957.8
99952.9
99948
99943.1
99938.2
99933.3
99928.5
99923.7
99919
99914.3
99909.7
99905.1
99900.6
99896.2
99891.8
99887.5
99883.3
99879.2
99875.2
99871.3
99867.4
99863.7
99860
99993.6
99989.1
99984.5
99979.8
99975.1
99970.4
99965.7
99960.9
99956.2
99951.4
99946.7
99941.9
99937.2
99932.5
99927.9
99923.3
99918.7
99914.2
99909.7
99905.3
99901
99896.7
99892.5
99888.4
99884.3
99880.3
99876.4
99872.6
99868.8
99865.2
99995.2
99990.9
99986.5
99982
99977.4
99972.9
99968.3
99963.7
99959.1
99954.5
99949.9
99945.3
99940.8
99936.2
99931.7
99927.3
99922.8
99918.4
99914.1
99909.8
99905.5
99901.3
99897.2
99893.1
99889.1
99885.2
99881.3
99877.5
99873.7
99870.1
99996.6
99992.4
99988.2
99983.9
99979.5
99975.1
99970.7
99966.3
99961.8
99957.4
99952.9
99948.5
99944.1
99939.7
99935.3
99931
99926.6
99922.4
99918.1
99913.9
99909.8
99905.7
99901.6
99897.6
99893.7
99889.8
99885.9
99882.1
99878.4
99874.7
99997.8
99993.8
99989.7
99985.5
99981.3
99977.1
99972.8
99968.6
99964.3
99960
99955.7
99951.4
99947.1
99942.9
99938.6
99934.4
99930.2
99926.1
99921.9
99917.8
99913.8
99909.8
99905.8
99901.9
99898
99894.1
99890.3
99886.5
99882.8
99879.2
99998.7
99994.9
99990.9
99986.9
99982.9
99978.8
99974.7
99970.6
99966.5
99962.4
99958.2
99954.1
99949.9
99945.8
99941.7
99937.6
99933.6
99929.5
99925.5
99921.5
99917.6
99913.6
99909.7
99905.9
99902
99898.2
99894.5
99890.8
99887.1
99883.4
99999.5
99995.8
99992
99988.2
99984.3
99980.4
99976.5
99972.5
99968.5
99964.5
99960.5
99956.5
99952.5
99948.6
99944.6
99940.6
99936.7
99932.8
99928.9
99925
99921.1
99917.3
99913.5
99909.7
99905.9
99902.2
99898.5
99894.8
99891.1
99887.5
100000
99996.5
99992.9
99989.2
99985.5
99981.8
99978
99974.2
99970.4
99966.5
99962.7
99958.8
99955
99951.1
99947.3
99943.4
99939.6
99935.8
99932
99928.2
99924.5
99920.7
99917
99913.3
99909.6
99906
99902.3
99898.7
99895.1
99891.4
100000
99997.1
99993.6
99990.1
99986.6
99983
99979.3
99975.7
99972
99968.3
99964.6
99960.9
99957.2
99953.5
99949.8
99946.1
99942.4
99938.7
99935
99931.3
99927.7
99924
99920.4
99916.8
99913.2
99909.6
99906
99902.4
99898.8
99895.3
100001
99997.5
99994.2
99990.9
99987.5
99984
99980.6
99977
99973.5
99970
99966.4
99962.8
99959.3
99955.7
99952.1
99948.5
99945
99941.4
99937.8
99934.3
99930.7
99927.2
99923.7
99920.1
99916.6
99913.1
99909.6
99906.1
99902.5
99899
100001
99997.9
99994.7
99991.5
99988.3
99985
99981.6
99978.3
99974.9
99971.5
99968.1
99964.6
99961.2
99957.7
99954.3
99950.9
99947.4
99944
99940.5
99937.1
99933.6
99930.2
99926.8
99923.3
99919.9
99916.5
99913
99909.6
99906.1
99902.6
100001
99998.1
99995.1
99992
99988.9
99985.8
99982.6
99979.4
99976.1
99972.9
99969.6
99966.3
99963
99959.7
99956.4
99953
99949.7
99946.4
99943.1
99939.8
99936.4
99933.1
99929.8
99926.4
99923.1
99919.8
99916.4
99913
99909.6
99906.2
100001
99998.2
99995.4
99992.5
99989.5
99986.5
99983.5
99980.4
99977.3
99974.2
99971
99967.9
99964.7
99961.5
99958.3
99955.1
99951.9
99948.7
99945.5
99942.3
99939.1
99935.9
99932.7
99929.4
99926.2
99922.9
99919.7
99916.4
99913.1
99909.8
100001
99998.3
99995.6
99992.8
99990
99987.1
99984.2
99981.3
99978.3
99975.3
99972.3
99969.3
99966.3
99963.2
99960.2
99957.1
99954
99951
99947.9
99944.8
99941.7
99938.6
99935.5
99932.3
99929.2
99926.1
99922.9
99919.7
99916.5
99913.2
100001
99998.3
99995.8
99993.1
99990.4
99987.7
99984.9
99982.1
99979.3
99976.4
99973.6
99970.7
99967.8
99964.9
99961.9
99959
99956
99953.1
99950.1
99947.2
99944.2
99941.2
99938.2
99935.2
99932.2
99929.1
99926.1
99923
99919.9
99916.7
100001
99998.3
99995.9
99993.4
99990.8
99988.2
99985.6
99982.9
99980.2
99977.5
99974.7
99972
99969.2
99966.4
99963.6
99960.8
99958
99955.1
99952.3
99949.5
99946.6
99943.7
99940.9
99938
99935.1
99932.1
99929.2
99926.2
99923.2
99920.2
100001
99998.3
99996
99993.6
99991.2
99988.7
99986.2
99983.6
99981.1
99978.5
99975.8
99973.2
99970.6
99967.9
99965.2
99962.5
99959.8
99957.1
99954.4
99951.7
99949
99946.2
99943.5
99940.7
99937.9
99935.1
99932.3
99929.4
99926.5
99923.6
100000
99998.2
99996
99993.8
99991.5
99989.1
99986.7
99984.3
99981.9
99979.4
99976.9
99974.4
99971.9
99969.3
99966.8
99964.2
99961.6
99959.1
99956.5
99953.9
99951.3
99948.6
99946
99943.4
99940.7
99938
99935.3
99932.6
99929.8
99927
100000
99998.2
99996.1
99993.9
99991.7
99989.5
99987.2
99984.9
99982.6
99980.3
99977.9
99975.5
99973.1
99970.7
99968.3
99965.8
99963.4
99960.9
99958.5
99956
99953.5
99951
99948.5
99946
99943.4
99940.9
99938.3
99935.7
99933.1
99930.5
100000
99998.1
99996.1
99994.1
99992
99989.9
99987.7
99985.6
99983.3
99981.1
99978.9
99976.6
99974.3
99972
99969.7
99967.4
99965.1
99962.7
99960.4
99958
99955.7
99953.3
99950.9
99948.6
99946.2
99943.7
99941.3
99938.9
99936.4
99933.9
99999.9
99998
99996.2
99994.2
99992.3
99990.3
99988.2
99986.1
99984
99981.9
99979.8
99977.6
99975.5
99973.3
99971.1
99968.9
99966.7
99964.5
99962.3
99960.1
99957.8
99955.6
99953.3
99951.1
99948.8
99946.6
99944.3
99942
99939.6
99937.3
99999.7
99998
99996.2
99994.4
99992.5
99990.6
99988.7
99986.7
99984.7
99982.7
99980.7
99978.7
99976.6
99974.5
99972.5
99970.4
99968.3
99966.2
99964.1
99962
99959.9
99957.8
99955.7
99953.6
99951.5
99949.3
99947.2
99945
99942.9
99940.7
99999.5
99997.9
99996.3
99994.5
99992.8
99990.9
99989.1
99987.3
99985.4
99983.5
99981.6
99979.6
99977.7
99975.8
99973.8
99971.9
99969.9
99967.9
99965.9
99964
99962
99960
99958
99956
99954
99952
99950
99948
99946
99944
99999.4
99997.9
99996.3
99994.7
99993
99991.3
99989.6
99987.8
99986
99984.2
99982.4
99980.6
99978.8
99976.9
99975.1
99973.3
99971.4
99969.6
99967.7
99965.8
99964
99962.1
99960.3
99958.4
99956.6
99954.7
99952.9
99951
99949.1
99947.3
99999.3
99997.9
99996.4
99994.8
99993.2
99991.6
99990
99988.3
99986.7
99985
99983.3
99981.5
99979.8
99978.1
99976.4
99974.6
99972.9
99971.2
99969.4
99967.7
99965.9
99964.2
99962.5
99960.8
99959
99957.3
99955.6
99953.9
99952.2
99950.5
99999.2
99997.9
99996.4
99995
99993.5
99992
99990.4
99988.8
99987.3
99985.7
99984.1
99982.5
99980.9
99979.2
99977.6
99976
99974.3
99972.7
99971.1
99969.5
99967.9
99966.2
99964.6
99963
99961.4
99959.9
99958.3
99956.7
99955.2
99953.7
99999.1
99997.8
99996.5
99995.1
99993.7
99992.3
99990.8
99989.4
99987.9
99986.4
99984.9
99983.4
99981.9
99980.3
99978.8
99977.3
99975.8
99974.2
99972.7
99971.2
99969.7
99968.2
99966.7
99965.2
99963.8
99962.3
99960.9
99959.5
99958.1
99956.7
99999.1
99997.9
99996.6
99995.3
99994
99992.6
99991.3
99989.9
99988.5
99987.1
99985.7
99984.2
99982.8
99981.4
99980
99978.6
99977.1
99975.7
99974.3
99972.9
99971.5
99970.1
99968.8
99967.4
99966.1
99964.7
99963.4
99962.1
99960.9
99959.7
99999
99997.9
99996.7
99995.5
99994.2
99993
99991.7
99990.4
99989.1
99987.8
99986.4
99985.1
99983.8
99982.5
99981.1
99979.8
99978.5
99977.2
99975.9
99974.6
99973.3
99972
99970.7
99969.5
99968.3
99967.1
99965.9
99964.7
99963.6
99962.5
99999
99997.9
99996.8
99995.7
99994.5
99993.3
99992.1
99990.9
99989.6
99988.4
99987.2
99985.9
99984.7
99983.5
99982.2
99981
99979.8
99978.6
99977.3
99976.1
99975
99973.8
99972.6
99971.5
99970.4
99969.3
99968.2
99967.2
99966.2
99965.2
99999
99998
99996.9
99995.8
99994.7
99993.6
99992.5
99991.4
99990.2
99989.1
99987.9
99986.8
99985.6
99984.5
99983.3
99982.2
99981
99979.9
99978.8
99977.7
99976.6
99975.5
99974.5
99973.4
99972.4
99971.4
99970.5
99969.6
99968.7
99967.8
99999
99998
99997
99996
99995
99994
99992.9
99991.8
99990.8
99989.7
99988.6
99987.6
99986.5
99985.4
99984.4
99983.3
99982.3
99981.2
99980.2
99979.2
99978.2
99977.2
99976.2
99975.3
99974.4
99973.5
99972.6
99971.8
99971
99970.3
99999
99998.1
99997.2
99996.2
99995.3
99994.3
99993.3
99992.3
99991.3
99990.3
99989.3
99988.3
99987.4
99986.4
99985.4
99984.4
99983.4
99982.5
99981.5
99980.6
99979.7
99978.8
99977.9
99977.1
99976.3
99975.5
99974.7
99974
99973.3
99972.6
99999
99998.1
99997.3
99996.4
99995.5
99994.6
99993.7
99992.8
99991.9
99990.9
99990
99989.1
99988.2
99987.3
99986.4
99985.5
99984.6
99983.7
99982.8
99982
99981.2
99980.3
99979.6
99978.8
99978
99977.3
99976.6
99976
99975.4
99974.8
99999
99998.2
99997.4
99996.6
99995.8
99994.9
99994.1
99993.2
99992.4
99991.5
99990.7
99989.8
99989
99988.2
99987.3
99986.5
99985.7
99984.9
99984.1
99983.3
99982.6
99981.8
99981.1
99980.4
99979.7
99979.1
99978.5
99977.9
99977.4
99976.9
99999
99998.3
99997.6
99996.8
99996
99995.3
99994.5
99993.7
99992.9
99992.1
99991.3
99990.6
99989.8
99989
99988.2
99987.5
99986.7
99986
99985.3
99984.6
99983.9
99983.2
99982.6
99982
99981.4
99980.8
99980.3
99979.8
99979.3
99978.9
99999
99998.4
99997.7
99997
99996.3
99995.6
99994.9
99994.1
99993.4
99992.7
99992
99991.3
99990.5
99989.8
99989.1
99988.4
99987.8
99987.1
99986.5
99985.8
99985.2
99984.6
99984
99983.5
99982.9
99982.4
99981.9
99981.5
99981.1
99980.8
99999.1
99998.5
99997.9
99997.2
99996.6
99995.9
99995.2
99994.6
99993.9
99993.3
99992.6
99991.9
99991.3
99990.6
99990
99989.4
99988.8
99988.2
99987.6
99987
99986.4
99985.9
99985.4
99984.9
99984.4
99983.9
99983.5
99983.1
99982.8
99982.5
99999.2
99998.6
99998
99997.4
99996.8
99996.2
99995.6
99995
99994.4
99993.8
99993.2
99992.6
99992
99991.4
99990.8
99990.3
99989.7
99989.2
99988.6
99988.1
99987.6
99987.1
99986.7
99986.2
99985.8
99985.4
99985
99984.7
99984.4
99984.1
99999.3
99998.7
99998.2
99997.6
99997.1
99996.5
99996
99995.4
99994.9
99994.3
99993.8
99993.2
99992.7
99992.2
99991.6
99991.1
99990.6
99990.1
99989.7
99989.2
99988.7
99988.3
99987.9
99987.5
99987.1
99986.8
99986.5
99986.2
99985.9
99985.7
99999.3
99998.8
99998.3
99997.8
99997.3
99996.8
99996.3
99995.8
99995.3
99994.8
99994.3
99993.9
99993.4
99992.9
99992.4
99992
99991.5
99991.1
99990.6
99990.2
99989.8
99989.5
99989.1
99988.7
99988.4
99988.1
99987.8
99987.6
99987.3
99987.2
99999.3
99998.9
99998.5
99998
99997.6
99997.1
99996.7
99996.2
99995.8
99995.3
99994.9
99994.5
99994
99993.6
99993.2
99992.8
99992.4
99992
99991.6
99991.2
99990.9
99990.5
99990.2
99989.9
99989.6
99989.3
99989.1
99988.9
99988.7
99988.5
99999.4
99999
99998.6
99998.2
99997.8
99997.4
99997
99996.6
99996.2
99995.8
99995.4
99995
99994.7
99994.3
99993.9
99993.5
99993.2
99992.8
99992.5
99992.2
99991.9
99991.6
99991.3
99991.1
99990.8
99990.6
99990.4
99990.2
99990
99989.9
99999.4
99999.1
99998.8
99998.4
99998.1
99997.7
99997.4
99997
99996.6
99996.3
99996
99995.6
99995.3
99994.9
99994.6
99994.3
99994
99993.7
99993.4
99993.1
99992.8
99992.6
99992.3
99992.1
99991.9
99991.7
99991.5
99991.3
99991.1
99991
99999.5
99999.2
99998.9
99998.6
99998.3
99998
99997.7
99997.4
99997.1
99996.8
99996.5
99996.2
99995.9
99995.6
99995.3
99995
99994.8
99994.5
99994.3
99994
99993.8
99993.6
99993.4
99993.2
99993.1
99992.9
99992.8
99992.6
99992.5
99992.4
99999.6
99999.3
99999.1
99998.8
99998.5
99998.3
99998
99997.7
99997.5
99997.2
99997
99996.7
99996.5
99996.2
99996
99995.7
99995.5
99995.3
99995.1
99994.9
99994.7
99994.5
99994.3
99994.1
99993.9
99993.8
99993.6
99993.5
99993.3
99993.2
99999.6
99999.4
99999.2
99999
99998.8
99998.5
99998.3
99998.1
99997.9
99997.7
99997.5
99997.2
99997
99996.8
99996.6
99996.4
99996.3
99996.1
99995.9
99995.8
99995.6
99995.5
99995.4
99995.3
99995.2
99995.1
99995.1
99995.1
99994.9
99994.8
99999.7
99999.5
99999.3
99999.2
99999
99998.8
99998.6
99998.5
99998.3
99998.1
99997.9
99997.8
99997.6
99997.4
99997.3
99997.1
99997
99996.8
99996.7
99996.5
99996.4
99996.2
99996.1
99996
99995.8
99995.7
99995.5
99995.4
99995.3
99995.2
99999.7
99999.6
99999.5
99999.4
99999.2
99999.1
99999
99998.8
99998.7
99998.5
99998.4
99998.3
99998.2
99998
99997.9
99997.8
99997.7
99997.6
99997.5
99997.4
99997.3
99997.3
99997.2
99997.2
99997.3
99997.3
99997.4
99997.6
99997.6
99997.5
99999.8
99999.7
99999.6
99999.5
99999.4
99999.3
99999.2
99999.2
99999.1
99999
99998.9
99998.8
99998.7
99998.6
99998.5
99998.4
99998.3
99998.2
99998.2
99998.1
99998
99997.9
99997.9
99997.8
99997.7
99997.5
99997.4
99997.3
99997.3
99997.2
99999.8
99999.8
99999.8
99999.7
99999.7
99999.6
99999.6
99999.5
99999.5
99999.4
99999.4
99999.3
99999.3
99999.2
99999.2
99999.1
99999.1
99999.1
99999
99999
99999
99999
99999.1
99999.1
99999.2
99999.3
99999.4
99999.6
100000
100001
100000
100000
99999.9
99999.9
99999.9
99999.8
99999.8
99999.8
99999.8
99999.7
99999.7
99999.7
99999.6
99999.6
99999.6
99999.5
99999.5
99999.4
99999.4
99999.3
99999.2
99999.2
99999.1
99999.1
99999.2
99999.4
99999.7
100000
100001
100002
98823.1
99005.5
99129.1
99214.1
99280.3
99333.7
99379.9
99420.5
99456.7
99489.5
99519.4
99547
99572.6
99596.5
99618.9
99640
99660
99679
99697.1
99714.6
99732
99749
99763.1
99782.5
99824.5
98892.4
99019.9
99135.8
99217.3
99282.4
99334.8
99380.7
99421
99457.1
99489.7
99519.6
99547.2
99572.8
99596.6
99619
99640.1
99660.1
99679.1
99697.2
99714.6
99732.1
99749
99763.1
99782.5
99824.3
98951.5
99047.2
99146.1
99221.9
99284.8
99336.4
99381.7
99421.6
99457.5
99490
99519.8
99547.3
99572.8
99596.7
99619
99640.1
99660.1
99679.1
99697.2
99714.6
99732.1
99749
99763.2
99782.4
99823.6
99000.2
99076.3
99159.9
99228.9
99288.4
99338.8
99383.2
99422.6
99458.2
99490.5
99520.1
99547.5
99573
99596.8
99619.1
99640.2
99660.1
99679.1
99697.2
99714.6
99732
99749
99763.2
99782.2
99822.6
99045.6
99106.2
99176
99238
99293.6
99342.1
99385.3
99424
99459.1
99491.2
99520.6
99547.9
99573.2
99597
99619.2
99640.2
99660.1
99679.1
99697.2
99714.6
99732
99748.9
99763.1
99782
99821.5
99087.2
99136.2
99194.1
99249.2
99300.4
99346.5
99388.2
99426
99460.5
99492.1
99521.3
99548.3
99573.6
99597.2
99619.4
99640.3
99660.2
99679.1
99697.2
99714.6
99731.9
99748.8
99763.1
99781.8
99820.3
99125.5
99165.5
99213.6
99262.1
99308.8
99352
99391.9
99428.6
99462.3
99493.4
99522.2
99549
99574
99597.5
99619.6
99640.5
99660.3
99679.2
99697.2
99714.6
99731.9
99748.7
99763
99781.5
99818.9
99161.1
99194
99234.2
99276.4
99318.6
99358.8
99396.6
99431.8
99464.6
99495
99523.3
99549.8
99574.6
99598
99619.9
99640.7
99660.4
99679.3
99697.2
99714.6
99731.8
99748.6
99762.9
99781.3
99817.4
99194.3
99221.7
99255.4
99292.1
99329.7
99366.7
99402.2
99435.8
99467.4
99497.1
99524.8
99550.9
99575.4
99598.5
99620.3
99641
99660.6
99679.4
99697.3
99714.6
99731.7
99748.5
99762.9
99781
99815.8
99225.6
99248.7
99277
99308.7
99342.1
99375.8
99408.8
99440.6
99470.9
99499.6
99526.7
99552.3
99576.4
99599.2
99620.8
99641.4
99660.9
99679.5
99697.4
99714.6
99731.7
99748.4
99762.8
99780.7
99814.1
99255.4
99274.9
99298.9
99326.2
99355.7
99386
99416.5
99446.3
99475.1
99502.7
99529
99554
99577.7
99600.1
99621.5
99641.8
99661.2
99679.8
99697.5
99714.6
99731.6
99748.3
99762.6
99780.4
99812.3
99284
99300.6
99320.9
99344.4
99370.2
99397.4
99425.1
99452.9
99480
99506.4
99531.7
99556
99579.2
99601.3
99622.3
99642.4
99661.6
99680
99697.7
99714.7
99731.6
99748.1
99762.5
99780.1
99810.3
99311.7
99325.7
99343
99363.1
99385.5
99409.7
99434.8
99460.3
99485.8
99510.8
99535
99558.5
99581
99602.7
99623.3
99643.2
99662.1
99680.4
99697.9
99714.8
99731.6
99748
99762.4
99779.7
99808.3
99338.5
99350.4
99365
99382.2
99401.6
99422.9
99445.5
99468.8
99492.3
99515.8
99538.9
99561.5
99583.3
99604.3
99624.6
99644.1
99662.8
99680.8
99698.2
99715
99731.6
99747.9
99762.2
99779.3
99806.3
99364.5
99374.6
99387
99401.6
99418.3
99436.9
99457
99478.1
99499.8
99521.6
99543.5
99564.9
99585.9
99606.4
99626.1
99645.2
99663.6
99681.4
99698.6
99715.2
99731.6
99747.7
99762
99778.8
99804.1
99389.9
99398.4
99408.8
99421.2
99435.5
99451.7
99469.4
99488.3
99508
99528.2
99548.6
99569
99589.1
99608.8
99627.9
99646.5
99664.6
99682.1
99699
99715.5
99731.7
99747.6
99761.8
99778.3
99802
99414.7
99421.7
99430.5
99440.9
99453.1
99467
99482.5
99499.3
99517.1
99535.6
99554.5
99573.7
99592.7
99611.6
99630.1
99648.2
99665.8
99682.9
99699.6
99715.8
99731.8
99747.5
99761.6
99777.8
99799.7
99438.8
99444.7
99451.9
99460.6
99471
99482.9
99496.3
99511.1
99527
99543.8
99561.2
99579
99596.9
99614.9
99632.6
99650.1
99667.2
99684
99700.3
99716.3
99732
99747.4
99761.3
99777.3
99797.5
99462.3
99467.1
99473.1
99480.3
99489
99499.1
99510.6
99523.5
99537.6
99552.7
99568.5
99585
99601.7
99618.7
99635.6
99652.4
99669
99685.2
99701.2
99716.8
99732.3
99747.3
99761.1
99776.7
99795.3
99485.2
99489.1
99493.9
99499.9
99507.1
99515.6
99525.4
99536.6
99548.9
99562.3
99576.6
99591.6
99607.2
99623
99639
99655.1
99671
99686.7
99702.2
99717.5
99732.6
99747.3
99760.9
99776.1
99793.2
99507.4
99510.5
99514.4
99519.3
99525.2
99532.3
99540.6
99550.1
99560.8
99572.6
99585.4
99599
99613.2
99627.9
99643
99658.1
99673.4
99688.5
99703.5
99718.4
99733.1
99747.3
99760.7
99775.4
99791.1
99529
99531.4
99534.5
99538.4
99543.3
99549.1
99556
99564.1
99573.2
99583.5
99594.8
99607
99619.9
99633.4
99647.4
99661.7
99676.1
99690.6
99705
99719.4
99733.7
99747.5
99760.6
99774.8
99789.1
99549.8
99551.7
99554.1
99557.3
99561.1
99565.9
99571.6
99578.3
99586.1
99594.9
99604.8
99615.6
99627.2
99639.5
99652.4
99665.7
99679.3
99693
99706.8
99720.6
99734.4
99747.7
99760.5
99774.2
99787.2
99570
99571.4
99573.3
99575.7
99578.8
99582.6
99587.2
99592.8
99599.3
99606.8
99615.3
99624.8
99635.1
99646.2
99657.9
99670.2
99682.9
99695.8
99708.9
99722.1
99735.3
99748.1
99760.5
99773.5
99785.5
99589.5
99590.5
99591.8
99593.7
99596.1
99599.1
99602.8
99607.4
99612.8
99619.1
99626.3
99634.5
99643.5
99653.4
99664
99675.2
99686.9
99699
99711.3
99723.8
99736.4
99748.7
99760.5
99773
99784
99608.2
99608.9
99609.8
99611.2
99613
99615.3
99618.3
99621.9
99626.3
99631.6
99637.7
99644.6
99652.5
99661.2
99670.6
99680.7
99691.5
99702.6
99714.1
99725.9
99737.8
99749.4
99760.7
99772.5
99782.7
99626.2
99626.6
99627.3
99628.2
99629.5
99631.3
99633.6
99636.4
99640
99644.2
99649.3
99655.2
99661.9
99669.4
99677.7
99686.8
99696.4
99706.7
99717.3
99728.2
99739.4
99750.4
99761.1
99772.1
99781.6
99643.4
99643.6
99644
99644.6
99645.6
99646.9
99648.6
99650.8
99653.6
99657
99661.1
99666
99671.6
99678.1
99685.3
99693.3
99701.9
99711.1
99720.8
99730.9
99741.3
99751.6
99761.7
99772
99780.7
99660
99660
99660.1
99660.5
99661.1
99662
99663.2
99664.9
99667
99669.7
99673
99677
99681.7
99687.1
99693.3
99700.2
99707.8
99716
99724.8
99734
99743.5
99753
99762.5
99771.9
99780.1
99675.8
99675.7
99675.7
99675.8
99676.1
99676.7
99677.5
99678.7
99680.3
99682.3
99684.9
99688.1
99691.9
99696.4
99701.6
99707.5
99714.1
99721.4
99729.2
99737.5
99746.1
99754.8
99763.6
99772.3
99779.9
99690.8
99690.6
99690.5
99690.5
99690.5
99690.9
99691.4
99692.2
99693.3
99694.8
99696.8
99699.2
99702.3
99705.9
99710.2
99715.2
99720.8
99727.1
99734
99741.3
99749.1
99757
99765
99772.9
99779.9
99705.2
99704.9
99704.7
99704.5
99704.5
99704.5
99704.8
99705.2
99706
99707
99708.5
99710.3
99712.7
99715.6
99719
99723.1
99727.9
99733.2
99739.1
99745.6
99752.4
99759.5
99766.7
99773.9
99780.2
99718.8
99718.4
99718.1
99717.9
99717.7
99717.6
99717.6
99717.8
99718.3
99718.9
99719.9
99721.3
99723
99725.3
99728
99731.3
99735.2
99739.6
99744.6
99750.2
99756.1
99762.4
99768.8
99775.2
99781
99731.7
99731.4
99731
99730.6
99730.4
99730.2
99730
99730
99730.2
99730.5
99731.1
99732
99733.3
99734.9
99737
99739.6
99742.7
99746.3
99750.5
99755.1
99760.2
99765.6
99771.2
99776.9
99782.1
99744
99743.6
99743.2
99742.8
99742.4
99742.1
99741.9
99741.7
99741.6
99741.7
99742
99742.6
99743.4
99744.5
99746.1
99748
99750.4
99753.3
99756.6
99760.4
99764.7
99769.3
99774.1
99779
99783.6
99755.6
99755.2
99754.7
99754.3
99753.9
99753.5
99753.1
99752.8
99752.7
99752.6
99752.6
99752.8
99753.3
99754
99755
99756.4
99758.2
99760.4
99763
99766
99769.5
99773.3
99777.4
99781.5
99785.5
99766.6
99766.1
99765.7
99765.2
99764.8
99764.3
99763.9
99763.5
99763.1
99762.9
99762.8
99762.7
99762.9
99763.2
99763.9
99764.8
99766
99767.6
99769.5
99771.9
99774.6
99777.7
99781
99784.5
99787.9
99776.9
99776.5
99776
99775.6
99775.1
99774.6
99774.1
99773.6
99773.2
99772.8
99772.5
99772.3
99772.2
99772.2
99772.5
99773
99773.8
99774.9
99776.2
99778
99780
99782.4
99785
99787.8
99790.6
99786.7
99786.3
99785.8
99785.3
99784.8
99784.3
99783.8
99783.3
99782.8
99782.3
99781.8
99781.5
99781.2
99781.1
99781
99781.2
99781.5
99782.1
99783
99784.2
99785.6
99787.4
99789.4
99791.6
99793.8
99795.9
99795.5
99795
99794.5
99794
99793.5
99793
99792.4
99791.9
99791.3
99790.8
99790.3
99789.9
99789.5
99789.3
99789.2
99789.2
99789.4
99789.8
99790.5
99791.5
99792.7
99794.1
99795.7
99797.4
99804.6
99804.2
99803.7
99803.2
99802.7
99802.2
99801.6
99801.1
99800.5
99799.9
99799.3
99798.7
99798.2
99797.7
99797.2
99796.9
99796.7
99796.6
99796.6
99796.9
99797.4
99798.1
99799
99800.1
99801.3
99812.7
99812.3
99811.9
99811.4
99810.9
99810.4
99809.9
99809.3
99808.7
99808
99807.4
99806.8
99806.1
99805.5
99804.9
99804.4
99804
99803.7
99803.5
99803.4
99803.4
99803.7
99804.2
99804.8
99805.5
99820.4
99820
99819.6
99819.2
99818.7
99818.2
99817.6
99817
99816.4
99815.8
99815.1
99814.4
99813.7
99813
99812.4
99811.7
99811.1
99810.6
99810.1
99809.8
99809.6
99809.5
99809.5
99809.7
99810
99827.7
99827.3
99826.9
99826.5
99826
99825.5
99824.9
99824.4
99823.7
99823.1
99822.4
99821.7
99821
99820.2
99819.5
99818.8
99818
99817.3
99816.7
99816.1
99815.6
99815.3
99815
99814.8
99814.7
99834.5
99834.1
99833.7
99833.3
99832.9
99832.4
99831.8
99831.3
99830.7
99830
99829.4
99828.6
99827.9
99827.1
99826.3
99825.5
99824.7
99823.9
99823.1
99822.4
99821.7
99821.1
99820.5
99820
99819.6
99840.9
99840.6
99840.2
99839.8
99839.4
99838.9
99838.4
99837.8
99837.2
99836.6
99835.9
99835.2
99834.5
99833.7
99832.9
99832
99831.2
99830.3
99829.4
99828.5
99827.7
99826.9
99826.1
99825.3
99824.7
99847
99846.7
99846.3
99845.9
99845.5
99845.1
99844.6
99844
99843.5
99842.9
99842.2
99841.5
99840.8
99840
99839.1
99838.3
99837.4
99836.4
99835.5
99834.5
99833.5
99832.6
99831.7
99830.7
99829.8
99852.7
99852.4
99852.1
99851.7
99851.3
99850.9
99850.4
99849.9
99849.4
99848.8
99848.1
99847.5
99846.7
99845.9
99845.1
99844.3
99843.3
99842.4
99841.4
99840.4
99839.3
99838.3
99837.2
99836.1
99835
99858.1
99857.8
99857.5
99857.2
99856.8
99856.4
99856
99855.5
99855
99854.4
99853.8
99853.1
99852.4
99851.7
99850.8
99850
99849.1
99848.1
99847.1
99846
99844.9
99843.8
99842.7
99841.5
99840.3
99863.3
99863
99862.7
99862.4
99862
99861.6
99861.2
99860.8
99860.3
99859.7
99859.2
99858.5
99857.8
99857.1
99856.3
99855.5
99854.6
99853.6
99852.6
99851.5
99850.4
99849.3
99848.1
99846.8
99845.5
99868.1
99867.9
99867.6
99867.3
99867
99866.6
99866.2
99865.8
99865.3
99864.8
99864.3
99863.7
99863
99862.3
99861.6
99860.7
99859.9
99858.9
99857.9
99856.9
99855.8
99854.6
99853.4
99852.1
99850.7
99872.8
99872.6
99872.3
99872
99871.7
99871.4
99871
99870.6
99870.2
99869.7
99869.2
99868.6
99868
99867.3
99866.6
99865.8
99865
99864
99863.1
99862
99860.9
99859.8
99858.6
99857.2
99855.9
99877.2
99877
99876.8
99876.5
99876.2
99875.9
99875.6
99875.2
99874.8
99874.3
99873.8
99873.3
99872.7
99872.1
99871.4
99870.7
99869.8
99869
99868
99867
99866
99864.8
99863.6
99862.3
99860.9
99881.5
99881.3
99881.1
99880.8
99880.6
99880.3
99880
99879.6
99879.2
99878.8
99878.3
99877.8
99877.3
99876.7
99876
99875.3
99874.6
99873.7
99872.9
99871.9
99870.9
99869.8
99868.6
99867.3
99865.9
99885.6
99885.4
99885.2
99885
99884.7
99884.5
99884.2
99883.8
99883.5
99883.1
99882.7
99882.2
99881.7
99881.1
99880.5
99879.8
99879.1
99878.3
99877.5
99876.6
99875.6
99874.5
99873.4
99872.2
99870.8
99889.6
99889.4
99889.2
99889
99888.8
99888.5
99888.2
99887.9
99887.6
99887.2
99886.8
99886.4
99885.9
99885.4
99884.8
99884.2
99883.5
99882.8
99882
99881.2
99880.2
99879.2
99878.1
99876.9
99875.7
99893.4
99893.3
99893.1
99892.9
99892.7
99892.5
99892.2
99891.9
99891.6
99891.3
99890.9
99890.5
99890.1
99889.6
99889
99888.5
99887.8
99887.2
99886.4
99885.6
99884.7
99883.8
99882.8
99881.6
99880.4
99897.2
99897
99896.9
99896.7
99896.5
99896.3
99896
99895.8
99895.5
99895.2
99894.9
99894.5
99894.1
99893.6
99893.1
99892.6
99892
99891.4
99890.7
99889.9
99889.1
99888.2
99887.3
99886.2
99885.1
99900.8
99900.7
99900.6
99900.4
99900.2
99900
99899.8
99899.6
99899.3
99899
99898.7
99898.4
99898
99897.6
99897.2
99896.7
99896.1
99895.5
99894.9
99894.2
99893.4
99892.6
99891.7
99890.7
99889.6
99904.5
99904.3
99904.2
99904.1
99903.9
99903.7
99903.5
99903.3
99903.1
99902.8
99902.5
99902.2
99901.9
99901.5
99901.1
99900.6
99900.1
99899.6
99899
99898.4
99897.7
99896.9
99896.1
99895.2
99894.2
99908
99907.9
99907.8
99907.7
99907.5
99907.4
99907.2
99907
99906.8
99906.5
99906.3
99906
99905.7
99905.3
99905
99904.6
99904.1
99903.6
99903.1
99902.5
99901.9
99901.2
99900.4
99899.6
99898.6
99911.6
99911.5
99911.4
99911.2
99911.1
99911
99910.8
99910.6
99910.4
99910.2
99910
99909.7
99909.4
99909.1
99908.8
99908.4
99908
99907.6
99907.1
99906.6
99906
99905.3
99904.7
99903.9
99903
99915.1
99915
99914.9
99914.8
99914.7
99914.5
99914.4
99914.2
99914.1
99913.9
99913.7
99913.4
99913.2
99912.9
99912.6
99912.3
99911.9
99911.5
99911.1
99910.6
99910.1
99909.5
99908.9
99908.2
99907.4
99918.6
99918.5
99918.4
99918.3
99918.2
99918.1
99918
99917.8
99917.7
99917.5
99917.3
99917.1
99916.9
99916.7
99916.4
99916.1
99915.8
99915.4
99915
99914.6
99914.1
99913.6
99913
99912.4
99911.7
99922.1
99922
99922
99921.9
99921.8
99921.7
99921.6
99921.4
99921.3
99921.2
99921
99920.8
99920.6
99920.4
99920.1
99919.9
99919.6
99919.3
99918.9
99918.5
99918.1
99917.6
99917.2
99916.6
99915.9
99925.6
99925.6
99925.5
99925.4
99925.3
99925.2
99925.1
99925
99924.9
99924.8
99924.6
99924.5
99924.3
99924.1
99923.9
99923.6
99923.4
99923.1
99922.8
99922.5
99922.1
99921.7
99921.2
99920.7
99920.2
99929.1
99929.1
99929
99929
99928.9
99928.8
99928.7
99928.6
99928.5
99928.4
99928.3
99928.1
99928
99927.8
99927.6
99927.4
99927.2
99926.9
99926.7
99926.4
99926
99925.7
99925.3
99924.8
99924.3
99932.6
99932.6
99932.5
99932.5
99932.4
99932.3
99932.3
99932.2
99932.1
99932
99931.9
99931.8
99931.6
99931.5
99931.3
99931.1
99930.9
99930.7
99930.5
99930.2
99929.9
99929.6
99929.3
99928.9
99928.5
99936.1
99936.1
99936
99936
99935.9
99935.9
99935.8
99935.7
99935.7
99935.6
99935.5
99935.4
99935.2
99935.1
99935
99934.8
99934.6
99934.5
99934.3
99934
99933.8
99933.5
99933.2
99932.9
99932.5
99939.6
99939.5
99939.5
99939.5
99939.4
99939.4
99939.3
99939.3
99939.2
99939.1
99939
99938.9
99938.8
99938.7
99938.6
99938.5
99938.3
99938.2
99938
99937.8
99937.6
99937.4
99937.1
99936.8
99936.5
99943
99943
99942.9
99942.9
99942.9
99942.8
99942.8
99942.7
99942.7
99942.6
99942.5
99942.5
99942.4
99942.3
99942.2
99942.1
99941.9
99941.8
99941.7
99941.5
99941.3
99941.1
99940.9
99940.7
99940.4
99946.4
99946.4
99946.3
99946.3
99946.3
99946.2
99946.2
99946.1
99946.1
99946
99946
99945.9
99945.8
99945.8
99945.7
99945.6
99945.5
99945.4
99945.2
99945.1
99945
99944.8
99944.6
99944.4
99944.2
99949.7
99949.7
99949.6
99949.6
99949.6
99949.6
99949.5
99949.5
99949.5
99949.4
99949.4
99949.3
99949.2
99949.2
99949.1
99949
99948.9
99948.8
99948.7
99948.6
99948.5
99948.4
99948.2
99948.1
99947.8
99952.9
99952.9
99952.9
99952.9
99952.8
99952.8
99952.8
99952.8
99952.7
99952.7
99952.6
99952.6
99952.5
99952.5
99952.4
99952.4
99952.3
99952.2
99952.1
99952
99951.9
99951.8
99951.7
99951.6
99951.4
99956.1
99956
99956
99956
99956
99956
99955.9
99955.9
99955.9
99955.9
99955.8
99955.8
99955.7
99955.7
99955.7
99955.6
99955.5
99955.5
99955.4
99955.3
99955.2
99955.2
99955.1
99954.9
99954.8
99959.1
99959.1
99959.1
99959
99959
99959
99959
99959
99958.9
99958.9
99958.9
99958.9
99958.8
99958.8
99958.8
99958.7
99958.7
99958.6
99958.6
99958.5
99958.4
99958.3
99958.3
99958.2
99958
99962
99962
99962
99962
99961.9
99961.9
99961.9
99961.9
99961.9
99961.9
99961.8
99961.8
99961.8
99961.8
99961.7
99961.7
99961.7
99961.6
99961.6
99961.5
99961.5
99961.4
99961.3
99961.3
99961.1
99964.8
99964.8
99964.8
99964.8
99964.7
99964.7
99964.7
99964.7
99964.7
99964.7
99964.7
99964.6
99964.6
99964.6
99964.6
99964.5
99964.5
99964.5
99964.4
99964.4
99964.3
99964.3
99964.2
99964.2
99964.1
99967.4
99967.4
99967.4
99967.4
99967.4
99967.4
99967.4
99967.4
99967.4
99967.4
99967.3
99967.3
99967.3
99967.3
99967.3
99967.2
99967.2
99967.2
99967.2
99967.1
99967.1
99967.1
99967
99967
99966.9
99970
99969.9
99969.9
99969.9
99969.9
99969.9
99969.9
99969.9
99969.9
99969.9
99969.9
99969.9
99969.9
99969.8
99969.8
99969.8
99969.8
99969.8
99969.7
99969.7
99969.7
99969.7
99969.6
99969.6
99969.5
99972.3
99972.3
99972.3
99972.3
99972.3
99972.3
99972.3
99972.3
99972.3
99972.3
99972.3
99972.3
99972.3
99972.3
99972.2
99972.2
99972.2
99972.2
99972.2
99972.2
99972.1
99972.1
99972.1
99972
99972
99974.6
99974.6
99974.6
99974.6
99974.6
99974.6
99974.6
99974.6
99974.6
99974.6
99974.6
99974.5
99974.5
99974.5
99974.5
99974.5
99974.5
99974.5
99974.5
99974.4
99974.4
99974.4
99974.4
99974.4
99974.3
99976.7
99976.7
99976.7
99976.7
99976.7
99976.7
99976.7
99976.7
99976.7
99976.7
99976.7
99976.7
99976.7
99976.7
99976.7
99976.7
99976.6
99976.6
99976.6
99976.6
99976.6
99976.6
99976.6
99976.5
99976.5
99978.7
99978.7
99978.7
99978.7
99978.7
99978.7
99978.7
99978.7
99978.7
99978.7
99978.7
99978.7
99978.7
99978.7
99978.7
99978.7
99978.7
99978.6
99978.6
99978.6
99978.6
99978.6
99978.6
99978.6
99978.5
99980.6
99980.6
99980.6
99980.6
99980.6
99980.6
99980.6
99980.6
99980.6
99980.6
99980.6
99980.6
99980.6
99980.6
99980.6
99980.6
99980.6
99980.6
99980.5
99980.5
99980.5
99980.5
99980.5
99980.5
99980.5
99982.4
99982.4
99982.4
99982.4
99982.4
99982.4
99982.4
99982.4
99982.4
99982.4
99982.3
99982.3
99982.3
99982.3
99982.3
99982.3
99982.3
99982.3
99982.3
99982.3
99982.3
99982.3
99982.3
99982.3
99982.3
99984
99984
99984
99984
99984
99984
99984
99984
99984
99984
99984
99984
99984
99984
99984
99984
99984
99984
99984
99984
99984
99984
99984
99984
99984
99985.6
99985.6
99985.6
99985.6
99985.6
99985.6
99985.6
99985.6
99985.6
99985.6
99985.6
99985.6
99985.6
99985.6
99985.6
99985.6
99985.6
99985.5
99985.5
99985.5
99985.5
99985.5
99985.5
99985.5
99985.5
99987.1
99987.1
99987.1
99987.1
99987.1
99987.1
99987.1
99987.1
99987.1
99987.1
99987.1
99987.1
99987.1
99987.1
99987.1
99987.1
99987.1
99987.1
99987.1
99987.1
99987.1
99987.1
99987.1
99987.1
99987
99988.4
99988.4
99988.4
99988.4
99988.4
99988.4
99988.4
99988.4
99988.4
99988.4
99988.4
99988.4
99988.4
99988.4
99988.4
99988.4
99988.4
99988.4
99988.4
99988.4
99988.4
99988.4
99988.4
99988.4
99988.4
99989.9
99989.9
99989.9
99989.9
99989.9
99989.9
99989.9
99989.9
99989.9
99989.9
99989.9
99989.9
99989.9
99989.9
99989.8
99989.8
99989.8
99989.8
99989.8
99989.8
99989.8
99989.8
99989.8
99989.8
99989.8
99990.9
99990.9
99990.9
99990.9
99990.9
99990.9
99990.9
99990.9
99990.9
99990.9
99990.9
99990.9
99990.9
99990.9
99990.9
99990.9
99990.9
99990.9
99990.9
99990.9
99990.9
99990.9
99990.9
99990.9
99990.9
99992.4
99992.4
99992.4
99992.4
99992.4
99992.4
99992.4
99992.4
99992.4
99992.4
99992.4
99992.4
99992.4
99992.4
99992.4
99992.4
99992.4
99992.4
99992.4
99992.4
99992.4
99992.4
99992.4
99992.4
99992.4
99993.1
99993.1
99993.1
99993.1
99993.1
99993.1
99993.1
99993.1
99993.1
99993.1
99993.1
99993.1
99993.1
99993.1
99993.1
99993.1
99993.1
99993.1
99993.1
99993.1
99993.1
99993.1
99993.1
99993.1
99993
99995
99995
99995
99995
99995
99995
99995
99995
99995
99995
99995
99995
99995
99995
99995.1
99995.1
99995.1
99995.1
99995.1
99995.1
99995.1
99995.1
99995.1
99995.1
99995.1
99995
99995
99995
99995
99995
99995
99995
99995
99995
99995
99995
99995
99995
99995
99995
99994.9
99994.9
99994.9
99994.9
99994.9
99994.9
99994.9
99994.9
99994.9
99994.9
99997.9
99997.9
99997.9
99997.9
99997.9
99997.9
99997.9
99997.9
99997.9
99997.9
99997.9
99997.9
99997.9
99997.9
99997.9
99997.9
99997.9
99998
99998
99998
99998
99998
99998
99998
99998
99996.7
99996.7
99996.7
99996.7
99996.7
99996.7
99996.7
99996.7
99996.7
99996.7
99996.7
99996.6
99996.6
99996.6
99996.6
99996.6
99996.6
99996.6
99996.6
99996.6
99996.6
99996.5
99996.5
99996.5
99996.5
100001
100001
100001
100001
100001
100001
100001
100001
100001
100001
100001
100001
100001
100001
100001
100001
100001
100001
100001
100001
100001
100001
100001
100001
100001
100003
100003
100003
100003
100003
100003
100003
100003
100003
100003
100003
100003
100003
100003
100003
100003
100003
100003
100003
100003
100003
100003
100003
100003
100003
99806.8
99804.7
99802
99800.2
99798.6
99797.3
99796.2
99795.3
99794.6
99794.1
99793.6
99793.2
99792.9
99792.7
99792.6
99792.5
99792.4
99792.4
99792.4
99792.5
99792.6
99792.7
99792.8
99792.9
99793.1
99793.2
99793.4
99793.5
99793.7
99793.9
99794.1
99794.3
99794.4
99794.6
99794.8
99794.9
99806.5
99804.6
99802
99800.2
99798.5
99797.2
99796.2
99795.3
99794.6
99794
99793.6
99793.2
99792.9
99792.7
99792.6
99792.5
99792.4
99792.4
99792.5
99792.5
99792.6
99792.7
99792.8
99792.9
99793.1
99793.2
99793.4
99793.6
99793.7
99793.9
99794.1
99794.3
99794.4
99794.6
99794.8
99795
99806.1
99804.5
99801.9
99800.1
99798.5
99797.2
99796.1
99795.3
99794.6
99794
99793.6
99793.2
99793
99792.7
99792.6
99792.5
99792.5
99792.4
99792.5
99792.5
99792.6
99792.7
99792.8
99792.9
99793.1
99793.2
99793.4
99793.6
99793.7
99793.9
99794.1
99794.3
99794.5
99794.6
99794.8
99795
99805.7
99804.4
99801.8
99800.1
99798.4
99797.2
99796.1
99795.3
99794.6
99794
99793.6
99793.2
99793
99792.8
99792.6
99792.5
99792.5
99792.5
99792.5
99792.5
99792.6
99792.7
99792.8
99793
99793.1
99793.3
99793.4
99793.6
99793.8
99793.9
99794.1
99794.3
99794.5
99794.6
99794.8
99795
99805.2
99804.2
99801.6
99799.9
99798.4
99797.1
99796.1
99795.3
99794.6
99794
99793.6
99793.2
99793
99792.8
99792.6
99792.5
99792.5
99792.5
99792.5
99792.5
99792.6
99792.7
99792.8
99793
99793.1
99793.3
99793.4
99793.6
99793.8
99794
99794.1
99794.3
99794.5
99794.7
99794.8
99795
99804.8
99803.8
99801.4
99799.8
99798.3
99797.1
99796
99795.2
99794.6
99794
99793.6
99793.2
99793
99792.8
99792.6
99792.5
99792.5
99792.5
99792.5
99792.6
99792.7
99792.8
99792.9
99793
99793.2
99793.3
99793.5
99793.6
99793.8
99794
99794.2
99794.4
99794.5
99794.7
99794.9
99795
99804.2
99803.5
99801.1
99799.6
99798.1
99797
99796
99795.2
99794.5
99794
99793.6
99793.2
99793
99792.8
99792.6
99792.6
99792.5
99792.5
99792.5
99792.6
99792.7
99792.8
99792.9
99793
99793.2
99793.3
99793.5
99793.7
99793.9
99794
99794.2
99794.4
99794.6
99794.7
99794.9
99795.1
99803.7
99803
99800.8
99799.4
99797.9
99796.8
99795.9
99795.1
99794.5
99794
99793.5
99793.2
99793
99792.8
99792.6
99792.6
99792.5
99792.5
99792.6
99792.6
99792.7
99792.8
99792.9
99793.1
99793.2
99793.4
99793.5
99793.7
99793.9
99794.1
99794.2
99794.4
99794.6
99794.8
99794.9
99795.1
99803
99802.5
99800.4
99799.1
99797.7
99796.7
99795.8
99795
99794.4
99793.9
99793.5
99793.2
99793
99792.8
99792.7
99792.6
99792.6
99792.6
99792.6
99792.7
99792.7
99792.9
99793
99793.1
99793.3
99793.4
99793.6
99793.8
99793.9
99794.1
99794.3
99794.5
99794.6
99794.8
99795
99795.2
99802.3
99801.9
99800
99798.8
99797.5
99796.5
99795.6
99794.9
99794.3
99793.9
99793.5
99793.2
99793
99792.8
99792.7
99792.6
99792.6
99792.6
99792.6
99792.7
99792.8
99792.9
99793
99793.2
99793.3
99793.5
99793.6
99793.8
99794
99794.2
99794.3
99794.5
99794.7
99794.9
99795
99795.2
99801.5
99801.2
99799.5
99798.4
99797.2
99796.3
99795.5
99794.8
99794.3
99793.8
99793.4
99793.2
99792.9
99792.8
99792.7
99792.6
99792.6
99792.6
99792.7
99792.7
99792.8
99792.9
99793.1
99793.2
99793.4
99793.5
99793.7
99793.9
99794
99794.2
99794.4
99794.6
99794.7
99794.9
99795.1
99795.3
99800.6
99800.5
99798.9
99797.9
99796.9
99796
99795.3
99794.7
99794.1
99793.7
99793.4
99793.1
99792.9
99792.8
99792.7
99792.6
99792.6
99792.7
99792.7
99792.8
99792.9
99793
99793.1
99793.3
99793.4
99793.6
99793.7
99793.9
99794.1
99794.3
99794.5
99794.6
99794.8
99795
99795.2
99795.3
99799.7
99799.6
99798.3
99797.4
99796.5
99795.7
99795.1
99794.5
99794
99793.6
99793.3
99793.1
99792.9
99792.8
99792.7
99792.7
99792.7
99792.7
99792.7
99792.8
99792.9
99793
99793.2
99793.3
99793.5
99793.6
99793.8
99794
99794.2
99794.3
99794.5
99794.7
99794.9
99795.1
99795.2
99795.4
99798.6
99798.8
99797.6
99796.9
99796.1
99795.4
99794.8
99794.3
99793.9
99793.5
99793.2
99793
99792.9
99792.8
99792.7
99792.7
99792.7
99792.7
99792.8
99792.9
99793
99793.1
99793.2
99793.4
99793.6
99793.7
99793.9
99794.1
99794.2
99794.4
99794.6
99794.8
99795
99795.1
99795.3
99795.5
99797.6
99797.8
99796.9
99796.3
99795.6
99795
99794.5
99794.1
99793.7
99793.4
99793.2
99793
99792.8
99792.7
99792.7
99792.7
99792.7
99792.8
99792.8
99792.9
99793
99793.2
99793.3
99793.5
99793.6
99793.8
99794
99794.2
99794.3
99794.5
99794.7
99794.9
99795.1
99795.2
99795.4
99795.6
99796.5
99796.8
99796.1
99795.6
99795.1
99794.6
99794.2
99793.8
99793.5
99793.3
99793.1
99792.9
99792.8
99792.7
99792.7
99792.7
99792.8
99792.8
99792.9
99793
99793.1
99793.3
99793.4
99793.6
99793.7
99793.9
99794.1
99794.3
99794.4
99794.6
99794.8
99795
99795.2
99795.3
99795.5
99795.3
99795.7
99795.2
99794.9
99794.5
99794.2
99793.8
99793.5
99793.3
99793.1
99792.9
99792.8
99792.7
99792.7
99792.7
99792.7
99792.8
99792.9
99793
99793.1
99793.2
99793.3
99793.5
99793.7
99793.8
99794
99794.2
99794.4
99794.5
99794.7
99794.9
99795.1
99795.3
99795.4
99795.6
99794.1
99794.6
99794.3
99794.2
99793.9
99793.7
99793.4
99793.2
99793.1
99792.9
99792.8
99792.7
99792.7
99792.7
99792.7
99792.8
99792.8
99792.9
99793
99793.1
99793.3
99793.4
99793.6
99793.8
99793.9
99794.1
99794.3
99794.5
99794.7
99794.9
99795
99795.2
99795.4
99795.6
99795.7
99792.9
99793.4
99793.4
99793.4
99793.3
99793.2
99793
99792.9
99792.8
99792.7
99792.7
99792.6
99792.6
99792.7
99792.7
99792.8
99792.9
99793
99793.1
99793.2
99793.4
99793.5
99793.7
99793.9
99794.1
99794.3
99794.4
99794.6
99794.8
99795
99795.2
99795.4
99795.5
99795.7
99795.9
99791.6
99792.2
99792.4
99792.5
99792.6
99792.6
99792.6
99792.5
99792.5
99792.5
99792.5
99792.5
99792.6
99792.6
99792.7
99792.8
99792.9
99793
99793.2
99793.3
99793.5
99793.7
99793.8
99794
99794.2
99794.4
99794.6
99794.8
99795
99795.2
99795.3
99795.5
99795.7
99795.9
99796
99790.3
99791.1
99791.4
99791.7
99791.9
99792
99792.1
99792.2
99792.2
99792.3
99792.3
99792.4
99792.5
99792.6
99792.7
99792.8
99793
99793.1
99793.3
99793.5
99793.6
99793.8
99794
99794.2
99794.4
99794.6
99794.8
99795
99795.2
99795.3
99795.5
99795.7
99795.9
99796.1
99796.2
99789
99789.9
99790.4
99790.9
99791.2
99791.4
99791.6
99791.8
99791.9
99792
99792.2
99792.3
99792.4
99792.6
99792.7
99792.9
99793.1
99793.2
99793.4
99793.6
99793.8
99794
99794.2
99794.4
99794.6
99794.8
99795
99795.2
99795.4
99795.5
99795.7
99795.9
99796.1
99796.3
99796.4
99787.8
99788.8
99789.5
99790
99790.5
99790.8
99791.1
99791.4
99791.6
99791.8
99792
99792.2
99792.4
99792.6
99792.8
99792.9
99793.1
99793.3
99793.5
99793.7
99793.9
99794.1
99794.3
99794.6
99794.8
99795
99795.2
99795.4
99795.6
99795.8
99796
99796.2
99796.3
99796.5
99796.7
99786.6
99787.7
99788.5
99789.2
99789.8
99790.2
99790.6
99791
99791.3
99791.6
99791.8
99792.1
99792.3
99792.6
99792.8
99793
99793.2
99793.5
99793.7
99793.9
99794.1
99794.3
99794.6
99794.8
99795
99795.2
99795.4
99795.6
99795.8
99796
99796.2
99796.4
99796.6
99796.8
99796.9
99785.5
99786.8
99787.7
99788.4
99789.1
99789.7
99790.2
99790.6
99791
99791.4
99791.7
99792
99792.3
99792.6
99792.9
99793.1
99793.4
99793.6
99793.9
99794.1
99794.3
99794.6
99794.8
99795
99795.3
99795.5
99795.7
99795.9
99796.1
99796.3
99796.5
99796.7
99796.9
99797.1
99797.2
99784.6
99785.9
99786.9
99787.8
99788.5
99789.2
99789.8
99790.3
99790.8
99791.2
99791.6
99792
99792.3
99792.6
99792.9
99793.2
99793.5
99793.8
99794.1
99794.3
99794.6
99794.8
99795.1
99795.3
99795.6
99795.8
99796
99796.2
99796.5
99796.7
99796.9
99797
99797.2
99797.4
99783.8
99785.1
99786.2
99787.2
99788
99788.8
99789.5
99790.1
99790.6
99791.1
99791.6
99792
99792.4
99792.7
99793.1
99793.4
99793.7
99794
99794.3
99794.6
99794.9
99795.2
99795.4
99795.7
99795.9
99796.2
99796.4
99796.6
99796.8
99797
99797.2
99797.4
99797.6
99797.8
99783.1
99784.5
99785.7
99786.7
99787.6
99788.5
99789.2
99789.9
99790.5
99791.1
99791.6
99792
99792.5
99792.9
99793.3
99793.6
99794
99794.3
99794.6
99794.9
99795.2
99795.5
99795.8
99796.1
99796.3
99796.6
99796.8
99797
99797.2
99797.4
99797.6
99797.8
99798
99798.2
99782.7
99784.1
99785.3
99786.4
99787.4
99788.3
99789.1
99789.8
99790.5
99791.1
99791.6
99792.2
99792.6
99793.1
99793.5
99793.9
99794.3
99794.7
99795
99795.3
99795.6
99795.9
99796.2
99796.5
99796.8
99797
99797.3
99797.5
99797.7
99797.9
99798.1
99798.3
99798.5
99798.7
99782.5
99783.9
99785.2
99786.3
99787.3
99788.2
99789.1
99789.8
99790.6
99791.2
99791.8
99792.4
99792.9
99793.4
99793.9
99794.3
99794.7
99795.1
99795.4
99795.8
99796.1
99796.4
99796.7
99797
99797.3
99797.5
99797.8
99798
99798.2
99798.4
99798.6
99798.8
99799
99799.2
99782.5
99784
99785.2
99786.3
99787.4
99788.3
99789.2
99790
99790.8
99791.5
99792.1
99792.7
99793.3
99793.8
99794.3
99794.8
99795.2
99795.6
99796
99796.3
99796.7
99797
99797.3
99797.6
99797.9
99798.1
99798.4
99798.6
99798.8
99799
99799.2
99799.4
99799.6
99799.8
99782.9
99784.3
99785.5
99786.7
99787.7
99788.7
99789.6
99790.4
99791.2
99791.9
99792.6
99793.2
99793.8
99794.3
99794.9
99795.3
99795.8
99796.2
99796.6
99797
99797.3
99797.6
99798
99798.2
99798.5
99798.8
99799.1
99799.3
99799.5
99799.7
99799.9
99800.1
99800.3
99783.6
99784.9
99786.1
99787.3
99788.3
99789.3
99790.2
99791
99791.8
99792.6
99793.2
99793.9
99794.5
99795
99795.5
99796
99796.5
99796.9
99797.3
99797.7
99798
99798.4
99798.7
99799
99799.3
99799.6
99799.8
99800.1
99800.3
99800.5
99800.7
99800.9
99801
99784.6
99785.9
99787
99788.1
99789.2
99790.1
99791
99791.9
99792.6
99793.4
99794.1
99794.7
99795.3
99795.9
99796.4
99796.9
99797.3
99797.8
99798.2
99798.6
99798.9
99799.3
99799.6
99799.9
99800.2
99800.4
99800.7
99800.9
99801.1
99801.3
99801.5
99801.7
99801.9
99786
99787.2
99788.3
99789.3
99790.3
99791.3
99792.1
99792.9
99793.7
99794.4
99795.1
99795.7
99796.3
99796.9
99797.4
99797.9
99798.4
99798.8
99799.2
99799.6
99799.9
99800.3
99800.6
99800.9
99801.2
99801.4
99801.7
99801.9
99802.1
99802.3
99802.5
99802.6
99802.8
99787.7
99788.8
99789.9
99790.9
99791.8
99792.7
99793.5
99794.3
99795
99795.7
99796.4
99797
99797.6
99798.1
99798.6
99799.1
99799.6
99800
99800.4
99800.8
99801.1
99801.4
99801.7
99802
99802.3
99802.5
99802.8
99803
99803.2
99803.4
99803.5
99803.7
99789.8
99790.9
99791.8
99792.7
99793.6
99794.4
99795.2
99795.9
99796.6
99797.3
99797.9
99798.5
99799.1
99799.6
99800.1
99800.5
99801
99801.4
99801.7
99802.1
99802.4
99802.7
99803
99803.3
99803.6
99803.8
99804
99804.2
99804.4
99804.6
99804.7
99804.9
99792.4
99793.3
99794.2
99795
99795.8
99796.5
99797.2
99797.9
99798.5
99799.1
99799.7
99800.3
99800.8
99801.3
99801.7
99802.1
99802.6
99802.9
99803.3
99803.6
99803.9
99804.2
99804.5
99804.8
99805
99805.2
99805.4
99805.6
99805.8
99805.9
99806
99806.2
99795.3
99796.1
99796.8
99797.6
99798.2
99798.9
99799.5
99800.2
99800.7
99801.3
99801.8
99802.3
99802.8
99803.2
99803.6
99804
99804.4
99804.7
99805.1
99805.4
99805.6
99805.9
99806.2
99806.4
99806.6
99806.8
99807
99807.1
99807.3
99807.4
99807.5
99798.6
99799.2
99799.9
99800.5
99801.1
99801.7
99802.2
99802.7
99803.2
99803.7
99804.2
99804.6
99805
99805.4
99805.8
99806.1
99806.4
99806.8
99807
99807.3
99807.6
99807.8
99808
99808.2
99808.4
99808.5
99808.7
99808.8
99808.9
99809
99809.1
99802.2
99802.8
99803.3
99803.8
99804.3
99804.8
99805.2
99805.7
99806.1
99806.5
99806.9
99807.2
99807.6
99807.9
99808.2
99808.5
99808.8
99809
99809.3
99809.5
99809.7
99809.9
99810
99810.2
99810.3
99810.5
99810.6
99810.7
99810.8
99810.8
99806.2
99806.6
99807.1
99807.5
99807.9
99808.2
99808.6
99809
99809.3
99809.6
99809.9
99810.2
99810.4
99810.7
99810.9
99811.2
99811.4
99811.6
99811.7
99811.9
99812
99812.2
99812.3
99812.4
99812.5
99812.6
99812.7
99812.7
99812.8
99812.8
99810.5
99810.8
99811.1
99811.4
99811.6
99811.9
99812.2
99812.4
99812.7
99812.9
99813.1
99813.3
99813.5
99813.7
99813.9
99814
99814.2
99814.3
99814.4
99814.6
99814.7
99814.7
99814.8
99814.9
99814.9
99815
99815
99815
99815
99815
99814.9
99815.1
99815.3
99815.5
99815.6
99815.8
99816
99816.1
99816.3
99816.4
99816.6
99816.7
99816.8
99816.9
99817
99817.1
99817.2
99817.3
99817.4
99817.4
99817.5
99817.5
99817.5
99817.5
99817.5
99817.5
99817.5
99817.5
99817.4
99819.6
99819.7
99819.8
99819.8
99819.9
99820
99820
99820.1
99820.2
99820.2
99820.3
99820.3
99820.4
99820.4
99820.4
99820.4
99820.5
99820.5
99820.5
99820.5
99820.5
99820.4
99820.4
99820.4
99820.3
99820.2
99820.2
99820.1
99820
99824.5
99824.5
99824.4
99824.4
99824.4
99824.3
99824.3
99824.3
99824.2
99824.2
99824.2
99824.1
99824.1
99824.1
99824
99824
99823.9
99823.9
99823.8
99823.7
99823.6
99823.6
99823.5
99823.4
99823.3
99823.2
99823.1
99822.9
99829.5
99829.3
99829.2
99829.1
99829
99828.9
99828.7
99828.6
99828.5
99828.4
99828.3
99828.2
99828
99827.9
99827.8
99827.7
99827.6
99827.4
99827.3
99827.2
99827
99826.9
99826.7
99826.6
99826.4
99826.3
99826.1
99825.9
99834.6
99834.3
99834.1
99833.9
99833.7
99833.5
99833.3
99833.1
99832.9
99832.8
99832.6
99832.4
99832.2
99832
99831.8
99831.6
99831.4
99831.2
99831
99830.8
99830.6
99830.4
99830.2
99830
99829.8
99829.6
99829.4
99839.7
99839.4
99839.1
99838.8
99838.6
99838.3
99838
99837.7
99837.5
99837.2
99837
99836.7
99836.5
99836.2
99835.9
99835.7
99835.4
99835.2
99834.9
99834.7
99834.4
99834.2
99833.9
99833.6
99833.4
99833.1
99844.8
99844.5
99844.1
99843.8
99843.4
99843.1
99842.8
99842.4
99842.1
99841.8
99841.5
99841.2
99840.8
99840.5
99840.2
99839.9
99839.6
99839.3
99839
99838.7
99838.3
99838
99837.7
99837.4
99837.1
99836.8
99849.9
99849.5
99849.1
99848.7
99848.3
99848
99847.6
99847.2
99846.8
99846.4
99846.1
99845.7
99845.3
99845
99844.6
99844.2
99843.9
99843.5
99843.1
99842.8
99842.4
99842
99841.7
99841.3
99841
99855
99854.6
99854.1
99853.7
99853.3
99852.8
99852.4
99852
99851.5
99851.1
99850.7
99850.3
99849.9
99849.4
99849
99848.6
99848.2
99847.8
99847.4
99847
99846.6
99846.2
99845.8
99845.4
99860.1
99859.6
99859.1
99858.6
99858.2
99857.7
99857.2
99856.8
99856.3
99855.8
99855.4
99854.9
99854.5
99854
99853.6
99853.1
99852.7
99852.2
99851.8
99851.3
99850.9
99850.4
99850
99849.5
99865.1
99864.6
99864.1
99863.5
99863
99862.5
99862
99861.5
99861.1
99860.6
99860.1
99859.6
99859.1
99858.6
99858.1
99857.6
99857.2
99856.7
99856.2
99855.7
99855.3
99854.8
99854.3
99870
99869.5
99868.9
99868.4
99867.9
99867.4
99866.8
99866.3
99865.8
99865.3
99864.8
99864.3
99863.7
99863.2
99862.7
99862.2
99861.7
99861.2
99860.7
99860.2
99859.7
99859.2
99874.8
99874.3
99873.7
99873.2
99872.7
99872.1
99871.6
99871.1
99870.5
99870
99869.5
99868.9
99868.4
99867.9
99867.4
99866.8
99866.3
99865.8
99865.3
99864.7
99864.2
99863.7
99879.6
99879
99878.5
99877.9
99877.4
99876.9
99876.3
99875.8
99875.2
99874.7
99874.2
99873.6
99873.1
99872.5
99872
99871.5
99870.9
99870.4
99869.9
99869.3
99868.8
99884.3
99883.7
99883.2
99882.6
99882.1
99881.5
99881
99880.5
99879.9
99879.4
99878.8
99878.3
99877.8
99877.2
99876.7
99876.1
99875.6
99875.1
99874.5
99874
99888.9
99888.4
99887.8
99887.3
99886.7
99886.2
99885.7
99885.1
99884.6
99884
99883.5
99883
99882.4
99881.9
99881.4
99880.8
99880.3
99879.7
99879.2
99893.5
99892.9
99892.4
99891.9
99891.3
99890.8
99890.3
99889.7
99889.2
99888.7
99888.2
99887.6
99887.1
99886.6
99886
99885.5
99885
99884.5
99883.9
99898
99897.4
99896.9
99896.4
99895.9
99895.4
99894.9
99894.3
99893.8
99893.3
99892.8
99892.3
99891.8
99891.3
99890.7
99890.2
99889.7
99889.2
99902.4
99901.9
99901.4
99900.9
99900.4
99899.9
99899.4
99898.9
99898.4
99897.9
99897.4
99896.9
99896.4
99895.9
99895.4
99894.9
99894.4
99906.8
99906.3
99905.9
99905.4
99904.9
99904.4
99904
99903.5
99903
99902.5
99902.1
99901.6
99901.1
99900.6
99900.2
99899.7
99911.2
99910.7
99910.3
99909.8
99909.4
99908.9
99908.5
99908
99907.6
99907.1
99906.7
99906.2
99905.8
99905.3
99904.9
99904.4
99915.5
99915.1
99914.6
99914.2
99913.8
99913.4
99912.9
99912.5
99912.1
99911.7
99911.3
99910.8
99910.4
99910
99909.6
99919.8
99919.4
99919
99918.6
99918.2
99917.8
99917.4
99917
99916.6
99916.2
99915.8
99915.4
99915
99914.6
99924
99923.6
99923.2
99922.9
99922.5
99922.2
99921.8
99921.4
99921.1
99920.7
99920.4
99920
99919.6
99928.1
99927.8
99927.5
99927.1
99926.8
99926.5
99926.1
99925.8
99925.5
99925.2
99924.8
99924.5
99924.2
99932.2
99931.9
99931.6
99931.3
99931
99930.7
99930.4
99930.1
99929.8
99929.5
99929.2
99928.9
99936.2
99936
99935.7
99935.4
99935.2
99934.9
99934.6
99934.4
99934.1
99933.8
99933.6
99940.2
99939.9
99939.7
99939.4
99939.2
99939
99938.7
99938.5
99938.3
99938
99937.8
99944
99943.8
99943.6
99943.3
99943.1
99942.9
99942.7
99942.5
99942.3
99942.1
99947.7
99947.5
99947.3
99947.1
99946.9
99946.8
99946.6
99946.4
99946.2
99951.3
99951.1
99950.9
99950.8
99950.6
99950.5
99950.3
99950.1
99950
99954.7
99954.5
99954.4
99954.3
99954.1
99954
99953.9
99953.7
99958
99957.8
99957.7
99957.6
99957.5
99957.4
99957.3
99957.1
99961.1
99961
99960.9
99960.8
99960.7
99960.6
99960.5
99964
99964
99963.9
99963.8
99963.7
99963.6
99963.5
99966.8
99966.8
99966.7
99966.6
99966.6
99966.5
99969.5
99969.4
99969.4
99969.3
99969.3
99969.2
99972
99971.9
99971.9
99971.8
99971.8
99971.7
99974.3
99974.3
99974.2
99974.2
99974.1
99976.5
99976.5
99976.4
99976.4
99976.4
99978.5
99978.5
99978.5
99978.5
99980.5
99980.4
99980.4
99980.4
99982.2
99982.2
99982.2
99982.2
99984
99983.9
99983.9
99983.9
99985.5
99985.5
99985.5
99987
99987
99987
99988.3
99988.3
99988.3
99989.8
99989.8
99989.8
99990.9
99990.8
99992.4
99992.4
99993
99993
99995.1
99995.2
99994.8
99994.7
99998.1
99998.2
99996.4
99996.2
100001
100002
98680.4
98640.4
98600.8
98562.2
98525
98490.6
98457.3
98425.4
98397.5
98373.9
98354.4
98338.3
98327.7
98321.6
98320.1
98323.1
98330.6
98343.1
98361.7
98390.3
98430
98481.3
98544.6
98619.6
98706
98803.9
98925.1
99107.7
99131.6
98249
98731.1
98691.9
98653.1
98615.3
98578.7
98544.7
98511.8
98480.3
98452.6
98429
98409.1
98392.7
98381.5
98374.6
98372.1
98374.2
98380.9
98392.5
98410.3
98437.7
98475.6
98524.5
98584.9
98656.6
98739.6
98833.4
98947.6
99116.2
99121.4
98248.4
98778.7
98740.2
98702
98664.7
98628.5
98594.7
98561.9
98530.7
98502.9
98478.9
98458.6
98441.6
98429.5
98421.6
98418.1
98418.9
98424.5
98435
98451.7
98477.6
98513.5
98559.8
98617
98685.2
98764.3
98853.5
98961.4
99119.5
99110.6
98266.9
98823.2
98785.3
98747.5
98710.5
98674.6
98640.8
98608
98576.7
98548.7
98524.2
98503.1
98485.4
98472.3
98463.3
98458.5
98458.1
98462.4
98471.7
98487.1
98511.3
98545
98588.7
98642.8
98707.6
98782.9
98867.5
98969.5
99119.7
99106.5
98272.9
98864.9
98827.3
98789.8
98752.9
98717.1
98683.1
98650.1
98618.6
98590.2
98565.1
98543.3
98524.7
98510.4
98500.2
98494.2
98492.5
98495.4
98503.4
98517.4
98539.9
98571.5
98612.6
98663.8
98725.4
98797.2
98877.6
98974.3
99117.7
99105.2
98272.2
98903.6
98866.2
98828.9
98792.1
98756.2
98721.9
98688.6
98656.8
98627.9
98602
98579.3
98559.8
98544.5
98533
98525.7
98522.7
98524.3
98531
98543.6
98564.4
98594
98632.7
98681.3
98740.1
98808.8
98885.3
98976.7
99113
99105
98273
98939.6
98902.4
98865.1
98828.2
98792.1
98757.5
98723.8
98691.6
98662
98635.4
98611.8
98591.3
98574.9
98562.3
98553.7
98549.4
98549.8
98555.1
98566.4
98585.6
98613.4
98650
98696.2
98752.6
98818.6
98891.4
98977.4
99106.4
99106
98273.2
98973.1
98935.8
98898.5
98861.4
98825
98790
98755.9
98723.2
98693
98665.6
98641.1
98619.7
98602.2
98588.4
98578.7
98573.2
98572.4
98576.5
98586.5
98604.3
98630.5
98665.3
98709.5
98763.9
98827.4
98896.4
98977.2
99099.4
99101.4
98254.6
99004.3
98967
98929.5
98892.2
98855.5
98820.1
98785.5
98752.2
98721.4
98693.2
98667.9
98645.5
98627
98612.2
98601.4
98594.7
98592.8
98595.8
98604.7
98621.2
98646
98679.2
98721.7
98774.3
98835.6
98900.7
98976.8
99094.4
99084.6
98203.2
99033.4
98996
98958.2
98920.7
98883.7
98847.7
98812.5
98778.8
98747.2
98718.3
98692.1
98668.9
98649.3
98633.5
98621.7
98614.1
98611.1
98613.3
98621.2
98636.7
98660.2
98692.1
98733.2
98784.2
98843.2
98904.2
98976.6
99091.4
99060.3
98171.4
98156.1
98096
98035.9
97977.1
97920.5
97865.8
97811.7
97758.1
97707.7
97663.5
97625.4
97591.8
97561.6
97538.5
97520.3
97505.4
97492.1
97480.2
97474
97480.5
97507.5
97551.9
97610.8
97673.6
97728
97793.3
97911.3
98002.3
97883.7
97858.7
98172.7
98113.9
98055.1
97997.9
97942.9
97889.9
97837.9
97786.5
97738.4
97696.4
97660.7
97629.5
97601.1
97579.3
97561.7
97546.7
97532.7
97520.1
97512.9
97518.1
97544.3
97588.3
97647.3
97710.9
97767
97834.6
97957.4
98061.4
97956
97907.4
98214.2
98157.9
98101.7
98047.1
97994.7
97944.7
97896
97848
97803.3
97764.7
97732.4
97704.3
97678.9
97660.4
97646
97634.6
97625.1
97617.4
97613.7
97622.6
97650.9
97696.9
97758.4
97826.2
97888.9
97962.9
98091.5
98209.5
98110
98002.2
98266.9
98213.3
98160
98108.2
98058.6
98011.6
97966.5
97921.9
97880.5
97845.7
97816.6
97790.7
97769.5
97755.2
97745.1
97738.6
97735.1
97734.1
97736.3
97751.7
97782.5
97828.8
97889.6
97957.7
98023
98099.2
98228.7
98359.6
98263.7
98086.1
98325.5
98274.7
98224.3
98175.3
98128.3
98084.3
98042.5
98000.2
97962.5
97931.3
97904.8
97880.9
97864.5
97853.9
97847.6
97845.4
97846.6
97851.1
97859.4
97880.1
97914.5
97962.5
98023.4
98091.9
98159.4
98236.7
98364.8
98507.8
98415.8
98164
98387.2
98338.9
98291.2
98244.8
98200.1
98158.9
98119.3
98079.3
98045.1
98016.5
97992.6
97971.6
97958
97949.9
97946.4
97947.1
97951.6
97959.8
97972.3
97996.8
98034.6
98085.8
98149.7
98221.3
98293.2
98372.6
98498.8
98653.1
98567.8
98233.9
98449.5
98403.5
98358
98313.9
98271.3
98232.6
98194.7
98157.3
98125.3
98098.7
98076.7
98057.9
98046.1
98039.5
98037.7
98040.2
98046.9
98057.5
98073
98100
98140.1
98193.6
98260.3
98336.6
98416.7
98502.9
98629.1
98794.9
98722.7
98298.2
98510.9
98466.8
98423.2
98380.9
98340.2
98303.1
98266.9
98231.6
98201.2
98175.9
98155.2
98137.9
98127.1
98121.4
98120.5
98124
98131.8
98143.9
98161.4
98190.1
98231.5
98286
98353.6
98432.6
98519.7
98616.1
98747.7
98927.6
98879.1
98347.8
98570.2
98527.7
98485.7
98444.9
98405.7
98369.8
98334.8
98301
98271.9
98247.5
98227.6
98211.2
98200.9
98195.5
98194.9
98198.7
98207
98219.8
98238.4
98267.8
98309.4
98363.8
98431
98510.1
98599.5
98700.6
98834.8
99032.4
99031.2
98381.7
98626.8
98585.6
98545
98505.4
98467.3
98432.3
98398.3
98365.6
98337.3
98313.5
98294
98277.9
98267.7
98262.1
98261.2
98264.8
98273
98285.9
98304.8
98334.1
98375.1
98428.3
98494
98571.6
98660.4
98761
98889.5
99085.9
99119.8
98351.5
109309
109308
109308
109307
109307
109306
109306
109305
109305
109305
109304
109304
109304
109303
109303
109302
109302
109302
109301
109301
109300
109300
109300
109299
109299
109298
109298
109297
109297
109296
109296
109295
109294
109293
109292
109308
109308
109308
109307
109307
109306
109306
109305
109305
109305
109304
109304
109304
109303
109303
109302
109302
109302
109301
109301
109300
109300
109300
109299
109299
109298
109298
109297
109297
109296
109296
109295
109295
109294
109292
109308
109308
109307
109307
109306
109306
109306
109305
109305
109305
109304
109304
109304
109303
109303
109302
109302
109302
109301
109301
109300
109300
109300
109299
109299
109298
109298
109297
109297
109296
109296
109295
109295
109294
109293
109308
109307
109307
109307
109306
109306
109306
109305
109305
109305
109304
109304
109303
109303
109303
109302
109302
109302
109301
109301
109300
109300
109300
109299
109299
109298
109298
109297
109297
109297
109296
109296
109295
109294
109293
109307
109307
109307
109307
109306
109306
109306
109305
109305
109305
109304
109304
109303
109303
109303
109302
109302
109302
109301
109301
109300
109300
109300
109299
109299
109298
109298
109298
109297
109297
109296
109296
109295
109295
109294
109307
109307
109307
109307
109306
109306
109306
109305
109305
109305
109304
109304
109303
109303
109303
109302
109302
109302
109301
109301
109300
109300
109300
109299
109299
109298
109298
109298
109297
109297
109296
109296
109295
109295
109294
109308
109307
109307
109307
109306
109306
109306
109305
109305
109305
109304
109304
109303
109303
109303
109302
109302
109302
109301
109301
109300
109300
109300
109299
109299
109298
109298
109298
109297
109297
109296
109296
109296
109295
109295
109308
109308
109307
109307
109306
109306
109306
109305
109305
109305
109304
109304
109304
109303
109303
109302
109302
109302
109301
109301
109300
109300
109300
109299
109299
109298
109298
109298
109297
109297
109297
109296
109296
109296
109296
109308
109308
109308
109307
109307
109306
109306
109305
109305
109305
109304
109304
109304
109303
109303
109302
109302
109302
109301
109301
109300
109300
109300
109299
109299
109298
109298
109298
109297
109297
109297
109296
109296
109296
109296
109309
109308
109308
109307
109307
109306
109306
109305
109305
109305
109304
109304
109304
109303
109303
109302
109302
109302
109301
109301
109300
109300
109300
109299
109299
109298
109298
109298
109297
109297
109297
109297
109296
109296
109296
109291
109290
109289
109287
109285
109283
109281
109277
109273
109268
109261
109252
109241
109226
109205
109291
109290
109289
109287
109286
109284
109281
109278
109274
109268
109261
109252
109241
109226
109205
109291
109291
109289
109288
109286
109284
109282
109279
109275
109269
109262
109254
109242
109227
109207
109292
109291
109290
109289
109288
109286
109283
109280
109276
109271
109264
109256
109244
109229
109209
109293
109292
109291
109290
109289
109287
109285
109282
109278
109274
109267
109259
109248
109233
109212
109294
109293
109293
109292
109291
109289
109287
109285
109281
109277
109271
109262
109252
109237
109216
109295
109294
109294
109293
109293
109291
109290
109287
109284
109280
109275
109267
109257
109242
109222
109296
109296
109295
109295
109294
109294
109292
109290
109288
109284
109279
109272
109262
109248
109229
109297
109297
109297
109297
109296
109296
109295
109293
109291
109288
109283
109277
109268
109254
109235
109297
109297
109297
109297
109297
109297
109296
109295
109293
109291
109287
109282
109275
109263
109246
109177
109137
109082
109005
108898
108746
108528
108211
107747
107065
106074
104676
102841
100716
98871.7
109177
109138
109083
109008
108904
108755
108541
108231
107774
107101
106120
104729
102892
100756
98893.4
109178
109140
109086
109012
108908
108761
108550
108243
107790
107123
106147
104758
102917
100766
98890.8
109180
109142
109088
109015
108914
108769
108561
108258
107811
107150
106180
104794
102950
100785
98886.2
109184
109145
109092
109020
108919
108777
108572
108272
107830
107173
106209
104825
102976
100797
98876.1
109188
109149
109096
109025
108927
108786
108584
108288
107850
107199
106239
104857
103003
100810
98864.1
109193
109153
109100
109030
108932
108794
108594
108302
107868
107222
106266
104885
103024
100815
98847.8
109200
109159
109107
109038
108942
108805
108609
108320
107891
107250
106298
104919
103051
100824
98830.8
109205
109162
109109
109040
108945
108811
108616
108331
107906
107269
106318
104937
103062
100821
98806.5
109218
109175
109122
109054
108961
108829
108639
108358
107940
107311
106367
104988
103107
100845
98798.3
)
;

boundaryField
{
    down
    {
        type            fixedValue;
        value           uniform 100000;
    }
    right
    {
        type            fixedValue;
        value           uniform 100000;
    }
    up
    {
        type            fixedValue;
        value           nonuniform List<scalar> 0();
    }
    meanFlow
    {
        type            fixedValue;
        value           uniform 100000;
    }
    coandaUpper
    {
        type            zeroGradient;
    }
    coandaLower
    {
        type            zeroGradient;
    }
    surface
    {
        type            zeroGradient;
    }
    defaultFaces
    {
        type            empty;
    }
    procBoundary2to1
    {
        type            processor;
        value           nonuniform List<scalar> 
135
(
99795.1
99795.1
99795.1
99795.2
99795.2
99795.2
99795.2
99795.3
99795.3
99795.4
99795.4
99795.5
99795.5
99795.6
99795.7
99795.7
99795.7
99795.8
99795.9
99796
99796.2
99796.4
99796.6
99796.8
99797.1
99797.4
99797.6
99797.6
99797.9
99798.3
99798.8
99799.3
99799.9
99800.4
99800.4
99801.2
99802
99802.9
99803.8
99803.8
99805
99806.3
99807.6
99807.6
99809.2
99810.9
99810.9
99812.9
99815
99817.4
99817.4
99819.9
99822.8
99822.8
99825.8
99829.1
99829.1
99832.8
99832.8
99836.4
99840.6
99840.6
99845
99845
99849.1
99853.8
99853.8
99858.7
99858.7
99863.2
99868.3
99868.3
99873.4
99873.4
99878.7
99878.7
99883.4
99888.7
99888.7
99893.9
99893.9
99899.2
99899.2
99904
99909.1
99909.1
99914.3
99914.3
99919.3
99919.3
99923.8
99928.7
99928.7
99933.3
99933.3
99937.6
99941.9
99941.9
99946
99946
99949.8
99953.6
99953.6
99957
99960.4
99960.4
99963.5
99966.4
99966.4
99969.1
99971.7
99974.1
99974.1
99976.3
99978.4
99978.4
99980.4
99982.2
99983.9
99985.5
99985.5
99987
99988.3
99989.8
99990.8
99990.8
99992.5
99992.9
99995.2
99994.6
99998.3
99996
100002
100002
100001
)
;
    }
    procBoundary2to5
    {
        type            processor;
        value           nonuniform List<scalar> 
120
(
99134.4
99215.6
99278.9
99329.6
99371.9
99409.1
99443.3
99475.6
99506.7
99536.7
99565.6
99593.2
99619.7
99644.8
99668.7
99691.2
99712.5
99732.6
99751.5
99769.2
99785.8
99801.4
99816.1
99829.8
99842.7
99854.7
99866.1
99876.8
99886.8
99896.3
99905.3
99913.7
99921.6
99929.2
99936.2
99942.9
99949.2
99955.1
99960.6
99965.7
99970.5
99974.9
99979
99982.7
99986.1
99989.1
99991.8
99994.2
99996.2
99998
99999.5
100001
100002
100003
100003
100004
100004
100004
100004
100004
100004
100003
100003
100003
100003
100002
100002
100002
100002
100001
100001
100001
100001
100001
100000
100000
100000
100000
100000
99999.9
99999.8
99999.7
99999.7
99999.7
99999.6
99999.7
99999.8
99999.8
99999.8
99999.7
99999.7
99999.8
99999.8
99999.8
99999.8
99999.9
99999.9
99999.9
99999.9
100000
98720.3
98770
98816.9
98860.9
98902.1
98940.6
98976.5
99009.8
99041.1
99070.3
98215.2
98230.7
98269.9
98320
98376
98435.1
98495.3
98554.7
98612.4
98667.7
)
;
    }
}


// ************************************************************************* //
