/*--------------------------------*- C++ -*----------------------------------*\
  =========                 |
  \\      /  F ield         | OpenFOAM: The Open Source CFD Toolbox
   \\    /   O peration     | Website:  https://openfoam.org
    \\  /    A nd           | Version:  10
     \\/     M anipulation  |
\*---------------------------------------------------------------------------*/
FoamFile
{
    format      ascii;
    class       labelList;
    note        "nPoints: 18428 nCells: 8924 nFaces: 35985 nInternalFaces: 17559";
    location    "constant/polyMesh";
    object      neighbour;
}
// * * * * * * * * * * * * * * * * * * * * * * * * * * * * * * * * * * * * * //


17559
(
1
36
2
37
3
38
4
39
5
40
6
41
7
42
8
43
9
44
10
45
11
46
12
47
13
48
14
49
15
50
16
51
17
52
18
53
19
54
20
55
21
56
22
57
23
58
24
59
25
60
26
61
27
62
28
63
29
64
30
65
31
66
32
67
33
68
34
69
35
70
71
37
72
38
73
39
74
40
75
41
76
42
77
43
78
44
79
45
80
46
81
47
82
48
83
49
84
50
85
51
86
52
87
53
88
54
89
55
90
56
91
57
92
58
93
59
94
60
95
61
96
62
97
63
98
64
99
65
100
66
101
67
102
68
103
69
104
70
105
71
106
107
73
108
74
109
75
110
76
111
77
112
78
113
79
114
80
115
81
116
82
117
83
118
84
119
85
120
86
121
87
122
88
123
89
124
90
125
91
126
92
127
93
128
94
129
95
130
96
131
97
132
98
133
99
134
100
135
101
136
102
137
103
138
104
139
105
140
106
141
107
142
143
109
144
110
145
111
146
112
147
113
148
114
149
115
150
116
151
117
152
118
153
119
154
120
155
121
156
122
157
123
158
124
159
125
160
126
161
127
162
128
163
129
164
130
165
131
166
132
167
133
168
134
169
135
170
136
171
137
172
138
173
139
174
140
175
141
176
142
177
143
178
179
145
180
146
181
147
182
148
183
149
184
150
185
151
186
152
187
153
188
154
189
155
190
156
191
157
192
158
193
159
194
160
195
161
196
162
197
163
198
164
199
165
200
166
201
167
202
168
203
169
204
170
205
171
206
172
207
173
208
174
209
175
210
176
211
177
212
178
213
179
214
215
181
216
182
217
183
218
184
219
185
220
186
221
187
222
188
223
189
224
190
225
191
226
192
227
193
228
194
229
195
230
196
231
197
232
198
233
199
234
200
235
201
236
202
237
203
238
204
239
205
240
206
241
207
242
208
243
209
244
210
245
211
246
212
247
213
248
214
249
215
250
251
217
252
218
253
219
254
220
255
221
256
222
257
223
258
224
259
225
260
226
261
227
262
228
263
229
264
230
265
231
266
232
267
233
268
234
269
235
270
236
271
237
272
238
273
239
274
240
275
241
276
242
277
243
278
244
279
245
280
246
281
247
282
248
283
249
284
250
285
251
286
287
253
289
254
290
255
291
256
292
257
293
258
294
259
295
260
296
261
297
262
298
263
299
264
300
265
301
266
302
267
303
268
304
269
305
270
306
271
307
272
308
273
309
274
310
275
311
276
312
277
313
278
314
279
315
280
316
281
317
282
318
283
319
284
320
285
321
286
322
287
323
288
324
325
290
326
291
327
292
328
293
329
294
330
295
331
296
332
297
333
298
334
299
335
300
336
301
337
302
338
303
339
304
340
305
341
306
342
307
343
308
344
309
345
310
346
311
347
312
348
313
349
314
350
315
351
316
352
317
353
318
354
319
355
320
356
321
357
322
358
323
359
324
360
325
361
362
327
363
328
364
329
365
330
366
331
367
332
368
333
369
334
370
335
371
336
372
337
373
338
374
339
375
340
376
341
377
342
378
343
379
344
380
345
381
346
382
347
383
348
384
349
385
350
386
351
387
352
388
353
389
354
390
355
391
356
392
357
393
358
394
359
395
360
396
361
397
362
398
399
364
400
365
401
366
402
367
403
368
404
369
405
370
406
371
407
372
408
373
409
374
410
375
411
376
412
377
413
378
414
379
415
380
416
381
417
382
418
383
419
384
420
385
421
386
422
387
423
388
424
389
425
390
426
391
427
392
428
393
429
394
430
395
431
396
432
397
433
398
434
399
435
436
401
437
402
438
403
439
404
440
405
441
406
442
407
443
408
444
409
445
410
446
411
447
412
448
413
449
414
450
415
451
416
452
417
453
418
454
419
455
420
456
421
457
422
458
423
459
424
460
425
461
426
462
427
463
428
464
429
465
430
466
431
467
432
468
433
469
434
470
435
471
436
472
473
438
475
439
476
440
477
441
478
442
479
443
480
444
481
445
482
446
483
447
484
448
485
449
486
450
487
451
488
452
489
453
490
454
491
455
492
456
493
457
494
458
495
459
496
460
497
461
498
462
499
463
500
464
501
465
502
466
503
467
504
468
505
469
506
470
507
471
508
472
509
473
510
474
511
512
476
513
477
514
478
515
479
516
480
517
481
518
482
519
483
520
484
521
485
522
486
523
487
524
488
525
489
526
490
527
491
528
492
529
493
530
494
531
495
532
496
533
497
534
498
535
499
536
500
537
501
538
502
539
503
540
504
541
505
542
506
543
507
544
508
545
509
546
510
547
511
548
512
549
550
514
551
515
552
516
553
517
554
518
555
519
556
520
557
521
558
522
559
523
560
524
561
525
562
526
563
527
564
528
565
529
566
530
567
531
568
532
569
533
570
534
571
535
572
536
573
537
574
538
575
539
576
540
577
541
578
542
579
543
580
544
581
545
582
546
583
547
584
548
585
549
586
550
587
588
552
589
553
590
554
591
555
592
556
593
557
594
558
595
559
596
560
597
561
598
562
599
563
600
564
601
565
602
566
603
567
604
568
605
569
606
570
607
571
608
572
609
573
610
574
611
575
612
576
613
577
614
578
615
579
616
580
617
581
618
582
619
583
620
584
621
585
622
586
623
587
624
588
625
626
590
627
591
628
592
629
593
630
594
631
595
632
596
633
597
634
598
635
599
636
600
637
601
638
602
639
603
640
604
641
605
642
606
643
607
644
608
645
609
646
610
647
611
648
612
649
613
650
614
651
615
652
616
653
617
654
618
655
619
656
620
657
621
658
622
659
623
660
624
661
625
662
626
663
664
628
666
629
667
630
668
631
669
632
670
633
671
634
672
635
673
636
674
637
675
638
676
639
677
640
678
641
679
642
680
643
681
644
682
645
683
646
684
647
685
648
686
649
687
650
688
651
689
652
690
653
691
654
692
655
693
656
694
657
695
658
696
659
697
660
698
661
699
662
700
663
701
664
702
665
703
704
667
705
668
706
669
707
670
708
671
709
672
710
673
711
674
712
675
713
676
714
677
715
678
716
679
717
680
718
681
719
682
720
683
721
684
722
685
723
686
724
687
725
688
726
689
727
690
728
691
729
692
730
693
731
694
732
695
733
696
734
697
735
698
736
699
737
700
738
701
739
702
740
703
741
704
742
743
706
744
707
745
708
746
709
747
710
748
711
749
712
750
713
751
714
752
715
753
716
754
717
755
718
756
719
757
720
758
721
759
722
760
723
761
724
762
725
763
726
764
727
765
728
766
729
767
730
768
731
769
732
770
733
771
734
772
735
773
736
774
737
775
738
776
739
777
740
778
741
779
742
780
743
781
782
745
784
746
785
747
786
748
787
749
788
750
789
751
790
752
791
753
792
754
793
755
794
756
795
757
796
758
797
759
798
760
799
761
800
762
801
763
802
764
803
765
804
766
805
767
806
768
807
769
808
770
809
771
810
772
811
773
812
774
813
775
814
776
815
777
816
778
817
779
818
780
819
781
820
782
821
783
822
823
785
824
786
825
787
826
788
827
789
828
790
829
791
830
792
831
793
832
794
833
795
834
796
835
797
836
798
837
799
838
800
839
801
840
802
841
803
842
804
843
805
844
806
845
807
846
808
847
809
848
810
849
811
850
812
851
813
852
814
853
815
854
816
855
817
856
818
857
819
858
820
859
821
860
822
861
823
862
863
825
865
826
866
827
867
828
868
829
869
830
870
831
871
832
872
833
873
834
874
835
875
836
876
837
877
838
878
839
879
840
880
841
881
842
882
843
883
844
884
845
885
846
886
847
887
848
888
849
889
850
890
851
891
852
892
853
893
854
894
855
895
856
896
857
897
858
898
859
899
860
900
861
901
862
902
863
903
864
904
905
866
906
867
907
868
908
869
909
870
910
871
911
872
912
873
913
874
914
875
915
876
916
877
917
878
918
879
919
880
920
881
921
882
922
883
923
884
924
885
925
886
926
887
927
888
928
889
929
890
930
891
931
892
932
893
933
894
934
895
935
896
936
897
937
898
938
899
939
900
940
901
941
902
942
903
943
904
944
905
945
946
907
948
908
949
909
950
910
951
911
952
912
953
913
954
914
955
915
956
916
957
917
958
918
959
919
960
920
961
921
962
922
963
923
964
924
965
925
966
926
967
927
968
928
969
929
970
930
971
931
972
932
973
933
974
934
975
935
976
936
977
937
978
938
979
939
980
940
981
941
982
942
983
943
984
944
985
945
986
946
987
947
988
989
949
990
950
991
951
992
952
993
953
994
954
995
955
996
956
997
957
998
958
999
959
1000
960
1001
961
1002
962
1003
963
1004
964
1005
965
1006
966
1007
967
1008
968
1009
969
1010
970
1011
971
1012
972
1013
973
1014
974
1015
975
1016
976
1017
977
1018
978
1019
979
1020
980
1021
981
1022
982
1023
983
1024
984
1025
985
1026
986
1027
987
1028
988
1029
989
1030
1031
991
1033
992
1034
993
1035
994
1036
995
1037
996
1038
997
1039
998
1040
999
1041
1000
1042
1001
1043
1002
1044
1003
1045
1004
1046
1005
1047
1006
1048
1007
1049
1008
1050
1009
1051
1010
1052
1011
1053
1012
1054
1013
1055
1014
1056
1015
1057
1016
1058
1017
1059
1018
1060
1019
1061
1020
1062
1021
1063
1022
1064
1023
1065
1024
1066
1025
1067
1026
1068
1027
1069
1028
1070
1029
1071
1030
1072
1031
1073
1032
1074
1075
1034
1076
1035
1077
1036
1078
1037
1079
1038
1080
1039
1081
1040
1082
1041
1083
1042
1084
1043
1085
1044
1086
1045
1087
1046
1088
1047
1089
1048
1090
1049
1091
1050
1092
1051
1093
1052
1094
1053
1095
1054
1096
1055
1097
1056
1098
1057
1099
1058
1100
1059
1101
1060
1102
1061
1103
1062
1104
1063
1105
1064
1106
1065
1107
1066
1108
1067
1109
1068
1110
1069
1111
1070
1112
1071
1113
1072
1114
1073
1115
1074
1116
1075
1117
1118
1077
1120
1078
1121
1079
1122
1080
1123
1081
1124
1082
1125
1083
1126
1084
1127
1085
1128
1086
1129
1087
1130
1088
1131
1089
1132
1090
1133
1091
1134
1092
1135
1093
1136
1094
1137
1095
1138
1096
1139
1097
1140
1098
1141
1099
1142
1100
1143
1101
1144
1102
1145
1103
1146
1104
1147
1105
1148
1106
1149
1107
1150
1108
1151
1109
1152
1110
1153
1111
1154
1112
1155
1113
1156
1114
1157
1115
1158
1116
1159
1117
1160
1118
1161
1119
1162
1163
1121
1164
1122
1165
1123
1166
1124
1167
1125
1168
1126
1169
1127
1170
1128
1171
1129
1172
1130
1173
1131
1174
1132
1175
1133
1176
1134
1177
1135
1178
1136
1179
1137
1180
1138
1181
1139
1182
1140
1183
1141
1184
1142
1185
1143
1186
1144
1187
1145
1188
1146
1189
1147
1190
1148
1191
1149
1192
1150
1193
1151
1194
1152
1195
1153
1196
1154
1197
1155
1198
1156
1199
1157
1200
1158
1201
1159
1202
1160
1203
1161
1204
1162
1205
1163
1206
1207
1165
1209
1166
1210
1167
1211
1168
1212
1169
1213
1170
1214
1171
1215
1172
1216
1173
1217
1174
1218
1175
1219
1176
1220
1177
1221
1178
1222
1179
1223
1180
1224
1181
1225
1182
1226
1183
1227
1184
1228
1185
1229
1186
1230
1187
1231
1188
1232
1189
1233
1190
1234
1191
1235
1192
1236
1193
1237
1194
1238
1195
1239
1196
1240
1197
1241
1198
1242
1199
1243
1200
1244
1201
1245
1202
1246
1203
1247
1204
1248
1205
1249
1206
1250
1207
1251
1208
1252
1253
1210
1255
1211
1256
1212
1257
1213
1258
1214
1259
1215
1260
1216
1261
1217
1262
1218
1263
1219
1264
1220
1265
1221
1266
1222
1267
1223
1268
1224
1269
1225
1270
1226
1271
1227
1272
1228
1273
1229
1274
1230
1275
1231
1276
1232
1277
1233
1278
1234
1279
1235
1280
1236
1281
1237
1282
1238
1283
1239
1284
1240
1285
1241
1286
1242
1287
1243
1288
1244
1289
1245
1290
1246
1291
1247
1292
1248
1293
1249
1294
1250
1295
1251
1296
1252
1297
1253
1298
1254
1299
1300
1256
1302
1257
1303
1258
1304
1259
1305
1260
1306
1261
1307
1262
1308
1263
1309
1264
1310
1265
1311
1266
1312
1267
1313
1268
1314
1269
1315
1270
1316
1271
1317
1272
1318
1273
1319
1274
1320
1275
1321
1276
1322
1277
1323
1278
1324
1279
1325
1280
1326
1281
1327
1282
1328
1283
1329
1284
1330
1285
1331
1286
1332
1287
1333
1288
1334
1289
1335
1290
1336
1291
1337
1292
1338
1293
1339
1294
1340
1295
1341
1296
1342
1297
1343
1298
1344
1299
1345
1300
1346
1301
1347
1348
1303
1350
1304
1351
1305
1352
1306
1353
1307
1354
1308
1355
1309
1356
1310
1357
1311
1358
1312
1359
1313
1360
1314
1361
1315
1362
1316
1363
1317
1364
1318
1365
1319
1366
1320
1367
1321
1368
1322
1369
1323
1370
1324
1371
1325
1372
1326
1373
1327
1374
1328
1375
1329
1376
1330
1377
1331
1378
1332
1379
1333
1380
1334
1381
1335
1382
1336
1383
1337
1384
1338
1385
1339
1386
1340
1387
1341
1388
1342
1389
1343
1390
1344
1391
1345
1392
1346
1393
1347
1394
1348
1395
1349
1396
1397
1351
1399
1352
1400
1353
1401
1354
1402
1355
1403
1356
1404
1357
1405
1358
1406
1359
1407
1360
1408
1361
1409
1362
1410
1363
1411
1364
1412
1365
1413
1366
1414
1367
1415
1368
1416
1369
1417
1370
1418
1371
1419
1372
1420
1373
1421
1374
1422
1375
1423
1376
1424
1377
1425
1378
1426
1379
1427
1380
1428
1381
1429
1382
1430
1383
1431
1384
1432
1385
1433
1386
1434
1387
1435
1388
1436
1389
1437
1390
1438
1391
1439
1392
1440
1393
1441
1394
1442
1395
1443
1396
1444
1397
1445
1398
1446
1447
1400
1448
1401
1449
1402
1450
1403
1451
1404
1452
1405
1453
1406
1454
1407
1455
1408
1456
1409
1457
1410
1458
1411
1459
1412
1460
1413
1461
1414
1462
1415
1463
1416
1464
1417
1465
1418
1466
1419
1467
1420
1468
1421
1469
1422
1470
1423
1471
1424
1472
1425
1473
1426
1474
1427
1475
1428
1476
1429
1477
1430
1478
1431
1479
1432
1480
1433
1481
1434
1482
1435
1483
1436
1484
1437
1485
1438
1486
1439
1487
1440
1488
1441
1489
1442
1490
1443
1491
1444
1492
1445
1493
1446
1494
1447
1495
1496
1449
1499
1450
1500
1451
1501
1452
1502
1453
1503
1454
1504
1455
1505
1456
1506
1457
1507
1458
1508
1459
1509
1460
1510
1461
1511
1462
1512
1463
1513
1464
1514
1465
1515
1466
1516
1467
1517
1468
1518
1469
1519
1470
1520
1471
1521
1472
1522
1473
1523
1474
1524
1475
1525
1476
1526
1477
1527
1478
1528
1479
1529
1480
1530
1481
1531
1482
1532
1483
1533
1484
1534
1485
1535
1486
1536
1487
1537
1488
1538
1489
1539
1490
1540
1491
1541
1492
1542
1493
1543
1494
1544
1495
1545
1496
1546
1497
1547
1498
1548
1549
1500
1551
1501
1552
1502
1553
1503
1554
1504
1555
1505
1556
1506
1557
1507
1558
1508
1559
1509
1560
1510
1561
1511
1562
1512
1563
1513
1564
1514
1565
1515
1566
1516
1567
1517
1568
1518
1569
1519
1570
1520
1571
1521
1572
1522
1573
1523
1574
1524
1575
1525
1576
1526
1577
1527
1578
1528
1579
1529
1580
1530
1581
1531
1582
1532
1583
1533
1584
1534
1585
1535
1586
1536
1587
1537
1588
1538
1589
1539
1590
1540
1591
1541
1592
1542
1593
1543
1594
1544
1595
1545
1596
1546
1597
1547
1598
1548
1599
1549
1600
1550
1601
1602
1552
1604
1553
1605
1554
1606
1555
1607
1556
1608
1557
1609
1558
1610
1559
1611
1560
1612
1561
1613
1562
1614
1563
1615
1564
1616
1565
1617
1566
1618
1567
1619
1568
1620
1569
1621
1570
1622
1571
1623
1572
1624
1573
1625
1574
1626
1575
1627
1576
1628
1577
1629
1578
1630
1579
1631
1580
1632
1581
1633
1582
1634
1583
1635
1584
1636
1585
1637
1586
1638
1587
1639
1588
1640
1589
1641
1590
1642
1591
1643
1592
1644
1593
1645
1594
1646
1595
1647
1596
1648
1597
1649
1598
1650
1599
1651
1600
1652
1601
1653
1602
1654
1603
1655
1656
1605
1658
1606
1659
1607
1660
1608
1661
1609
1662
1610
1663
1611
1664
1612
1665
1613
1666
1614
1667
1615
1668
1616
1669
1617
1670
1618
1671
1619
1672
1620
1673
1621
1674
1622
1675
1623
1676
1624
1677
1625
1678
1626
1679
1627
1680
1628
1681
1629
1682
1630
1683
1631
1684
1632
1685
1633
1686
1634
1687
1635
1688
1636
1689
1637
1690
1638
1691
1639
1692
1640
1693
1641
1694
1642
1695
1643
1696
1644
1697
1645
1698
1646
1699
1647
1700
1648
1701
1649
1702
1650
1703
1651
1704
1652
1705
1653
1706
1654
1707
1655
1708
1656
1709
1657
1710
1711
1659
1713
1660
1714
1661
1715
1662
1716
1663
1717
1664
1718
1665
1719
1666
1720
1667
1721
1668
1722
1669
1723
1670
1724
1671
1725
1672
1726
1673
1727
1674
1728
1675
1729
1676
1730
1677
1731
1678
1732
1679
1733
1680
1734
1681
1735
1682
1736
1683
1737
1684
1738
1685
1739
1686
1740
1687
1741
1688
1742
1689
1743
1690
1744
1691
1745
1692
1746
1693
1747
1694
1748
1695
1749
1696
1750
1697
1751
1698
1752
1699
1753
1700
1754
1701
1755
1702
1756
1703
1757
1704
1758
1705
1759
1706
1760
1707
1761
1708
1762
1709
1763
1710
1764
1711
1765
1712
1766
1767
1714
1769
1715
1770
1716
1771
1717
1772
1718
1773
1719
1774
1720
1775
1721
1776
1722
1777
1723
1778
1724
1779
1725
1780
1726
1781
1727
1782
1728
1783
1729
1784
1730
1785
1731
1786
1732
1787
1733
1788
1734
1789
1735
1790
1736
1791
1737
1792
1738
1793
1739
1794
1740
1795
1741
1796
1742
1797
1743
1798
1744
1799
1745
1800
1746
1801
1747
1802
1748
1803
1749
1804
1750
1805
1751
1806
1752
1807
1753
1808
1754
1809
1755
1810
1756
1811
1757
1812
1758
1813
1759
1814
1760
1815
1761
1816
1762
1817
1763
1818
1764
1819
1765
1820
1766
1821
1767
1822
1768
1823
1824
1770
1827
1771
1828
1772
1829
1773
1830
1774
1831
1775
1832
1776
1833
1777
1834
1778
1835
1779
1836
1780
1837
1781
1838
1782
1839
1783
1840
1784
1841
1785
1842
1786
1843
1787
1844
1788
1845
1789
1846
1790
1847
1791
1848
1792
1849
1793
1850
1794
1851
1795
1852
1796
1853
1797
1854
1798
1855
1799
1856
1800
1857
1801
1858
1802
1859
1803
1860
1804
1861
1805
1862
1806
1863
1807
1864
1808
1865
1809
1866
1810
1867
1811
1868
1812
1869
1813
1870
1814
1871
1815
1872
1816
1873
1817
1874
1818
1875
1819
1876
1820
1877
1821
1878
1822
1879
1823
1880
1824
1881
1825
1882
1826
1883
1884
1828
1886
1829
1887
1830
1888
1831
1889
1832
1890
1833
1891
1834
1892
1835
1893
1836
1894
1837
1895
1838
1896
1839
1897
1840
1898
1841
1899
1842
1900
1843
1901
1844
1902
1845
1903
1846
1904
1847
1905
1848
1906
1849
1907
1850
1908
1851
1909
1852
1910
1853
1911
1854
1912
1855
1913
1856
1914
1857
1915
1858
1916
1859
1917
1860
1918
1861
1919
1862
1920
1863
1921
1864
1922
1865
1923
1866
1924
1867
1925
1868
1926
1869
1927
1870
1928
1871
1929
1872
1930
1873
1931
1874
1932
1875
1933
1876
1934
1877
1935
1878
1936
1879
1937
1880
1938
1881
1939
1882
1940
1883
1941
1884
1942
1885
1943
1944
1887
1947
1888
1948
1889
1949
1890
1950
1891
1951
1892
1952
1893
1953
1894
1954
1895
1955
1896
1956
1897
1957
1898
1958
1899
1959
1900
1960
1901
1961
1902
1962
1903
1963
1904
1964
1905
1965
1906
1966
1907
1967
1908
1968
1909
1969
1910
1970
1911
1971
1912
1972
1913
1973
1914
1974
1915
1975
1916
1976
1917
1977
1918
1978
1919
1979
1920
1980
1921
1981
1922
1982
1923
1983
1924
1984
1925
1985
1926
1986
1927
1987
1928
1988
1929
1989
1930
1990
1931
1991
1932
1992
1933
1993
1934
1994
1935
1995
1936
1996
1937
1997
1938
1998
1939
1999
1940
2000
1941
2001
1942
2002
1943
2003
1944
2004
1945
2005
1946
2006
2007
1948
2009
1949
2010
1950
2011
1951
2012
1952
2013
1953
2014
1954
2015
1955
2016
1956
2017
1957
2018
1958
2019
1959
2020
1960
2021
1961
2022
1962
2023
1963
2024
1964
2025
1965
2026
1966
2027
1967
2028
1968
2029
1969
2030
1970
2031
1971
2032
1972
2033
1973
2034
1974
2035
1975
2036
1976
2037
1977
2038
1978
2039
1979
2040
1980
2041
1981
2042
1982
2043
1983
2044
1984
2045
1985
2046
1986
2047
1987
2048
1988
2049
1989
2050
1990
2051
1991
2052
1992
2053
1993
2054
1994
2055
1995
2056
1996
2057
1997
2058
1998
2059
1999
2060
2000
2061
2001
2062
2002
2063
2003
2064
2004
2065
2005
2066
2006
2067
2007
2068
2008
2069
2070
2010
2073
2011
2074
2012
2075
2013
2076
2014
2077
2015
2078
2016
2079
2017
2080
2018
2081
2019
2082
2020
2083
2021
2084
2022
2085
2023
2086
2024
2087
2025
2088
2026
2089
2027
2090
2028
2091
2029
2092
2030
2093
2031
2094
2032
2095
2033
2096
2034
2097
2035
2098
2036
2099
2037
2100
2038
2101
2039
2102
2040
2103
2041
2104
2042
2105
2043
2106
2044
2107
2045
2108
2046
2109
2047
2110
2048
2111
2049
2112
2050
2113
2051
2114
2052
2115
2053
2116
2054
2117
2055
2118
2056
2119
2057
2120
2058
2121
2059
2122
2060
2123
2061
2124
2062
2125
2063
2126
2064
2127
2065
2128
2066
2129
2067
2130
2068
2131
2069
2132
2070
2133
2071
2134
2072
2135
2136
2074
2139
2075
2140
2076
2141
2077
2142
2078
2143
2079
2144
2080
2145
2081
2146
2082
2147
2083
2148
2084
2149
2085
2150
2086
2151
2087
2152
2088
2153
2089
2154
2090
2155
2091
2156
2092
2157
2093
2158
2094
2159
2095
2160
2096
2161
2097
2162
2098
2163
2099
2164
2100
2165
2101
2166
2102
2167
2103
2168
2104
2169
2105
2170
2106
2171
2107
2172
2108
2173
2109
2174
2110
2175
2111
2176
2112
2177
2113
2178
2114
2179
2115
2180
2116
2181
2117
2182
2118
2183
2119
2184
2120
2185
2121
2186
2122
2187
2123
2188
2124
2189
2125
2190
2126
2191
2127
2192
2128
2193
2129
2194
2130
2195
2131
2196
2132
2197
2133
2198
2134
2199
2135
2200
2136
2201
2137
2202
2138
2203
2204
2140
2206
2141
2207
2142
2208
2143
2209
2144
2210
2145
2211
2146
2212
2147
2213
2148
2214
2149
2215
2150
2216
2151
2217
2152
2218
2153
2219
2154
2220
2155
2221
2156
2222
2157
2223
2158
2224
2159
2225
2160
2226
2161
2227
2162
2228
2163
2229
2164
2230
2165
2231
2166
2232
2167
2233
2168
2234
2169
2235
2170
2236
2171
2237
2172
2238
2173
2239
2174
2240
2175
2241
2176
2242
2177
2243
2178
2244
2179
2245
2180
2246
2181
2247
2182
2248
2183
2249
2184
2250
2185
2251
2186
2252
2187
2253
2188
2254
2189
2255
2190
2256
2191
2257
2192
2258
2193
2259
2194
2260
2195
2261
2196
2262
2197
2263
2198
2264
2199
2265
2200
2266
2201
2267
2202
2268
2203
2269
2204
2270
2205
2271
2272
2207
2275
2208
2276
2209
2277
2210
2278
2211
2279
2212
2280
2213
2281
2214
2282
2215
2283
2216
2284
2217
2285
2218
2286
2219
2287
2220
2288
2221
2289
2222
2290
2223
2291
2224
2292
2225
2293
2226
2294
2227
2295
2228
2296
2229
2297
2230
2298
2231
2299
2232
2300
2233
2301
2234
2302
2235
2303
2236
2304
2237
2305
2238
2306
2239
2307
2240
2308
2241
2309
2242
2310
2243
2311
2244
2312
2245
2313
2246
2314
2247
2315
2248
2316
2249
2317
2250
2318
2251
2319
2252
2320
2253
2321
2254
2322
2255
2323
2256
2324
2257
2325
2258
2326
2259
2327
2260
2328
2261
2329
2262
2330
2263
2331
2264
2332
2265
2333
2266
2334
2267
2335
2268
2336
2269
2337
2270
2338
2271
2339
2272
2340
2273
2341
2274
2342
2343
2276
2346
2277
2347
2278
2348
2279
2349
2280
2350
2281
2351
2282
2352
2283
2353
2284
2354
2285
2355
2286
2356
2287
2357
2288
2358
2289
2359
2290
2360
2291
2361
2292
2362
2293
2363
2294
2364
2295
2365
2296
2366
2297
2367
2298
2368
2299
2369
2300
2370
2301
2371
2302
2372
2303
2373
2304
2374
2305
2375
2306
2376
2307
2377
2308
2378
2309
2379
2310
2380
2311
2381
2312
2382
2313
2383
2314
2384
2315
2385
2316
2386
2317
2387
2318
2388
2319
2389
2320
2390
2321
2391
2322
2392
2323
2393
2324
2394
2325
2395
2326
2396
2327
2397
2328
2398
2329
2399
2330
2400
2331
2401
2332
2402
2333
2403
2334
2404
2335
2405
2336
2406
2337
2407
2338
2408
2339
2409
2340
2410
2341
2411
2342
2412
2343
2413
2344
2414
2345
2415
2416
2347
2419
2348
2420
2349
2421
2350
2422
2351
2423
2352
2424
2353
2425
2354
2426
2355
2427
2356
2428
2357
2429
2358
2430
2359
2431
2360
2432
2361
2433
2362
2434
2363
2435
2364
2436
2365
2437
2366
2438
2367
2439
2368
2440
2369
2441
2370
2442
2371
2443
2372
2444
2373
2445
2374
2446
2375
2447
2376
2448
2377
2449
2378
2450
2379
2451
2380
2452
2381
2453
2382
2454
2383
2455
2384
2456
2385
2457
2386
2458
2387
2459
2388
2460
2389
2461
2390
2462
2391
2463
2392
2464
2393
2465
2394
2466
2395
2467
2396
2468
2397
2469
2398
2470
2399
2471
2400
2472
2401
2473
2402
2474
2403
2475
2404
2476
2405
2477
2406
2478
2407
2479
2408
2480
2409
2481
2410
2482
2411
2483
2412
2484
2413
2485
2414
2486
2415
2487
2416
2488
2417
2489
2418
2490
2491
2420
2494
2421
2495
2422
2496
2423
2497
2424
2498
2425
2499
2426
2500
2427
2501
2428
2502
2429
2503
2430
2504
2431
2505
2432
2506
2433
2507
2434
2508
2435
2509
2436
2510
2437
2511
2438
2512
2439
2513
2440
2514
2441
2515
2442
2516
2443
2517
2444
2518
2445
2519
2446
2520
2447
2521
2448
2522
2449
2523
2450
2524
2451
2525
2452
2526
2453
2527
2454
2528
2455
2529
2456
2530
2457
2531
2458
2532
2459
2533
2460
2534
2461
2535
2462
2536
2463
2537
2464
2538
2465
2539
2466
2540
2467
2541
2468
2542
2469
2543
2470
2544
2471
2545
2472
2546
2473
2547
2474
2548
2475
2549
2476
2550
2477
2551
2478
2552
2479
2553
2480
2554
2481
2555
2482
2556
2483
2557
2484
2558
2485
2559
2486
2560
2487
2561
2488
2562
2489
2563
2490
2564
2491
2565
2492
2566
2493
2567
2568
2495
2571
2496
2572
2497
2573
2498
2574
2499
2575
2500
2576
2501
2577
2502
2578
2503
2579
2504
2580
2505
2581
2506
2582
2507
2583
2508
2584
2509
2585
2510
2586
2511
2587
2512
2588
2513
2589
2514
2590
2515
2591
2516
2592
2517
2593
2518
2594
2519
2595
2520
2596
2521
2597
2522
2598
2523
2599
2524
2600
2525
2601
2526
2602
2527
2603
2528
2604
2529
2605
2530
2606
2531
2607
2532
2608
2533
2609
2534
2610
2535
2611
2536
2612
2537
2613
2538
2614
2539
2615
2540
2616
2541
2617
2542
2618
2543
2619
2544
2620
2545
2621
2546
2622
2547
2623
2548
2624
2549
2625
2550
2626
2551
2627
2552
2628
2553
2629
2554
2630
2555
2631
2556
2632
2557
2633
2558
2634
2559
2635
2560
2636
2561
2637
2562
2638
2563
2639
2564
2640
2565
2641
2566
2642
2567
2643
2568
2644
2569
2645
2570
2646
2647
2572
2650
2573
2651
2574
2652
2575
2653
2576
2654
2577
2655
2578
2656
2579
2657
2580
2658
2581
2659
2582
2660
2583
2661
2584
2662
2585
2663
2586
2664
2587
2665
2588
2666
2589
2667
2590
2668
2591
2669
2592
2670
2593
2671
2594
2672
2595
2673
2596
2674
2597
2675
2598
2676
2599
2677
2600
2678
2601
2679
2602
2680
2603
2681
2604
2682
2605
2683
2606
2684
2607
2685
2608
2686
2609
2687
2610
2688
2611
2689
2612
2690
2613
2691
2614
2692
2615
2693
2616
2694
2617
2695
2618
2696
2619
2697
2620
2698
2621
2699
2622
2700
2623
2701
2624
2702
2625
2703
2626
2704
2627
2705
2628
2706
2629
2707
2630
2708
2631
2709
2632
2710
2633
2711
2634
2712
2635
2713
2636
2714
2637
2715
2638
2716
2639
2717
2640
2718
2641
2719
2642
2720
2643
2721
2644
2722
2645
2723
2646
2724
2647
2725
2648
2726
2649
2727
2728
2651
2731
2652
2732
2653
2733
2654
2734
2655
2735
2656
2736
2657
2737
2658
2738
2659
2739
2660
2740
2661
2741
2662
2742
2663
2743
2664
2744
2665
2745
2666
2746
2667
2747
2668
2748
2669
2749
2670
2750
2671
2751
2672
2752
2673
2753
2674
2754
2675
2755
2676
2756
2677
2757
2678
2758
2679
2759
2680
2760
2681
2761
2682
2762
2683
2763
2684
2764
2685
2765
2686
2766
2687
2767
2688
2768
2689
2769
2690
2770
2691
2771
2692
2772
2693
2773
2694
2774
2695
2775
2696
2776
2697
2777
2698
2778
2699
2779
2700
2780
2701
2781
2702
2782
2703
2783
2704
2784
2705
2785
2706
2786
2707
2787
2708
2788
2709
2789
2710
2790
2711
2791
2712
2792
2713
2793
2714
2794
2715
2795
2716
2796
2717
2797
2718
2798
2719
2799
2720
2800
2721
2801
2722
2802
2723
2803
2724
2804
2725
2805
2726
2806
2727
2807
2728
2808
2729
2809
2730
2810
2811
2732
2814
2733
2815
2734
2816
2735
2817
2736
2818
2737
2819
2738
2820
2739
2821
2740
2822
2741
2823
2742
2824
2743
2825
2744
2826
2745
2827
2746
2828
2747
2829
2748
2830
2749
2831
2750
2832
2751
2833
2752
2834
2753
2835
2754
2836
2755
2837
2756
2838
2757
2839
2758
2840
2759
2841
2760
2842
2761
2843
2762
2844
2763
2845
2764
2846
2765
2847
2766
2848
2767
2849
2768
2850
2769
2851
2770
2852
2771
2853
2772
2854
2773
2855
2774
2856
2775
2857
2776
2858
2777
2859
2778
2860
2779
2861
2780
2862
2781
2863
2782
2864
2783
2865
2784
2866
2785
2867
2786
2868
2787
2869
2788
2870
2789
2871
2790
2872
2791
2873
2792
2874
2793
2875
2794
2876
2795
2877
2796
2878
2797
2879
2798
2880
2799
2881
2800
2882
2801
2883
2802
2884
2803
2885
2804
2886
2805
2887
2806
2888
2807
2889
2808
2890
2809
2891
2810
2892
2811
2893
2812
2894
2813
2895
2896
2815
2900
2816
2901
2817
2902
2818
2903
2819
2904
2820
2905
2821
2906
2822
2907
2823
2908
2824
2909
2825
2910
2826
2911
2827
2912
2828
2913
2829
2914
2830
2915
2831
2916
2832
2917
2833
2918
2834
2919
2835
2920
2836
2921
2837
2922
2838
2923
2839
2924
2840
2925
2841
2926
2842
2927
2843
2928
2844
2929
2845
2930
2846
2931
2847
2932
2848
2933
2849
2934
2850
2935
2851
2936
2852
2937
2853
2938
2854
2939
2855
2940
2856
2941
2857
2942
2858
2943
2859
2944
2860
2945
2861
2946
2862
2947
2863
2948
2864
2949
2865
2950
2866
2951
2867
2952
2868
2953
2869
2954
2870
2955
2871
2956
2872
2957
2873
2958
2874
2959
2875
2960
2876
2961
2877
2962
2878
2963
2879
2964
2880
2965
2881
2966
2882
2967
2883
2968
2884
2969
2885
2970
2886
2971
2887
2972
2888
2973
2889
2974
2890
2975
2891
2976
2892
2977
2893
2978
2894
2979
2895
2980
2896
2981
2897
2982
2898
2983
2899
2984
2985
2901
2988
2902
2989
2903
2990
2904
2991
2905
2992
2906
2993
2907
2994
2908
2995
2909
2996
2910
2997
2911
2998
2912
2999
2913
3000
2914
3001
2915
3002
2916
3003
2917
3004
2918
3005
2919
3006
2920
3007
2921
3008
2922
3009
2923
3010
2924
3011
2925
3012
2926
3013
2927
3014
2928
3015
2929
3016
2930
3017
2931
3018
2932
3019
2933
3020
2934
3021
2935
3022
2936
3023
2937
3024
2938
3025
2939
3026
2940
3027
2941
3028
2942
3029
2943
3030
2944
3031
2945
3032
2946
3033
2947
3034
2948
3035
2949
3036
2950
3037
2951
3038
2952
3039
2953
3040
2954
3041
2955
3042
2956
3043
2957
3044
2958
3045
2959
3046
2960
3047
2961
3048
2962
3049
2963
3050
2964
3051
2965
3052
2966
3053
2967
3054
2968
3055
2969
3056
2970
3057
2971
3058
2972
3059
2973
3060
2974
3061
2975
3062
2976
3063
2977
3064
2978
3065
2979
3066
2980
3067
2981
3068
2982
3069
2983
3070
2984
3071
2985
3072
2986
3073
2987
3074
3075
2989
3078
2990
3079
2991
3080
2992
3081
2993
3082
2994
3083
2995
3084
2996
3085
2997
3086
2998
3087
2999
3088
3000
3089
3001
3090
3002
3091
3003
3092
3004
3093
3005
3094
3006
3095
3007
3096
3008
3097
3009
3098
3010
3099
3011
3100
3012
3101
3013
3102
3014
3103
3015
3104
3016
3105
3017
3106
3018
3107
3019
3108
3020
3109
3021
3110
3022
3111
3023
3112
3024
3113
3025
3114
3026
3115
3027
3116
3028
3117
3029
3118
3030
3119
3031
3120
3032
3121
3033
3122
3034
3123
3035
3124
3036
3125
3037
3126
3038
3127
3039
3128
3040
3129
3041
3130
3042
3131
3043
3132
3044
3133
3045
3134
3046
3135
3047
3136
3048
3137
3049
3138
3050
3139
3051
3140
3052
3141
3053
3142
3054
3143
3055
3144
3056
3145
3057
3146
3058
3147
3059
3148
3060
3149
3061
3150
3062
3151
3063
3152
3064
3153
3065
3154
3066
3155
3067
3156
3068
3157
3069
3158
3070
3159
3071
3160
3072
3161
3073
3162
3074
3163
3075
3164
3076
3165
3077
3166
3167
3079
3170
3080
3171
3081
3172
3082
3173
3083
3174
3084
3175
3085
3176
3086
3177
3087
3178
3088
3179
3089
3180
3090
3181
3091
3182
3092
3183
3093
3184
3094
3185
3095
3186
3096
3187
3097
3188
3098
3189
3099
3190
3100
3191
3101
3192
3102
3193
3103
3194
3104
3195
3105
3196
3106
3197
3107
3198
3108
3199
3109
3200
3110
3201
3111
3202
3112
3203
3113
3204
3114
3205
3115
3206
3116
3207
3117
3208
3118
3209
3119
3210
3120
3211
3121
3212
3122
3213
3123
3214
3124
3215
3125
3216
3126
3217
3127
3218
3128
3219
3129
3220
3130
3221
3131
3222
3132
3223
3133
3224
3134
3225
3135
3226
3136
3227
3137
3228
3138
3229
3139
3230
3140
3231
3141
3232
3142
3233
3143
3234
3144
3235
3145
3236
3146
3237
3147
3238
3148
3239
3149
3240
3150
3241
3151
3242
3152
3243
3153
3244
3154
3245
3155
3246
3156
3247
3157
3248
3158
3249
3159
3250
3160
3251
3161
3252
3162
3253
3163
3254
3164
3255
3165
3256
3166
3257
3167
3258
3168
3259
3169
3260
3261
3171
3265
3172
3266
3173
3267
3174
3268
3175
3269
3176
3270
3177
3271
3178
3272
3179
3273
3180
3274
3181
3275
3182
3276
3183
3277
3184
3278
3185
3279
3186
3280
3187
3281
3188
3282
3189
3283
3190
3284
3191
3285
3192
3286
3193
3287
3194
3288
3195
3289
3196
3290
3197
3291
3198
3292
3199
3293
3200
3294
3201
3295
3202
3296
3203
3297
3204
3298
3205
3299
3206
3300
3207
3301
3208
3302
3209
3303
3210
3304
3211
3305
3212
3306
3213
3307
3214
3308
3215
3309
3216
3310
3217
3311
3218
3312
3219
3313
3220
3314
3221
3315
3222
3316
3223
3317
3224
3318
3225
3319
3226
3320
3227
3321
3228
3322
3229
3323
3230
3324
3231
3325
3232
3326
3233
3327
3234
3328
3235
3329
3236
3330
3237
3331
3238
3332
3239
3333
3240
3334
3241
3335
3242
3336
3243
3337
3244
3338
3245
3339
3246
3340
3247
3341
3248
3342
3249
3343
3250
3344
3251
3345
3252
3346
3253
3347
3254
3348
3255
3349
3256
3350
3257
3351
3258
3352
3259
3353
3260
3354
3261
3355
3262
3356
3263
3357
3264
3358
3359
3266
3362
3267
3363
3268
3364
3269
3365
3270
3366
3271
3367
3272
3368
3273
3369
3274
3370
3275
3371
3276
3372
3277
3373
3278
3374
3279
3375
3280
3376
3281
3377
3282
3378
3283
3379
3284
3380
3285
3381
3286
3382
3287
3383
3288
3384
3289
3385
3290
3386
3291
3387
3292
3388
3293
3389
3294
3390
3295
3391
3296
3392
3297
3393
3298
3394
3299
3395
3300
3396
3301
3397
3302
3398
3303
3399
3304
3400
3305
3401
3306
3402
3307
3403
3308
3404
3309
3405
3310
3406
3311
3407
3312
3408
3313
3409
3314
3410
3315
3411
3316
3412
3317
3413
3318
3414
3319
3415
3320
3416
3321
3417
3322
3418
3323
3419
3324
3420
3325
3421
3326
3422
3327
3423
3328
3424
3329
3425
3330
3426
3331
3427
3332
3428
3333
3429
3334
3430
3335
3431
3336
3432
3337
3433
3338
3434
3339
3435
3340
3436
3341
3437
3342
3438
3343
3439
3344
3440
3345
3441
3346
3442
3347
3443
3348
3444
3349
3445
3350
3446
3351
3447
3352
3448
3353
3449
3354
3450
3355
3451
3356
3452
3357
3453
3358
3454
3359
3455
3360
3456
3361
3457
3458
3363
3461
3364
3462
3365
3463
3366
3464
3367
3465
3368
3466
3369
3467
3370
3468
3371
3469
3372
3470
3373
3471
3374
3472
3375
3473
3376
3474
3377
3475
3378
3476
3379
3477
3380
3478
3381
3479
3382
3480
3383
3481
3384
3482
3385
3483
3386
3484
3387
3485
3388
3486
3389
3487
3390
3488
3391
3489
3392
3490
3393
3491
3394
3492
3395
3493
3396
3494
3397
3495
3398
3496
3399
3497
3400
3498
3401
3499
3402
3500
3403
3501
3404
3502
3405
3503
3406
3504
3407
3505
3408
3506
3409
3507
3410
3508
3411
3509
3412
3510
3413
3511
3414
3512
3415
3513
3416
3514
3417
3515
3418
3516
3419
3517
3420
3518
3421
3519
3422
3520
3423
3521
3424
3522
3425
3523
3426
3524
3427
3525
3428
3526
3429
3527
3430
3528
3431
3529
3432
3530
3433
3531
3434
3532
3435
3533
3436
3534
3437
3535
3438
3536
3439
3537
3440
3538
3441
3539
3442
3540
3443
3541
3444
3542
3445
3543
3446
3544
3447
3545
3448
3546
3449
3547
3450
3548
3451
3549
3452
3550
3453
3551
3454
3552
3455
3553
3456
3554
3457
3555
3458
3556
3459
3557
3460
3558
3559
3462
3562
3463
3563
3464
3564
3465
3565
3466
3566
3467
3567
3468
3568
3469
3569
3470
3570
3471
3571
3472
3572
3473
3573
3474
3574
3475
3575
3476
3576
3477
3577
3478
3578
3479
3579
3480
3580
3481
3581
3482
3582
3483
3583
3484
3584
3485
3585
3486
3586
3487
3587
3488
3588
3489
3589
3490
3590
3491
3591
3492
3592
3493
3593
3494
3594
3495
3595
3496
3596
3497
3597
3498
3598
3499
3599
3500
3600
3501
3601
3502
3602
3503
3603
3504
3604
3505
3605
3506
3606
3507
3607
3508
3608
3509
3609
3510
3610
3511
3611
3512
3612
3513
3613
3514
3614
3515
3615
3516
3616
3517
3617
3518
3618
3519
3619
3520
3620
3521
3621
3522
3622
3523
3623
3524
3624
3525
3625
3526
3626
3527
3627
3528
3628
3529
3629
3530
3630
3531
3631
3532
3632
3533
3633
3534
3634
3535
3635
3536
3636
3537
3637
3538
3638
3539
3639
3540
3640
3541
3641
3542
3642
3543
3643
3544
3644
3545
3645
3546
3646
3547
3647
3548
3648
3549
3649
3550
3650
3551
3651
3552
3652
3553
3653
3554
3654
3555
3655
3556
3656
3557
3657
3558
3658
3559
3659
3560
3660
3561
3661
3662
3563
3666
3564
3667
3565
3668
3566
3669
3567
3670
3568
3671
3569
3672
3570
3673
3571
3674
3572
3675
3573
3676
3574
3677
3575
3678
3576
3679
3577
3680
3578
3681
3579
3682
3580
3683
3581
3684
3582
3685
3583
3686
3584
3687
3585
3688
3586
3689
3587
3690
3588
3691
3589
3692
3590
3693
3591
3694
3592
3695
3593
3696
3594
3697
3595
3698
3596
3699
3597
3700
3598
3701
3599
3702
3600
3703
3601
3704
3602
3705
3603
3706
3604
3707
3605
3708
3606
3709
3607
3710
3608
3711
3609
3712
3610
3713
3611
3714
3612
3715
3613
3716
3614
3717
3615
3718
3616
3719
3617
3720
3618
3721
3619
3722
3620
3723
3621
3724
3622
3725
3623
3726
3624
3727
3625
3728
3626
3729
3627
3730
3628
3731
3629
3732
3630
3733
3631
3734
3632
3735
3633
3736
3634
3737
3635
3738
3636
3739
3637
3740
3638
3741
3639
3742
3640
3743
3641
3744
3642
3745
3643
3746
3644
3747
3645
3748
3646
3749
3647
3750
3648
3751
3649
3752
3650
3753
3651
3754
3652
3755
3653
3756
3654
3757
3655
3758
3656
3759
3657
3760
3658
3761
3659
3762
3660
3763
3661
3764
3662
3765
3663
3766
3664
3767
3665
3768
3769
3667
3773
3668
3774
3669
3775
3670
3776
3671
3777
3672
3778
3673
3779
3674
3780
3675
3781
3676
3782
3677
3783
3678
3784
3679
3785
3680
3786
3681
3787
3682
3788
3683
3789
3684
3790
3685
3791
3686
3792
3687
3793
3688
3794
3689
3795
3690
3796
3691
3797
3692
3798
3693
3799
3694
3800
3695
3801
3696
3802
3697
3803
3698
3804
3699
3805
3700
3806
3701
3807
3702
3808
3703
3809
3704
3810
3705
3811
3706
3812
3707
3813
3708
3814
3709
3815
3710
3816
3711
3817
3712
3818
3713
3819
3714
3820
3715
3821
3716
3822
3717
3823
3718
3824
3719
3825
3720
3826
3721
3827
3722
3828
3723
3829
3724
3830
3725
3831
3726
3832
3727
3833
3728
3834
3729
3835
3730
3836
3731
3837
3732
3838
3733
3839
3734
3840
3735
3841
3736
3842
3737
3843
3738
3844
3739
3845
3740
3846
3741
3847
3742
3848
3743
3849
3744
3850
3745
3851
3746
3852
3747
3853
3748
3854
3749
3855
3750
3856
3751
3857
3752
3858
3753
3859
3754
3860
3755
3861
3756
3862
3757
3863
3758
3864
3759
3865
3760
3866
3761
3867
3762
3868
3763
3869
3764
3870
3765
3871
3766
3872
3767
3873
3768
3874
3769
3875
3770
3876
3771
3877
3772
3878
3879
3774
3882
3775
3883
3776
3884
3777
3885
3778
3886
3779
3887
3780
3888
3781
3889
3782
3890
3783
3891
3784
3892
3785
3893
3786
3894
3787
3895
3788
3896
3789
3897
3790
3898
3791
3899
3792
3900
3793
3901
3794
3902
3795
3903
3796
3904
3797
3905
3798
3906
3799
3907
3800
3908
3801
3909
3802
3910
3803
3911
3804
3912
3805
3913
3806
3914
3807
3915
3808
3916
3809
3917
3810
3918
3811
3919
3812
3920
3813
3921
3814
3922
3815
3923
3816
3924
3817
3925
3818
3926
3819
3927
3820
3928
3821
3929
3822
3930
3823
3931
3824
3932
3825
3933
3826
3934
3827
3935
3828
3936
3829
3937
3830
3938
3831
3939
3832
3940
3833
3941
3834
3942
3835
3943
3836
3944
3837
3945
3838
3946
3839
3947
3840
3948
3841
3949
3842
3950
3843
3951
3844
3952
3845
3953
3846
3954
3847
3955
3848
3956
3849
3957
3850
3958
3851
3959
3852
3960
3853
3961
3854
3962
3855
3963
3856
3964
3857
3965
3858
3966
3859
3967
3860
3968
3861
3969
3862
3970
3863
3971
3864
3972
3865
3973
3866
3974
3867
3975
3868
3976
3869
3977
3870
3978
3871
3979
3872
3980
3873
3981
3874
3982
3875
3983
3876
3984
3877
3985
3878
3986
3879
3987
3880
3988
3881
3989
3990
3883
3994
3884
3995
3885
3996
3886
3997
3887
3998
3888
3999
3889
4000
3890
4001
3891
4002
3892
4003
3893
4004
3894
4005
3895
4006
3896
4007
3897
4008
3898
4009
3899
4010
3900
4011
3901
4012
3902
4013
3903
4014
3904
4015
3905
4016
3906
4017
3907
4018
3908
4019
3909
4020
3910
4021
3911
4022
3912
4023
3913
4024
3914
4025
3915
4026
3916
4027
3917
4028
3918
4029
3919
4030
3920
4031
3921
4032
3922
4033
3923
4034
3924
4035
3925
4036
3926
4037
3927
4038
3928
4039
3929
4040
3930
4041
3931
4042
3932
4043
3933
4044
3934
4045
3935
4046
3936
4047
3937
4048
3938
4049
3939
4050
3940
4051
3941
4052
3942
4053
3943
4054
3944
4055
3945
4056
3946
4057
3947
4058
3948
4059
3949
4060
3950
4061
3951
4062
3952
4063
3953
4064
3954
4065
3955
4066
3956
4067
3957
4068
3958
4069
3959
4070
3960
4071
3961
4072
3962
4073
3963
4074
3964
4075
3965
4076
3966
4077
3967
4078
3968
4079
3969
4080
3970
4081
3971
4082
3972
4083
3973
4084
3974
4085
3975
4086
3976
4087
3977
4088
3978
4089
3979
4090
3980
4091
3981
4092
3982
4093
3983
4094
3984
4095
3985
4096
3986
4097
3987
4098
3988
4099
3989
4100
3990
4101
3991
4102
3992
4103
3993
4104
4105
3995
4109
3996
4110
3997
4111
3998
4112
3999
4113
4000
4114
4001
4115
4002
4116
4003
4117
4004
4118
4005
4119
4006
4120
4007
4121
4008
4122
4009
4123
4010
4124
4011
4125
4012
4126
4013
4127
4014
4128
4015
4129
4016
4130
4017
4131
4018
4132
4019
4133
4020
4134
4021
4135
4022
4136
4023
4137
4024
4138
4025
4139
4026
4140
4027
4141
4028
4142
4029
4143
4030
4144
4031
4145
4032
4146
4033
4147
4034
4148
4035
4149
4036
4150
4037
4151
4038
4152
4039
4153
4040
4154
4041
4155
4042
4156
4043
4157
4044
4158
4045
4159
4046
4160
4047
4161
4048
4162
4049
4163
4050
4164
4051
4165
4052
4166
4053
4167
4054
4168
4055
4169
4056
4170
4057
4171
4058
4172
4059
4173
4060
4174
4061
4175
4062
4176
4063
4177
4064
4178
4065
4179
4066
4180
4067
4181
4068
4182
4069
4183
4070
4184
4071
4185
4072
4186
4073
4187
4074
4188
4075
4189
4076
4190
4077
4191
4078
4192
4079
4193
4080
4194
4081
4195
4082
4196
4083
4197
4084
4198
4085
4199
4086
4200
4087
4201
4088
4202
4089
4203
4090
4204
4091
4205
4092
4206
4093
4207
4094
4208
4095
4209
4096
4210
4097
4211
4098
4212
4099
4213
4100
4214
4101
4215
4102
4216
4103
4217
4104
4218
4105
4219
4106
4220
4107
4221
4108
4222
4223
4110
4228
4111
4229
4112
4230
4113
4231
4114
4232
4115
4233
4116
4234
4117
4235
4118
4236
4119
4237
4120
4238
4121
4239
4122
4240
4123
4241
4124
4242
4125
4243
4126
4244
4127
4245
4128
4246
4129
4247
4130
4248
4131
4249
4132
4250
4133
4251
4134
4252
4135
4253
4136
4254
4137
4255
4138
4256
4139
4257
4140
4258
4141
4259
4142
4260
4143
4261
4144
4262
4145
4263
4146
4264
4147
4265
4148
4266
4149
4267
4150
4268
4151
4269
4152
4270
4153
4271
4154
4272
4155
4273
4156
4274
4157
4275
4158
4276
4159
4277
4160
4278
4161
4279
4162
4280
4163
4281
4164
4282
4165
4283
4166
4284
4167
4285
4168
4286
4169
4287
4170
4288
4171
4289
4172
4290
4173
4291
4174
4292
4175
4293
4176
4294
4177
4295
4178
4296
4179
4297
4180
4298
4181
4299
4182
4300
4183
4301
4184
4302
4185
4303
4186
4304
4187
4305
4188
4306
4189
4307
4190
4308
4191
4309
4192
4310
4193
4311
4194
4312
4195
4313
4196
4314
4197
4315
4198
4316
4199
4317
4200
4318
4201
4319
4202
4320
4203
4321
4204
4322
4205
4323
4206
4324
4207
4325
4208
4326
4209
4327
4210
4328
4211
4329
4212
4330
4213
4331
4214
4332
4215
4333
4216
4334
4217
4335
4218
4336
4219
4337
4220
4338
4221
4339
4222
4340
4223
4341
4224
4342
4225
4343
4226
4344
4227
4345
4346
4229
4350
4230
4351
4231
4352
4232
4353
4233
4354
4234
4355
4235
4356
4236
4357
4237
4358
4238
4359
4239
4360
4240
4361
4241
4362
4242
4363
4243
4364
4244
4365
4245
4366
4246
4367
4247
4368
4248
4369
4249
4370
4250
4371
4251
4372
4252
4373
4253
4374
4254
4375
4255
4376
4256
4377
4257
4378
4258
4379
4259
4380
4260
4381
4261
4382
4262
4383
4263
4384
4264
4385
4265
4386
4266
4387
4267
4388
4268
4389
4269
4390
4270
4391
4271
4392
4272
4393
4273
4394
4274
4395
4275
4396
4276
4397
4277
4398
4278
4399
4279
4400
4280
4401
4281
4402
4282
4403
4283
4404
4284
4405
4285
4406
4286
4407
4287
4408
4288
4409
4289
4410
4290
4411
4291
4412
4292
4413
4293
4414
4294
4415
4295
4416
4296
4417
4297
4418
4298
4419
4299
4420
4300
4421
4301
4422
4302
4423
4303
4424
4304
4425
4305
4426
4306
4427
4307
4428
4308
4429
4309
4430
4310
4431
4311
4432
4312
4433
4313
4434
4314
4435
4315
4436
4316
4437
4317
4438
4318
4439
4319
4440
4320
4441
4321
4442
4322
4443
4323
4444
4324
4445
4325
4446
4326
4447
4327
4448
4328
4449
4329
4450
4330
4451
4331
4452
4332
4453
4333
4454
4334
4455
4335
4456
4336
4457
4337
4458
4338
4459
4339
4460
4340
4461
4341
4462
4342
4463
4343
4464
4344
4465
4345
4466
4346
4467
4347
4468
4348
4469
4349
4470
4471
4351
4475
4352
4476
4353
4477
4354
4478
4355
4479
4356
4480
4357
4481
4358
4482
4359
4483
4360
4484
4361
4485
4362
4486
4363
4487
4364
4488
4365
4489
4366
4490
4367
4491
4368
4492
4369
4493
4370
4494
4371
4495
4372
4496
4373
4497
4374
4498
4375
4499
4376
4500
4377
4501
4378
4502
4379
4503
4380
4504
4381
4505
4382
4506
4383
4507
4384
4508
4385
4509
4386
4510
4387
4511
4388
4512
4389
4513
4390
4514
4391
4515
4392
4516
4393
4517
4394
4518
4395
4519
4396
4520
4397
4521
4398
4522
4399
4523
4400
4524
4401
4525
4402
4526
4403
4527
4404
4528
4405
4529
4406
4530
4407
4531
4408
4532
4409
4533
4410
4534
4411
4535
4412
4536
4413
4537
4414
4538
4415
4539
4416
4540
4417
4541
4418
4542
4419
4543
4420
4544
4421
4545
4422
4546
4423
4547
4424
4548
4425
4549
4426
4550
4427
4551
4428
4552
4429
4553
4430
4554
4431
4555
4432
4556
4433
4557
4434
4558
4435
4559
4436
4560
4437
4561
4438
4562
4439
4563
4440
4564
4441
4565
4442
4566
4443
4567
4444
4568
4445
4569
4446
4570
4447
4571
4448
4572
4449
4573
4450
4574
4451
4575
4452
4576
4453
4577
4454
4578
4455
4579
4456
4580
4457
4581
4458
4582
4459
4583
4460
4584
4461
4585
4462
4586
4463
4587
4464
4588
4465
4589
4466
4590
4467
4591
4468
4592
4469
4593
4470
4594
4471
4595
4472
4596
4473
4597
4474
4598
4599
4476
4604
4477
4605
4478
4606
4479
4607
4480
4608
4481
4609
4482
4610
4483
4611
4484
4612
4485
4613
4486
4614
4487
4615
4488
4616
4489
4617
4490
4618
4491
4619
4492
4620
4493
4621
4494
4622
4495
4623
4496
4624
4497
4625
4498
4626
4499
4627
4500
4628
4501
4629
4502
4630
4503
4631
4504
4632
4505
4633
4506
4634
4507
4635
4508
4636
4509
4637
4510
4638
4511
4639
4512
4640
4513
4641
4514
4642
4515
4643
4516
4644
4517
4645
4518
4646
4519
4647
4520
4648
4521
4649
4522
4650
4523
4651
4524
4652
4525
4653
4526
4654
4527
4655
4528
4656
4529
4657
4530
4658
4531
4659
4532
4660
4533
4661
4534
4662
4535
4663
4536
4664
4537
4665
4538
4666
4539
4667
4540
4668
4541
4669
4542
4670
4543
4671
4544
4672
4545
4673
4546
4674
4547
4675
4548
4676
4549
4677
4550
4678
4551
4679
4552
4680
4553
4681
4554
4682
4555
4683
4556
4684
4557
4685
4558
4686
4559
4687
4560
4688
4561
4689
4562
4690
4563
4691
4564
4692
4565
4693
4566
4694
4567
4695
4568
4696
4569
4697
4570
4698
4571
4699
4572
4700
4573
4701
4574
4702
4575
4703
4576
4704
4577
4705
4578
4706
4579
4707
4580
4708
4581
4709
4582
4710
4583
4711
4584
4712
4585
4713
4586
4714
4587
4715
4588
4716
4589
4717
4590
4718
4591
4719
4592
4720
4593
4721
4594
4722
4595
4723
4596
4724
4597
4725
4598
4726
4599
4727
4600
4728
4601
4729
4602
4730
4603
4731
4732
4605
4736
4606
4737
4607
4738
4608
4739
4609
4740
4610
4741
4611
4742
4612
4743
4613
4744
4614
4745
4615
4746
4616
4747
4617
4748
4618
4749
4619
4750
4620
4751
4621
4752
4622
4753
4623
4754
4624
4755
4625
4756
4626
4757
4627
4758
4628
4759
4629
4760
4630
4761
4631
4762
4632
4763
4633
4764
4634
4765
4635
4766
4636
4767
4637
4768
4638
4769
4639
4770
4640
4771
4641
4772
4642
4773
4643
4774
4644
4775
4645
4776
4646
4777
4647
4778
4648
4779
4649
4780
4650
4781
4651
4782
4652
4783
4653
4784
4654
4785
4655
4786
4656
4787
4657
4788
4658
4789
4659
4790
4660
4791
4661
4792
4662
4793
4663
4794
4664
4795
4665
4796
4666
4797
4667
4798
4668
4799
4669
4800
4670
4801
4671
4802
4672
4803
4673
4804
4674
4805
4675
4806
4676
4807
4677
4808
4678
4809
4679
4810
4680
4811
4681
4812
4682
4813
4683
4814
4684
4815
4685
4816
4686
4817
4687
4818
4688
4819
4689
4820
4690
4821
4691
4822
4692
4823
4693
4824
4694
4825
4695
4826
4696
4827
4697
4828
4698
4829
4699
4830
4700
4831
4701
4832
4702
4833
4703
4834
4704
4835
4705
4836
4706
4837
4707
4838
4708
4839
4709
4840
4710
4841
4711
4842
4712
4843
4713
4844
4714
4845
4715
4846
4716
4847
4717
4848
4718
4849
4719
4850
4720
4851
4721
4852
4722
4853
4723
4854
4724
4855
4725
4856
4726
4857
4727
4858
4728
4859
4729
4860
4730
4861
4731
4862
4732
4863
4733
4864
4734
4865
4735
4866
4867
4737
4871
4738
4872
4739
4873
4740
4874
4741
4875
4742
4876
4743
4877
4744
4878
4745
4879
4746
4880
4747
4881
4748
4882
4749
4883
4750
4884
4751
4885
4752
4886
4753
4887
4754
4888
4755
4889
4756
4890
4757
4891
4758
4892
4759
4893
4760
4894
4761
4895
4762
4896
4763
4897
4764
4898
4765
4899
4766
4900
4767
4901
4768
4902
4769
4903
4770
4904
4771
4905
4772
4906
4773
4907
4774
4908
4775
4909
4776
4910
4777
4911
4778
4912
4779
4913
4780
4914
4781
4915
4782
4916
4783
4917
4784
4918
4785
4919
4786
4920
4787
4921
4788
4922
4789
4923
4790
4924
4791
4925
4792
4926
4793
4927
4794
4928
4795
4929
4796
4930
4797
4931
4798
4932
4799
4933
4800
4934
4801
4935
4802
4936
4803
4937
4804
4938
4805
4939
4806
4940
4807
4941
4808
4942
4809
4943
4810
4944
4811
4945
4812
4946
4813
4947
4814
4948
4815
4949
4816
4950
4817
4951
4818
4952
4819
4953
4820
4954
4821
4955
4822
4956
4823
4957
4824
4958
4825
4959
4826
4960
4827
4961
4828
4962
4829
4963
4830
4964
4831
4965
4832
4966
4833
4967
4834
4968
4835
4969
4836
4970
4837
4971
4838
4972
4839
4973
4840
4974
4841
4975
4842
4976
4843
4977
4844
4978
4845
4979
4846
4980
4847
4981
4848
4982
4849
4983
4850
4984
4851
4985
4852
4986
4853
4987
4854
4988
4855
4989
4856
4990
4857
4991
4858
4992
4859
4993
4860
4994
4861
4995
4862
4996
4863
4997
4864
4998
4865
4999
4866
5000
4867
5001
4868
5002
4869
5003
4870
5004
5005
4872
5010
4873
5011
4874
5012
4875
5013
4876
5014
4877
5015
4878
5016
4879
5017
4880
5018
4881
5019
4882
5020
4883
5021
4884
5022
4885
5023
4886
5024
4887
5025
4888
5026
4889
5027
4890
5028
4891
5029
4892
5030
4893
5031
4894
5032
4895
5033
4896
5034
4897
5035
4898
5036
4899
5037
4900
5038
4901
5039
4902
5040
4903
5041
4904
5042
4905
5043
4906
5044
4907
5045
4908
5046
4909
5047
4910
5048
4911
5049
4912
5050
4913
5051
4914
5052
4915
5053
4916
5054
4917
5055
4918
5056
4919
5057
4920
5058
4921
5059
4922
5060
4923
5061
4924
5062
4925
5063
4926
5064
4927
5065
4928
5066
4929
5067
4930
5068
4931
5069
4932
5070
4933
5071
4934
5072
4935
5073
4936
5074
4937
5075
4938
5076
4939
5077
4940
5078
4941
5079
4942
5080
4943
5081
4944
5082
4945
5083
4946
5084
4947
5085
4948
5086
4949
5087
4950
5088
4951
5089
4952
5090
4953
5091
4954
5092
4955
5093
4956
5094
4957
5095
4958
5096
4959
5097
4960
5098
4961
5099
4962
5100
4963
5101
4964
5102
4965
5103
4966
5104
4967
5105
4968
5106
4969
5107
4970
5108
4971
5109
4972
5110
4973
5111
4974
5112
4975
5113
4976
5114
4977
5115
4978
5116
4979
5117
4980
5118
4981
5119
4982
5120
4983
5121
4984
5122
4985
5123
4986
5124
4987
5125
4988
5126
4989
5127
4990
5128
4991
5129
4992
5130
4993
5131
4994
5132
4995
5133
4996
5134
4997
5135
4998
5136
4999
5137
5000
5138
5001
5139
5002
5140
5003
5141
5004
5142
5005
5143
5006
5144
5007
5145
5008
5146
5009
5147
5148
5011
5152
5012
5153
5013
5154
5014
5155
5015
5156
5016
5157
5017
5158
5018
5159
5019
5160
5020
5161
5021
5162
5022
5163
5023
5164
5024
5165
5025
5166
5026
5167
5027
5168
5028
5169
5029
5170
5030
5171
5031
5172
5032
5173
5033
5174
5034
5175
5035
5176
5036
5177
5037
5178
5038
5179
5039
5180
5040
5181
5041
5182
5042
5183
5043
5184
5044
5185
5045
5186
5046
5187
5047
5188
5048
5189
5049
5190
5050
5191
5051
5192
5052
5193
5053
5194
5054
5195
5055
5196
5056
5197
5057
5198
5058
5199
5059
5200
5060
5201
5061
5202
5062
5203
5063
5204
5064
5205
5065
5206
5066
5207
5067
5208
5068
5209
5069
5210
5070
5211
5071
5212
5072
5213
5073
5214
5074
5215
5075
5216
5076
5217
5077
5218
5078
5219
5079
5220
5080
5221
5081
5222
5082
5223
5083
5224
5084
5225
5085
5226
5086
5227
5087
5228
5088
5229
5089
5230
5090
5231
5091
5232
5092
5233
5093
5234
5094
5235
5095
5236
5096
5237
5097
5238
5098
5239
5099
5240
5100
5241
5101
5242
5102
5243
5103
5244
5104
5245
5105
5246
5106
5247
5107
5248
5108
5249
5109
5250
5110
5251
5111
5252
5112
5253
5113
5254
5114
5255
5115
5256
5116
5257
5117
5258
5118
5259
5119
5260
5120
5261
5121
5262
5122
5263
5123
5264
5124
5265
5125
5266
5126
5267
5127
5268
5128
5269
5129
5270
5130
5271
5131
5272
5132
5273
5133
5274
5134
5275
5135
5276
5136
5277
5137
5278
5138
5279
5139
5280
5140
5281
5141
5282
5142
5283
5143
5284
5144
5285
5145
5286
5146
5287
5147
5288
5148
5289
5149
5290
5150
5291
5151
5292
5293
5153
5298
5154
5299
5155
5300
5156
5301
5157
5302
5158
5303
5159
5304
5160
5305
5161
5306
5162
5307
5163
5308
5164
5309
5165
5310
5166
5311
5167
5312
5168
5313
5169
5314
5170
5315
5171
5316
5172
5317
5173
5318
5174
5319
5175
5320
5176
5321
5177
5322
5178
5323
5179
5324
5180
5325
5181
5326
5182
5327
5183
5328
5184
5329
5185
5330
5186
5331
5187
5332
5188
5333
5189
5334
5190
5335
5191
5336
5192
5337
5193
5338
5194
5339
5195
5340
5196
5341
5197
5342
5198
5343
5199
5344
5200
5345
5201
5346
5202
5347
5203
5348
5204
5349
5205
5350
5206
5351
5207
5352
5208
5353
5209
5354
5210
5355
5211
5356
5212
5357
5213
5358
5214
5359
5215
5360
5216
5361
5217
5362
5218
5363
5219
5364
5220
5365
5221
5366
5222
5367
5223
5368
5224
5369
5225
5370
5226
5371
5227
5372
5228
5373
5229
5374
5230
5375
5231
5376
5232
5377
5233
5378
5234
5379
5235
5380
5236
5381
5237
5382
5238
5383
5239
5384
5240
5385
5241
5386
5242
5387
5243
5388
5244
5389
5245
5390
5246
5391
5247
5392
5248
5393
5249
5394
5250
5395
5251
5396
5252
5397
5253
5398
5254
5399
5255
5400
5256
5401
5257
5402
5258
5403
5259
5404
5260
5405
5261
5406
5262
5407
5263
5408
5264
5409
5265
5410
5266
5411
5267
5412
5268
5413
5269
5414
5270
5415
5271
5416
5272
5417
5273
5418
5274
5419
5275
5420
5276
5421
5277
5422
5278
5423
5279
5424
5280
5425
5281
5426
5282
5427
5283
5428
5284
5429
5285
5430
5286
5431
5287
5432
5288
5433
5289
5434
5290
5435
5291
5436
5292
5437
5293
5438
5294
5439
5295
5440
5296
5441
5297
5442
5443
5299
5447
5300
5448
5301
5449
5302
5450
5303
5451
5304
5452
5305
5453
5306
5454
5307
5455
5308
5456
5309
5457
5310
5458
5311
5459
5312
5460
5313
5461
5314
5462
5315
5463
5316
5464
5317
5465
5318
5466
5319
5467
5320
5468
5321
5469
5322
5470
5323
5471
5324
5472
5325
5473
5326
5474
5327
5475
5328
5476
5329
5477
5330
5478
5331
5479
5332
5480
5333
5481
5334
5482
5335
5483
5336
5484
5337
5485
5338
5486
5339
5487
5340
5488
5341
5489
5342
5490
5343
5491
5344
5492
5345
5493
5346
5494
5347
5495
5348
5496
5349
5497
5350
5498
5351
5499
5352
5500
5353
5501
5354
5502
5355
5503
5356
5504
5357
5505
5358
5506
5359
5507
5360
5508
5361
5509
5362
5510
5363
5511
5364
5512
5365
5513
5366
5514
5367
5515
5368
5516
5369
5517
5370
5518
5371
5519
5372
5520
5373
5521
5374
5522
5375
5523
5376
5524
5377
5525
5378
5526
5379
5527
5380
5528
5381
5529
5382
5530
5383
5531
5384
5532
5385
5533
5386
5534
5387
5535
5388
5536
5389
5537
5390
5538
5391
5539
5392
5540
5393
5541
5394
5542
5395
5543
5396
5544
5397
5545
5398
5546
5399
5547
5400
5548
5401
5549
5402
5550
5403
5551
5404
5552
5405
5553
5406
5554
5407
5555
5408
5556
5409
5557
5410
5558
5411
5559
5412
5560
5413
5561
5414
5562
5415
5563
5416
5564
5417
5565
5418
5566
5419
5567
5420
5568
5421
5569
5422
5570
5423
5571
5424
5572
5425
5573
5426
5574
5427
5575
5428
5576
5429
5577
5430
5578
5431
5579
5432
5580
5433
5581
5434
5582
5435
5583
5436
5584
5437
5585
5438
5586
5439
5587
5440
5588
5441
5589
5442
5590
5443
5591
5444
5592
5445
5593
5446
5594
5595
5448
5599
5449
5600
5450
5601
5451
5602
5452
5603
5453
5604
5454
5605
5455
5606
5456
5607
5457
5608
5458
5609
5459
5610
5460
5611
5461
5612
5462
5613
5463
5614
5464
5615
5465
5616
5466
5617
5467
5618
5468
5619
5469
5620
5470
5621
5471
5622
5472
5623
5473
5624
5474
5625
5475
5626
5476
5627
5477
5628
5478
5629
5479
5630
5480
5631
5481
5632
5482
5633
5483
5634
5484
5635
5485
5636
5486
5637
5487
5638
5488
5639
5489
5640
5490
5641
5491
5642
5492
5643
5493
5644
5494
5645
5495
5646
5496
5647
5497
5648
5498
5649
5499
5650
5500
5651
5501
5652
5502
5653
5503
5654
5504
5655
5505
5656
5506
5657
5507
5658
5508
5659
5509
5660
5510
5661
5511
5662
5512
5663
5513
5664
5514
5665
5515
5666
5516
5667
5517
5668
5518
5669
5519
5670
5520
5671
5521
5672
5522
5673
5523
5674
5524
5675
5525
5676
5526
5677
5527
5678
5528
5679
5529
5680
5530
5681
5531
5682
5532
5683
5533
5684
5534
5685
5535
5686
5536
5687
5537
5688
5538
5689
5539
5690
5540
5691
5541
5692
5542
5693
5543
5694
5544
5695
5545
5696
5546
5697
5547
5698
5548
5699
5549
5700
5550
5701
5551
5702
5552
5703
5553
5704
5554
5705
5555
5706
5556
5707
5557
5708
5558
5709
5559
5710
5560
5711
5561
5712
5562
5713
5563
5714
5564
5715
5565
5716
5566
5717
5567
5718
5568
5719
5569
5720
5570
5721
5571
5722
5572
5723
5573
5724
5574
5725
5575
5726
5576
5727
5577
5728
5578
5729
5579
5730
5580
5731
5581
5732
5582
5733
5583
5734
5584
5735
5585
5736
5586
5737
5587
5738
5588
5739
5589
5740
5590
5741
5591
5742
5592
5743
5593
5744
5594
5745
5595
5746
5596
5747
5597
5748
5598
5749
5750
5600
5754
5601
5755
5602
5756
5603
5757
5604
5758
5605
5759
5606
5760
5607
5761
5608
5762
5609
5763
5610
5764
5611
5765
5612
5766
5613
5767
5614
5768
5615
5769
5616
5770
5617
5771
5618
5772
5619
5773
5620
5774
5621
5775
5622
5776
5623
5777
5624
5778
5625
5779
5626
5780
5627
5781
5628
5782
5629
5783
5630
5784
5631
5785
5632
5786
5633
5787
5634
5788
5635
5789
5636
5790
5637
5791
5638
5792
5639
5793
5640
5794
5641
5795
5642
5796
5643
5797
5644
5798
5645
5799
5646
5800
5647
5801
5648
5802
5649
5803
5650
5804
5651
5805
5652
5806
5653
5807
5654
5808
5655
5809
5656
5810
5657
5811
5658
5812
5659
5813
5660
5814
5661
5815
5662
5816
5663
5817
5664
5818
5665
5819
5666
5820
5667
5821
5668
5822
5669
5823
5670
5824
5671
5825
5672
5826
5673
5827
5674
5828
5675
5829
5676
5830
5677
5831
5678
5832
5679
5833
5680
5834
5681
5835
5682
5836
5683
5837
5684
5838
5685
5839
5686
5840
5687
5841
5688
5842
5689
5843
5690
5844
5691
5845
5692
5846
5693
5847
5694
5848
5695
5849
5696
5850
5697
5851
5698
5852
5699
5853
5700
5854
5701
5855
5702
5856
5703
5857
5704
5858
5705
5859
5706
5860
5707
5861
5708
5862
5709
5863
5710
5864
5711
5865
5712
5866
5713
5867
5714
5868
5715
5869
5716
5870
5717
5871
5718
5872
5719
5873
5720
5874
5721
5875
5722
5876
5723
5877
5724
5878
5725
5879
5726
5880
5727
5881
5728
5882
5729
5883
5730
5884
5731
5885
5732
5886
5733
5887
5734
5888
5735
5889
5736
5890
5737
5891
5738
5892
5739
5893
5740
5894
5741
5895
5742
5896
5743
5897
5744
5898
5745
5899
5746
5900
5747
5901
5748
5902
5749
5903
5750
5904
5751
5905
5752
5906
5753
5907
5908
5755
5912
5756
5913
5757
5914
5758
5915
5759
5916
5760
5917
5761
5918
5762
5919
5763
5920
5764
5921
5765
5922
5766
5923
5767
5924
5768
5925
5769
5926
5770
5927
5771
5928
5772
5929
5773
5930
5774
5931
5775
5932
5776
5933
5777
5934
5778
5935
5779
5936
5780
5937
5781
5938
5782
5939
5783
5940
5784
5941
5785
5942
5786
5943
5787
5944
5788
5945
5789
5946
5790
5947
5791
5948
5792
5949
5793
5950
5794
5951
5795
5952
5796
5953
5797
5954
5798
5955
5799
5956
5800
5957
5801
5958
5802
5959
5803
5960
5804
5961
5805
5962
5806
5963
5807
5964
5808
5965
5809
5966
5810
5967
5811
5968
5812
5969
5813
5970
5814
5971
5815
5972
5816
5973
5817
5974
5818
5975
5819
5976
5820
5977
5821
5978
5822
5979
5823
5980
5824
5981
5825
5982
5826
5983
5827
5984
5828
5985
5829
5986
5830
5987
5831
5988
5832
5989
5833
5990
5834
5991
5835
5992
5836
5993
5837
5994
5838
5995
5839
5996
5840
5997
5841
5998
5842
5999
5843
6000
5844
6001
5845
6002
5846
6003
5847
6004
5848
6005
5849
6006
5850
6007
5851
6008
5852
6009
5853
6010
5854
6011
5855
6012
5856
6013
5857
6014
5858
6015
5859
6016
5860
6017
5861
6018
5862
6019
5863
6020
5864
6021
5865
6022
5866
6023
5867
6024
5868
6025
5869
6026
5870
6027
5871
6028
5872
6029
5873
6030
5874
6031
5875
6032
5876
6033
5877
6034
5878
6035
5879
6036
5880
6037
5881
6038
5882
6039
5883
6040
5884
6041
5885
6042
5886
6043
5887
6044
5888
6045
5889
6046
5890
6047
5891
6048
5892
6049
5893
6050
5894
6051
5895
6052
5896
6053
5897
6054
5898
6055
5899
6056
5900
6057
5901
6058
5902
6059
5903
6060
5904
6061
5905
6062
5906
6063
5907
6064
5908
6065
5909
6066
5910
6067
5911
6068
6069
5913
6073
5914
6074
5915
6075
5916
6076
5917
6077
5918
6078
5919
6079
5920
6080
5921
6081
5922
6082
5923
6083
5924
6084
5925
6085
5926
6086
5927
6087
5928
6088
5929
6089
5930
6090
5931
6091
5932
6092
5933
6093
5934
6094
5935
6095
5936
6096
5937
6097
5938
6098
5939
6099
5940
6100
5941
6101
5942
6102
5943
6103
5944
6104
5945
6105
5946
6106
5947
6107
5948
6108
5949
6109
5950
6110
5951
6111
5952
6112
5953
6113
5954
6114
5955
6115
5956
6116
5957
6117
5958
6118
5959
6119
5960
6120
5961
6121
5962
6122
5963
6123
5964
6124
5965
6125
5966
6126
5967
6127
5968
6128
5969
6129
5970
6130
5971
6131
5972
6132
5973
6133
5974
6134
5975
6135
5976
6136
5977
6137
5978
6138
5979
6139
5980
6140
5981
6141
5982
6142
5983
6143
5984
6144
5985
6145
5986
6146
5987
6147
5988
6148
5989
6149
5990
6150
5991
6151
5992
6152
5993
6153
5994
6154
5995
6155
5996
6156
5997
6157
5998
6158
5999
6159
6000
6160
6001
6161
6002
6162
6003
6163
6004
6164
6005
6165
6006
6166
6007
6167
6008
6168
6009
6169
6010
6170
6011
6171
6012
6172
6013
6173
6014
6174
6015
6175
6016
6176
6017
6177
6018
6178
6019
6179
6020
6180
6021
6181
6022
6182
6023
6183
6024
6184
6025
6185
6026
6186
6027
6187
6028
6188
6029
6189
6030
6190
6031
6191
6032
6192
6033
6193
6034
6194
6035
6195
6036
6196
6037
6197
6038
6198
6039
6199
6040
6200
6041
6201
6042
6202
6043
6203
6044
6204
6045
6205
6046
6206
6047
6207
6048
6208
6049
6209
6050
6210
6051
6211
6052
6212
6053
6213
6054
6214
6055
6215
6056
6216
6057
6217
6058
6218
6059
6219
6060
6220
6061
6221
6062
6222
6063
6223
6064
6224
6065
6225
6066
6226
6067
6227
6068
6228
6069
6229
6070
6230
6071
6231
6072
6232
6233
6074
6237
6075
6238
6076
6239
6077
6240
6078
6241
6079
6242
6080
6243
6081
6244
6082
6245
6083
6246
6084
6247
6085
6248
6086
6249
6087
6250
6088
6251
6089
6252
6090
6253
6091
6254
6092
6255
6093
6256
6094
6257
6095
6258
6096
6259
6097
6260
6098
6261
6099
6262
6100
6263
6101
6264
6102
6265
6103
6266
6104
6267
6105
6268
6106
6269
6107
6270
6108
6271
6109
6272
6110
6273
6111
6274
6112
6275
6113
6276
6114
6277
6115
6278
6116
6279
6117
6280
6118
6281
6119
6282
6120
6283
6121
6284
6122
6285
6123
6286
6124
6287
6125
6288
6126
6289
6127
6290
6128
6291
6129
6292
6130
6293
6131
6294
6132
6295
6133
6296
6134
6297
6135
6298
6136
6299
6137
6300
6138
6301
6139
6302
6140
6303
6141
6304
6142
6305
6143
6306
6144
6307
6145
6308
6146
6309
6147
6310
6148
6311
6149
6312
6150
6313
6151
6314
6152
6315
6153
6316
6154
6317
6155
6318
6156
6319
6157
6320
6158
6321
6159
6322
6160
6323
6161
6324
6162
6325
6163
6326
6164
6327
6165
6328
6166
6329
6167
6330
6168
6331
6169
6332
6170
6333
6171
6334
6172
6335
6173
6336
6174
6337
6175
6338
6176
6339
6177
6340
6178
6341
6179
6342
6180
6343
6181
6344
6182
6345
6183
6346
6184
6347
6185
6348
6186
6349
6187
6350
6188
6351
6189
6352
6190
6353
6191
6354
6192
6355
6193
6356
6194
6357
6195
6358
6196
6359
6197
6360
6198
6361
6199
6362
6200
6363
6201
6364
6202
6365
6203
6366
6204
6367
6205
6368
6206
6369
6207
6370
6208
6371
6209
6372
6210
6373
6211
6374
6212
6375
6213
6376
6214
6377
6215
6378
6216
6379
6217
6380
6218
6381
6219
6382
6220
6383
6221
6384
6222
6385
6223
6386
6224
6387
6225
6388
6226
6389
6227
6390
6228
6391
6229
6392
6230
6393
6231
6394
6232
6395
6233
6396
6234
6397
6235
6398
6236
6399
6400
6238
6403
6239
6404
6240
6405
6241
6406
6242
6407
6243
6408
6244
6409
6245
6410
6246
6411
6247
6412
6248
6413
6249
6414
6250
6415
6251
6416
6252
6417
6253
6418
6254
6419
6255
6420
6256
6421
6257
6422
6258
6423
6259
6424
6260
6425
6261
6426
6262
6427
6263
6428
6264
6429
6265
6430
6266
6431
6267
6432
6268
6433
6269
6434
6270
6435
6271
6436
6272
6437
6273
6438
6274
6439
6275
6440
6276
6441
6277
6442
6278
6443
6279
6444
6280
6445
6281
6446
6282
6447
6283
6448
6284
6449
6285
6450
6286
6451
6287
6452
6288
6453
6289
6454
6290
6455
6291
6456
6292
6457
6293
6458
6294
6459
6295
6460
6296
6461
6297
6462
6298
6463
6299
6464
6300
6465
6301
6466
6302
6467
6303
6468
6304
6469
6305
6470
6306
6471
6307
6472
6308
6473
6309
6474
6310
6475
6311
6476
6312
6477
6313
6478
6314
6479
6315
6480
6316
6481
6317
6482
6318
6483
6319
6484
6320
6485
6321
6486
6322
6487
6323
6488
6324
6489
6325
6490
6326
6491
6327
6492
6328
6493
6329
6494
6330
6495
6331
6496
6332
6497
6333
6498
6334
6499
6335
6500
6336
6501
6337
6502
6338
6503
6339
6504
6340
6505
6341
6506
6342
6507
6343
6508
6344
6509
6345
6510
6346
6511
6347
6512
6348
6513
6349
6514
6350
6515
6351
6516
6352
6517
6353
6518
6354
6519
6355
6520
6356
6521
6357
6522
6358
6523
6359
6524
6360
6525
6361
6526
6362
6527
6363
6528
6364
6529
6365
6530
6366
6531
6367
6532
6368
6533
6369
6534
6370
6535
6371
6536
6372
6537
6373
6538
6374
6539
6375
6540
6376
6541
6377
6542
6378
6543
6379
6544
6380
6545
6381
6546
6382
6547
6383
6548
6384
6549
6385
6550
6386
6551
6387
6552
6388
6553
6389
6554
6390
6555
6391
6556
6392
6557
6393
6558
6394
6559
6395
6560
6396
6561
6397
6562
6398
6563
6399
6564
6400
6565
6401
6566
6402
6567
6568
6404
6571
6405
6572
6406
6573
6407
6574
6408
6575
6409
6576
6410
6577
6411
6578
6412
6579
6413
6580
6414
6581
6415
6582
6416
6583
6417
6584
6418
6585
6419
6586
6420
6587
6421
6588
6422
6589
6423
6590
6424
6591
6425
6592
6426
6593
6427
6594
6428
6595
6429
6596
6430
6597
6431
6598
6432
6599
6433
6600
6434
6601
6435
6602
6436
6603
6437
6604
6438
6605
6439
6606
6440
6607
6441
6608
6442
6609
6443
6610
6444
6611
6445
6612
6446
6613
6447
6614
6448
6615
6449
6616
6450
6617
6451
6618
6452
6619
6453
6620
6454
6621
6455
6622
6456
6623
6457
6624
6458
6625
6459
6626
6460
6627
6461
6628
6462
6629
6463
6630
6464
6631
6465
6632
6466
6633
6467
6634
6468
6635
6469
6636
6470
6637
6471
6638
6472
6639
6473
6640
6474
6641
6475
6642
6476
6643
6477
6644
6478
6645
6479
6646
6480
6647
6481
6648
6482
6649
6483
6650
6484
6651
6485
6652
6486
6653
6487
6654
6488
6655
6489
6656
6490
6657
6491
6658
6492
6659
6493
6660
6494
6661
6495
6662
6496
6663
6497
6664
6498
6665
6499
6666
6500
6667
6501
6668
6502
6669
6503
6670
6504
6671
6505
6672
6506
6673
6507
6674
6508
6675
6509
6676
6510
6677
6511
6678
6512
6679
6513
6680
6514
6681
6515
6682
6516
6683
6517
6684
6518
6685
6519
6686
6520
6687
6521
6688
6522
6689
6523
6690
6524
6691
6525
6692
6526
6693
6527
6694
6528
6695
6529
6696
6530
6697
6531
6698
6532
6699
6533
6700
6534
6701
6535
6702
6536
6703
6537
6704
6538
6705
6539
6706
6540
6707
6541
6708
6542
6709
6543
6710
6544
6711
6545
6712
6546
6713
6547
6714
6548
6715
6549
6716
6550
6717
6551
6718
6552
6719
6553
6720
6554
6721
6555
6722
6556
6723
6557
6724
6558
6725
6559
6726
6560
6727
6561
6728
6562
6729
6563
6730
6564
6731
6565
6732
6566
6733
6567
6734
6568
6735
6569
6736
6570
6737
6738
6572
6742
6573
6743
6574
6744
6575
6745
6576
6746
6577
6747
6578
6748
6579
6749
6580
6750
6581
6751
6582
6752
6583
6753
6584
6754
6585
6755
6586
6756
6587
6757
6588
6758
6589
6759
6590
6760
6591
6761
6592
6762
6593
6763
6594
6764
6595
6765
6596
6766
6597
6767
6598
6768
6599
6769
6600
6770
6601
6771
6602
6772
6603
6773
6604
6774
6605
6775
6606
6776
6607
6777
6608
6778
6609
6779
6610
6780
6611
6781
6612
6782
6613
6783
6614
6784
6615
6785
6616
6786
6617
6787
6618
6788
6619
6789
6620
6790
6621
6791
6622
6792
6623
6793
6624
6794
6625
6795
6626
6796
6627
6797
6628
6798
6629
6799
6630
6800
6631
6801
6632
6802
6633
6803
6634
6804
6635
6805
6636
6806
6637
6807
6638
6808
6639
6809
6640
6810
6641
6811
6642
6812
6643
6813
6644
6814
6645
6815
6646
6816
6647
6817
6648
6818
6649
6819
6650
6820
6651
6821
6652
6822
6653
6823
6654
6824
6655
6825
6656
6826
6657
6827
6658
6828
6659
6829
6660
6830
6661
6831
6662
6832
6663
6833
6664
6834
6665
6835
6666
6836
6667
6837
6668
6838
6669
6839
6670
6840
6671
6841
6672
6842
6673
6843
6674
6844
6675
6845
6676
6846
6677
6847
6678
6848
6679
6849
6680
6850
6681
6851
6682
6852
6683
6853
6684
6854
6685
6855
6686
6856
6687
6857
6688
6858
6689
6859
6690
6860
6691
6861
6692
6862
6693
6863
6694
6864
6695
6865
6696
6866
6697
6867
6698
6868
6699
6869
6700
6870
6701
6871
6702
6872
6703
6873
6704
6874
6705
6875
6706
6876
6707
6877
6708
6878
6709
6879
6710
6880
6711
6881
6712
6882
6713
6883
6714
6884
6715
6885
6716
6886
6717
6887
6718
6888
6719
6889
6720
6890
6721
6891
6722
6892
6723
6893
6724
6894
6725
6895
6726
6896
6727
6897
6728
6898
6729
6899
6730
6900
6731
6901
6732
6902
6733
6903
6734
6904
6735
6905
6736
6906
6737
6907
6738
6908
6739
6909
6740
6910
6741
6911
6912
6743
6915
6744
6916
6745
6917
6746
6918
6747
6919
6748
6920
6749
6921
6750
6922
6751
6923
6752
6924
6753
6925
6754
6926
6755
6927
6756
6928
6757
6929
6758
6930
6759
6931
6760
6932
6761
6933
6762
6934
6763
6935
6764
6936
6765
6937
6766
6938
6767
6939
6768
6940
6769
6941
6770
6942
6771
6943
6772
6944
6773
6945
6774
6946
6775
6947
6776
6948
6777
6949
6778
6950
6779
6951
6780
6952
6781
6953
6782
6954
6783
6955
6784
6956
6785
6957
6786
6958
6787
6959
6788
6960
6789
6961
6790
6962
6791
6963
6792
6964
6793
6965
6794
6966
6795
6967
6796
6968
6797
6969
6798
6970
6799
6971
6800
6972
6801
6973
6802
6974
6803
6975
6804
6976
6805
6977
6806
6978
6807
6979
6808
6980
6809
6981
6810
6982
6811
6983
6812
6984
6813
6985
6814
6986
6815
6987
6816
6988
6817
6989
6818
6990
6819
6991
6820
6992
6821
6993
6822
6994
6823
6995
6824
6996
6825
6997
6826
6998
6827
6999
6828
7000
6829
7001
6830
7002
6831
7003
6832
7004
6833
7005
6834
7006
6835
7007
6836
7008
6837
7009
6838
7010
6839
7011
6840
7012
6841
7013
6842
7014
6843
7015
6844
7016
6845
7017
6846
7018
6847
7019
6848
7020
6849
7021
6850
7022
6851
7023
6852
7024
6853
7025
6854
7026
6855
7027
6856
7028
6857
7029
6858
7030
6859
7031
6860
7032
6861
7033
6862
7034
6863
7035
6864
7036
6865
7037
6866
7038
6867
7039
6868
7040
6869
7041
6870
7042
6871
7043
6872
7044
6873
7045
6874
7046
6875
7047
6876
7048
6877
7049
6878
7050
6879
7051
6880
7052
6881
7053
6882
7054
6883
7055
6884
7056
6885
7057
6886
7058
6887
7059
6888
7060
6889
7061
6890
7062
6891
7063
6892
7064
6893
7065
6894
7066
6895
7067
6896
7068
6897
7069
6898
7070
6899
7071
6900
7072
6901
7073
6902
7074
6903
7075
6904
7076
6905
7077
6906
7078
6907
7079
6908
7080
6909
7081
6910
7082
6911
7083
6912
7084
6913
7085
6914
7086
7087
6916
7090
6917
7091
6918
7092
6919
7093
6920
7094
6921
7095
6922
7096
6923
7097
6924
7098
6925
7099
6926
7100
6927
7101
6928
7102
6929
7103
6930
7104
6931
7105
6932
7106
6933
7107
6934
7108
6935
7109
6936
7110
6937
7111
6938
7112
6939
7113
6940
7114
6941
7115
6942
7116
6943
7117
6944
7118
6945
7119
6946
7120
6947
7121
6948
7122
6949
7123
6950
7124
6951
7125
6952
7126
6953
7127
6954
7128
6955
7129
6956
7130
6957
7131
6958
7132
6959
7133
6960
7134
6961
7135
6962
7136
6963
7137
6964
7138
6965
7139
6966
7140
6967
7141
6968
7142
6969
7143
6970
7144
6971
7145
6972
7146
6973
7147
6974
7148
6975
7149
6976
7150
6977
7151
6978
7152
6979
7153
6980
7154
6981
7155
6982
7156
6983
7157
6984
7158
6985
7159
6986
7160
6987
7161
6988
7162
6989
7163
6990
7164
6991
7165
6992
7166
6993
7167
6994
7168
6995
7169
6996
7170
6997
7171
6998
7172
6999
7173
7000
7174
7001
7175
7002
7176
7003
7177
7004
7178
7005
7179
7006
7180
7007
7181
7008
7182
7009
7183
7010
7184
7011
7185
7012
7186
7013
7187
7014
7188
7015
7189
7016
7190
7017
7191
7018
7192
7019
7193
7020
7194
7021
7195
7022
7196
7023
7197
7024
7198
7025
7199
7026
7200
7027
7201
7028
7202
7029
7203
7030
7204
7031
7205
7032
7206
7033
7207
7034
7208
7035
7209
7036
7210
7037
7211
7038
7212
7039
7213
7040
7214
7041
7215
7042
7216
7043
7217
7044
7218
7045
7219
7046
7220
7047
7221
7048
7222
7049
7223
7050
7224
7051
7225
7052
7226
7053
7227
7054
7228
7055
7229
7056
7230
7057
7231
7058
7232
7059
7233
7060
7234
7061
7235
7062
7236
7063
7237
7064
7238
7065
7239
7066
7240
7067
7241
7068
7242
7069
7243
7070
7244
7071
7245
7072
7246
7073
7247
7074
7248
7075
7249
7076
7250
7077
7251
7078
7252
7079
7253
7080
7254
7081
7255
7082
7256
7083
7257
7084
7258
7085
7259
7086
7260
7087
7261
7088
7262
7089
7263
7264
7091
7267
7092
7268
7093
7269
7094
7270
7095
7271
7096
7272
7097
7273
7098
7274
7099
7275
7100
7276
7101
7277
7102
7278
7103
7279
7104
7280
7105
7281
7106
7282
7107
7283
7108
7284
7109
7285
7110
7286
7111
7287
7112
7288
7113
7289
7114
7290
7115
7291
7116
7292
7117
7293
7118
7294
7119
7295
7120
7296
7121
7297
7122
7298
7123
7299
7124
7300
7125
7301
7126
7302
7127
7303
7128
7304
7129
7305
7130
7306
7131
7307
7132
7308
7133
7309
7134
7310
7135
7311
7136
7312
7137
7313
7138
7314
7139
7315
7140
7316
7141
7317
7142
7318
7143
7319
7144
7320
7145
7321
7146
7322
7147
7323
7148
7324
7149
7325
7150
7326
7151
7327
7152
7328
7153
7329
7154
7330
7155
7331
7156
7332
7157
7333
7158
7334
7159
7335
7160
7336
7161
7337
7162
7338
7163
7339
7164
7340
7165
7341
7166
7342
7167
7343
7168
7344
7169
7345
7170
7346
7171
7347
7172
7348
7173
7349
7174
7350
7175
7351
7176
7352
7177
7353
7178
7354
7179
7355
7180
7356
7181
7357
7182
7358
7183
7359
7184
7360
7185
7361
7186
7362
7187
7363
7188
7364
7189
7365
7190
7366
7191
7367
7192
7368
7193
7369
7194
7370
7195
7371
7196
7372
7197
7373
7198
7374
7199
7375
7200
7376
7201
7377
7202
7378
7203
7379
7204
7380
7205
7381
7206
7382
7207
7383
7208
7384
7209
7385
7210
7386
7211
7387
7212
7388
7213
7389
7214
7390
7215
7391
7216
7392
7217
7393
7218
7394
7219
7395
7220
7396
7221
7397
7222
7398
7223
7399
7224
7400
7225
7401
7226
7402
7227
7403
7228
7404
7229
7405
7230
7406
7231
7407
7232
7408
7233
7409
7234
7410
7235
7411
7236
7412
7237
7413
7238
7414
7239
7415
7240
7416
7241
7417
7242
7418
7243
7419
7244
7420
7245
7421
7246
7422
7247
7423
7248
7424
7249
7425
7250
7426
7251
7427
7252
7428
7253
7429
7254
7430
7255
7431
7256
7432
7257
7433
7258
7434
7259
7435
7260
7436
7261
7437
7262
7438
7263
7439
7264
7440
7265
7441
7266
7442
7443
7268
7445
7269
7446
7270
7447
7271
7448
7272
7449
7273
7450
7274
7451
7275
7452
7276
7453
7277
7454
7278
7455
7279
7456
7280
7457
7281
7458
7282
7459
7283
7460
7284
7461
7285
7462
7286
7463
7287
7464
7288
7465
7289
7466
7290
7467
7291
7468
7292
7469
7293
7470
7294
7471
7295
7472
7296
7473
7297
7474
7298
7475
7299
7476
7300
7477
7301
7478
7302
7479
7303
7480
7304
7481
7305
7482
7306
7483
7307
7484
7308
7485
7309
7486
7310
7487
7311
7488
7312
7489
7313
7490
7314
7491
7315
7492
7316
7493
7317
7494
7318
7495
7319
7496
7320
7497
7321
7498
7322
7499
7323
7500
7324
7501
7325
7502
7326
7503
7327
7504
7328
7505
7329
7506
7330
7507
7331
7508
7332
7509
7333
7510
7334
7511
7335
7512
7336
7513
7337
7514
7338
7515
7339
7516
7340
7517
7341
7518
7342
7519
7343
7520
7344
7521
7345
7522
7346
7523
7347
7524
7348
7525
7349
7526
7350
7527
7351
7528
7352
7529
7353
7530
7354
7531
7355
7532
7356
7533
7357
7534
7358
7535
7359
7536
7360
7537
7361
7538
7362
7539
7363
7540
7364
7541
7365
7542
7366
7543
7367
7544
7368
7545
7369
7546
7370
7547
7371
7548
7372
7549
7373
7550
7374
7551
7375
7552
7376
7553
7377
7554
7378
7555
7379
7556
7380
7557
7381
7558
7382
7559
7383
7560
7384
7561
7385
7562
7386
7563
7387
7564
7388
7565
7389
7566
7390
7567
7391
7568
7392
7569
7393
7570
7394
7571
7395
7572
7396
7573
7397
7574
7398
7575
7399
7576
7400
7577
7401
7578
7402
7579
7403
7580
7404
7581
7405
7582
7406
7583
7407
7584
7408
7585
7409
7586
7410
7587
7411
7588
7412
7589
7413
7590
7414
7591
7415
7592
7416
7593
7417
7594
7418
7595
7419
7596
7420
7597
7421
7598
7422
7599
7423
7600
7424
7601
7425
7602
7426
7603
7427
7604
7428
7605
7429
7606
7430
7607
7431
7608
7432
7609
7433
7610
7434
7611
7435
7612
7436
7613
7437
7614
7438
7615
7439
7616
7440
7617
7441
7618
7442
7619
7443
7620
7444
7621
7622
7446
7625
7447
7626
7448
7627
7449
7628
7450
7629
7451
7630
7452
7631
7453
7632
7454
7633
7455
7634
7456
7635
7457
7636
7458
7637
7459
7638
7460
7639
7461
7640
7462
7641
7463
7642
7464
7643
7465
7644
7466
7645
7467
7646
7468
7647
7469
7648
7470
7649
7471
7650
7472
7651
7473
7652
7474
7653
7475
7654
7476
7655
7477
7656
7478
7657
7479
7658
7480
7659
7481
7660
7482
7661
7483
7662
7484
7663
7485
7664
7486
7665
7487
7666
7488
7667
7489
7668
7490
7669
7491
7670
7492
7671
7493
7672
7494
7673
7495
7674
7496
7675
7497
7676
7498
7677
7499
7678
7500
7679
7501
7680
7502
7681
7503
7682
7504
7683
7505
7684
7506
7685
7507
7686
7508
7687
7509
7688
7510
7689
7511
7690
7512
7691
7513
7692
7514
7693
7515
7694
7516
7695
7517
7696
7518
7697
7519
7698
7520
7699
7521
7700
7522
7701
7523
7702
7524
7703
7525
7704
7526
7705
7527
7706
7528
7707
7529
7708
7530
7709
7531
7710
7532
7711
7533
7712
7534
7713
7535
7714
7536
7715
7537
7716
7538
7717
7539
7718
7540
7719
7541
7720
7542
7721
7543
7722
7544
7723
7545
7724
7546
7725
7547
7726
7548
7727
7549
7728
7550
7729
7551
7730
7552
7731
7553
7732
7554
7733
7555
7734
7556
7735
7557
7736
7558
7737
7559
7738
7560
7739
7561
7740
7562
7741
7563
7742
7564
7743
7565
7744
7566
7745
7567
7746
7568
7747
7569
7748
7570
7749
7571
7750
7572
7751
7573
7752
7574
7753
7575
7754
7576
7755
7577
7756
7578
7757
7579
7758
7580
7759
7581
7760
7582
7761
7583
7762
7584
7763
7585
7764
7586
7765
7587
7766
7588
7767
7589
7768
7590
7769
7591
7770
7592
7771
7593
7772
7594
7773
7595
7774
7596
7775
7597
7776
7598
7777
7599
7778
7600
7779
7601
7780
7602
7781
7603
7782
7604
7783
7605
7784
7606
7785
7607
7786
7608
7787
7609
7788
7610
7789
7611
7790
7612
7791
7613
7792
7614
7793
7615
7794
7616
7795
7617
7796
7618
7797
7619
7798
7620
7799
7621
7800
7622
7801
7623
7802
7624
7803
7804
7626
7807
7627
7808
7628
7809
7629
7810
7630
7811
7631
7812
7632
7813
7633
7814
7634
7815
7635
7816
7636
7817
7637
7818
7638
7819
7639
7820
7640
7821
7641
7822
7642
7823
7643
7824
7644
7825
7645
7826
7646
7827
7647
7828
7648
7829
7649
7830
7650
7831
7651
7832
7652
7833
7653
7834
7654
7835
7655
7836
7656
7837
7657
7838
7658
7839
7659
7840
7660
7841
7661
7842
7662
7843
7663
7844
7664
7845
7665
7846
7666
7847
7667
7848
7668
7849
7669
7850
7670
7851
7671
7852
7672
7853
7673
7854
7674
7855
7675
7856
7676
7857
7677
7858
7678
7859
7679
7860
7680
7861
7681
7862
7682
7863
7683
7864
7684
7865
7685
7866
7686
7867
7687
7868
7688
7869
7689
7870
7690
7871
7691
7872
7692
7873
7693
7874
7694
7875
7695
7876
7696
7877
7697
7878
7698
7879
7699
7880
7700
7881
7701
7882
7702
7883
7703
7884
7704
7885
7705
7886
7706
7887
7707
7888
7708
7889
7709
7890
7710
7891
7711
7892
7712
7893
7713
7894
7714
7895
7715
7896
7716
7897
7717
7898
7718
7899
7719
7900
7720
7901
7721
7902
7722
7903
7723
7904
7724
7905
7725
7906
7726
7907
7727
7908
7728
7909
7729
7910
7730
7911
7731
7912
7732
7913
7733
7914
7734
7915
7735
7916
7736
7917
7737
7918
7738
7919
7739
7920
7740
7921
7741
7922
7742
7923
7743
7924
7744
7925
7745
7926
7746
7927
7747
7928
7748
7929
7749
7930
7750
7931
7751
7932
7752
7933
7753
7934
7754
7935
7755
7936
7756
7937
7757
7938
7758
7939
7759
7940
7760
7941
7761
7942
7762
7943
7763
7944
7764
7945
7765
7946
7766
7947
7767
7948
7768
7949
7769
7950
7770
7951
7771
7952
7772
7953
7773
7954
7774
7955
7775
7956
7776
7957
7777
7958
7778
7959
7779
7960
7780
7961
7781
7962
7782
7963
7783
7964
7784
7965
7785
7966
7786
7967
7787
7968
7788
7969
7789
7970
7790
7971
7791
7972
7792
7973
7793
7974
7794
7975
7795
7976
7796
7977
7797
7978
7798
7979
7799
7980
7800
7981
7801
7982
7802
7983
7803
7984
7804
7985
7805
7986
7806
7987
7988
7808
7990
7809
7991
7810
7992
7811
7993
7812
7994
7813
7995
7814
7996
7815
7997
7816
7998
7817
7999
7818
8000
7819
8001
7820
8002
7821
8003
7822
8004
7823
8005
7824
8006
7825
8007
7826
8008
7827
8009
7828
8010
7829
8011
7830
8012
7831
8013
7832
8014
7833
8015
7834
8016
7835
8017
7836
8018
7837
8019
7838
8020
7839
8021
7840
8022
7841
8023
7842
8024
7843
8025
7844
8026
7845
8027
7846
8028
7847
8029
7848
8030
7849
8031
7850
8032
7851
8033
7852
8034
7853
8035
7854
8036
7855
8037
7856
8038
7857
8039
7858
8040
7859
8041
7860
8042
7861
8043
7862
8044
7863
8045
7864
8046
7865
8047
7866
8048
7867
8049
7868
8050
7869
8051
7870
8052
7871
8053
7872
8054
7873
8055
7874
8056
7875
8057
7876
8058
7877
8059
7878
8060
7879
8061
7880
8062
7881
8063
7882
8064
7883
8065
7884
8066
7885
8067
7886
8068
7887
8069
7888
8070
7889
8071
7890
8072
7891
8073
7892
8074
7893
8075
7894
8076
7895
8077
7896
8078
7897
8079
7898
8080
7899
8081
7900
8082
7901
8083
7902
8084
7903
8085
7904
8086
7905
8087
7906
8088
7907
8089
7908
8090
7909
8091
7910
8092
7911
8093
7912
8094
7913
8095
7914
8096
7915
8097
7916
8098
7917
8099
7918
8100
7919
8101
7920
8102
7921
8103
7922
8104
7923
8105
7924
8106
7925
8107
7926
8108
7927
8109
7928
8110
7929
8111
7930
8112
7931
8113
7932
8114
7933
8115
7934
8116
7935
8117
7936
8118
7937
8119
7938
8120
7939
8121
7940
8122
7941
8123
7942
8124
7943
8125
7944
8126
7945
8127
7946
8128
7947
8129
7948
8130
7949
8131
7950
8132
7951
8133
7952
8134
7953
8135
7954
8136
7955
8137
7956
8138
7957
8139
7958
8140
7959
8141
7960
8142
7961
8143
7962
8144
7963
8145
7964
8146
7965
8147
7966
8148
7967
8149
7968
8150
7969
8151
7970
8152
7971
8153
7972
8154
7973
8155
7974
8156
7975
8157
7976
8158
7977
8159
7978
8160
7979
8161
7980
8162
7981
8163
7982
8164
7983
8165
7984
8166
7985
8167
7986
8168
7987
8169
7988
8170
7989
8171
8172
7991
8174
7992
8175
7993
8176
7994
8177
7995
8178
7996
8179
7997
8180
7998
8181
7999
8182
8000
8183
8001
8184
8002
8185
8003
8186
8004
8187
8005
8188
8006
8189
8007
8190
8008
8191
8009
8192
8010
8193
8011
8194
8012
8195
8013
8196
8014
8197
8015
8198
8016
8199
8017
8200
8018
8201
8019
8202
8020
8203
8021
8204
8022
8205
8023
8206
8024
8207
8025
8208
8026
8209
8027
8210
8028
8211
8029
8212
8030
8213
8031
8214
8032
8215
8033
8216
8034
8217
8035
8218
8036
8219
8037
8220
8038
8221
8039
8222
8040
8223
8041
8224
8042
8225
8043
8226
8044
8227
8045
8228
8046
8229
8047
8230
8048
8231
8049
8232
8050
8233
8051
8234
8052
8235
8053
8236
8054
8237
8055
8238
8056
8239
8057
8240
8058
8241
8059
8242
8060
8243
8061
8244
8062
8245
8063
8246
8064
8247
8065
8248
8066
8249
8067
8250
8068
8251
8069
8252
8070
8253
8071
8254
8072
8255
8073
8256
8074
8257
8075
8258
8076
8259
8077
8260
8078
8261
8079
8262
8080
8263
8081
8264
8082
8265
8083
8266
8084
8267
8085
8268
8086
8269
8087
8270
8088
8271
8089
8272
8090
8273
8091
8274
8092
8275
8093
8276
8094
8277
8095
8278
8096
8279
8097
8280
8098
8281
8099
8282
8100
8283
8101
8284
8102
8285
8103
8286
8104
8287
8105
8288
8106
8289
8107
8290
8108
8291
8109
8292
8110
8293
8111
8294
8112
8295
8113
8296
8114
8297
8115
8298
8116
8299
8117
8300
8118
8301
8119
8302
8120
8303
8121
8304
8122
8305
8123
8306
8124
8307
8125
8308
8126
8309
8127
8310
8128
8311
8129
8312
8130
8313
8131
8314
8132
8315
8133
8316
8134
8317
8135
8318
8136
8319
8137
8320
8138
8321
8139
8322
8140
8323
8141
8324
8142
8325
8143
8326
8144
8327
8145
8328
8146
8329
8147
8330
8148
8331
8149
8332
8150
8333
8151
8334
8152
8335
8153
8336
8154
8337
8155
8338
8156
8339
8157
8340
8158
8341
8159
8342
8160
8343
8161
8344
8162
8345
8163
8346
8164
8347
8165
8348
8166
8349
8167
8350
8168
8351
8169
8352
8170
8353
8171
8354
8172
8355
8173
8356
8357
8175
8360
8176
8361
8177
8362
8178
8363
8179
8364
8180
8365
8181
8366
8182
8367
8183
8368
8184
8369
8185
8370
8186
8371
8187
8372
8188
8373
8189
8374
8190
8375
8191
8376
8192
8377
8193
8378
8194
8379
8195
8380
8196
8381
8197
8382
8198
8383
8199
8384
8200
8385
8201
8386
8202
8387
8203
8388
8204
8389
8205
8390
8206
8391
8207
8392
8208
8393
8209
8394
8210
8395
8211
8396
8212
8397
8213
8398
8214
8399
8215
8400
8216
8401
8217
8402
8218
8403
8219
8404
8220
8405
8221
8406
8222
8407
8223
8408
8224
8409
8225
8410
8226
8411
8227
8412
8228
8413
8229
8414
8230
8415
8231
8416
8232
8417
8233
8418
8234
8419
8235
8420
8236
8421
8237
8422
8238
8423
8239
8424
8240
8425
8241
8426
8242
8427
8243
8428
8244
8429
8245
8430
8246
8431
8247
8432
8248
8433
8249
8434
8250
8435
8251
8436
8252
8437
8253
8438
8254
8439
8255
8440
8256
8441
8257
8442
8258
8443
8259
8444
8260
8445
8261
8446
8262
8447
8263
8448
8264
8449
8265
8450
8266
8451
8267
8452
8268
8453
8269
8454
8270
8455
8271
8456
8272
8457
8273
8458
8274
8459
8275
8460
8276
8461
8277
8462
8278
8463
8279
8464
8280
8465
8281
8466
8282
8467
8283
8468
8284
8469
8285
8470
8286
8471
8287
8472
8288
8473
8289
8474
8290
8475
8291
8476
8292
8477
8293
8478
8294
8479
8295
8480
8296
8481
8297
8482
8298
8483
8299
8484
8300
8485
8301
8486
8302
8487
8303
8488
8304
8489
8305
8490
8306
8491
8307
8492
8308
8493
8309
8494
8310
8495
8311
8496
8312
8497
8313
8498
8314
8499
8315
8500
8316
8501
8317
8502
8318
8503
8319
8504
8320
8505
8321
8506
8322
8507
8323
8508
8324
8509
8325
8510
8326
8511
8327
8512
8328
8513
8329
8514
8330
8515
8331
8516
8332
8517
8333
8518
8334
8519
8335
8520
8336
8521
8337
8522
8338
8523
8339
8524
8340
8525
8341
8526
8342
8527
8343
8528
8344
8529
8345
8530
8346
8531
8347
8532
8348
8533
8349
8534
8350
8535
8351
8536
8352
8537
8353
8538
8354
8539
8355
8540
8356
8541
8357
8542
8358
8543
8359
8544
8545
8361
8547
8362
8548
8363
8549
8364
8550
8365
8551
8366
8552
8367
8553
8368
8554
8369
8555
8370
8556
8371
8557
8372
8558
8373
8559
8374
8560
8375
8561
8376
8562
8377
8563
8378
8564
8379
8565
8380
8566
8381
8567
8382
8568
8383
8569
8384
8570
8385
8571
8386
8572
8387
8573
8388
8574
8389
8575
8390
8576
8391
8577
8392
8578
8393
8579
8394
8580
8395
8581
8396
8582
8397
8583
8398
8584
8399
8585
8400
8586
8401
8587
8402
8588
8403
8589
8404
8590
8405
8591
8406
8592
8407
8593
8408
8594
8409
8595
8410
8596
8411
8597
8412
8598
8413
8599
8414
8600
8415
8601
8416
8602
8417
8603
8418
8604
8419
8605
8420
8606
8421
8607
8422
8608
8423
8609
8424
8610
8425
8611
8426
8612
8427
8613
8428
8614
8429
8615
8430
8616
8431
8617
8432
8618
8433
8619
8434
8620
8435
8621
8436
8622
8437
8623
8438
8624
8439
8625
8440
8626
8441
8627
8442
8628
8443
8629
8444
8630
8445
8631
8446
8632
8447
8633
8448
8634
8449
8635
8450
8636
8451
8637
8452
8638
8453
8639
8454
8640
8455
8641
8456
8642
8457
8643
8458
8644
8459
8645
8460
8646
8461
8647
8462
8648
8463
8649
8464
8650
8465
8651
8466
8652
8467
8653
8468
8654
8469
8655
8470
8656
8471
8657
8472
8658
8473
8659
8474
8660
8475
8661
8476
8662
8477
8663
8478
8664
8479
8665
8480
8666
8481
8667
8482
8668
8483
8669
8484
8670
8485
8671
8486
8672
8487
8673
8488
8674
8489
8675
8490
8676
8491
8677
8492
8678
8493
8679
8494
8680
8495
8681
8496
8682
8497
8683
8498
8684
8499
8685
8500
8686
8501
8687
8502
8688
8503
8689
8504
8690
8505
8691
8506
8692
8507
8693
8508
8694
8509
8695
8510
8696
8511
8697
8512
8698
8513
8699
8514
8700
8515
8701
8516
8702
8517
8703
8518
8704
8519
8705
8520
8706
8521
8707
8522
8708
8523
8709
8524
8710
8525
8711
8526
8712
8527
8713
8528
8714
8529
8715
8530
8716
8531
8717
8532
8718
8533
8719
8534
8720
8535
8721
8536
8722
8537
8723
8538
8724
8539
8725
8540
8726
8541
8727
8542
8728
8543
8729
8544
8730
8545
8731
8546
8732
8733
8548
8735
8549
8736
8550
8737
8551
8738
8552
8739
8553
8740
8554
8741
8555
8742
8556
8743
8557
8744
8558
8745
8559
8746
8560
8747
8561
8748
8562
8749
8563
8750
8564
8751
8565
8752
8566
8753
8567
8754
8568
8755
8569
8756
8570
8757
8571
8758
8572
8759
8573
8760
8574
8761
8575
8762
8576
8763
8577
8764
8578
8765
8579
8766
8580
8767
8581
8768
8582
8769
8583
8770
8584
8771
8585
8772
8586
8773
8587
8774
8588
8775
8589
8776
8590
8777
8591
8778
8592
8779
8593
8780
8594
8781
8595
8782
8596
8783
8597
8784
8598
8785
8599
8786
8600
8787
8601
8788
8602
8789
8603
8790
8604
8791
8605
8792
8606
8793
8607
8794
8608
8795
8609
8796
8610
8797
8611
8798
8612
8799
8613
8800
8614
8801
8615
8802
8616
8803
8617
8804
8618
8805
8619
8806
8620
8807
8621
8808
8622
8809
8623
8810
8624
8811
8625
8812
8626
8813
8627
8814
8628
8815
8629
8816
8630
8817
8631
8818
8632
8819
8633
8820
8634
8821
8635
8822
8636
8823
8637
8824
8638
8825
8639
8826
8640
8827
8641
8828
8642
8829
8643
8830
8644
8831
8645
8832
8646
8833
8647
8834
8648
8835
8649
8836
8650
8837
8651
8838
8652
8839
8653
8840
8654
8841
8655
8842
8656
8843
8657
8844
8658
8845
8659
8846
8660
8847
8661
8848
8662
8849
8663
8850
8664
8851
8665
8852
8666
8853
8667
8854
8668
8855
8669
8856
8670
8857
8671
8858
8672
8859
8673
8860
8674
8861
8675
8862
8676
8863
8677
8864
8678
8865
8679
8866
8680
8867
8681
8868
8682
8869
8683
8870
8684
8871
8685
8872
8686
8873
8687
8874
8688
8875
8689
8876
8690
8877
8691
8878
8692
8879
8693
8880
8694
8881
8695
8882
8696
8883
8697
8884
8698
8885
8699
8886
8700
8887
8701
8888
8702
8889
8703
8890
8704
8891
8705
8892
8706
8893
8707
8894
8708
8895
8709
8896
8710
8897
8711
8898
8712
8899
8713
8900
8714
8901
8715
8902
8716
8903
8717
8904
8718
8905
8719
8906
8720
8907
8721
8908
8722
8909
8723
8910
8724
8911
8725
8912
8726
8913
8727
8914
8728
8915
8729
8916
8730
8917
8731
8918
8732
8919
8733
8920
8734
8921
8922
8736
8737
8738
8739
8740
8741
8742
8743
8744
8745
8746
8747
8748
8749
8750
8751
8752
8753
8754
8755
8756
8757
8758
8759
8760
8761
8762
8763
8764
8765
8766
8767
8768
8769
8770
8771
8772
8773
8774
8775
8776
8777
8778
8779
8780
8781
8782
8783
8784
8785
8786
8787
8788
8789
8790
8791
8792
8793
8794
8795
8796
8797
8798
8799
8800
8801
8802
8803
8804
8805
8806
8807
8808
8809
8810
8811
8812
8813
8814
8815
8816
8817
8818
8819
8820
8821
8822
8823
8824
8825
8826
8827
8828
8829
8830
8831
8832
8833
8834
8835
8836
8837
8838
8839
8840
8841
8842
8843
8844
8845
8846
8847
8848
8849
8850
8851
8852
8853
8854
8855
8856
8857
8858
8859
8860
8861
8862
8863
8864
8865
8866
8867
8868
8869
8870
8871
8872
8873
8874
8875
8876
8877
8878
8879
8880
8881
8882
8883
8884
8885
8886
8887
8888
8889
8890
8891
8892
8893
8894
8895
8896
8897
8898
8899
8900
8901
8902
8903
8904
8905
8906
8907
8908
8909
8910
8911
8912
8913
8914
8915
8916
8917
8918
8919
8920
8921
8922
8923
)


// ************************************************************************* //
