/*--------------------------------*- C++ -*----------------------------------*\
  =========                 |
  \\      /  F ield         | OpenFOAM: The Open Source CFD Toolbox
   \\    /   O peration     | Website:  https://openfoam.org
    \\  /    A nd           | Version:  9
     \\/     M anipulation  |
\*---------------------------------------------------------------------------*/
FoamFile
{
    format      ascii;
    class       volScalarField;
    location    "0.0025";
    object      nut;
}
// * * * * * * * * * * * * * * * * * * * * * * * * * * * * * * * * * * * * * //

dimensions      [0 2 -1 0 0 0 0];

internalField   nonuniform List<scalar> 
6352
(
0.000653591
7.69908e-05
1.24601e-05
3.32805e-06
1.39359e-06
7.76081e-07
7.77566e-07
8.06462e-07
7.24174e-07
5.89642e-07
4.60751e-07
3.7014e-07
3.16409e-07
3.07753e-07
5.02223e-07
7.25301e-07
9.25997e-07
3.26373e-07
0.00187593
0.000465949
0.000241074
0.000161414
0.000121325
9.73613e-05
9.94001e-05
0.000101098
9.65752e-05
8.84308e-05
7.91154e-05
7.07962e-05
6.41597e-05
5.91009e-05
5.55413e-05
5.28783e-05
5.02534e-05
4.57633e-05
0.0029886
0.000886502
0.000470274
0.000315173
0.000237207
0.00018886
0.000160587
0.000149291
0.000136265
0.000122758
0.000109528
9.8336e-05
8.95726e-05
8.28115e-05
7.77073e-05
7.36727e-05
6.98015e-05
6.5251e-05
5.97601e-05
0.00400308
0.00134873
0.000713212
0.000470479
0.000347216
0.000270701
0.000218079
0.000185894
0.000160649
0.000139726
0.00012227
0.000109541
0.000100644
9.44284e-05
9.05599e-05
8.84598e-05
8.70113e-05
8.51521e-05
8.19268e-05
0.00491953
0.00181722
0.000959744
0.000624498
0.000452082
0.000344556
0.000268664
0.000217487
0.000180982
0.00015378
0.000133549
0.000122852
0.000117233
0.000112585
0.000108328
0.000104922
0.000102146
9.91983e-05
9.56509e-05
9.26818e-05
0.00573495
0.00227085
0.00120115
0.000772612
0.00054901
0.000408634
0.000316123
0.000254159
0.000211338
0.000180633
0.000157925
0.000144859
0.000136187
0.000128552
0.000121471
0.000115838
0.000111438
0.000107801
0.000104455
0.000101748
0.00644379
0.00269281
0.00142967
0.000910114
0.000634653
0.00046898
0.00036338
0.000293729
0.000246086
0.000211751
0.000185402
0.000166509
0.000151252
0.000139212
0.000130113
0.000123898
0.000119317
0.000115381
0.000111759
0.000108367
0.00703754
0.00306574
0.00163775
0.00103182
0.000712647
0.000525985
0.000409102
0.000332531
0.000279872
0.000240983
0.000209793
0.000185217
0.000165815
0.000150609
0.000139361
0.000131992
0.000126148
0.000120637
0.000115787
0.000111667
0.00750304
0.00337379
0.0018177
0.00113532
0.000781552
0.000577192
0.000450058
0.000366738
0.000308786
0.000264536
0.000229635
0.000202128
0.000180447
0.000163213
0.000149547
0.000138263
0.00012868
0.000121288
0.000115729
0.000111284
0.00781792
0.0036009
0.00194966
0.00120715
0.000829288
0.000613356
0.000479385
0.000391272
0.000327817
0.000279887
0.000243033
0.000214065
0.000190981
0.000171815
0.000155561
0.000141815
0.000130378
0.000121136
0.000114391
0.000108657
0.00787118
0.00362446
0.00195224
0.00120676
0.00083071
0.000614738
0.000479724
0.000390788
0.000327171
0.00027936
0.000242676
0.000213509
0.000190027
0.000170765
0.00015464
0.000140572
0.000128829
0.000118992
0.000111026
0.000104324
0.00775794
0.00355023
0.00191081
0.00117913
0.000811095
0.000601045
0.000468782
0.000381025
0.00031904
0.000272251
0.000236171
0.000207712
0.000184562
0.000165427
0.000149379
0.000135745
0.00012403
0.000113943
0.000105528
9.843e-05
0.00752753
0.00339932
0.0018298
0.00112672
0.000773368
0.000573475
0.000447588
0.000362894
0.000303216
0.000259014
0.000224411
0.000196929
0.000174652
0.00015646
0.000140746
0.000127473
0.000116232
0.000106698
9.86313e-05
9.17795e-05
0.00714281
0.00317695
0.00171218
0.00105243
0.000719268
0.000532333
0.000416633
0.000337598
0.000281213
0.000239595
0.000207621
0.000182093
0.000160833
0.000143279
0.000128536
0.000116362
0.000106196
9.73808e-05
8.95919e-05
8.34138e-05
0.00660805
0.00286041
0.00155509
0.000958735
0.000650976
0.000477925
0.000372604
0.000302981
0.000252335
0.000213787
0.000183821
0.000160295
0.00014157
0.000125901
0.000111991
0.000100619
9.17228e-05
8.45065e-05
7.92857e-05
7.64725e-05
0.00591767
0.00244986
0.00133759
0.000836887
0.000567449
0.000412238
0.000317441
0.000256026
0.000213304
0.000181759
0.000155238
0.000133465
0.000116572
0.000102694
9.12971e-05
8.32819e-05
7.79521e-05
7.43122e-05
7.07437e-05
6.71114e-05
0.0050552
0.00194776
0.00106478
0.000680866
0.000471332
0.000341353
0.000258327
0.000203361
0.000165499
0.000138416
0.000117519
0.000101185
9.15258e-05
8.07204e-05
7.10227e-05
6.35913e-05
5.91471e-05
5.72823e-05
5.5837e-05
5.69089e-05
0.00399045
0.0013674
0.000748973
0.000490147
0.000351265
0.000264345
0.000201183
0.000155423
0.000121688
9.58047e-05
7.56518e-05
6.05123e-05
5.11996e-05
4.90079e-05
4.91433e-05
4.82469e-05
4.67703e-05
4.53817e-05
4.45872e-05
4.48092e-05
0.00267192
0.000781456
0.000413926
0.000276812
0.000204875
0.00015887
0.000124142
0.000106061
9.09348e-05
7.44158e-05
5.90416e-05
4.65752e-05
3.79771e-05
3.33177e-05
3.08461e-05
2.83386e-05
2.48482e-05
2.13812e-05
1.91191e-05
2.50547e-05
0.00101215
0.000171757
5.61174e-05
2.00392e-05
8.04201e-06
3.66195e-06
1.78812e-06
1.11419e-06
7.55454e-07
4.92662e-07
3.23352e-07
2.79444e-07
5.28627e-07
7.19395e-07
8.32879e-07
8.3081e-07
3.16509e-07
2.86376e-07
6.10878e-07
8.39091e-07
0.000106643
0.000109122
0.000106628
0.000107959
0.000104795
0.000101719
0.000104395
0.000100816
9.66617e-05
9.90553e-05
9.42033e-05
8.94055e-05
8.47662e-05
9.2528e-05
8.70956e-05
8.21083e-05
7.76504e-05
8.57573e-05
8.03183e-05
7.56914e-05
7.18579e-05
6.91364e-05
7.79839e-05
7.35474e-05
7.06292e-05
6.83559e-05
6.6463e-05
6.4887e-05
7.30392e-05
6.97358e-05
6.70649e-05
6.4927e-05
6.31487e-05
6.16023e-05
6.44188e-05
6.25004e-05
6.09519e-05
5.95975e-05
5.83255e-05
5.70587e-05
5.65264e-05
5.56956e-05
5.46753e-05
5.35063e-05
5.2162e-05
5.0623e-05
4.89117e-05
4.30934e-05
4.25051e-05
4.19213e-05
4.10438e-05
3.98368e-05
3.83271e-05
3.68282e-05
2.99502e-05
3.13251e-05
3.1167e-05
3.032e-05
2.9006e-05
2.70034e-05
2.60342e-05
2.45322e-05
1.05354e-06
1.05943e-06
9.86694e-07
8.92066e-07
7.49207e-07
2.39679e-07
4.83467e-07
5.10096e-07
0.0140257
0.0140257
0.0140257
0.0140257
0.0140256
0.0140256
0.0140256
0.0140255
0.0140255
0.0140254
0.0140254
0.0140254
0.0140253
0.0140253
0.0140252
0.0140252
0.0140252
0.0140251
0.0140251
0.014025
0.014025
0.0140249
0.0140248
0.0140248
0.0140247
0.0140247
0.0140246
0.0140245
0.0140245
0.0140244
0.0140243
0.0140243
0.0140242
0.0140241
0.0140241
0.014024
0.0140239
0.0140239
0.0140238
0.0140237
0.0140237
0.0140236
0.0140235
0.0140234
0.0140234
0.0140233
0.0140232
0.0140232
0.0140231
0.014023
0.014023
0.0140229
0.0140228
0.0140228
0.0140227
0.0140226
0.0140225
0.0140225
0.0140224
0.0140223
0.0140223
0.014012
0.0140121
0.0140123
0.0140124
0.0140125
0.0140126
0.0140127
0.0140128
0.0140128
0.0140129
0.014013
0.014013
0.0140131
0.0140131
0.0140132
0.0140132
0.0140132
0.0140132
0.0140133
0.0140133
0.0140132
0.0140132
0.0140131
0.014013
0.0140129
0.0140129
0.0140128
0.0140128
0.0140128
0.0140128
0.0140128
0.0140128
0.0140128
0.0140128
0.0140129
0.0140129
0.0140129
0.0140129
0.0140129
0.0140129
0.0140129
0.014013
0.014013
0.014013
0.014013
0.014013
0.014013
0.014013
0.0140131
0.0140131
0.0140131
0.0140131
0.0140131
0.0140131
0.0140131
0.0140132
0.0140132
0.0140132
0.0140132
0.0140132
0.0140132
0.0139984
0.0139985
0.0139985
0.0139986
0.0139987
0.0139987
0.0139988
0.0139988
0.0139989
0.013999
0.013999
0.0139991
0.0139991
0.0139992
0.0139993
0.0139993
0.0139994
0.0139994
0.0139995
0.0139995
0.0139995
0.0139995
0.0139995
0.0139995
0.0139995
0.0139995
0.0139994
0.0139993
0.0139991
0.013999
0.0139988
0.0139987
0.0139986
0.0139985
0.0139983
0.0139982
0.0139981
0.0139979
0.0139978
0.0139977
0.0139975
0.0139974
0.0139973
0.0139971
0.013997
0.0139969
0.0139967
0.0139966
0.0139965
0.0139963
0.0139962
0.0139961
0.0139959
0.0139958
0.0139957
0.0139955
0.0139954
0.0139953
0.0139951
0.013995
0.0139949
0.0139804
0.0139806
0.0139807
0.0139808
0.013981
0.0139811
0.0139812
0.0139814
0.0139815
0.0139816
0.0139818
0.0139819
0.013982
0.0139821
0.0139823
0.0139824
0.0139825
0.0139826
0.0139827
0.0139828
0.0139829
0.013983
0.0139831
0.0139832
0.0139832
0.0139833
0.0139834
0.0139834
0.0139834
0.0139835
0.0139835
0.0139834
0.0139833
0.0139832
0.013983
0.0139828
0.0139826
0.0139824
0.0139822
0.013982
0.0139818
0.0139816
0.0139814
0.0139812
0.0139811
0.0139809
0.0139807
0.0139805
0.0139803
0.0139801
0.0139799
0.0139797
0.0139796
0.0139794
0.0139793
0.0139793
0.0139793
0.0139794
0.0139794
0.0139795
0.0139795
0.0139488
0.013949
0.0139491
0.0139493
0.0139495
0.0139496
0.0139498
0.01395
0.0139502
0.0139503
0.0139505
0.0139507
0.0139509
0.013951
0.0139512
0.0139514
0.0139515
0.0139517
0.0139519
0.0139521
0.0139522
0.0139524
0.0139526
0.0139528
0.0139529
0.0139531
0.0139533
0.0139535
0.0139536
0.0139538
0.013954
0.0139541
0.0139543
0.0139545
0.0139547
0.0139548
0.013955
0.0139552
0.0139553
0.0139555
0.0139557
0.0139559
0.013956
0.0139562
0.0139564
0.0139565
0.0139567
0.0139569
0.013957
0.0139572
0.0139574
0.0139575
0.0139577
0.0139579
0.013958
0.0139582
0.0139583
0.0139585
0.0139587
0.0139588
0.013959
0.0139224
0.0139222
0.0139221
0.0139221
0.0139221
0.0139222
0.0139222
0.0139223
0.0139224
0.0139225
0.0139226
0.0139227
0.0139228
0.0139229
0.0139231
0.0139232
0.0139233
0.0139235
0.0139236
0.0139238
0.0139239
0.0139241
0.0139242
0.0139244
0.0139245
0.0139247
0.0139249
0.013925
0.0139252
0.0139253
0.0139255
0.0139257
0.0139258
0.013926
0.0139262
0.0139263
0.0139265
0.0139267
0.0139268
0.013927
0.0139271
0.0139273
0.0139275
0.0139276
0.0139278
0.013928
0.0139281
0.0139283
0.0139284
0.0139286
0.0139287
0.0139289
0.0139291
0.0139292
0.0139294
0.0139295
0.0139297
0.0139298
0.01393
0.0139301
0.0139302
0.0138995
0.0138995
0.0138994
0.0138991
0.0138987
0.0138983
0.0138978
0.0138974
0.013897
0.0138965
0.0138961
0.0138957
0.0138953
0.0138948
0.0138944
0.013894
0.0138936
0.0138931
0.0138927
0.0138923
0.0138919
0.0138914
0.013891
0.0138906
0.0138901
0.0138897
0.0138893
0.0138889
0.0138884
0.013888
0.0138876
0.0138871
0.0138867
0.0138863
0.0138859
0.0138854
0.013885
0.0138846
0.0138841
0.0138837
0.0138833
0.0138828
0.0138824
0.013882
0.0138815
0.0138811
0.0138807
0.0138802
0.0138798
0.0138794
0.013879
0.0138785
0.0138781
0.0138777
0.0138772
0.0138768
0.0138764
0.0138759
0.0138755
0.013875
0.0138746
0.0138708
0.0138703
0.0138698
0.0138693
0.0138687
0.0138681
0.0138675
0.013867
0.0138664
0.0138658
0.0138653
0.0138647
0.0138641
0.0138636
0.013863
0.0138625
0.0138619
0.0138613
0.0138608
0.0138602
0.0138596
0.0138591
0.0138585
0.013858
0.0138574
0.0138568
0.0138563
0.0138557
0.0138551
0.0138546
0.013854
0.0138534
0.0138529
0.0138523
0.0138517
0.0138512
0.0138506
0.01385
0.0138494
0.0138489
0.0138483
0.0138477
0.0138472
0.0138466
0.013846
0.0138454
0.0138449
0.0138443
0.0138437
0.0138431
0.0138426
0.013842
0.0138414
0.0138408
0.0138402
0.0138397
0.0138391
0.0138385
0.0138379
0.0138373
0.0138368
0.0138388
0.0138381
0.0138373
0.0138366
0.0138358
0.0138351
0.0138343
0.0138336
0.0138329
0.0138321
0.0138314
0.0138306
0.0138299
0.0138291
0.0138284
0.0138276
0.0138268
0.0138261
0.0138253
0.0138246
0.0138238
0.0138231
0.0138223
0.0138215
0.0138208
0.01382
0.0138193
0.0138185
0.0138177
0.013817
0.0138162
0.0138154
0.0138146
0.0138139
0.0138131
0.0138123
0.0138116
0.0138108
0.01381
0.0138092
0.0138085
0.0138077
0.0138069
0.0138061
0.0138053
0.0138046
0.0138038
0.013803
0.0138022
0.0138014
0.0138006
0.0137998
0.013799
0.0137983
0.0137975
0.0137967
0.0137959
0.0137951
0.0137943
0.0137935
0.0137927
0.0137919
0.0138015
0.0138005
0.0137995
0.0137985
0.0137975
0.0137965
0.0137955
0.0137945
0.0137934
0.0137924
0.0137914
0.0137904
0.0137894
0.0137884
0.0137873
0.0137863
0.0137853
0.0137843
0.0137832
0.0137822
0.0137812
0.0137801
0.0137791
0.0137781
0.013777
0.013776
0.013775
0.0137739
0.0137729
0.0137718
0.0137708
0.0137697
0.0137687
0.0137676
0.0137666
0.0137655
0.0137645
0.0137634
0.0137623
0.0137613
0.0137602
0.0137592
0.0137581
0.013757
0.013756
0.0137549
0.0137538
0.0137527
0.0137517
0.0137506
0.0137495
0.0137484
0.0137474
0.0137463
0.0137452
0.0137441
0.013743
0.0137419
0.0137408
0.0137397
0.0137387
0.0137376
0.0137583
0.0137569
0.0137556
0.0137542
0.0137528
0.0137515
0.0137501
0.0137487
0.0137474
0.013746
0.0137446
0.0137432
0.0137419
0.0137405
0.0137391
0.0137377
0.0137363
0.0137349
0.0137335
0.0137321
0.0137307
0.0137293
0.0137279
0.0137265
0.013725
0.0137236
0.0137222
0.0137208
0.0137194
0.0137179
0.0137165
0.0137151
0.0137136
0.0137122
0.0137107
0.0137093
0.0137079
0.0137064
0.013705
0.0137035
0.013702
0.0137006
0.0136991
0.0136977
0.0136962
0.0136947
0.0136932
0.0136918
0.0136903
0.0136888
0.0136873
0.0136858
0.0136843
0.0136828
0.0136814
0.0136799
0.0136784
0.0136768
0.0136753
0.0136738
0.0136723
0.0136708
0.013708
0.0137062
0.0137043
0.0137025
0.0137006
0.0136988
0.0136969
0.0136951
0.0136932
0.0136913
0.0136895
0.0136876
0.0136857
0.0136838
0.0136819
0.01368
0.0136781
0.0136762
0.0136743
0.0136724
0.0136705
0.0136686
0.0136666
0.0136647
0.0136628
0.0136608
0.0136589
0.0136569
0.013655
0.013653
0.013651
0.0136491
0.0136471
0.0136451
0.0136431
0.0136411
0.0136392
0.0136372
0.0136352
0.0136332
0.0136311
0.0136291
0.0136271
0.0136251
0.0136231
0.013621
0.013619
0.013617
0.0136149
0.0136129
0.0136108
0.0136087
0.0136067
0.0136046
0.0136025
0.0136005
0.0135984
0.0135963
0.0135942
0.0135921
0.01359
0.0135879
0.0136497
0.0136473
0.0136448
0.0136423
0.0136398
0.0136372
0.0136347
0.0136322
0.0136297
0.0136271
0.0136246
0.013622
0.0136194
0.0136168
0.0136143
0.0136117
0.0136091
0.0136065
0.0136038
0.0136012
0.0135986
0.0135959
0.0135933
0.0135906
0.013588
0.0135853
0.0135826
0.0135799
0.0135772
0.0135745
0.0135718
0.0135691
0.0135663
0.0135636
0.0135609
0.0135581
0.0135553
0.0135526
0.0135498
0.013547
0.0135442
0.0135414
0.0135386
0.0135358
0.013533
0.0135301
0.0135273
0.0135244
0.0135216
0.0135187
0.0135158
0.013513
0.0135101
0.0135072
0.0135043
0.0135014
0.0134985
0.0134956
0.0134926
0.0134897
0.0134868
0.0134838
0.0135821
0.0135787
0.0135753
0.0135719
0.0135685
0.0135651
0.0135617
0.0135582
0.0135548
0.0135513
0.0135478
0.0135443
0.0135408
0.0135372
0.0135337
0.0135301
0.0135265
0.0135229
0.0135193
0.0135157
0.0135121
0.0135084
0.0135047
0.0135011
0.0134974
0.0134936
0.0134899
0.0134862
0.0134824
0.0134786
0.0134748
0.013471
0.0134672
0.0134634
0.0134595
0.0134556
0.0134518
0.0134479
0.013444
0.01344
0.0134361
0.0134322
0.0134282
0.0134242
0.0134202
0.0134162
0.0134122
0.0134082
0.0134041
0.0134001
0.013396
0.0133919
0.0133878
0.0133837
0.0133796
0.0133755
0.0133713
0.0133672
0.0133631
0.0133589
0.0133548
0.0133506
0.0135035
0.0134989
0.0134943
0.0134897
0.0134851
0.0134804
0.0134757
0.0134709
0.0134662
0.0134614
0.0134566
0.0134518
0.0134469
0.013442
0.0134371
0.0134322
0.0134272
0.0134222
0.0134172
0.0134121
0.013407
0.0134019
0.0133967
0.0133916
0.0133863
0.0133811
0.0133758
0.0133705
0.0133652
0.0133599
0.0133545
0.013349
0.0133436
0.0133381
0.0133326
0.0133271
0.0133215
0.0133159
0.0133103
0.0133047
0.013299
0.0132933
0.0132876
0.0132818
0.013276
0.0132702
0.0132644
0.0132585
0.0132526
0.0132467
0.0132408
0.0132348
0.0132289
0.0132229
0.0132169
0.0132108
0.0132048
0.0131987
0.0131926
0.0131865
0.0131803
0.0131741
0.013412
0.0134057
0.0133994
0.0133931
0.0133867
0.0133803
0.0133739
0.0133673
0.0133608
0.0133542
0.0133475
0.0133408
0.013334
0.0133272
0.0133203
0.0133133
0.0133063
0.0132993
0.0132922
0.013285
0.0132777
0.0132704
0.0132631
0.0132557
0.0132482
0.0132406
0.013233
0.0132253
0.0132176
0.0132098
0.0132019
0.013194
0.013186
0.0131779
0.0131697
0.0131616
0.0131533
0.013145
0.0131366
0.0131281
0.0131196
0.013111
0.0131024
0.0130937
0.0130849
0.0130761
0.0130673
0.0130584
0.0130494
0.0130404
0.0130313
0.0130223
0.0130131
0.013004
0.0129948
0.0129856
0.0129763
0.012967
0.0129577
0.0129484
0.0129391
0.0129297
0.0133051
0.0132966
0.013288
0.0132793
0.0132705
0.0132616
0.0132527
0.0132436
0.0132345
0.0132252
0.0132159
0.0132064
0.0131969
0.0131872
0.0131774
0.0131675
0.0131575
0.0131473
0.0131371
0.0131267
0.0131161
0.0131054
0.0130946
0.0130837
0.0130726
0.0130613
0.0130499
0.0130384
0.0130267
0.0130148
0.0130028
0.0129906
0.0129782
0.0129657
0.012953
0.0129402
0.0129272
0.012914
0.0129007
0.0128873
0.0128737
0.0128599
0.012846
0.012832
0.0128179
0.0128038
0.0127895
0.0127751
0.0127607
0.0127463
0.0127319
0.0127174
0.012703
0.0126886
0.0126743
0.01266
0.0126458
0.0126317
0.0126177
0.0126039
0.0125902
0.0125766
0.0131801
0.0131684
0.0131566
0.0131446
0.0131325
0.0131202
0.0131078
0.0130951
0.0130823
0.0130692
0.013056
0.0130425
0.0130288
0.0130149
0.0130008
0.0129864
0.0129717
0.0129568
0.0129415
0.012926
0.0129102
0.012894
0.0128775
0.0128607
0.0128435
0.0128259
0.012808
0.0127897
0.0127709
0.0127518
0.0127322
0.0127122
0.0126918
0.0126709
0.0126497
0.0126281
0.0126061
0.0125838
0.0125612
0.0125384
0.0125153
0.0124922
0.0124689
0.0124457
0.0124226
0.0123995
0.0123767
0.0123541
0.0123318
0.0123099
0.0122885
0.0122677
0.0122475
0.012228
0.0122092
0.0121912
0.0121739
0.0121573
0.0121414
0.0121264
0.0121121
0.0120986
0.013034
0.013018
0.0130018
0.0129853
0.0129685
0.0129513
0.0129339
0.0129161
0.0128979
0.0128794
0.0128604
0.012841
0.0128211
0.0128008
0.0127799
0.0127585
0.0127365
0.0127139
0.0126906
0.0126666
0.0126419
0.0126164
0.0125901
0.0125629
0.0125348
0.0125058
0.0124758
0.0124447
0.0124127
0.0123796
0.0123456
0.0123106
0.0122747
0.0122381
0.012201
0.0121634
0.0121256
0.0120877
0.01205
0.0120127
0.0119761
0.0119404
0.011906
0.0118731
0.0118418
0.0118123
0.0117847
0.0117593
0.0117361
0.0117158
0.0116997
0.0116872
0.0116774
0.01167
0.0116647
0.0116613
0.0116599
0.0116604
0.0116627
0.011667
0.0116733
0.0116815
0.0128634
0.0128416
0.0128194
0.0127966
0.0127734
0.0127495
0.012725
0.0126999
0.0126741
0.0126475
0.0126202
0.0125919
0.0125627
0.0125325
0.0125011
0.0124686
0.0124349
0.0123997
0.012363
0.0123247
0.0122847
0.0122429
0.012199
0.0121531
0.012105
0.0120547
0.0120021
0.0119474
0.0118907
0.0118322
0.0117725
0.0117118
0.0116508
0.01159
0.0115304
0.0114726
0.0114175
0.0113657
0.011318
0.0112754
0.0112395
0.0112124
0.0111919
0.0111777
0.0111695
0.0111672
0.0111707
0.0111802
0.0111958
0.0112175
0.011245
0.0112776
0.0113145
0.0113539
0.0113952
0.0114413
0.011492
0.0115478
0.0116092
0.011679
0.0117542
0.0118338
0.0126648
0.0126352
0.0126049
0.0125738
0.0125417
0.0125086
0.0124745
0.0124391
0.0124024
0.0123644
0.0123247
0.0122834
0.0122402
0.012195
0.0121475
0.0120976
0.012045
0.0119894
0.0119306
0.0118683
0.0118022
0.0117321
0.0116577
0.011579
0.0114959
0.0114088
0.0113181
0.0112249
0.0111302
0.0110356
0.0109431
0.0108545
0.0107723
0.0106992
0.0106397
0.0105952
0.0105639
0.0105467
0.0105438
0.0105554
0.0105825
0.0106258
0.0106851
0.0107594
0.0108472
0.0109449
0.0110539
0.0111783
0.0113225
0.0114819
0.0116524
0.0118315
0.0120179
0.012212
0.0124127
0.012618
0.0128272
0.01304
0.0132561
0.0134748
0.0136955
0.0139175
0.0124353
0.0123956
0.0123547
0.0123124
0.0122686
0.0122231
0.0121757
0.0121263
0.0120746
0.0120203
0.0119633
0.0119032
0.0118396
0.0117722
0.0117006
0.0116242
0.0115426
0.0114553
0.0113617
0.0112613
0.0111537
0.0110385
0.0109158
0.0107862
0.0106507
0.0105115
0.0103718
0.0102357
0.0101081
0.00999542
0.00990813
0.0098443
0.00980732
0.00980053
0.00982634
0.00988718
0.00998396
0.0101153
0.010277
0.0104627
0.0106871
0.010949
0.0112411
0.0115606
0.011902
0.0122582
0.0126297
0.0130106
0.0133982
0.0137914
0.0141894
0.0145926
0.015001
0.0154126
0.0158242
0.0162356
0.016648
0.0170649
0.0174853
0.0179069
0.0183238
0.0187357
0.0121713
0.0121187
0.0120642
0.0120076
0.0119485
0.0118868
0.0118221
0.0117541
0.0116823
0.0116064
0.0115257
0.0114399
0.0113482
0.01125
0.0111445
0.0110309
0.0109082
0.0107756
0.0106323
0.0104775
0.0103112
0.0101338
0.00994703
0.00975445
0.00956215
0.00937815
0.00921488
0.00908804
0.00900109
0.00896489
0.008988
0.00907589
0.00923348
0.00945894
0.00974666
0.0101031
0.0105259
0.0110025
0.0115152
0.0120592
0.0126348
0.0132387
0.0138655
0.0145106
0.0151699
0.0158377
0.016503
0.0171602
0.0178088
0.0184514
0.0190821
0.0196984
0.0202988
0.0208823
0.0214476
0.0219942
0.0225214
0.0230293
0.0235182
0.0239886
0.0244413
0.0248774
0.0118691
0.0118005
0.0117292
0.0116547
0.0115767
0.0114947
0.0114083
0.0113168
0.0112198
0.0111163
0.0110058
0.0108874
0.0107599
0.0106225
0.0104738
0.0103126
0.0101376
0.00994763
0.00974179
0.0095201
0.00928409
0.00903775
0.00878849
0.00854891
0.00834313
0.00818205
0.00808978
0.0080902
0.00820052
0.00843073
0.00877765
0.00922911
0.00980454
0.0104719
0.0112113
0.0120181
0.0128722
0.0137532
0.0146488
0.0155489
0.0164449
0.0173302
0.0181992
0.0190477
0.0198721
0.0206699
0.021439
0.0221777
0.0228852
0.0235613
0.0242059
0.0248192
0.0254015
0.0259534
0.0264754
0.0269683
0.0274331
0.0278709
0.0282835
0.0286736
0.0290383
0.0293753
0.0115266
0.0114367
0.0113451
0.0112494
0.011149
0.011043
0.0109308
0.0108118
0.010685
0.0105494
0.0104041
0.0102478
0.0100793
0.00989691
0.00969915
0.00948432
0.00925083
0.00899755
0.00872458
0.00843464
0.00813506
0.00784023
0.00756979
0.0073444
0.00720505
0.00719771
0.00735969
0.00770905
0.00824337
0.00895878
0.00982728
0.0108022
0.0118598
0.012964
0.0140887
0.0152142
0.0163256
0.0174115
0.0184636
0.019476
0.0204449
0.0213681
0.0222447
0.0230746
0.0238585
0.0245975
0.025293
0.0259466
0.0265603
0.0271354
0.0276738
0.0281766
0.0286453
0.0290811
0.0294852
0.0298587
0.0302016
0.0305123
0.0307893
0.0310305
0.0312394
0.0314179
0.0111452
0.0110298
0.0109112
0.0107902
0.0106643
0.0105314
0.0103907
0.0102412
0.010082
0.00991186
0.0097296
0.00953377
0.00932275
0.00909478
0.00884791
0.00858023
0.00829016
0.00797743
0.00764507
0.00730326
0.00697378
0.00666872
0.00643131
0.00632541
0.00641917
0.00676386
0.00737434
0.00823674
0.00931967
0.0105428
0.0118464
0.0131806
0.0145096
0.0158086
0.017061
0.0182563
0.0193887
0.0204557
0.0214572
0.0223945
0.02327
0.0240867
0.0248477
0.025556
0.0262148
0.0268264
0.0273934
0.0279187
0.0284057
0.0288559
0.0292702
0.0296496
0.0299947
0.0303062
0.0305845
0.0308294
0.0310417
0.0312233
0.031375
0.0314972
0.0315902
0.0316544
0.0107243
0.0105807
0.0104328
0.0102806
0.010125
0.00996335
0.00979262
0.00961183
0.00941994
0.00921576
0.00899798
0.00876508
0.00851533
0.00824681
0.00795742
0.0076452
0.007309
0.00695047
0.00657893
0.00621981
0.0058858
0.00563072
0.00554108
0.00570081
0.00616284
0.00695645
0.00806985
0.00941045
0.0108813
0.0123909
0.0138814
0.0153177
0.0166803
0.0179599
0.0191537
0.0202626
0.0212892
0.0222375
0.0231121
0.0239181
0.0246604
0.025344
0.025973
0.0265514
0.0270824
0.0275688
0.0280132
0.0284179
0.0287849
0.0291155
0.0294105
0.0296701
0.0298962
0.0300924
0.0302606
0.0304012
0.0305142
0.0305991
0.0306561
0.0306853
0.0306863
0.0306589
0.0102642
0.0100898
0.00991077
0.00972667
0.00953759
0.00934484
0.00914457
0.00893379
0.00871162
0.00847698
0.00822864
0.00796514
0.00768481
0.0073857
0.00706575
0.00672309
0.0063573
0.00597297
0.00558999
0.00523497
0.00494791
0.00483329
0.00500143
0.00548618
0.00628809
0.00748507
0.00895879
0.0105678
0.0121928
0.0137665
0.0152531
0.0166364
0.017913
0.019086
0.0201612
0.0211449
0.0220431
0.0228607
0.0236046
0.0242813
0.0248969
0.0254565
0.025965
0.0264265
0.0268448
0.027219
0.0275533
0.0278495
0.0281092
0.0283331
0.0285214
0.02868
0.0288117
0.0289172
0.028997
0.029051
0.0290791
0.0290807
0.0290554
0.0290025
0.0289215
0.0288114
0.00976619
0.00955899
0.00934779
0.00913187
0.00891093
0.00868539
0.00845739
0.00821988
0.00797208
0.00771311
0.00744187
0.00715705
0.0068571
0.00654019
0.00620437
0.00584801
0.00547133
0.00508168
0.00471015
0.0043887
0.00420211
0.00430137
0.0047575
0.00548393
0.00646098
0.00792993
0.00957073
0.0112568
0.0128865
0.0144148
0.0158228
0.0171041
0.018266
0.0193186
0.0202719
0.0211361
0.0219175
0.0226154
0.0232412
0.0238027
0.0243065
0.0247578
0.0251611
0.0255199
0.0258373
0.0261152
0.0263558
0.0265603
0.0267296
0.0268637
0.0269698
0.0270494
0.0271028
0.0271304
0.027132
0.0271074
0.0270559
0.026977
0.0268697
0.0267335
0.0265675
0.0263711
0.00923276
0.00899168
0.00874836
0.00850196
0.00825198
0.00799833
0.00774195
0.00748363
0.00721712
0.00694184
0.00665694
0.0063613
0.00605354
0.00573202
0.00539501
0.00504112
0.004671
0.00429358
0.00394789
0.00368492
0.00363363
0.00396774
0.00465439
0.00548769
0.00652956
0.00804161
0.00971911
0.0113854
0.0129567
0.0144056
0.0157236
0.016897
0.0179461
0.0188849
0.0197248
0.0204756
0.0211454
0.0217407
0.0222688
0.0227365
0.0231497
0.0235133
0.0238314
0.0241075
0.0243445
0.0245444
0.0247091
0.0248398
0.0249371
0.0250035
0.0250425
0.0250541
0.025038
0.024994
0.0249212
0.0248187
0.0246854
0.02452
0.0243214
0.0240887
0.0238215
0.0235204
0.00866752
0.00839253
0.00811846
0.00784436
0.00756956
0.0072937
0.00701721
0.00674283
0.00646423
0.00618068
0.00589127
0.00559487
0.00529018
0.00497572
0.00464999
0.00431188
0.0039622
0.00361
0.00329686
0.00310273
0.00318936
0.00372598
0.00455859
0.00537946
0.00634416
0.00780832
0.00943623
0.0110388
0.012529
0.0138805
0.0150915
0.0161678
0.0171222
0.0179672
0.0187147
0.0193747
0.0199565
0.0204678
0.0209158
0.0213071
0.021647
0.0219403
0.0221909
0.0224021
0.0225764
0.022716
0.0228227
0.0228977
0.0229421
0.0229571
0.0229424
0.0228975
0.0228217
0.0227136
0.0225716
0.0223935
0.0221768
0.0219186
0.0216164
0.0212683
0.0208749
0.0204418
0.00807519
0.00776753
0.00746554
0.00716798
0.00687389
0.00658255
0.00629383
0.00600945
0.00572697
0.00544373
0.00515864
0.00487048
0.00457795
0.00427973
0.00397455
0.00366158
0.00334169
0.0030228
0.00274225
0.0026117
0.00280906
0.00349138
0.00441797
0.00514822
0.00593061
0.00726518
0.0087919
0.0103137
0.0117264
0.0129971
0.0141244
0.0151176
0.0159896
0.0167535
0.0174218
0.0180053
0.0185137
0.0189556
0.0193382
0.0196679
0.0199499
0.0201888
0.0203882
0.0205511
0.0206798
0.0207765
0.0208426
0.0208796
0.020889
0.0208692
0.0208172
0.0207321
0.0206124
0.020456
0.0202601
0.0200209
0.0197341
0.0193945
0.0189971
0.0185388
0.0180239
0.0174803
0.00746156
0.00712388
0.00679828
0.00648289
0.00617617
0.00587678
0.00558377
0.00529707
0.0050186
0.0047434
0.00447013
0.0041974
0.00392383
0.00364818
0.00336943
0.00308702
0.0028019
0.00252058
0.00227393
0.00218623
0.00244904
0.00321599
0.00416556
0.00481224
0.00547034
0.00653075
0.00792877
0.00936523
0.0107054
0.0119042
0.0129579
0.0138768
0.0146749
0.0153666
0.0159651
0.0164824
0.0169287
0.0173129
0.0176424
0.0179235
0.0181613
0.01836
0.0185229
0.0186529
0.0187519
0.0188217
0.0188636
0.0188787
0.0188679
0.0188323
0.0187628
0.0186583
0.0185173
0.0183371
0.0181143
0.0178446
0.0175229
0.0171433
0.0167001
0.0161904
0.0156208
0.0150285
0.0068333
0.00646976
0.00612629
0.00579984
0.00548789
0.00518823
0.004899
0.00461925
0.00435076
0.00408963
0.00383384
0.00358163
0.00333147
0.00308212
0.00283274
0.00258304
0.00233405
0.00209107
0.00187854
0.00180794
0.00208915
0.00287244
0.00382938
0.00440684
0.0049095
0.00569584
0.00694953
0.00829474
0.00956551
0.0106981
0.0116842
0.0125344
0.0132645
0.0138902
0.0144261
0.014885
0.0152779
0.0156139
0.0159005
0.0161439
0.0163489
0.0165195
0.0166587
0.0167689
0.016852
0.016909
0.0169411
0.0169487
0.0169323
0.0168918
0.0168252
0.0167227
0.0165838
0.0164057
0.0161856
0.0159197
0.0156035
0.015233
0.0148045
0.0143178
0.0137797
0.0132122
0.0061978
0.00581404
0.00545967
0.0051297
0.00482018
0.00452771
0.00424946
0.00398357
0.00373089
0.00348874
0.00325451
0.0030261
0.0028018
0.00258037
0.00236107
0.00214385
0.00192983
0.00172331
0.00154201
0.0014681
0.00173454
0.00248076
0.00344361
0.00398463
0.00434943
0.00486695
0.0059335
0.007174
0.00837529
0.00944531
0.0103674
0.0111527
0.0118185
0.0123825
0.0128609
0.0132674
0.0136137
0.0139089
0.0141607
0.0143749
0.0145562
0.0147082
0.0148337
0.0149345
0.0150121
0.0150675
0.0151011
0.015113
0.0151028
0.0150698
0.0150122
0.0149285
0.0148114
0.0146564
0.0144623
0.0142261
0.0139451
0.013617
0.0132408
0.0128188
0.0123583
0.011875
0.00556284
0.00516592
0.00480848
0.00448281
0.00418306
0.00390449
0.00364319
0.00339644
0.00316406
0.00294434
0.00273419
0.00253122
0.00233363
0.00214014
0.00195011
0.00176363
0.00158194
0.00140872
0.00125662
0.00118305
0.00140255
0.00209077
0.00301731
0.00357362
0.0038526
0.00421186
0.00494225
0.00605514
0.00718296
0.0081923
0.00905284
0.00977511
0.0103789
0.0108843
0.0113088
0.0116673
0.0119719
0.012232
0.0124549
0.0126463
0.0128105
0.0129508
0.0130694
0.0131679
0.0132476
0.0133087
0.0133516
0.0133758
0.0133806
0.0133648
0.0133267
0.0132644
0.013175
0.0130566
0.0129043
0.0127139
0.0124852
0.0122175
0.0119109
0.0115686
0.0111971
0.0108065
0.00493639
0.00453449
0.00418221
0.00386836
0.00358496
0.00332579
0.003086
0.00286208
0.00265299
0.00245766
0.00227267
0.00209547
0.00192419
0.00175756
0.00159501
0.00143673
0.00128405
0.0011404
0.00101528
0.000947403
0.00109588
0.00171278
0.00257697
0.00317376
0.00339963
0.00360347
0.00403509
0.0049773
0.00602251
0.00697159
0.007772
0.00843244
0.00897559
0.00942402
0.0097972
0.0101109
0.0103775
0.0106064
0.0108047
0.0109776
0.011129
0.0112617
0.0113777
0.0114782
0.0115639
0.011635
0.0116914
0.0117323
0.011757
0.0117639
0.0117514
0.0117177
0.0116605
0.0115779
0.0114678
0.0113301
0.0111619
0.0109625
0.0107316
0.0104723
0.0101895
0.0098886
0.00432625
0.00392831
0.00358926
0.00329397
0.00303226
0.00279662
0.00258138
0.00238239
0.00219824
0.00202794
0.00186801
0.00171585
0.00156961
0.00142805
0.00129065
0.00115767
0.00103058
0.000912914
0.00081278
0.000756786
0.000855504
0.00136171
0.00214624
0.00277897
0.00299608
0.00310065
0.00336385
0.00397307
0.0049176
0.00580518
0.00654663
0.00714589
0.00762911
0.00802198
0.00834577
0.00861712
0.0088485
0.00904906
0.00922543
0.00938237
0.00952326
0.00965047
0.00976557
0.0098695
0.00996266
0.010045
0.0101161
0.0101752
0.0102211
0.0102525
0.0102678
0.0102652
0.010243
0.0101997
0.0101339
0.0100451
0.00993215
0.00979541
0.00963697
0.00945762
0.00925878
0.00904203
0.00373982
0.00335499
0.00303653
0.00276532
0.00252923
0.00231975
0.00213065
0.00195746
0.00179851
0.00165282
0.00151694
0.00138838
0.00126533
0.00114663
0.0010318
0.000921217
0.000816631
0.00072221
0.000646472
0.000609667
0.000675603
0.00103295
0.00174671
0.00237766
0.00262754
0.00267434
0.00279023
0.00312276
0.00388547
0.00470703
0.00539089
0.00592987
0.00635408
0.00669287
0.00696933
0.00720066
0.00739916
0.00757349
0.00772967
0.00787187
0.00800296
0.00812488
0.00823888
0.00834562
0.00844529
0.00853767
0.00862222
0.00869806
0.00876404
0.00881881
0.00886087
0.00888864
0.00890056
0.00889557
0.00887267
0.00883132
0.00877121
0.00869282
0.00859721
0.00848472
0.0083556
0.00820987
0.00318381
0.00282085
0.00252914
0.00228605
0.002078
0.00189589
0.00173327
0.00158556
0.00145109
0.00132878
0.00121535
0.00110846
0.00100641
0.000908162
0.00081332
0.000722486
0.000638103
0.000566088
0.000517175
0.000508039
0.000561797
0.000794695
0.00137999
0.00198184
0.0022788
0.00231234
0.00233638
0.00251123
0.00294564
0.00368534
0.00431334
0.00479408
0.00516135
0.00544873
0.00568089
0.0058752
0.00604339
0.00619338
0.00633045
0.00645817
0.00657891
0.00669426
0.00680521
0.00691225
0.00701549
0.00711465
0.00720919
0.00729822
0.00738068
0.00745527
0.00752063
0.00757535
0.00761796
0.00764767
0.00766345
0.00766501
0.0076522
0.00762533
0.00758491
0.00753069
0.00746184
0.00737655
0.002664
0.00233068
0.00207036
0.00185786
0.00167883
0.00152409
0.00138724
0.00126365
0.00115234
0.00105165
0.000958639
0.0008712
0.000787821
0.000707573
0.00063029
0.000557159
0.000492371
0.000445079
0.000427654
0.000430997
0.000476119
0.000627188
0.00104858
0.00160025
0.00193196
0.00199261
0.00197089
0.00202522
0.00223432
0.00274993
0.00331959
0.00374613
0.00406082
0.00430173
0.00449447
0.004656
0.00479712
0.00492479
0.00504358
0.00515647
0.00526542
0.00537179
0.00547643
0.00557978
0.00568196
0.00578279
0.00588185
0.00597843
0.0060716
0.00616026
0.00624317
0.00631915
0.00638693
0.00644546
0.00649388
0.00653192
0.00655934
0.00657601
0.00658202
0.00657672
0.00655843
0.00652417
0.00218501
0.00188763
0.00166164
0.00148069
0.00133043
0.00120203
0.00108946
0.000987939
0.000898027
0.000816825
0.000741968
0.00067164
0.00060453
0.00053994
0.000478239
0.000422195
0.000379228
0.000361665
0.000358072
0.000368261
0.000406842
0.000517197
0.000798597
0.0012394
0.00158587
0.00169436
0.00167018
0.00165636
0.00174667
0.00199923
0.00242454
0.00279884
0.00306744
0.00326925
0.00342927
0.00356331
0.00368099
0.00378839
0.00388941
0.00398662
0.00408175
0.00417602
0.00427024
0.00436491
0.00446025
0.00455627
0.00465279
0.00474937
0.00484541
0.00494009
0.00503244
0.00512148
0.00520627
0.0052857
0.00535888
0.00542537
0.00548472
0.00553649
0.00558017
0.00561468
0.00563789
0.00564616
0.00175027
0.00149325
0.00130284
0.00115307
0.00103029
0.000926453
0.000836082
0.000754928
0.000683698
0.000619528
0.000560397
0.000504783
0.000451586
0.000400646
0.000353826
0.000316662
0.000301055
0.000296788
0.000300729
0.000313952
0.000345628
0.0004274
0.000606041
0.000916811
0.00124267
0.00139973
0.00140795
0.00136816
0.00137454
0.00146289
0.00172817
0.00200798
0.00222505
0.0023909
0.00252209
0.00263145
0.00272717
0.00281446
0.00289671
0.00297618
0.00305444
0.00313265
0.00321167
0.00329205
0.00337415
0.00345817
0.00354415
0.00363201
0.00372147
0.00381213
0.00390344
0.00399482
0.00408563
0.00417502
0.00426225
0.00434678
0.00442796
0.00450503
0.00457703
0.00464246
0.0046988
0.00474206
0.0013619
0.00114761
0.000992478
0.000872365
0.000774983
0.000693362
0.000622675
0.000559608
0.000504402
0.000454694
0.000408785
0.000365533
0.000324114
0.000286071
0.000255398
0.000243276
0.000240387
0.000242745
0.000250043
0.000262735
0.000286813
0.000343271
0.000454416
0.000666401
0.000900444
0.00110171
0.00116233
0.00113363
0.00110233
0.00112581
0.00122354
0.00140795
0.00157339
0.00170317
0.00180564
0.00189062
0.00196455
0.00203162
0.00209453
0.00215509
0.00221454
0.00227389
0.00233392
0.0023952
0.00245819
0.00252327
0.00259074
0.00266082
0.00273364
0.00280924
0.00288751
0.00296832
0.00305143
0.00313649
0.00322319
0.00331123
0.00340012
0.00348911
0.00357713
0.00366246
0.00374242
0.00381291
0.00102079
0.000849495
0.000727936
0.000635045
0.000560328
0.000498115
0.000444032
0.00039652
0.000354587
0.000316689
0.00028147
0.000248771
0.000218246
0.000193881
0.000186816
0.000186301
0.000188873
0.000193646
0.000200668
0.000209669
0.000224519
0.000257605
0.000328879
0.00046938
0.00062499
0.000802396
0.000916409
0.000926272
0.000890573
0.000875486
0.000898624
0.000970215
0.00107754
0.0011725
0.00124838
0.00131154
0.00136645
0.00141609
0.00146244
0.00150688
0.00155033
0.00159357
0.00163723
0.00168171
0.00172736
0.00177445
0.0018232
0.00187376
0.00192626
0.00198082
0.00203754
0.00209661
0.00215828
0.00222293
0.00229102
0.00236311
0.00243954
0.00252024
0.00260466
0.00269154
0.00277867
0.00286258
0.000726616
0.000596487
0.000505495
0.000436513
0.00038105
0.000334892
0.000294316
0.000258954
0.000227512
0.000198965
0.000172749
0.000150389
0.000131787
0.000130883
0.000132926
0.000136455
0.000140209
0.000143595
0.000147416
0.000149943
0.000153353
0.000167115
0.000219592
0.000312607
0.000412782
0.000527411
0.00066226
0.000725562
0.000711216
0.000684988
0.000677339
0.000685901
0.000721931
0.000776795
0.000824454
0.00086652
0.000904283
0.000938833
0.000971001
0.00100173
0.00103169
0.00106153
0.00109168
0.00112239
0.00115388
0.00118637
0.00122003
0.00125489
0.00129101
0.00132848
0.00136742
0.00140794
0.00145025
0.00149458
0.00154116
0.0015904
0.00164255
0.00169749
0.0017549
0.00181423
0.00187476
0.00193588
0.000477507
0.000384355
0.00031939
0.000269827
0.000229161
0.000194765
0.000165166
0.000139109
0.000115987
9.56559e-05
8.05825e-05
7.77182e-05
7.7718e-05
8.06894e-05
8.42039e-05
8.72029e-05
8.81479e-05
8.65469e-05
8.5385e-05
7.88567e-05
6.90051e-05
8.05127e-05
0.000119334
0.000181705
0.000244096
0.000314329
0.000405077
0.000515164
0.000541658
0.000526121
0.000509854
0.000503398
0.00050565
0.000509157
0.000522558
0.000546241
0.000567743
0.000587333
0.000605501
0.000622718
0.000639429
0.000656825
0.000675014
0.00069368
0.000712892
0.000732924
0.000754451
0.000776853
0.000800003
0.000823993
0.000848909
0.000874874
0.000902039
0.000930454
0.000959946
0.000991038
0.0010241
0.00105874
0.00109476
0.0011318
0.00116941
0.00120719
0.000267524
0.00020356
0.000158168
0.000123129
9.44667e-05
7.16547e-05
5.41941e-05
4.13046e-05
3.11327e-05
2.30874e-05
2.8461e-05
3.14906e-05
3.32497e-05
3.48235e-05
3.56697e-05
3.48663e-05
3.01169e-05
2.01994e-05
1.74629e-05
1.56906e-05
1.38476e-05
1.88057e-05
3.55405e-05
6.71992e-05
0.00010266
0.000143111
0.000200853
0.000281655
0.000362384
0.000373966
0.000365693
0.000357185
0.000352763
0.000351985
0.000355451
0.000361643
0.000366409
0.000369931
0.000372158
0.000372283
0.000366828
0.000367112
0.000375086
0.000384999
0.000395468
0.000406488
0.000418127
0.000429998
0.000442073
0.000454553
0.000467531
0.000481215
0.000495907
0.00051151
0.000526452
0.000542172
0.000560096
0.000578855
0.00059832
0.000618344
0.000638745
0.000659331
8.02497e-05
4.54736e-05
2.59548e-05
1.45746e-05
9.43621e-06
6.1071e-06
4.10196e-06
5.31156e-06
5.17597e-06
3.94001e-06
3.18496e-06
2.94757e-06
2.88703e-06
2.59637e-06
2.08841e-06
1.95242e-06
1.6001e-06
9.62784e-07
7.97886e-07
7.42133e-07
7.03304e-07
1.11196e-06
2.59539e-06
6.02705e-06
1.13021e-05
1.91749e-05
3.64273e-05
7.40154e-05
0.000122563
0.000196545
0.000215714
0.000217961
0.000216315
0.000216896
0.000219914
0.000223975
0.000227436
0.000230291
0.000232278
0.000232534
0.000229514
0.000228432
0.000229936
0.000232136
0.000234357
0.00023653
0.000238529
0.000239969
0.000240638
0.000240594
0.000239744
0.000238352
0.000237337
0.000237084
0.000231342
0.000226196
0.00022873
0.000235198
0.000243734
0.000253086
0.000262967
0.0002736
3.24516e-07
1.14534e-07
9.54781e-08
9.75824e-08
2.10881e-07
1.80163e-07
1.33236e-07
1.39174e-07
1.234e-07
2.78076e-08
2.30733e-08
1.82909e-08
1.21785e-08
5.98229e-09
3.8954e-09
3.48001e-09
2.77562e-09
1.76558e-09
1.49498e-09
1.50411e-09
1.51282e-09
2.6897e-09
1.7062e-08
6.35052e-08
1.38371e-07
2.15245e-07
9.00121e-08
1.87511e-07
4.86651e-07
1.63276e-06
2.3038e-06
2.56044e-06
3.39648e-06
3.67814e-06
3.81308e-06
3.79013e-06
3.79649e-06
3.84403e-06
3.92864e-06
4.01573e-06
4.20251e-06
4.96845e-06
6.10167e-06
6.74376e-06
7.15921e-06
7.54675e-06
7.99208e-06
8.551e-06
9.25507e-06
1.01227e-05
1.111e-05
1.17252e-05
1.03352e-05
7.96725e-06
8.05672e-06
1.49804e-05
1.51366e-05
1.52207e-05
1.52836e-05
1.53179e-05
1.52989e-05
1.51613e-05
0.0137636
0.0137198
0.0136692
0.0136109
0.0135435
0.0134656
0.0133757
0.0132719
0.0131523
0.0131521
0.013014
0.0130138
0.0128547
0.0128544
0.0126712
0.0126709
0.0124601
0.0124604
0.0124601
0.0122184
0.0122188
0.0122185
0.0119422
0.0119428
0.0119425
0.0116265
0.0116281
0.0116289
0.0116287
0.0112707
0.0112728
0.0112738
0.0112738
0.0108671
0.0108709
0.0108735
0.0108749
0.0108751
0.0104148
0.0104206
0.0104251
0.0104283
0.0104302
0.0104307
0.00992063
0.00992742
0.00993272
0.00993657
0.00993898
0.00993996
0.00937115
0.00938057
0.00938835
0.00939453
0.00939912
0.00940215
0.00940362
0.00877433
0.00878666
0.0087972
0.00880598
0.00881305
0.00881841
0.0088221
0.00882411
0.00814977
0.00816329
0.0081749
0.00818466
0.00819259
0.00819872
0.00820307
0.00820566
0.00747633
0.00749283
0.00750732
0.00751984
0.00753044
0.00753915
0.00754599
0.00755098
0.00755414
0.00677459
0.00679392
0.00681117
0.00682639
0.00683961
0.00685089
0.00686023
0.00686766
0.00687322
0.0068769
0.00605447
0.0060763
0.00609602
0.00611368
0.00612931
0.00614297
0.00615467
0.00616445
0.00617232
0.00617831
0.00618243
0.00532708
0.00535091
0.00537263
0.0053923
0.00540997
0.00542567
0.00543943
0.00545128
0.00546125
0.00546936
0.00547563
0.00548007
0.00460425
0.00462939
0.00465248
0.00467358
0.00469273
0.00470997
0.00472534
0.00473886
0.00475056
0.00476046
0.00476858
0.00477494
0.00477957
0.00389791
0.00392355
0.00394724
0.00396905
0.00398901
0.00400717
0.00402356
0.0040382
0.00405113
0.00406235
0.00407191
0.00407981
0.00408607
0.00409073
0.00321965
0.00324489
0.00326833
0.00329004
0.00331005
0.0033284
0.00334513
0.00336024
0.00337379
0.00338577
0.00339623
0.00340517
0.00341262
0.00341859
0.0034231
0.00258024
0.00260416
0.00262647
0.00264722
0.00266647
0.00268424
0.00270056
0.00271545
0.00272894
0.00274106
0.00275181
0.00276122
0.00276931
0.0027761
0.0027816
0.00278582
0.00196646
0.00198952
0.00201118
0.00203148
0.00205045
0.00206812
0.00208453
0.00209969
0.00211363
0.00212638
0.00213795
0.00214836
0.00215763
0.00216578
0.00217282
0.00217876
0.00218362
0.00218741
0.00143602
0.0014558
0.00147441
0.00149191
0.00150833
0.00152369
0.00153801
0.00155132
0.00156364
0.00157498
0.00158537
0.00159481
0.00160334
0.00161095
0.00161767
0.00162351
0.00162847
0.00163257
0.00163582
0.000971167
0.00098696
0.00100183
0.00101582
0.001029
0.00104139
0.00105299
0.00106381
0.00107389
0.00108322
0.00109182
0.00109971
0.0011069
0.00111341
0.00111925
0.00112443
0.00112895
0.00113282
0.00113606
0.00113866
0.000576365
0.000588187
0.000599022
0.000609168
0.000618589
0.00062748
0.000635925
0.000643844
0.000651239
0.000658125
0.000664509
0.00067042
0.000675836
0.000680789
0.000685289
0.000689349
0.000692974
0.000696166
0.00069893
0.00070127
0.000703193
0.000259211
0.000264335
0.000270517
0.000276944
0.000282851
0.00028825
0.000293315
0.000298074
0.000302527
0.00030668
0.000310545
0.000314173
0.00031753
0.000320555
0.000323312
0.000325807
0.000328069
0.000330113
0.000331922
0.000333492
0.000334825
0.000335923
5.04008e-06
5.37748e-06
5.78826e-06
6.27078e-06
6.83073e-06
7.48997e-06
8.2085e-06
8.92467e-06
9.63512e-06
1.0335e-05
1.10213e-05
1.16864e-05
1.23095e-05
1.29121e-05
1.34734e-05
1.3988e-05
1.44668e-05
1.49402e-05
1.54182e-05
1.58409e-05
1.62284e-05
1.65816e-05
1.69066e-05
0.0140026
0.014004
0.0140046
0.0140048
0.0140047
0.0140045
0.0140043
0.0140039
0.0140033
0.0140024
0.0140012
0.0140001
0.0139977
0.0139984
0.0139995
0.0140008
0.0140019
0.0140026
0.014003
0.0140034
0.0140037
0.014004
0.0140044
0.0140047
0.014005
0.0140053
0.0140056
0.014006
0.0140064
0.0140069
0.0140075
0.0140081
0.0140087
0.0140092
0.0140094
0.0140095
0.0140094
0.014009
0.014008
0.0140071
0.0140072
0.0140081
0.0140097
0.0140123
0.014016
0.0140198
0.0140223
0.0140231
0.0140233
0.0140258
0.013996
0.0139971
0.0139979
0.0139983
0.0139988
0.0140002
0.0140015
0.0140022
0.0140026
0.0140025
0.0139992
0.0139972
0.0139965
0.0139958
0.0139949
0.0139945
0.0139945
0.0139953
0.0139966
0.013998
0.0139992
0.0140001
0.0140006
0.0139996
0.0139988
0.0139982
0.0139977
0.0139973
0.013997
0.0139968
0.0139966
0.0139965
0.0139965
0.0139964
0.0139963
0.0139961
0.0139959
0.0139956
0.0139951
0.0139944
0.013995
0.0139943
0.0139935
0.0139928
0.0139948
0.0139989
0.0140038
0.0140093
0.014013
0.0140119
0.0139884
0.0139893
0.01399
0.0139905
0.013991
0.013992
0.013993
0.0139939
0.0139945
0.0139966
0.0139971
0.0139969
0.0139958
0.0139929
0.0139908
0.0139892
0.0139882
0.0139877
0.0139877
0.013988
0.0139885
0.0139897
0.0139914
0.0139927
0.0139935
0.0139938
0.0139939
0.013994
0.013994
0.013994
0.0139941
0.0139942
0.0139943
0.0139945
0.0139945
0.0139929
0.0139913
0.0139899
0.0139899
0.0139904
0.0139912
0.0139921
0.0139931
0.0139941
0.0139953
0.0139962
0.0139974
0.0139958
0.0139972
0.0139983
0.0139795
0.0139803
0.0139808
0.0139814
0.0139819
0.0139827
0.0139835
0.0139842
0.0139849
0.0139861
0.0139876
0.0139898
0.0139906
0.0139898
0.0139888
0.013988
0.0139872
0.0139864
0.0139855
0.0139846
0.013984
0.013984
0.0139846
0.0139855
0.0139863
0.013987
0.0139875
0.0139877
0.0139878
0.0139877
0.0139875
0.0139872
0.0139868
0.0139862
0.0139852
0.0139839
0.0139825
0.0139811
0.0139797
0.0139783
0.0139772
0.0139779
0.013979
0.0139801
0.0139813
0.0139824
0.0139832
0.0139834
0.0139827
0.0139805
0.0139693
0.0139699
0.0139702
0.0139708
0.0139713
0.0139719
0.0139726
0.0139732
0.0139738
0.0139746
0.0139756
0.0139771
0.0139781
0.0139784
0.0139783
0.013978
0.0139778
0.0139779
0.0139777
0.0139772
0.0139763
0.0139754
0.0139748
0.0139744
0.0139741
0.013974
0.0139739
0.0139737
0.0139735
0.0139731
0.0139727
0.0139722
0.0139716
0.0139709
0.01397
0.0139691
0.0139679
0.0139667
0.0139653
0.0139638
0.0139623
0.0139607
0.0139592
0.0139577
0.0139561
0.0139544
0.0139526
0.0139508
0.0139489
0.0139486
0.0139573
0.0139578
0.013958
0.0139585
0.013959
0.0139596
0.0139601
0.0139605
0.013961
0.0139616
0.0139622
0.0139631
0.013964
0.0139646
0.0139648
0.0139648
0.0139647
0.0139646
0.0139645
0.0139641
0.0139636
0.013963
0.0139622
0.0139615
0.0139608
0.0139602
0.0139595
0.0139589
0.0139582
0.0139575
0.0139568
0.013956
0.0139551
0.0139541
0.0139531
0.0139519
0.0139506
0.0139493
0.0139478
0.0139461
0.0139444
0.0139426
0.0139406
0.0139385
0.0139362
0.0139338
0.0139313
0.0139286
0.0139257
0.0139228
0.0139435
0.0139439
0.013944
0.0139443
0.0139448
0.0139453
0.0139457
0.013946
0.0139464
0.0139467
0.0139471
0.0139477
0.0139482
0.0139487
0.013949
0.0139491
0.0139491
0.013949
0.0139488
0.0139484
0.013948
0.0139475
0.0139468
0.013946
0.0139452
0.0139444
0.0139434
0.0139425
0.0139415
0.0139405
0.0139394
0.0139382
0.013937
0.0139357
0.0139343
0.0139328
0.0139313
0.0139296
0.0139278
0.0139259
0.0139239
0.0139217
0.0139194
0.013917
0.0139144
0.0139117
0.0139088
0.0139058
0.0139026
0.0138995
0.0139275
0.0139278
0.0139279
0.0139281
0.0139284
0.0139288
0.0139291
0.0139294
0.0139296
0.0139298
0.01393
0.0139302
0.0139305
0.0139307
0.0139309
0.0139309
0.0139308
0.0139307
0.0139304
0.01393
0.0139296
0.013929
0.0139283
0.0139275
0.0139266
0.0139256
0.0139246
0.0139234
0.0139222
0.0139209
0.0139195
0.0139181
0.0139165
0.0139149
0.0139132
0.0139114
0.0139094
0.0139074
0.0139052
0.0139029
0.0139005
0.0138979
0.0138952
0.0138923
0.0138893
0.0138861
0.0138827
0.0138791
0.0138753
0.0138715
0.013909
0.0139092
0.0139092
0.0139093
0.0139095
0.0139098
0.01391
0.0139102
0.0139103
0.0139103
0.0139104
0.0139104
0.0139104
0.0139104
0.0139103
0.0139102
0.0139099
0.0139096
0.0139092
0.0139087
0.0139081
0.0139074
0.0139066
0.0139057
0.0139047
0.0139036
0.0139023
0.013901
0.0138996
0.0138981
0.0138964
0.0138947
0.0138929
0.0138909
0.0138888
0.0138867
0.0138844
0.0138819
0.0138793
0.0138766
0.0138737
0.0138707
0.0138675
0.0138641
0.0138605
0.0138568
0.0138528
0.0138486
0.0138442
0.0138398
0.0138876
0.0138877
0.0138877
0.0138877
0.0138878
0.0138879
0.0138881
0.0138881
0.0138881
0.013888
0.0138879
0.0138877
0.0138875
0.0138872
0.0138869
0.0138866
0.0138861
0.0138856
0.013885
0.0138843
0.0138835
0.0138826
0.0138816
0.0138805
0.0138792
0.0138779
0.0138765
0.0138749
0.0138732
0.0138714
0.0138695
0.0138675
0.0138653
0.013863
0.0138606
0.013858
0.0138553
0.0138524
0.0138493
0.0138461
0.0138427
0.0138392
0.0138354
0.0138314
0.0138272
0.0138228
0.0138181
0.0138132
0.013808
0.0138029
0.0138629
0.013863
0.0138629
0.0138628
0.0138628
0.0138628
0.0138628
0.0138627
0.0138626
0.0138624
0.0138621
0.0138617
0.0138613
0.0138608
0.0138603
0.0138596
0.0138589
0.0138582
0.0138573
0.0138563
0.0138553
0.0138541
0.0138528
0.0138515
0.01385
0.0138483
0.0138466
0.0138447
0.0138427
0.0138406
0.0138383
0.0138359
0.0138334
0.0138307
0.0138278
0.0138247
0.0138215
0.0138182
0.0138146
0.0138108
0.0138068
0.0138026
0.0137982
0.0137935
0.0137886
0.0137834
0.0137779
0.0137721
0.0137661
0.0137601
0.0138344
0.0138344
0.0138343
0.0138341
0.013834
0.0138339
0.0138337
0.0138335
0.0138332
0.0138328
0.0138324
0.0138318
0.0138312
0.0138305
0.0138297
0.0138288
0.0138279
0.0138268
0.0138256
0.0138244
0.013823
0.0138215
0.0138199
0.0138182
0.0138164
0.0138144
0.0138123
0.0138101
0.0138077
0.0138051
0.0138024
0.0137996
0.0137965
0.0137933
0.0137899
0.0137863
0.0137826
0.0137786
0.0137744
0.0137699
0.0137652
0.0137603
0.0137551
0.0137496
0.0137439
0.0137378
0.0137313
0.0137245
0.0137174
0.0137104
0.0138015
0.0138015
0.0138013
0.013801
0.0138008
0.0138005
0.0138002
0.0137998
0.0137994
0.0137988
0.0137982
0.0137974
0.0137966
0.0137956
0.0137946
0.0137935
0.0137922
0.0137909
0.0137894
0.0137878
0.0137861
0.0137842
0.0137823
0.0137802
0.0137779
0.0137755
0.013773
0.0137703
0.0137674
0.0137644
0.0137611
0.0137577
0.0137541
0.0137503
0.0137463
0.0137421
0.0137377
0.013733
0.013728
0.0137228
0.0137173
0.0137115
0.0137054
0.0136989
0.0136921
0.013685
0.0136774
0.0136695
0.0136611
0.0136529
0.0137636
0.0137634
0.0137632
0.0137628
0.0137625
0.0137621
0.0137616
0.013761
0.0137604
0.0137596
0.0137588
0.0137578
0.0137567
0.0137555
0.0137542
0.0137528
0.0137512
0.0137495
0.0137477
0.0137458
0.0137437
0.0137414
0.013739
0.0137365
0.0137337
0.0137309
0.0137278
0.0137246
0.0137212
0.0137175
0.0137137
0.0137097
0.0137054
0.0137009
0.0136962
0.0136912
0.013686
0.0136804
0.0136746
0.0136684
0.013662
0.0136552
0.013648
0.0136404
0.0136324
0.013624
0.0136151
0.0136058
0.013596
0.0135863
0.0137197
0.0137195
0.0137192
0.0137188
0.0137183
0.0137177
0.0137171
0.0137163
0.0137155
0.0137145
0.0137134
0.0137122
0.0137108
0.0137093
0.0137077
0.0137059
0.013704
0.013702
0.0136998
0.0136974
0.0136948
0.0136921
0.0136893
0.0136862
0.013683
0.0136795
0.0136759
0.013672
0.013668
0.0136637
0.0136591
0.0136544
0.0136493
0.013644
0.0136385
0.0136326
0.0136264
0.0136199
0.013613
0.0136058
0.0135982
0.0135901
0.0135817
0.0135728
0.0135634
0.0135535
0.0135431
0.0135321
0.0135205
0.0135091
0.0136691
0.0136689
0.0136685
0.013668
0.0136673
0.0136666
0.0136657
0.0136648
0.0136637
0.0136624
0.0136611
0.0136596
0.0136579
0.0136561
0.0136541
0.0136519
0.0136496
0.0136472
0.0136445
0.0136416
0.0136386
0.0136354
0.013632
0.0136283
0.0136245
0.0136204
0.0136161
0.0136115
0.0136067
0.0136016
0.0135963
0.0135906
0.0135847
0.0135785
0.0135719
0.0135649
0.0135577
0.01355
0.0135419
0.0135334
0.0135244
0.013515
0.0135051
0.0134946
0.0134835
0.0134719
0.0134595
0.0134465
0.0134329
0.0134195
0.0136107
0.0136104
0.0136099
0.0136093
0.0136085
0.0136075
0.0136065
0.0136052
0.0136039
0.0136024
0.0136007
0.0135988
0.0135968
0.0135946
0.0135922
0.0135897
0.0135869
0.0135839
0.0135808
0.0135774
0.0135738
0.0135699
0.0135659
0.0135615
0.013557
0.0135522
0.0135471
0.0135417
0.013536
0.01353
0.0135237
0.0135171
0.0135101
0.0135027
0.013495
0.0134868
0.0134782
0.0134692
0.0134597
0.0134497
0.0134391
0.013428
0.0134163
0.0134039
0.0133909
0.0133771
0.0133625
0.0133472
0.0133311
0.0133151
0.0135432
0.0135428
0.0135423
0.0135415
0.0135406
0.0135394
0.0135381
0.0135366
0.0135349
0.0135331
0.013531
0.0135288
0.0135264
0.0135237
0.0135209
0.0135178
0.0135145
0.013511
0.0135072
0.0135032
0.0134989
0.0134944
0.0134896
0.0134845
0.0134791
0.0134734
0.0134674
0.013461
0.0134544
0.0134473
0.0134399
0.0134321
0.0134239
0.0134152
0.0134061
0.0133965
0.0133864
0.0133757
0.0133645
0.0133527
0.0133403
0.0133272
0.0133133
0.0132987
0.0132833
0.013267
0.0132498
0.0132316
0.0132126
0.0131934
0.0134653
0.0134648
0.0134642
0.0134633
0.0134621
0.0134607
0.0134591
0.0134573
0.0134552
0.013453
0.0134506
0.0134479
0.013445
0.0134419
0.0134385
0.0134348
0.0134309
0.0134267
0.0134223
0.0134175
0.0134125
0.0134071
0.0134015
0.0133955
0.0133891
0.0133824
0.0133754
0.0133679
0.0133601
0.0133518
0.013343
0.0133339
0.0133242
0.013314
0.0133033
0.013292
0.0132801
0.0132676
0.0132544
0.0132405
0.0132258
0.0132103
0.013194
0.0131767
0.0131585
0.0131391
0.0131187
0.0130971
0.0130746
0.0130517
0.0133754
0.0133748
0.0133739
0.0133729
0.0133715
0.0133699
0.0133679
0.0133657
0.0133633
0.0133606
0.0133577
0.0133545
0.0133511
0.0133474
0.0133434
0.013339
0.0133344
0.0133295
0.0133242
0.0133187
0.0133127
0.0133064
0.0132998
0.0132927
0.0132853
0.0132774
0.0132691
0.0132603
0.0132511
0.0132414
0.0132311
0.0132203
0.013209
0.013197
0.0131844
0.0131711
0.0131571
0.0131424
0.0131269
0.0131105
0.0130932
0.0130749
0.0130556
0.0130352
0.0130136
0.0129908
0.0129666
0.012941
0.0129144
0.012887
0.0132715
0.0132708
0.0132698
0.0132685
0.0132669
0.013265
0.0132627
0.0132601
0.0132572
0.013254
0.0132505
0.0132468
0.0132427
0.0132383
0.0132336
0.0132285
0.0132231
0.0132173
0.0132111
0.0132045
0.0131976
0.0131902
0.0131824
0.0131741
0.0131653
0.0131561
0.0131464
0.0131361
0.0131253
0.0131139
0.0131019
0.0130892
0.0130759
0.0130618
0.013047
0.0130315
0.013015
0.0129977
0.0129795
0.0129602
0.0129398
0.0129183
0.0128956
0.0128715
0.0128461
0.012819
0.0127904
0.0127601
0.0127283
0.0126957
0.0131515
0.0131507
0.0131495
0.013148
0.0131461
0.0131439
0.0131413
0.0131383
0.0131348
0.013131
0.0131269
0.0131225
0.0131177
0.0131125
0.0131069
0.013101
0.0130946
0.0130878
0.0130806
0.0130729
0.0130647
0.0130561
0.0130469
0.0130372
0.013027
0.0130162
0.0130048
0.0129928
0.0129802
0.0129668
0.0129528
0.0129379
0.0129223
0.0129059
0.0128886
0.0128703
0.0128511
0.0128308
0.0128094
0.0127868
0.0127629
0.0127377
0.012711
0.0126828
0.0126528
0.0126211
0.0125874
0.0125517
0.0125143
0.0124755
0.0130132
0.0130122
0.0130108
0.013009
0.0130068
0.0130042
0.0130012
0.0129977
0.0129938
0.0129893
0.0129845
0.0129792
0.0129735
0.0129675
0.012961
0.012954
0.0129465
0.0129386
0.0129301
0.0129212
0.0129116
0.0129016
0.0128909
0.0128796
0.0128677
0.0128551
0.0128418
0.0128278
0.012813
0.0127974
0.012781
0.0127638
0.0127456
0.0127264
0.0127062
0.0126849
0.0126625
0.0126388
0.0126138
0.0125875
0.0125596
0.0125301
0.012499
0.012466
0.012431
0.0123939
0.0123546
0.0123129
0.0122689
0.0122228
0.0128537
0.0128525
0.0128509
0.0128488
0.0128463
0.0128433
0.0128398
0.0128358
0.0128313
0.0128262
0.0128205
0.0128143
0.0128077
0.0128006
0.012793
0.0127848
0.0127761
0.0127669
0.0127571
0.0127466
0.0127355
0.0127238
0.0127114
0.0126983
0.0126844
0.0126698
0.0126543
0.0126381
0.0126209
0.0126028
0.0125838
0.0125637
0.0125426
0.0125203
0.0124969
0.0124722
0.0124461
0.0124187
0.0123897
0.0123591
0.0123268
0.0122927
0.0122566
0.0122183
0.0121778
0.0121349
0.0120893
0.012041
0.0119896
0.011935
0.0126701
0.0126688
0.0126669
0.0126645
0.0126616
0.0126581
0.0126541
0.0126495
0.0126443
0.0126385
0.0126321
0.012625
0.0126172
0.0126089
0.0126
0.0125905
0.0125804
0.0125697
0.0125583
0.0125462
0.0125334
0.0125198
0.0125054
0.0124902
0.0124742
0.0124572
0.0124394
0.0124206
0.0124008
0.0123799
0.0123579
0.0123347
0.0123103
0.0122846
0.0122576
0.0122291
0.0121991
0.0121674
0.012134
0.0120988
0.0120617
0.0120225
0.011981
0.0119372
0.0118907
0.0118415
0.0117893
0.0117338
0.0116745
0.0116108
0.0124592
0.0124577
0.0124555
0.0124528
0.0124495
0.0124455
0.0124409
0.0124357
0.0124298
0.0124232
0.0124158
0.0124078
0.0123989
0.0123893
0.0123789
0.0123679
0.0123563
0.0123439
0.0123307
0.0123167
0.0123019
0.0122863
0.0122697
0.0122522
0.0122338
0.0122143
0.0121938
0.0121722
0.0121494
0.0121254
0.0121001
0.0120736
0.0120456
0.0120162
0.0119852
0.0119526
0.0119182
0.0118821
0.011844
0.0118039
0.0117615
0.0117169
0.0116698
0.01162
0.0115674
0.0115117
0.0114526
0.0113897
0.0113223
0.0112496
0.0122175
0.0122158
0.0122134
0.0122104
0.0122066
0.0122021
0.0121969
0.0121909
0.0121842
0.0121767
0.0121684
0.0121593
0.0121493
0.0121384
0.0121267
0.0121139
0.0121004
0.0120861
0.012071
0.0120549
0.012038
0.01202
0.0120011
0.0119811
0.01196
0.0119377
0.0119143
0.0118896
0.0118636
0.0118363
0.0118075
0.0117772
0.0117454
0.011712
0.0116768
0.0116398
0.0116009
0.01156
0.011517
0.0114717
0.011424
0.0113738
0.0113208
0.011265
0.0112061
0.0111438
0.0110778
0.0110075
0.0109322
0.0108508
0.0119415
0.0119396
0.011937
0.0119336
0.0119294
0.0119243
0.0119184
0.0119117
0.0119042
0.0118957
0.0118864
0.0118761
0.0118649
0.0118527
0.0118394
0.0118251
0.0118097
0.0117933
0.0117759
0.0117576
0.0117383
0.0117179
0.0116963
0.0116736
0.0116496
0.0116244
0.0115978
0.0115699
0.0115405
0.0115096
0.0114771
0.011443
0.0114071
0.0113695
0.0113299
0.0112884
0.0112448
0.0111989
0.0111508
0.0111003
0.0110472
0.0109913
0.0109326
0.0108708
0.0108057
0.0107369
0.0106642
0.0105868
0.010504
0.0104145
0.0116277
0.0116257
0.0116229
0.0116191
0.0116144
0.0116088
0.0116022
0.0115947
0.0115863
0.0115768
0.0115664
0.0115549
0.0115423
0.0115287
0.0115139
0.011498
0.0114809
0.0114625
0.0114428
0.0114219
0.0114
0.0113769
0.0113526
0.011327
0.0113
0.0112716
0.0112418
0.0112104
0.0111775
0.0111429
0.0111066
0.0110684
0.0110285
0.0109865
0.0109425
0.0108964
0.0108481
0.0107974
0.0107442
0.0106885
0.0106301
0.0105688
0.0105045
0.0104369
0.0103658
0.010291
0.0102119
0.010128
0.0100384
0.00994162
0.0112728
0.0112708
0.0112677
0.0112636
0.0112585
0.0112523
0.0112451
0.0112368
0.0112275
0.011217
0.0112054
0.0111926
0.0111787
0.0111636
0.0111472
0.0111296
0.0111107
0.0110904
0.0110687
0.0110456
0.0110208
0.0109949
0.0109676
0.010939
0.0109089
0.0108773
0.0108441
0.0108093
0.0107727
0.0107344
0.0106942
0.0106521
0.010608
0.0105619
0.0105135
0.0104629
0.01041
0.0103546
0.0102966
0.010236
0.0101726
0.0101061
0.0100366
0.00996375
0.00988731
0.00980696
0.00972226
0.00963259
0.00953704
0.00943422
0.0108742
0.0108722
0.010869
0.0108646
0.0108591
0.0108524
0.0108445
0.0108355
0.0108252
0.0108137
0.010801
0.010787
0.0107717
0.0107551
0.0107372
0.0107178
0.0106971
0.0106748
0.0106511
0.0106258
0.010599
0.0105704
0.0105401
0.0105083
0.010475
0.0104402
0.0104036
0.0103654
0.0103253
0.0102833
0.0102395
0.0101935
0.0101455
0.0100953
0.0100429
0.00998809
0.00993088
0.00987113
0.00980876
0.00974365
0.00967568
0.00960471
0.00953057
0.00945307
0.00937196
0.00928691
0.00919749
0.00910307
0.00900277
0.00889527
0.01043
0.010428
0.0104247
0.0104202
0.0104143
0.0104072
0.0103988
0.010389
0.0103779
0.0103655
0.0103517
0.0103365
0.0103199
0.0103018
0.0102823
0.0102614
0.0102389
0.0102148
0.0101891
0.0101618
0.0101327
0.010102
0.0100694
0.0100349
0.0099985
0.00996035
0.00992055
0.00987898
0.00983555
0.00979019
0.00974282
0.00969337
0.00964177
0.00958793
0.00953179
0.00947326
0.00941227
0.00934873
0.00928254
0.0092136
0.00914179
0.009067
0.00898906
0.00890778
0.00882293
0.00873419
0.00864113
0.00854317
0.00843946
0.00832879
0.00993953
0.00993768
0.00993442
0.00992975
0.00992366
0.00991615
0.00990722
0.00989685
0.00988503
0.00987174
0.00985698
0.00984071
0.00982293
0.00980361
0.00978272
0.00976023
0.00973611
0.00971034
0.00968286
0.00965366
0.00962267
0.00958987
0.00955519
0.00951858
0.00948
0.00943939
0.00939663
0.00935187
0.00930533
0.00925686
0.00920639
0.00915383
0.00909911
0.00904216
0.0089829
0.00892125
0.00885716
0.00879053
0.00872128
0.00864932
0.00857455
0.00849684
0.00841607
0.00833204
0.00824454
0.00815326
0.00805782
0.00795766
0.00785201
0.00773976
0.00940351
0.00940191
0.00939876
0.00939408
0.00938787
0.00938012
0.00937083
0.00935998
0.00934758
0.0093336
0.00931804
0.00930088
0.00928211
0.00926169
0.00923961
0.00921585
0.00919038
0.00916316
0.00913418
0.00910339
0.00907076
0.00903624
0.00899981
0.00896142
0.00892101
0.00887854
0.00883396
0.00878721
0.00873821
0.00868694
0.0086338
0.00857865
0.0085214
0.00846197
0.00840029
0.00833629
0.00826989
0.00820103
0.00812963
0.0080556
0.00797886
0.0078993
0.00781679
0.00773117
0.00764223
0.0075497
0.00745322
0.00735229
0.00724621
0.00713399
0.00882446
0.00882316
0.00882023
0.00881565
0.00880943
0.00880157
0.00879208
0.00878093
0.00876813
0.00875367
0.00873754
0.00871972
0.0087002
0.00867896
0.00865599
0.00863127
0.00860477
0.00857647
0.00854634
0.00851436
0.0084805
0.00844473
0.00840701
0.0083673
0.00832558
0.00828179
0.0082359
0.00818787
0.00813763
0.00808516
0.00803038
0.00797314
0.00791397
0.00785278
0.00778945
0.00772393
0.00765613
0.00758599
0.00751344
0.0074384
0.00736078
0.00728051
0.00719745
0.00711146
0.00702236
0.00692991
0.00683379
0.00673353
0.00662854
0.00651795
0.0082065
0.00820559
0.00820295
0.00819859
0.0081925
0.00818469
0.00817517
0.00816392
0.00815094
0.00813623
0.00811978
0.00810159
0.00808164
0.00805992
0.00803641
0.00801111
0.00798399
0.00795504
0.00792423
0.00789155
0.00785697
0.00782047
0.00778203
0.0077416
0.00769918
0.00765472
0.00760819
0.00755956
0.00750879
0.00745585
0.00740069
0.00734326
0.00728355
0.0072214
0.00715716
0.00709096
0.00702268
0.00695225
0.00687958
0.00680461
0.00672726
0.00664743
0.00656504
0.00647995
0.00639199
0.00630096
0.00620656
0.00610842
0.00600598
0.00589852
0.00755548
0.00755501
0.00755275
0.0075487
0.00754288
0.00753528
0.0075259
0.00751476
0.00750184
0.00748716
0.00747069
0.00745244
0.00743241
0.00741058
0.00738695
0.0073615
0.00733423
0.00730512
0.00727415
0.00724132
0.00720661
0.00716999
0.00713146
0.00709098
0.00704855
0.00700414
0.00695772
0.00690927
0.00685877
0.00680618
0.00675149
0.00669466
0.00663566
0.00657444
0.006511
0.00644521
0.00637725
0.00630745
0.00623567
0.00616183
0.00608585
0.00600764
0.00592711
0.00584414
0.00575858
0.00567025
0.00557891
0.00548421
0.00538571
0.00528276
0.00687874
0.00687867
0.00687686
0.00687323
0.00686779
0.00686055
0.00685151
0.00684069
0.00682808
0.00681369
0.00679752
0.00677956
0.00675982
0.00673829
0.00671496
0.00668984
0.00666291
0.00663417
0.00660361
0.00657121
0.00653698
0.0065009
0.00646296
0.00642314
0.00638143
0.00633783
0.00629231
0.00624486
0.00619546
0.0061441
0.00609075
0.00603541
0.00597804
0.00591863
0.00585714
0.00579356
0.00572784
0.00565992
0.00558985
0.0055181
0.00544451
0.00536899
0.00529142
0.00521171
0.00512973
0.0050453
0.00495822
0.00486821
0.00477487
0.00467768
0.0061847
0.00618514
0.00618377
0.0061806
0.00617563
0.00616888
0.00616035
0.00615006
0.006138
0.00612418
0.00610861
0.00609128
0.00607221
0.00605138
0.00602881
0.00600448
0.0059784
0.00595057
0.00592097
0.00588962
0.0058565
0.00582161
0.00578494
0.00574649
0.00570625
0.00566422
0.00562039
0.00557475
0.00552729
0.005478
0.00542688
0.00537391
0.00531908
0.00526237
0.00520378
0.00514329
0.00508086
0.00501647
0.00495009
0.00488166
0.00481127
0.00473934
0.00466572
0.00459028
0.00451291
0.00443344
0.0043517
0.00426745
0.00418037
0.00409001
0.00548272
0.00548357
0.00548266
0.00547999
0.00547558
0.00546943
0.00546156
0.00545198
0.00544069
0.0054277
0.00541302
0.00539666
0.00537861
0.00535888
0.00533748
0.00531441
0.00528967
0.00526326
0.00523518
0.00520544
0.00517404
0.00514097
0.00510624
0.00506985
0.00503179
0.00499206
0.00495067
0.0049076
0.00486287
0.00481646
0.00476838
0.00471862
0.00466718
0.00461404
0.00455921
0.00450266
0.0044444
0.0043844
0.00432263
0.00425908
0.00419369
0.00412638
0.00405745
0.00398711
0.00391521
0.0038416
0.00376611
0.00368853
0.00360861
0.00352596
0.00478248
0.00478368
0.0047832
0.00478105
0.00477724
0.00477179
0.0047647
0.00475599
0.00474566
0.00473373
0.00472021
0.00470509
0.0046884
0.00467013
0.00465029
0.00462889
0.00460594
0.00458143
0.00455538
0.00452778
0.00449865
0.00446799
0.0044358
0.00440208
0.00436684
0.00433008
0.00429181
0.00425202
0.00421073
0.00416793
0.00412363
0.00407782
0.00403051
0.0039817
0.00393139
0.00387957
0.00382623
0.00377138
0.00371499
0.00365704
0.00359751
0.00353635
0.00347354
0.00340889
0.00334315
0.0032761
0.00320758
0.00313739
0.00306533
0.0029911
0.00409378
0.00409525
0.00409513
0.0040935
0.00409032
0.00408562
0.00407941
0.00407169
0.00406249
0.00405181
0.00403965
0.00402604
0.00401098
0.00399447
0.00397654
0.00395717
0.00393639
0.0039142
0.0038906
0.00386561
0.00383923
0.00381147
0.00378233
0.00375183
0.00371996
0.00368674
0.00365217
0.00361626
0.00357902
0.00354044
0.00350054
0.00345932
0.00341679
0.00337294
0.00332778
0.00328132
0.00323355
0.00318446
0.00313406
0.00308232
0.00302924
0.00297477
0.00291889
0.00286151
0.00280258
0.00274255
0.00268149
0.00261921
0.00255551
0.00249017
0.00342617
0.00342781
0.00342803
0.00342687
0.00342432
0.0034204
0.00341512
0.00340848
0.00340052
0.00339122
0.00338062
0.0033687
0.00335549
0.003341
0.00332522
0.00330818
0.00328988
0.00327034
0.00324955
0.00322753
0.00320429
0.00317983
0.00315417
0.00312731
0.00309926
0.00307003
0.00303963
0.00300806
0.00297534
0.00294148
0.00290647
0.00287032
0.00283305
0.00279466
0.00275516
0.00271454
0.0026728
0.00262996
0.00258601
0.00254093
0.00249473
0.00244737
0.00239883
0.00234908
0.00229805
0.00224565
0.00219235
0.00213828
0.00208325
0.00202707
0.00278878
0.00279049
0.00279097
0.00279023
0.00278829
0.00278515
0.00278082
0.00277533
0.00276867
0.00276085
0.0027519
0.00274182
0.00273061
0.0027183
0.00270488
0.00269037
0.00267478
0.00265812
0.00264039
0.00262161
0.00260178
0.00258091
0.00255902
0.00253611
0.0025122
0.00248728
0.00246137
0.00243449
0.00240662
0.0023778
0.00234802
0.00231729
0.00228562
0.00225302
0.00221948
0.00218503
0.00214965
0.00211336
0.00207614
0.00203801
0.00199895
0.00195894
0.00191798
0.00187604
0.00183307
0.00178901
0.00174378
0.00169804
0.00165176
0.00160479
0.00219015
0.00219183
0.00219249
0.00219212
0.00219073
0.00218835
0.00218498
0.00218062
0.00217529
0.002169
0.00216176
0.00215357
0.00214445
0.00213441
0.00212345
0.00211159
0.00209883
0.00208519
0.00207066
0.00205527
0.00203901
0.0020219
0.00200395
0.00198517
0.00196556
0.00194513
0.0019239
0.00190187
0.00187905
0.00185544
0.00183106
0.00180592
0.00178001
0.00175336
0.00172595
0.00169781
0.00166892
0.0016393
0.00160894
0.00157785
0.00154601
0.00151343
0.00148008
0.00144596
0.00141102
0.00137524
0.00133852
0.00130104
0.00126342
0.00122549
0.00163823
0.0016398
0.00164055
0.00164046
0.00163959
0.00163792
0.00163545
0.0016322
0.00162817
0.00162339
0.00161784
0.00161155
0.00160453
0.00159677
0.00158829
0.00157909
0.00156919
0.00155859
0.0015473
0.00153532
0.00152267
0.00150936
0.00149538
0.00148075
0.00146548
0.00144957
0.00143304
0.00141588
0.00139811
0.00137974
0.00136076
0.0013412
0.00132104
0.00130031
0.001279
0.00125712
0.00123467
0.00121166
0.00118808
0.00116394
0.00113922
0.00111393
0.00108806
0.00106158
0.00103449
0.00100675
0.000978309
0.000949063
0.00091981
0.000890546
0.00114065
0.00114201
0.00114276
0.00114291
0.00114245
0.00114139
0.00113975
0.00113753
0.00113473
0.00113136
0.00112744
0.00112297
0.00111795
0.0011124
0.00110632
0.00109971
0.00109257
0.00108493
0.00107678
0.00106813
0.00105898
0.00104935
0.00103923
0.00102864
0.00101758
0.00100605
0.000994073
0.000981639
0.000968761
0.000955443
0.00094169
0.000927509
0.000912903
0.000897877
0.000882434
0.000866578
0.000850311
0.000833634
0.000816548
0.00079905
0.000781137
0.000762803
0.00074404
0.000724832
0.000705165
0.000685015
0.000664332
0.000642985
0.000621603
0.000600376
0.000704703
0.000705802
0.000706489
0.000706759
0.00070662
0.00070608
0.000705146
0.000703826
0.000702123
0.000700028
0.000697581
0.000694771
0.000691601
0.000688074
0.000684195
0.000679968
0.000675399
0.000670491
0.000665249
0.000659676
0.000653777
0.000647556
0.000641017
0.000634164
0.000627001
0.000619533
0.000611763
0.000603696
0.000595334
0.000586683
0.000577744
0.000568521
0.000559018
0.000549235
0.000539175
0.00052884
0.000518229
0.000507343
0.00049618
0.000484738
0.000473013
0.000460997
0.000448678
0.000436033
0.000423043
0.000409692
0.000395941
0.000381629
0.000367278
0.000353056
0.000336794
0.000337454
0.000337921
0.000338153
0.000338136
0.000337894
0.000337432
0.00033676
0.000335885
0.000334754
0.000333469
0.00033198
0.000330291
0.000328404
0.000326322
0.000324048
0.000321585
0.000318935
0.000316098
0.000313077
0.000309871
0.000306483
0.000302915
0.000299167
0.00029524
0.000291136
0.000286855
0.000282398
0.000277766
0.000272958
0.000267974
0.000262814
0.000257477
0.000251961
0.000246264
0.000240384
0.000234317
0.000228061
0.000221609
0.000214957
0.000208098
0.000201027
0.00019374
0.000186219
0.000178393
0.000170251
0.000161795
0.000152824
0.000143902
0.000134906
1.72116e-05
1.75096e-05
1.78166e-05
1.80067e-05
1.81052e-05
1.81587e-05
1.81749e-05
1.81595e-05
1.81125e-05
1.79768e-05
1.78445e-05
1.76666e-05
1.74516e-05
1.72001e-05
1.69138e-05
1.6595e-05
1.62461e-05
1.58706e-05
1.54722e-05
1.50516e-05
1.46076e-05
1.41417e-05
1.36558e-05
1.3152e-05
1.26326e-05
1.20999e-05
1.15563e-05
1.10043e-05
1.04464e-05
9.88503e-06
9.32266e-06
8.76176e-06
8.20477e-06
7.65404e-06
7.11189e-06
6.58055e-06
6.06216e-06
5.5587e-06
5.07202e-06
4.60377e-06
4.15582e-06
3.73173e-06
3.33733e-06
2.95667e-06
2.57434e-06
2.20097e-06
1.86557e-06
1.5794e-06
1.34722e-06
1.12458e-06
)
;

boundaryField
{
    down
    {
        type            freestream;
        freestreamValue uniform 0.014;
        value           nonuniform List<scalar> 
61
(
0.0140257
0.0140257
0.0140257
0.0140257
0.0140256
0.0140256
0.0140256
0.0140255
0.0140255
0.0140254
0.0140254
0.0140254
0.0140253
0.0140253
0.0140252
0.0140252
0.0140252
0.0140251
0.0140251
0.014025
0.014025
0.0140249
0.0140248
0.0140248
0.0140247
0.0140247
0.0140246
0.0140245
0.0140245
0.0140244
0.0140243
0.0140243
0.0140242
0.0140241
0.0140241
0.014024
0.0140239
0.0140239
0.0140238
0.0140237
0.0140237
0.0140236
0.0140235
0.0140234
0.0140234
0.0140233
0.0140232
0.0140232
0.0140231
0.014023
0.014023
0.0140229
0.0140228
0.0140228
0.0140227
0.0140226
0.0140225
0.0140225
0.0140224
0.0140223
0.0140223
)
;
    }
    right
    {
        type            freestream;
        freestreamValue nonuniform List<scalar> 0();
        value           nonuniform List<scalar> 0();
    }
    up
    {
        type            freestream;
        freestreamValue nonuniform List<scalar> 0();
        value           nonuniform List<scalar> 0();
    }
    meanFlow
    {
        type            freestream;
        freestreamValue uniform 0.014;
        value           uniform 0.014;
    }
    surface
    {
        type            nutUSpaldingWallFunction;
        Cmu             0.09;
        kappa           0.41;
        E               9.8;
        value           nonuniform List<scalar> 
135
(
9.5109e-08
1.81553e-07
1.92757e-07
1.8036e-07
1.53554e-07
1.25045e-07
9.95548e-08
7.93747e-08
6.13455e-08
4.48387e-08
3.03746e-08
1.88372e-08
9.97429e-09
3.63768e-09
2.31325e-10
1.0244e-09
2.85622e-09
4.46048e-09
4.80401e-09
3.84737e-09
1.74336e-09
5.11948e-10
1.22032e-08
4.05697e-08
7.44155e-08
1.06839e-07
1.40689e-07
1.80692e-07
1.6228e-07
1.49035e-08
2.24558e-07
8.68821e-07
1.69459e-06
2.43656e-06
3.03956e-06
3.52749e-06
3.93121e-06
4.27363e-06
4.57049e-06
4.83426e-06
5.07757e-06
5.31462e-06
5.54526e-06
5.76706e-06
5.98125e-06
6.18922e-06
6.39165e-06
6.58914e-06
6.78248e-06
6.97239e-06
7.15965e-06
7.34652e-06
7.53822e-06
7.74493e-06
7.96407e-06
8.20782e-06
8.47341e-06
8.76017e-06
9.06034e-06
9.36989e-06
9.68787e-06
1.00157e-05
1.2061e-05
1.21644e-05
1.22366e-05
1.22815e-05
1.23005e-05
1.22949e-05
1.22667e-05
1.22179e-05
1.21495e-05
1.20626e-05
1.19577e-05
1.18352e-05
1.16974e-05
1.15452e-05
1.13793e-05
1.12016e-05
1.10145e-05
1.08191e-05
1.06133e-05
1.03947e-05
1.01668e-05
9.93017e-06
9.68609e-06
9.43619e-06
9.17999e-06
8.91109e-06
8.63086e-06
8.34507e-06
8.05563e-06
7.76331e-06
7.46803e-06
7.16921e-06
6.86882e-06
6.5685e-06
6.26695e-06
5.96542e-06
5.6644e-06
5.36459e-06
5.06664e-06
4.77125e-06
4.47911e-06
4.19098e-06
3.90742e-06
3.6293e-06
3.35735e-06
3.09234e-06
2.83504e-06
2.58622e-06
2.34662e-06
2.11697e-06
1.89795e-06
1.69018e-06
1.49422e-06
1.31055e-06
1.13953e-06
9.81446e-07
8.36429e-07
7.045e-07
5.85546e-07
4.79326e-07
3.85484e-07
3.0356e-07
2.32987e-07
1.73109e-07
1.23311e-07
8.30746e-08
5.12005e-08
2.69041e-08
1.18083e-08
4.50676e-09
6.18263e-09
1.40631e-08
2.59135e-08
)
;
    }
    surfaceInner
    {
        type            nutUSpaldingWallFunction;
        Cmu             0.09;
        kappa           0.41;
        E               9.8;
        value           nonuniform List<scalar> 
46
(
1.18588e-06
1.11482e-06
1.02053e-06
9.30478e-07
8.49259e-07
7.76082e-07
7.25461e-07
6.9045e-07
6.59445e-07
6.27118e-07
5.92451e-07
5.57114e-07
5.23283e-07
4.92609e-07
4.66049e-07
4.42595e-07
4.18854e-07
3.87091e-07
1.21421e-06
1.17771e-06
1.12452e-06
1.069e-06
1.01461e-06
9.61272e-07
9.07693e-07
8.5745e-07
8.09483e-07
7.60834e-07
7.10357e-07
6.59038e-07
6.08773e-07
5.6296e-07
5.23206e-07
4.88661e-07
4.58098e-07
4.3006e-07
4.03052e-07
3.89603e-07
3.5954e-07
3.37533e-07
3.12942e-07
2.85923e-07
2.58212e-07
2.31993e-07
2.08047e-07
1.88282e-07
)
;
    }
    coandaInlet
    {
        type            freestream;
        freestreamValue uniform 0.014;
        value           uniform 0.014;
    }
    defaultFaces
    {
        type            empty;
    }
    procBoundary0to1
    {
        type            processor;
        value           nonuniform List<scalar> 
81
(
3.66894e-07
4.10873e-05
4.10873e-05
5.89788e-05
7.98742e-05
7.98742e-05
9.28693e-05
0.00010157
0.00010157
0.000105745
0.000105745
0.000104359
0.000104359
9.8441e-05
9.23739e-05
9.23739e-05
8.03933e-05
7.3848e-05
7.3848e-05
6.72023e-05
6.72023e-05
6.35194e-05
6.0189e-05
5.57496e-05
5.57496e-05
4.70102e-05
3.51199e-05
3.51199e-05
2.28284e-05
3.49415e-07
0.0140222
0.0140133
0.0139947
0.0139796
0.0139591
0.0139304
0.0138742
0.0138362
0.0138362
0.0137911
0.0137365
0.0136693
0.0135858
0.0134809
0.0133464
0.013168
0.0129204
0.0125632
0.0120859
0.0116915
0.0119179
0.0141388
0.0191401
0.0252945
0.029678
0.031565
0.0316893
0.0306032
0.0286733
0.0261457
0.0231892
0.0199855
0.0169876
0.0145201
0.0126646
0.0113937
0.0104103
0.00957589
0.00880782
0.00804723
0.00727162
0.00646921
0.00563401
0.00476644
0.00386803
0.00293821
0.00199731
0.00124479
0.000680424
0.000288285
1.07607e-05
)
;
    }
    procBoundary0to2
    {
        type            processor;
        value           nonuniform List<scalar> 
73
(
0.0140022
0.0139958
0.0139883
0.0139795
0.0139692
0.0139573
0.0139434
0.0139274
0.0139089
0.0138875
0.0138629
0.0138344
0.0138015
0.0138015
0.0137636
0.0137198
0.0136693
0.0136109
0.0135435
0.0134657
0.0133758
0.0132721
0.0132721
0.0131522
0.0130139
0.0128545
0.012671
0.012671
0.0124593
0.0122174
0.0119409
0.0119409
0.011624
0.0112676
0.0112676
0.0108623
0.0108623
0.0104078
0.00991241
0.00991241
0.00936015
0.00936015
0.00876028
0.0081344
0.0081344
0.00745788
0.00745788
0.00675323
0.00675323
0.00603056
0.00603056
0.00530118
0.00530118
0.00457709
0.00457709
0.00387034
0.00387034
0.00319262
0.00319262
0.00252763
0.00255471
0.00255471
0.00194195
0.00194195
0.00141502
0.00141502
0.000954371
0.000954371
0.000564262
0.000564262
0.000255836
0.000255836
4.73994e-06
)
;
    }
}


// ************************************************************************* //
