/*--------------------------------*- C++ -*----------------------------------*\
  =========                 |
  \\      /  F ield         | OpenFOAM: The Open Source CFD Toolbox
   \\    /   O peration     | Website:  https://openfoam.org
    \\  /    A nd           | Version:  9
     \\/     M anipulation  |
\*---------------------------------------------------------------------------*/
FoamFile
{
    format      ascii;
    class       labelList;
    note        "nPoints: 11194 nCells: 5373 nFaces: 21715 nInternalFaces: 10523";
    location    "constant/polyMesh";
    object      neighbour;
}
// * * * * * * * * * * * * * * * * * * * * * * * * * * * * * * * * * * * * * //


10523
(
1
2
3
6
3
4
26
5
46
66
7
26
8
27
9
28
10
29
11
30
12
31
13
32
14
33
15
34
16
35
17
36
18
37
19
38
20
39
21
40
22
41
23
42
24
43
25
44
45
336
27
46
28
47
29
48
30
49
31
50
32
51
33
52
34
53
35
54
36
55
37
56
38
57
39
58
40
59
41
60
42
61
43
62
44
63
45
64
65
356
47
66
48
67
49
68
50
69
51
70
52
71
53
72
54
73
55
74
56
75
57
76
58
77
59
78
60
79
61
80
62
81
63
82
64
83
65
84
85
376
67
86
68
87
69
88
70
89
71
90
72
91
73
92
74
93
75
94
76
95
77
96
78
97
79
98
80
99
81
100
82
101
83
102
84
103
85
104
105
396
87
106
88
107
89
108
90
109
91
110
92
111
93
112
94
113
95
114
96
115
97
116
98
117
99
118
100
119
101
120
102
121
103
122
104
123
105
124
125
416
107
108
126
109
127
110
128
111
129
112
130
113
131
114
132
115
133
116
134
117
135
118
136
119
137
120
138
121
139
122
140
123
141
124
142
125
143
144
436
127
128
145
129
146
130
147
131
148
132
149
133
150
134
151
135
152
136
153
137
154
138
155
139
156
140
157
141
158
142
159
143
160
144
161
162
456
146
147
163
148
164
149
165
150
166
151
167
152
168
153
169
154
170
155
171
156
172
157
173
158
174
159
175
160
176
161
177
162
178
179
476
164
180
165
181
166
182
167
183
168
184
169
185
170
186
171
187
172
188
173
189
174
190
175
191
176
192
177
193
178
194
179
195
196
496
181
182
197
183
198
184
199
185
200
186
201
187
202
188
203
189
204
190
205
191
206
192
207
193
208
194
209
195
210
196
211
212
516
198
213
199
214
200
215
201
216
202
217
203
218
204
219
205
220
206
221
207
222
208
223
209
224
210
225
211
226
212
227
228
536
214
215
229
216
230
217
231
218
232
219
233
220
234
221
235
222
236
223
237
224
238
225
239
226
240
227
241
228
242
243
556
230
231
244
232
245
233
246
234
247
235
248
236
249
237
250
238
251
239
252
240
253
241
254
242
255
243
256
257
576
245
258
246
259
247
260
248
261
249
262
250
263
251
264
252
265
253
266
254
267
255
268
256
269
257
270
271
596
259
272
260
273
261
274
262
275
263
276
264
277
265
278
266
279
267
280
268
281
269
282
270
283
271
284
285
616
273
274
286
275
287
276
288
277
289
278
290
279
291
280
292
281
293
282
294
283
295
284
296
285
297
298
636
287
299
288
300
289
301
290
302
291
303
292
304
293
305
294
306
295
307
296
308
297
309
298
310
311
656
300
301
312
302
313
303
314
304
315
305
316
306
317
307
318
308
319
309
320
310
321
311
322
323
676
313
324
314
325
315
326
316
327
317
328
318
329
319
330
320
331
321
332
322
333
323
334
335
696
325
326
327
328
329
330
331
332
333
334
335
716
337
356
338
357
339
358
340
359
341
360
342
361
343
362
344
363
345
364
346
365
347
366
348
367
349
368
350
369
351
370
352
371
353
372
354
373
355
374
375
5351
357
376
358
377
359
378
360
379
361
380
362
381
363
382
364
383
365
384
366
385
367
386
368
387
369
388
370
389
371
390
372
391
373
392
374
393
375
394
395
5352
377
396
378
397
379
398
380
399
381
400
382
401
383
402
384
403
385
404
386
405
387
406
388
407
389
408
390
409
391
410
392
411
393
412
394
413
395
414
415
5353
397
416
398
417
399
418
400
419
401
420
402
421
403
422
404
423
405
424
406
425
407
426
408
427
409
428
410
429
411
430
412
431
413
432
414
433
415
434
435
5354
417
436
418
437
419
438
420
439
421
440
422
441
423
442
424
443
425
444
426
445
427
446
428
447
429
448
430
449
431
450
432
451
433
452
434
453
435
454
455
5355
437
456
438
457
439
458
440
459
441
460
442
461
443
462
444
463
445
464
446
465
447
466
448
467
449
468
450
469
451
470
452
471
453
472
454
473
455
474
475
5356
457
476
458
477
459
478
460
479
461
480
462
481
463
482
464
483
465
484
466
485
467
486
468
487
469
488
470
489
471
490
472
491
473
492
474
493
475
494
495
5357
477
496
478
497
479
498
480
499
481
500
482
501
483
502
484
503
485
504
486
505
487
506
488
507
489
508
490
509
491
510
492
511
493
512
494
513
495
514
515
5358
497
516
498
517
499
518
500
519
501
520
502
521
503
522
504
523
505
524
506
525
507
526
508
527
509
528
510
529
511
530
512
531
513
532
514
533
515
534
535
5359
517
536
518
537
519
538
520
539
521
540
522
541
523
542
524
543
525
544
526
545
527
546
528
547
529
548
530
549
531
550
532
551
533
552
534
553
535
554
555
5360
537
556
538
557
539
558
540
559
541
560
542
561
543
562
544
563
545
564
546
565
547
566
548
567
549
568
550
569
551
570
552
571
553
572
554
573
555
574
575
5361
557
576
558
577
559
578
560
579
561
580
562
581
563
582
564
583
565
584
566
585
567
586
568
587
569
588
570
589
571
590
572
591
573
592
574
593
575
594
595
5362
577
596
578
597
579
598
580
599
581
600
582
601
583
602
584
603
585
604
586
605
587
606
588
607
589
608
590
609
591
610
592
611
593
612
594
613
595
614
615
5363
597
616
598
617
599
618
600
619
601
620
602
621
603
622
604
623
605
624
606
625
607
626
608
627
609
628
610
629
611
630
612
631
613
632
614
633
615
634
635
5364
617
636
618
637
619
638
620
639
621
640
622
641
623
642
624
643
625
644
626
645
627
646
628
647
629
648
630
649
631
650
632
651
633
652
634
653
635
654
655
5365
637
656
638
657
639
658
640
659
641
660
642
661
643
662
644
663
645
664
646
665
647
666
648
667
649
668
650
669
651
670
652
671
653
672
654
673
655
674
675
5366
657
676
658
677
659
678
660
679
661
680
662
681
663
682
664
683
665
684
666
685
667
686
668
687
669
688
670
689
671
690
672
691
673
692
674
693
675
694
695
5367
677
696
678
697
679
698
680
699
681
700
682
701
683
702
684
703
685
704
686
705
687
706
688
707
689
708
690
709
691
710
692
711
693
712
694
713
695
714
715
5368
697
716
698
717
699
718
700
719
701
720
702
721
703
722
704
723
705
724
706
725
707
726
708
727
709
728
710
729
711
730
712
731
713
732
714
733
715
734
735
5369
717
718
719
720
721
722
723
724
725
726
727
728
729
730
731
732
733
734
735
5370
737
745
738
746
739
747
740
748
741
749
742
750
743
751
744
752
753
3594
746
754
747
755
748
756
749
757
750
758
751
759
752
760
753
761
762
3595
755
763
756
764
757
765
758
766
759
767
760
768
761
769
762
770
771
3596
764
772
765
773
766
774
767
775
768
776
769
777
770
778
771
779
780
3597
773
781
774
782
775
783
776
784
777
785
778
786
779
787
780
788
789
3598
782
790
783
791
784
792
785
793
786
794
787
795
788
796
789
797
798
3599
791
799
792
800
793
801
794
802
795
803
796
804
797
805
798
806
807
3600
800
801
808
802
809
803
810
804
811
805
812
806
813
807
814
815
3601
809
816
810
817
811
818
812
819
813
820
814
821
815
822
823
3602
817
824
818
825
819
826
820
827
821
828
822
829
823
830
831
3603
825
832
826
833
827
834
828
835
829
836
830
837
831
838
839
3604
833
840
834
841
835
842
836
843
837
844
838
845
839
846
847
3605
841
848
842
849
843
850
844
851
845
852
846
853
847
854
855
3606
849
856
850
857
851
858
852
859
853
860
854
861
855
862
863
3607
857
864
858
865
859
866
860
867
861
868
862
869
863
870
871
3608
865
872
866
873
867
874
868
875
869
876
870
877
871
878
879
3609
873
880
874
881
875
882
876
883
877
884
878
885
879
886
887
3610
881
888
882
889
883
890
884
891
885
892
886
893
887
894
895
3611
889
896
890
897
891
898
892
899
893
900
894
901
895
902
903
3612
897
904
898
905
899
906
900
907
901
908
902
909
903
910
911
3613
905
912
906
913
907
914
908
915
909
916
910
917
911
918
919
3614
913
920
914
921
915
922
916
923
917
924
918
925
919
926
927
3615
921
928
922
929
923
930
924
931
925
932
926
933
927
934
935
3616
929
936
930
937
931
938
932
939
933
940
934
941
935
942
943
3617
937
944
938
945
939
946
940
947
941
948
942
949
943
950
951
3618
945
952
946
953
947
954
948
955
949
956
950
957
951
958
959
3619
953
960
954
961
955
962
956
963
957
964
958
965
959
966
967
3620
961
968
962
969
963
970
964
971
965
972
966
973
967
974
975
3621
969
976
970
977
971
978
972
979
973
980
974
981
975
982
983
3622
977
984
978
985
979
986
980
987
981
988
982
989
983
990
991
3623
985
992
986
993
987
994
988
995
989
996
990
997
991
998
999
3624
993
1000
994
1001
995
1002
996
1003
997
1004
998
1005
999
1006
1007
3625
1001
1008
1002
1009
1003
1010
1004
1011
1005
1012
1006
1013
1007
1014
1015
3626
1009
1016
1010
1017
1011
1018
1012
1019
1013
1020
1014
1021
1015
1022
1023
3627
1017
1024
1018
1025
1019
1026
1020
1027
1021
1028
1022
1029
1023
1030
1031
3628
1025
1032
1026
1033
1027
1034
1028
1035
1029
1036
1030
1037
1031
1038
1039
3629
1033
1040
1034
1041
1035
1042
1036
1043
1037
1044
1038
1045
1039
1046
1047
3630
1041
1048
1042
1049
1043
1050
1044
1051
1045
1052
1046
1053
1047
1054
1055
3631
1049
1056
1050
1057
1051
1058
1052
1059
1053
1060
1054
1061
1055
1062
1063
3632
1057
1064
1058
1065
1059
1066
1060
1067
1061
1068
1062
1069
1063
1070
1071
3633
1065
1072
1066
1073
1067
1074
1068
1075
1069
1076
1070
1077
1071
1078
1079
3634
1073
1080
1074
1081
1075
1082
1076
1083
1077
1084
1078
1085
1079
1086
1087
3635
1081
1088
1082
1089
1083
1090
1084
1091
1085
1092
1086
1093
1087
1094
1095
3636
1089
1096
1090
1097
1091
1098
1092
1099
1093
1100
1094
1101
1095
1102
1103
3637
1097
1104
1098
1105
1099
1106
1100
1107
1101
1108
1102
1109
1103
1110
1111
3638
1105
1112
1106
1113
1107
1114
1108
1115
1109
1116
1110
1117
1111
1118
1119
3639
1113
1120
1114
1121
1115
1122
1116
1123
1117
1124
1118
1125
1119
1126
1127
3640
1121
1128
1122
1129
1123
1130
1124
1131
1125
1132
1126
1133
1127
1134
1135
3641
1129
1136
1130
1137
1131
1138
1132
1139
1133
1140
1134
1141
1135
1142
1143
3642
1137
1138
1139
1140
1141
1142
1143
3643
1145
1194
1146
1195
1147
1196
1148
1197
1149
1198
1150
1199
1151
1200
1152
1201
1153
1202
1154
1203
1155
1204
1156
1205
1157
1206
1158
1207
1159
1208
1160
1209
1161
1210
1162
1211
1163
1212
1164
1213
1165
1214
1166
1215
1167
1216
1168
1217
1169
1218
1170
1219
1171
1220
1172
1221
1173
1222
1174
1223
1175
1224
1176
1225
1177
1226
1178
1227
1179
1228
1180
1229
1181
1230
1182
1231
1183
1232
1184
1233
1185
1234
1186
1235
1187
1236
1188
1237
1189
1238
1190
1239
1191
1240
1192
1241
1193
1242
1243
3644
1195
1244
1196
1245
1197
1246
1198
1247
1199
1248
1200
1249
1201
1250
1202
1251
1203
1252
1204
1253
1205
1254
1206
1255
1207
1256
1208
1257
1209
1258
1210
1259
1211
1260
1212
1261
1213
1262
1214
1263
1215
1264
1216
1265
1217
1266
1218
1267
1219
1268
1220
1269
1221
1270
1222
1271
1223
1272
1224
1273
1225
1274
1226
1275
1227
1276
1228
1277
1229
1278
1230
1279
1231
1280
1232
1281
1233
1282
1234
1283
1235
1284
1236
1285
1237
1286
1238
1287
1239
1288
1240
1289
1241
1290
1242
1291
1243
1292
1293
3669
1245
1294
1246
1295
1247
1296
1248
1297
1249
1298
1250
1299
1251
1300
1252
1301
1253
1302
1254
1303
1255
1304
1256
1305
1257
1306
1258
1307
1259
1308
1260
1309
1261
1310
1262
1311
1263
1312
1264
1313
1265
1314
1266
1315
1267
1316
1268
1317
1269
1318
1270
1319
1271
1320
1272
1321
1273
1322
1274
1323
1275
1324
1276
1325
1277
1326
1278
1327
1279
1328
1280
1329
1281
1330
1282
1331
1283
1332
1284
1333
1285
1334
1286
1335
1287
1336
1288
1337
1289
1338
1290
1339
1291
1340
1292
1341
1293
1342
1343
3694
1295
1344
1296
1345
1297
1346
1298
1347
1299
1348
1300
1349
1301
1350
1302
1351
1303
1352
1304
1353
1305
1354
1306
1355
1307
1356
1308
1357
1309
1358
1310
1359
1311
1360
1312
1361
1313
1362
1314
1363
1315
1364
1316
1365
1317
1366
1318
1367
1319
1368
1320
1369
1321
1370
1322
1371
1323
1372
1324
1373
1325
1374
1326
1375
1327
1376
1328
1377
1329
1378
1330
1379
1331
1380
1332
1381
1333
1382
1334
1383
1335
1384
1336
1385
1337
1386
1338
1387
1339
1388
1340
1389
1341
1390
1342
1391
1343
1392
1393
3720
1345
1394
1346
1395
1347
1396
1348
1397
1349
1398
1350
1399
1351
1400
1352
1401
1353
1402
1354
1403
1355
1404
1356
1405
1357
1406
1358
1407
1359
1408
1360
1409
1361
1410
1362
1411
1363
1412
1364
1413
1365
1414
1366
1415
1367
1416
1368
1417
1369
1418
1370
1419
1371
1420
1372
1421
1373
1422
1374
1423
1375
1424
1376
1425
1377
1426
1378
1427
1379
1428
1380
1429
1381
1430
1382
1431
1383
1432
1384
1433
1385
1434
1386
1435
1387
1436
1388
1437
1389
1438
1390
1439
1391
1440
1392
1441
1393
1442
1443
3746
1395
1444
1396
1445
1397
1446
1398
1447
1399
1448
1400
1449
1401
1450
1402
1451
1403
1452
1404
1453
1405
1454
1406
1455
1407
1456
1408
1457
1409
1458
1410
1459
1411
1460
1412
1461
1413
1462
1414
1463
1415
1464
1416
1465
1417
1466
1418
1467
1419
1468
1420
1469
1421
1470
1422
1471
1423
1472
1424
1473
1425
1474
1426
1475
1427
1476
1428
1477
1429
1478
1430
1479
1431
1480
1432
1481
1433
1482
1434
1483
1435
1484
1436
1485
1437
1486
1438
1487
1439
1488
1440
1489
1441
1490
1442
1491
1443
1492
1493
3772
1445
1494
1446
1495
1447
1496
1448
1497
1449
1498
1450
1499
1451
1500
1452
1501
1453
1502
1454
1503
1455
1504
1456
1505
1457
1506
1458
1507
1459
1508
1460
1509
1461
1510
1462
1511
1463
1512
1464
1513
1465
1514
1466
1515
1467
1516
1468
1517
1469
1518
1470
1519
1471
1520
1472
1521
1473
1522
1474
1523
1475
1524
1476
1525
1477
1526
1478
1527
1479
1528
1480
1529
1481
1530
1482
1531
1483
1532
1484
1533
1485
1534
1486
1535
1487
1536
1488
1537
1489
1538
1490
1539
1491
1540
1492
1541
1493
1542
1543
3798
1495
1544
1496
1545
1497
1546
1498
1547
1499
1548
1500
1549
1501
1550
1502
1551
1503
1552
1504
1553
1505
1554
1506
1555
1507
1556
1508
1557
1509
1558
1510
1559
1511
1560
1512
1561
1513
1562
1514
1563
1515
1564
1516
1565
1517
1566
1518
1567
1519
1568
1520
1569
1521
1570
1522
1571
1523
1572
1524
1573
1525
1574
1526
1575
1527
1576
1528
1577
1529
1578
1530
1579
1531
1580
1532
1581
1533
1582
1534
1583
1535
1584
1536
1585
1537
1586
1538
1587
1539
1588
1540
1589
1541
1590
1542
1591
1543
1592
1593
3824
1545
1594
1546
1595
1547
1596
1548
1597
1549
1598
1550
1599
1551
1600
1552
1601
1553
1602
1554
1603
1555
1604
1556
1605
1557
1606
1558
1607
1559
1608
1560
1609
1561
1610
1562
1611
1563
1612
1564
1613
1565
1614
1566
1615
1567
1616
1568
1617
1569
1618
1570
1619
1571
1620
1572
1621
1573
1622
1574
1623
1575
1624
1576
1625
1577
1626
1578
1627
1579
1628
1580
1629
1581
1630
1582
1631
1583
1632
1584
1633
1585
1634
1586
1635
1587
1636
1588
1637
1589
1638
1590
1639
1591
1640
1592
1641
1593
1642
1643
3850
1595
1644
1596
1645
1597
1646
1598
1647
1599
1648
1600
1649
1601
1650
1602
1651
1603
1652
1604
1653
1605
1654
1606
1655
1607
1656
1608
1657
1609
1658
1610
1659
1611
1660
1612
1661
1613
1662
1614
1663
1615
1664
1616
1665
1617
1666
1618
1667
1619
1668
1620
1669
1621
1670
1622
1671
1623
1672
1624
1673
1625
1674
1626
1675
1627
1676
1628
1677
1629
1678
1630
1679
1631
1680
1632
1681
1633
1682
1634
1683
1635
1684
1636
1685
1637
1686
1638
1687
1639
1688
1640
1689
1641
1690
1642
1691
1643
1692
1693
3876
1645
1694
1646
1695
1647
1696
1648
1697
1649
1698
1650
1699
1651
1700
1652
1701
1653
1702
1654
1703
1655
1704
1656
1705
1657
1706
1658
1707
1659
1708
1660
1709
1661
1710
1662
1711
1663
1712
1664
1713
1665
1714
1666
1715
1667
1716
1668
1717
1669
1718
1670
1719
1671
1720
1672
1721
1673
1722
1674
1723
1675
1724
1676
1725
1677
1726
1678
1727
1679
1728
1680
1729
1681
1730
1682
1731
1683
1732
1684
1733
1685
1734
1686
1735
1687
1736
1688
1737
1689
1738
1690
1739
1691
1740
1692
1741
1693
1742
1743
3902
1695
1744
1696
1745
1697
1746
1698
1747
1699
1748
1700
1749
1701
1750
1702
1751
1703
1752
1704
1753
1705
1754
1706
1755
1707
1756
1708
1757
1709
1758
1710
1759
1711
1760
1712
1761
1713
1762
1714
1763
1715
1764
1716
1765
1717
1766
1718
1767
1719
1768
1720
1769
1721
1770
1722
1771
1723
1772
1724
1773
1725
1774
1726
1775
1727
1776
1728
1777
1729
1778
1730
1779
1731
1780
1732
1781
1733
1782
1734
1783
1735
1784
1736
1785
1737
1786
1738
1787
1739
1788
1740
1789
1741
1790
1742
1791
1743
1792
1793
3928
1745
1794
1746
1795
1747
1796
1748
1797
1749
1798
1750
1799
1751
1800
1752
1801
1753
1802
1754
1803
1755
1804
1756
1805
1757
1806
1758
1807
1759
1808
1760
1809
1761
1810
1762
1811
1763
1812
1764
1813
1765
1814
1766
1815
1767
1816
1768
1817
1769
1818
1770
1819
1771
1820
1772
1821
1773
1822
1774
1823
1775
1824
1776
1825
1777
1826
1778
1827
1779
1828
1780
1829
1781
1830
1782
1831
1783
1832
1784
1833
1785
1834
1786
1835
1787
1836
1788
1837
1789
1838
1790
1839
1791
1840
1792
1841
1793
1842
1843
3954
1795
1844
1796
1845
1797
1846
1798
1847
1799
1848
1800
1849
1801
1850
1802
1851
1803
1852
1804
1853
1805
1854
1806
1855
1807
1856
1808
1857
1809
1858
1810
1859
1811
1860
1812
1861
1813
1862
1814
1863
1815
1864
1816
1865
1817
1866
1818
1867
1819
1868
1820
1869
1821
1870
1822
1871
1823
1872
1824
1873
1825
1874
1826
1875
1827
1876
1828
1877
1829
1878
1830
1879
1831
1880
1832
1881
1833
1882
1834
1883
1835
1884
1836
1885
1837
1886
1838
1887
1839
1888
1840
1889
1841
1890
1842
1891
1843
1892
1893
3981
1845
1894
1846
1895
1847
1896
1848
1897
1849
1898
1850
1899
1851
1900
1852
1901
1853
1902
1854
1903
1855
1904
1856
1905
1857
1906
1858
1907
1859
1908
1860
1909
1861
1910
1862
1911
1863
1912
1864
1913
1865
1914
1866
1915
1867
1916
1868
1917
1869
1918
1870
1919
1871
1920
1872
1921
1873
1922
1874
1923
1875
1924
1876
1925
1877
1926
1878
1927
1879
1928
1880
1929
1881
1930
1882
1931
1883
1932
1884
1933
1885
1934
1886
1935
1887
1936
1888
1937
1889
1938
1890
1939
1891
1940
1892
1941
1893
1942
1943
4008
1895
1944
1896
1945
1897
1946
1898
1947
1899
1948
1900
1949
1901
1950
1902
1951
1903
1952
1904
1953
1905
1954
1906
1955
1907
1956
1908
1957
1909
1958
1910
1959
1911
1960
1912
1961
1913
1962
1914
1963
1915
1964
1916
1965
1917
1966
1918
1967
1919
1968
1920
1969
1921
1970
1922
1971
1923
1972
1924
1973
1925
1974
1926
1975
1927
1976
1928
1977
1929
1978
1930
1979
1931
1980
1932
1981
1933
1982
1934
1983
1935
1984
1936
1985
1937
1986
1938
1987
1939
1988
1940
1989
1941
1990
1942
1991
1943
1992
1993
4035
1945
1994
1946
1995
1947
1996
1948
1997
1949
1998
1950
1999
1951
2000
1952
2001
1953
2002
1954
2003
1955
2004
1956
2005
1957
2006
1958
2007
1959
2008
1960
2009
1961
2010
1962
2011
1963
2012
1964
2013
1965
2014
1966
2015
1967
2016
1968
2017
1969
2018
1970
2019
1971
2020
1972
2021
1973
2022
1974
2023
1975
2024
1976
2025
1977
2026
1978
2027
1979
2028
1980
2029
1981
2030
1982
2031
1983
2032
1984
2033
1985
2034
1986
2035
1987
2036
1988
2037
1989
2038
1990
2039
1991
2040
1992
2041
1993
2042
2043
4062
1995
2044
1996
2045
1997
2046
1998
2047
1999
2048
2000
2049
2001
2050
2002
2051
2003
2052
2004
2053
2005
2054
2006
2055
2007
2056
2008
2057
2009
2058
2010
2059
2011
2060
2012
2061
2013
2062
2014
2063
2015
2064
2016
2065
2017
2066
2018
2067
2019
2068
2020
2069
2021
2070
2022
2071
2023
2072
2024
2073
2025
2074
2026
2075
2027
2076
2028
2077
2029
2078
2030
2079
2031
2080
2032
2081
2033
2082
2034
2083
2035
2084
2036
2085
2037
2086
2038
2087
2039
2088
2040
2089
2041
2090
2042
2091
2043
2092
2093
4089
2045
2094
2046
2095
2047
2096
2048
2097
2049
2098
2050
2099
2051
2100
2052
2101
2053
2102
2054
2103
2055
2104
2056
2105
2057
2106
2058
2107
2059
2108
2060
2109
2061
2110
2062
2111
2063
2112
2064
2113
2065
2114
2066
2115
2067
2116
2068
2117
2069
2118
2070
2119
2071
2120
2072
2121
2073
2122
2074
2123
2075
2124
2076
2125
2077
2126
2078
2127
2079
2128
2080
2129
2081
2130
2082
2131
2083
2132
2084
2133
2085
2134
2086
2135
2087
2136
2088
2137
2089
2138
2090
2139
2091
2140
2092
2141
2093
2142
2143
4117
2095
2144
2096
2145
2097
2146
2098
2147
2099
2148
2100
2149
2101
2150
2102
2151
2103
2152
2104
2153
2105
2154
2106
2155
2107
2156
2108
2157
2109
2158
2110
2159
2111
2160
2112
2161
2113
2162
2114
2163
2115
2164
2116
2165
2117
2166
2118
2167
2119
2168
2120
2169
2121
2170
2122
2171
2123
2172
2124
2173
2125
2174
2126
2175
2127
2176
2128
2177
2129
2178
2130
2179
2131
2180
2132
2181
2133
2182
2134
2183
2135
2184
2136
2185
2137
2186
2138
2187
2139
2188
2140
2189
2141
2190
2142
2191
2143
2192
2193
4145
2145
2194
2146
2195
2147
2196
2148
2197
2149
2198
2150
2199
2151
2200
2152
2201
2153
2202
2154
2203
2155
2204
2156
2205
2157
2206
2158
2207
2159
2208
2160
2209
2161
2210
2162
2211
2163
2212
2164
2213
2165
2214
2166
2215
2167
2216
2168
2217
2169
2218
2170
2219
2171
2220
2172
2221
2173
2222
2174
2223
2175
2224
2176
2225
2177
2226
2178
2227
2179
2228
2180
2229
2181
2230
2182
2231
2183
2232
2184
2233
2185
2234
2186
2235
2187
2236
2188
2237
2189
2238
2190
2239
2191
2240
2192
2241
2193
2242
2243
4173
2195
2244
2196
2245
2197
2246
2198
2247
2199
2248
2200
2249
2201
2250
2202
2251
2203
2252
2204
2253
2205
2254
2206
2255
2207
2256
2208
2257
2209
2258
2210
2259
2211
2260
2212
2261
2213
2262
2214
2263
2215
2264
2216
2265
2217
2266
2218
2267
2219
2268
2220
2269
2221
2270
2222
2271
2223
2272
2224
2273
2225
2274
2226
2275
2227
2276
2228
2277
2229
2278
2230
2279
2231
2280
2232
2281
2233
2282
2234
2283
2235
2284
2236
2285
2237
2286
2238
2287
2239
2288
2240
2289
2241
2290
2242
2291
2243
2292
2293
4202
2245
2294
2246
2295
2247
2296
2248
2297
2249
2298
2250
2299
2251
2300
2252
2301
2253
2302
2254
2303
2255
2304
2256
2305
2257
2306
2258
2307
2259
2308
2260
2309
2261
2310
2262
2311
2263
2312
2264
2313
2265
2314
2266
2315
2267
2316
2268
2317
2269
2318
2270
2319
2271
2320
2272
2321
2273
2322
2274
2323
2275
2324
2276
2325
2277
2326
2278
2327
2279
2328
2280
2329
2281
2330
2282
2331
2283
2332
2284
2333
2285
2334
2286
2335
2287
2336
2288
2337
2289
2338
2290
2339
2291
2340
2292
2341
2293
2342
2343
4231
2295
2344
2296
2345
2297
2346
2298
2347
2299
2348
2300
2349
2301
2350
2302
2351
2303
2352
2304
2353
2305
2354
2306
2355
2307
2356
2308
2357
2309
2358
2310
2359
2311
2360
2312
2361
2313
2362
2314
2363
2315
2364
2316
2365
2317
2366
2318
2367
2319
2368
2320
2369
2321
2370
2322
2371
2323
2372
2324
2373
2325
2374
2326
2375
2327
2376
2328
2377
2329
2378
2330
2379
2331
2380
2332
2381
2333
2382
2334
2383
2335
2384
2336
2385
2337
2386
2338
2387
2339
2388
2340
2389
2341
2390
2342
2391
2343
2392
2393
4260
2345
2394
2346
2395
2347
2396
2348
2397
2349
2398
2350
2399
2351
2400
2352
2401
2353
2402
2354
2403
2355
2404
2356
2405
2357
2406
2358
2407
2359
2408
2360
2409
2361
2410
2362
2411
2363
2412
2364
2413
2365
2414
2366
2415
2367
2416
2368
2417
2369
2418
2370
2419
2371
2420
2372
2421
2373
2422
2374
2423
2375
2424
2376
2425
2377
2426
2378
2427
2379
2428
2380
2429
2381
2430
2382
2431
2383
2432
2384
2433
2385
2434
2386
2435
2387
2436
2388
2437
2389
2438
2390
2439
2391
2440
2392
2441
2393
2442
2443
4290
2395
2444
2396
2445
2397
2446
2398
2447
2399
2448
2400
2449
2401
2450
2402
2451
2403
2452
2404
2453
2405
2454
2406
2455
2407
2456
2408
2457
2409
2458
2410
2459
2411
2460
2412
2461
2413
2462
2414
2463
2415
2464
2416
2465
2417
2466
2418
2467
2419
2468
2420
2469
2421
2470
2422
2471
2423
2472
2424
2473
2425
2474
2426
2475
2427
2476
2428
2477
2429
2478
2430
2479
2431
2480
2432
2481
2433
2482
2434
2483
2435
2484
2436
2485
2437
2486
2438
2487
2439
2488
2440
2489
2441
2490
2442
2491
2443
2492
2493
4320
2445
2494
2446
2495
2447
2496
2448
2497
2449
2498
2450
2499
2451
2500
2452
2501
2453
2502
2454
2503
2455
2504
2456
2505
2457
2506
2458
2507
2459
2508
2460
2509
2461
2510
2462
2511
2463
2512
2464
2513
2465
2514
2466
2515
2467
2516
2468
2517
2469
2518
2470
2519
2471
2520
2472
2521
2473
2522
2474
2523
2475
2524
2476
2525
2477
2526
2478
2527
2479
2528
2480
2529
2481
2530
2482
2531
2483
2532
2484
2533
2485
2534
2486
2535
2487
2536
2488
2537
2489
2538
2490
2539
2491
2540
2492
2541
2493
2542
2543
4351
2495
2544
2496
2545
2497
2546
2498
2547
2499
2548
2500
2549
2501
2550
2502
2551
2503
2552
2504
2553
2505
2554
2506
2555
2507
2556
2508
2557
2509
2558
2510
2559
2511
2560
2512
2561
2513
2562
2514
2563
2515
2564
2516
2565
2517
2566
2518
2567
2519
2568
2520
2569
2521
2570
2522
2571
2523
2572
2524
2573
2525
2574
2526
2575
2527
2576
2528
2577
2529
2578
2530
2579
2531
2580
2532
2581
2533
2582
2534
2583
2535
2584
2536
2585
2537
2586
2538
2587
2539
2588
2540
2589
2541
2590
2542
2591
2543
2592
2593
4382
2545
2594
2546
2595
2547
2596
2548
2597
2549
2598
2550
2599
2551
2600
2552
2601
2553
2602
2554
2603
2555
2604
2556
2605
2557
2606
2558
2607
2559
2608
2560
2609
2561
2610
2562
2611
2563
2612
2564
2613
2565
2614
2566
2615
2567
2616
2568
2617
2569
2618
2570
2619
2571
2620
2572
2621
2573
2622
2574
2623
2575
2624
2576
2625
2577
2626
2578
2627
2579
2628
2580
2629
2581
2630
2582
2631
2583
2632
2584
2633
2585
2634
2586
2635
2587
2636
2588
2637
2589
2638
2590
2639
2591
2640
2592
2641
2593
2642
2643
4414
2595
2644
2596
2645
2597
2646
2598
2647
2599
2648
2600
2649
2601
2650
2602
2651
2603
2652
2604
2653
2605
2654
2606
2655
2607
2656
2608
2657
2609
2658
2610
2659
2611
2660
2612
2661
2613
2662
2614
2663
2615
2664
2616
2665
2617
2666
2618
2667
2619
2668
2620
2669
2621
2670
2622
2671
2623
2672
2624
2673
2625
2674
2626
2675
2627
2676
2628
2677
2629
2678
2630
2679
2631
2680
2632
2681
2633
2682
2634
2683
2635
2684
2636
2685
2637
2686
2638
2687
2639
2688
2640
2689
2641
2690
2642
2691
2643
2692
2693
4447
2645
2694
2646
2695
2647
2696
2648
2697
2649
2698
2650
2699
2651
2700
2652
2701
2653
2702
2654
2703
2655
2704
2656
2705
2657
2706
2658
2707
2659
2708
2660
2709
2661
2710
2662
2711
2663
2712
2664
2713
2665
2714
2666
2715
2667
2716
2668
2717
2669
2718
2670
2719
2671
2720
2672
2721
2673
2722
2674
2723
2675
2724
2676
2725
2677
2726
2678
2727
2679
2728
2680
2729
2681
2730
2682
2731
2683
2732
2684
2733
2685
2734
2686
2735
2687
2736
2688
2737
2689
2738
2690
2739
2691
2740
2692
2741
2693
2742
2743
4480
2695
2744
2696
2745
2697
2746
2698
2747
2699
2748
2700
2749
2701
2750
2702
2751
2703
2752
2704
2753
2705
2754
2706
2755
2707
2756
2708
2757
2709
2758
2710
2759
2711
2760
2712
2761
2713
2762
2714
2763
2715
2764
2716
2765
2717
2766
2718
2767
2719
2768
2720
2769
2721
2770
2722
2771
2723
2772
2724
2773
2725
2774
2726
2775
2727
2776
2728
2777
2729
2778
2730
2779
2731
2780
2732
2781
2733
2782
2734
2783
2735
2784
2736
2785
2737
2786
2738
2787
2739
2788
2740
2789
2741
2790
2742
2791
2743
2792
2793
4514
2745
2794
2746
2795
2747
2796
2748
2797
2749
2798
2750
2799
2751
2800
2752
2801
2753
2802
2754
2803
2755
2804
2756
2805
2757
2806
2758
2807
2759
2808
2760
2809
2761
2810
2762
2811
2763
2812
2764
2813
2765
2814
2766
2815
2767
2816
2768
2817
2769
2818
2770
2819
2771
2820
2772
2821
2773
2822
2774
2823
2775
2824
2776
2825
2777
2826
2778
2827
2779
2828
2780
2829
2781
2830
2782
2831
2783
2832
2784
2833
2785
2834
2786
2835
2787
2836
2788
2837
2789
2838
2790
2839
2791
2840
2792
2841
2793
2842
2843
4549
2795
2844
2796
2845
2797
2846
2798
2847
2799
2848
2800
2849
2801
2850
2802
2851
2803
2852
2804
2853
2805
2854
2806
2855
2807
2856
2808
2857
2809
2858
2810
2859
2811
2860
2812
2861
2813
2862
2814
2863
2815
2864
2816
2865
2817
2866
2818
2867
2819
2868
2820
2869
2821
2870
2822
2871
2823
2872
2824
2873
2825
2874
2826
2875
2827
2876
2828
2877
2829
2878
2830
2879
2831
2880
2832
2881
2833
2882
2834
2883
2835
2884
2836
2885
2837
2886
2838
2887
2839
2888
2840
2889
2841
2890
2842
2891
2843
2892
2893
4584
2845
2894
2846
2895
2847
2896
2848
2897
2849
2898
2850
2899
2851
2900
2852
2901
2853
2902
2854
2903
2855
2904
2856
2905
2857
2906
2858
2907
2859
2908
2860
2909
2861
2910
2862
2911
2863
2912
2864
2913
2865
2914
2866
2915
2867
2916
2868
2917
2869
2918
2870
2919
2871
2920
2872
2921
2873
2922
2874
2923
2875
2924
2876
2925
2877
2926
2878
2927
2879
2928
2880
2929
2881
2930
2882
2931
2883
2932
2884
2933
2885
2934
2886
2935
2887
2936
2888
2937
2889
2938
2890
2939
2891
2940
2892
2941
2893
2942
2943
4620
2895
2944
2896
2945
2897
2946
2898
2947
2899
2948
2900
2949
2901
2950
2902
2951
2903
2952
2904
2953
2905
2954
2906
2955
2907
2956
2908
2957
2909
2958
2910
2959
2911
2960
2912
2961
2913
2962
2914
2963
2915
2964
2916
2965
2917
2966
2918
2967
2919
2968
2920
2969
2921
2970
2922
2971
2923
2972
2924
2973
2925
2974
2926
2975
2927
2976
2928
2977
2929
2978
2930
2979
2931
2980
2932
2981
2933
2982
2934
2983
2935
2984
2936
2985
2937
2986
2938
2987
2939
2988
2940
2989
2941
2990
2942
2991
2943
2992
2993
4657
2945
2994
2946
2995
2947
2996
2948
2997
2949
2998
2950
2999
2951
3000
2952
3001
2953
3002
2954
3003
2955
3004
2956
3005
2957
3006
2958
3007
2959
3008
2960
3009
2961
3010
2962
3011
2963
3012
2964
3013
2965
3014
2966
3015
2967
3016
2968
3017
2969
3018
2970
3019
2971
3020
2972
3021
2973
3022
2974
3023
2975
3024
2976
3025
2977
3026
2978
3027
2979
3028
2980
3029
2981
3030
2982
3031
2983
3032
2984
3033
2985
3034
2986
3035
2987
3036
2988
3037
2989
3038
2990
3039
2991
3040
2992
3041
2993
3042
3043
4694
2995
3044
2996
3045
2997
3046
2998
3047
2999
3048
3000
3049
3001
3050
3002
3051
3003
3052
3004
3053
3005
3054
3006
3055
3007
3056
3008
3057
3009
3058
3010
3059
3011
3060
3012
3061
3013
3062
3014
3063
3015
3064
3016
3065
3017
3066
3018
3067
3019
3068
3020
3069
3021
3070
3022
3071
3023
3072
3024
3073
3025
3074
3026
3075
3027
3076
3028
3077
3029
3078
3030
3079
3031
3080
3032
3081
3033
3082
3034
3083
3035
3084
3036
3085
3037
3086
3038
3087
3039
3088
3040
3089
3041
3090
3042
3091
3043
3092
3093
4732
3045
3094
3046
3095
3047
3096
3048
3097
3049
3098
3050
3099
3051
3100
3052
3101
3053
3102
3054
3103
3055
3104
3056
3105
3057
3106
3058
3107
3059
3108
3060
3109
3061
3110
3062
3111
3063
3112
3064
3113
3065
3114
3066
3115
3067
3116
3068
3117
3069
3118
3070
3119
3071
3120
3072
3121
3073
3122
3074
3123
3075
3124
3076
3125
3077
3126
3078
3127
3079
3128
3080
3129
3081
3130
3082
3131
3083
3132
3084
3133
3085
3134
3086
3135
3087
3136
3088
3137
3089
3138
3090
3139
3091
3140
3092
3141
3093
3142
3143
4771
3095
3144
3096
3145
3097
3146
3098
3147
3099
3148
3100
3149
3101
3150
3102
3151
3103
3152
3104
3153
3105
3154
3106
3155
3107
3156
3108
3157
3109
3158
3110
3159
3111
3160
3112
3161
3113
3162
3114
3163
3115
3164
3116
3165
3117
3166
3118
3167
3119
3168
3120
3169
3121
3170
3122
3171
3123
3172
3124
3173
3125
3174
3126
3175
3127
3176
3128
3177
3129
3178
3130
3179
3131
3180
3132
3181
3133
3182
3134
3183
3135
3184
3136
3185
3137
3186
3138
3187
3139
3188
3140
3189
3141
3190
3142
3191
3143
3192
3193
4811
3145
3194
3146
3195
3147
3196
3148
3197
3149
3198
3150
3199
3151
3200
3152
3201
3153
3202
3154
3203
3155
3204
3156
3205
3157
3206
3158
3207
3159
3208
3160
3209
3161
3210
3162
3211
3163
3212
3164
3213
3165
3214
3166
3215
3167
3216
3168
3217
3169
3218
3170
3219
3171
3220
3172
3221
3173
3222
3174
3223
3175
3224
3176
3225
3177
3226
3178
3227
3179
3228
3180
3229
3181
3230
3182
3231
3183
3232
3184
3233
3185
3234
3186
3235
3187
3236
3188
3237
3189
3238
3190
3239
3191
3240
3192
3241
3193
3242
3243
4852
3195
3244
3196
3245
3197
3246
3198
3247
3199
3248
3200
3249
3201
3250
3202
3251
3203
3252
3204
3253
3205
3254
3206
3255
3207
3256
3208
3257
3209
3258
3210
3259
3211
3260
3212
3261
3213
3262
3214
3263
3215
3264
3216
3265
3217
3266
3218
3267
3219
3268
3220
3269
3221
3270
3222
3271
3223
3272
3224
3273
3225
3274
3226
3275
3227
3276
3228
3277
3229
3278
3230
3279
3231
3280
3232
3281
3233
3282
3234
3283
3235
3284
3236
3285
3237
3286
3238
3287
3239
3288
3240
3289
3241
3290
3242
3291
3243
3292
3293
4894
3245
3294
3246
3295
3247
3296
3248
3297
3249
3298
3250
3299
3251
3300
3252
3301
3253
3302
3254
3303
3255
3304
3256
3305
3257
3306
3258
3307
3259
3308
3260
3309
3261
3310
3262
3311
3263
3312
3264
3313
3265
3314
3266
3315
3267
3316
3268
3317
3269
3318
3270
3319
3271
3320
3272
3321
3273
3322
3274
3323
3275
3324
3276
3325
3277
3326
3278
3327
3279
3328
3280
3329
3281
3330
3282
3331
3283
3332
3284
3333
3285
3334
3286
3335
3287
3336
3288
3337
3289
3338
3290
3339
3291
3340
3292
3341
3293
3342
3343
4936
3295
3344
3296
3345
3297
3346
3298
3347
3299
3348
3300
3349
3301
3350
3302
3351
3303
3352
3304
3353
3305
3354
3306
3355
3307
3356
3308
3357
3309
3358
3310
3359
3311
3360
3312
3361
3313
3362
3314
3363
3315
3364
3316
3365
3317
3366
3318
3367
3319
3368
3320
3369
3321
3370
3322
3371
3323
3372
3324
3373
3325
3374
3326
3375
3327
3376
3328
3377
3329
3378
3330
3379
3331
3380
3332
3381
3333
3382
3334
3383
3335
3384
3336
3385
3337
3386
3338
3387
3339
3388
3340
3389
3341
3390
3342
3391
3343
3392
3393
4979
3345
3394
3346
3395
3347
3396
3348
3397
3349
3398
3350
3399
3351
3400
3352
3401
3353
3402
3354
3403
3355
3404
3356
3405
3357
3406
3358
3407
3359
3408
3360
3409
3361
3410
3362
3411
3363
3412
3364
3413
3365
3414
3366
3415
3367
3416
3368
3417
3369
3418
3370
3419
3371
3420
3372
3421
3373
3422
3374
3423
3375
3424
3376
3425
3377
3426
3378
3427
3379
3428
3380
3429
3381
3430
3382
3431
3383
3432
3384
3433
3385
3434
3386
3435
3387
3436
3388
3437
3389
3438
3390
3439
3391
3440
3392
3441
3393
3442
3443
5024
3395
3444
3396
3445
3397
3446
3398
3447
3399
3448
3400
3449
3401
3450
3402
3451
3403
3452
3404
3453
3405
3454
3406
3455
3407
3456
3408
3457
3409
3458
3410
3459
3411
3460
3412
3461
3413
3462
3414
3463
3415
3464
3416
3465
3417
3466
3418
3467
3419
3468
3420
3469
3421
3470
3422
3471
3423
3472
3424
3473
3425
3474
3426
3475
3427
3476
3428
3477
3429
3478
3430
3479
3431
3480
3432
3481
3433
3482
3434
3483
3435
3484
3436
3485
3437
3486
3438
3487
3439
3488
3440
3489
3441
3490
3442
3491
3443
3492
3493
5070
3445
3494
3446
3495
3447
3496
3448
3497
3449
3498
3450
3499
3451
3500
3452
3501
3453
3502
3454
3503
3455
3504
3456
3505
3457
3506
3458
3507
3459
3508
3460
3509
3461
3510
3462
3511
3463
3512
3464
3513
3465
3514
3466
3515
3467
3516
3468
3517
3469
3518
3470
3519
3471
3520
3472
3521
3473
3522
3474
3523
3475
3524
3476
3525
3477
3526
3478
3527
3479
3528
3480
3529
3481
3530
3482
3531
3483
3532
3484
3533
3485
3534
3486
3535
3487
3536
3488
3537
3489
3538
3490
3539
3491
3540
3492
3541
3493
3542
3543
5117
3495
3544
3496
3545
3497
3546
3498
3547
3499
3548
3500
3549
3501
3550
3502
3551
3503
3552
3504
3553
3505
3554
3506
3555
3507
3556
3508
3557
3509
3558
3510
3559
3511
3560
3512
3561
3513
3562
3514
3563
3515
3564
3516
3565
3517
3566
3518
3567
3519
3568
3520
3569
3521
3570
3522
3571
3523
3572
3524
3573
3525
3574
3526
3575
3527
3576
3528
3577
3529
3578
3530
3579
3531
3580
3532
3581
3533
3582
3534
3583
3535
3584
3536
3585
3537
3586
3538
3587
3539
3588
3540
3589
3541
3590
3542
3591
3543
3592
3593
5167
3545
3594
3546
3595
3547
3596
3548
3597
3549
3598
3550
3599
3551
3600
3552
3601
3553
3602
3554
3603
3555
3604
3556
3605
3557
3606
3558
3607
3559
3608
3560
3609
3561
3610
3562
3611
3563
3612
3564
3613
3565
3614
3566
3615
3567
3616
3568
3617
3569
3618
3570
3619
3571
3620
3572
3621
3573
3622
3574
3623
3575
3624
3576
3625
3577
3626
3578
3627
3579
3628
3580
3629
3581
3630
3582
3631
3583
3632
3584
3633
3585
3634
3586
3635
3587
3636
3588
3637
3589
3638
3590
3639
3591
3640
3592
3641
3593
3642
3643
5217
3595
3596
3597
3598
3599
3600
3601
3602
3603
3604
3605
3606
3607
3608
3609
3610
3611
3612
3613
3614
3615
3616
3617
3618
3619
3620
3621
3622
3623
3624
3625
3626
3627
3628
3629
3630
3631
3632
3633
3634
3635
3636
3637
3638
3639
3640
3641
3642
3643
5267
3645
3669
3646
3670
3647
3671
3648
3672
3649
3673
3650
3674
3651
3675
3652
3676
3653
3677
3654
3678
3655
3679
3656
3680
3657
3681
3658
3682
3659
3683
3660
3684
3661
3685
3662
3686
3663
3687
3664
3688
3665
3689
3666
3690
3667
3691
3668
3692
3693
3670
3694
3671
3695
3672
3696
3673
3697
3674
3698
3675
3699
3676
3700
3677
3701
3678
3702
3679
3703
3680
3704
3681
3705
3682
3706
3683
3707
3684
3708
3685
3709
3686
3710
3687
3711
3688
3712
3689
3713
3690
3714
3691
3715
3692
3716
3693
3717
3718
3695
3720
3696
3721
3697
3722
3698
3723
3699
3724
3700
3725
3701
3726
3702
3727
3703
3728
3704
3729
3705
3730
3706
3731
3707
3732
3708
3733
3709
3734
3710
3735
3711
3736
3712
3737
3713
3738
3714
3739
3715
3740
3716
3741
3717
3742
3718
3743
3719
3744
3745
3721
3746
3722
3747
3723
3748
3724
3749
3725
3750
3726
3751
3727
3752
3728
3753
3729
3754
3730
3755
3731
3756
3732
3757
3733
3758
3734
3759
3735
3760
3736
3761
3737
3762
3738
3763
3739
3764
3740
3765
3741
3766
3742
3767
3743
3768
3744
3769
3745
3770
3771
3747
3772
3748
3773
3749
3774
3750
3775
3751
3776
3752
3777
3753
3778
3754
3779
3755
3780
3756
3781
3757
3782
3758
3783
3759
3784
3760
3785
3761
3786
3762
3787
3763
3788
3764
3789
3765
3790
3766
3791
3767
3792
3768
3793
3769
3794
3770
3795
3771
3796
3797
3773
3798
3774
3799
3775
3800
3776
3801
3777
3802
3778
3803
3779
3804
3780
3805
3781
3806
3782
3807
3783
3808
3784
3809
3785
3810
3786
3811
3787
3812
3788
3813
3789
3814
3790
3815
3791
3816
3792
3817
3793
3818
3794
3819
3795
3820
3796
3821
3797
3822
3823
3799
3824
3800
3825
3801
3826
3802
3827
3803
3828
3804
3829
3805
3830
3806
3831
3807
3832
3808
3833
3809
3834
3810
3835
3811
3836
3812
3837
3813
3838
3814
3839
3815
3840
3816
3841
3817
3842
3818
3843
3819
3844
3820
3845
3821
3846
3822
3847
3823
3848
3849
3825
3850
3826
3851
3827
3852
3828
3853
3829
3854
3830
3855
3831
3856
3832
3857
3833
3858
3834
3859
3835
3860
3836
3861
3837
3862
3838
3863
3839
3864
3840
3865
3841
3866
3842
3867
3843
3868
3844
3869
3845
3870
3846
3871
3847
3872
3848
3873
3849
3874
3875
3851
3876
3852
3877
3853
3878
3854
3879
3855
3880
3856
3881
3857
3882
3858
3883
3859
3884
3860
3885
3861
3886
3862
3887
3863
3888
3864
3889
3865
3890
3866
3891
3867
3892
3868
3893
3869
3894
3870
3895
3871
3896
3872
3897
3873
3898
3874
3899
3875
3900
3901
3877
3902
3878
3903
3879
3904
3880
3905
3881
3906
3882
3907
3883
3908
3884
3909
3885
3910
3886
3911
3887
3912
3888
3913
3889
3914
3890
3915
3891
3916
3892
3917
3893
3918
3894
3919
3895
3920
3896
3921
3897
3922
3898
3923
3899
3924
3900
3925
3901
3926
3927
3903
3928
3904
3929
3905
3930
3906
3931
3907
3932
3908
3933
3909
3934
3910
3935
3911
3936
3912
3937
3913
3938
3914
3939
3915
3940
3916
3941
3917
3942
3918
3943
3919
3944
3920
3945
3921
3946
3922
3947
3923
3948
3924
3949
3925
3950
3926
3951
3927
3952
3953
3929
3954
3930
3955
3931
3956
3932
3957
3933
3958
3934
3959
3935
3960
3936
3961
3937
3962
3938
3963
3939
3964
3940
3965
3941
3966
3942
3967
3943
3968
3944
3969
3945
3970
3946
3971
3947
3972
3948
3973
3949
3974
3950
3975
3951
3976
3952
3977
3953
3978
3979
3955
3981
3956
3982
3957
3983
3958
3984
3959
3985
3960
3986
3961
3987
3962
3988
3963
3989
3964
3990
3965
3991
3966
3992
3967
3993
3968
3994
3969
3995
3970
3996
3971
3997
3972
3998
3973
3999
3974
4000
3975
4001
3976
4002
3977
4003
3978
4004
3979
4005
3980
4006
4007
3982
4008
3983
4009
3984
4010
3985
4011
3986
4012
3987
4013
3988
4014
3989
4015
3990
4016
3991
4017
3992
4018
3993
4019
3994
4020
3995
4021
3996
4022
3997
4023
3998
4024
3999
4025
4000
4026
4001
4027
4002
4028
4003
4029
4004
4030
4005
4031
4006
4032
4007
4033
4034
4009
4035
4010
4036
4011
4037
4012
4038
4013
4039
4014
4040
4015
4041
4016
4042
4017
4043
4018
4044
4019
4045
4020
4046
4021
4047
4022
4048
4023
4049
4024
4050
4025
4051
4026
4052
4027
4053
4028
4054
4029
4055
4030
4056
4031
4057
4032
4058
4033
4059
4034
4060
4061
4036
4062
4037
4063
4038
4064
4039
4065
4040
4066
4041
4067
4042
4068
4043
4069
4044
4070
4045
4071
4046
4072
4047
4073
4048
4074
4049
4075
4050
4076
4051
4077
4052
4078
4053
4079
4054
4080
4055
4081
4056
4082
4057
4083
4058
4084
4059
4085
4060
4086
4061
4087
4088
4063
4089
4064
4090
4065
4091
4066
4092
4067
4093
4068
4094
4069
4095
4070
4096
4071
4097
4072
4098
4073
4099
4074
4100
4075
4101
4076
4102
4077
4103
4078
4104
4079
4105
4080
4106
4081
4107
4082
4108
4083
4109
4084
4110
4085
4111
4086
4112
4087
4113
4088
4114
4115
4090
4117
4091
4118
4092
4119
4093
4120
4094
4121
4095
4122
4096
4123
4097
4124
4098
4125
4099
4126
4100
4127
4101
4128
4102
4129
4103
4130
4104
4131
4105
4132
4106
4133
4107
4134
4108
4135
4109
4136
4110
4137
4111
4138
4112
4139
4113
4140
4114
4141
4115
4142
4116
4143
4144
4118
4145
4119
4146
4120
4147
4121
4148
4122
4149
4123
4150
4124
4151
4125
4152
4126
4153
4127
4154
4128
4155
4129
4156
4130
4157
4131
4158
4132
4159
4133
4160
4134
4161
4135
4162
4136
4163
4137
4164
4138
4165
4139
4166
4140
4167
4141
4168
4142
4169
4143
4170
4144
4171
4172
4146
4173
4147
4174
4148
4175
4149
4176
4150
4177
4151
4178
4152
4179
4153
4180
4154
4181
4155
4182
4156
4183
4157
4184
4158
4185
4159
4186
4160
4187
4161
4188
4162
4189
4163
4190
4164
4191
4165
4192
4166
4193
4167
4194
4168
4195
4169
4196
4170
4197
4171
4198
4172
4199
4200
4174
4202
4175
4203
4176
4204
4177
4205
4178
4206
4179
4207
4180
4208
4181
4209
4182
4210
4183
4211
4184
4212
4185
4213
4186
4214
4187
4215
4188
4216
4189
4217
4190
4218
4191
4219
4192
4220
4193
4221
4194
4222
4195
4223
4196
4224
4197
4225
4198
4226
4199
4227
4200
4228
4201
4229
4230
4203
4231
4204
4232
4205
4233
4206
4234
4207
4235
4208
4236
4209
4237
4210
4238
4211
4239
4212
4240
4213
4241
4214
4242
4215
4243
4216
4244
4217
4245
4218
4246
4219
4247
4220
4248
4221
4249
4222
4250
4223
4251
4224
4252
4225
4253
4226
4254
4227
4255
4228
4256
4229
4257
4230
4258
4259
4232
4260
4233
4261
4234
4262
4235
4263
4236
4264
4237
4265
4238
4266
4239
4267
4240
4268
4241
4269
4242
4270
4243
4271
4244
4272
4245
4273
4246
4274
4247
4275
4248
4276
4249
4277
4250
4278
4251
4279
4252
4280
4253
4281
4254
4282
4255
4283
4256
4284
4257
4285
4258
4286
4259
4287
4288
4261
4290
4262
4291
4263
4292
4264
4293
4265
4294
4266
4295
4267
4296
4268
4297
4269
4298
4270
4299
4271
4300
4272
4301
4273
4302
4274
4303
4275
4304
4276
4305
4277
4306
4278
4307
4279
4308
4280
4309
4281
4310
4282
4311
4283
4312
4284
4313
4285
4314
4286
4315
4287
4316
4288
4317
4289
4318
4319
4291
4320
4292
4321
4293
4322
4294
4323
4295
4324
4296
4325
4297
4326
4298
4327
4299
4328
4300
4329
4301
4330
4302
4331
4303
4332
4304
4333
4305
4334
4306
4335
4307
4336
4308
4337
4309
4338
4310
4339
4311
4340
4312
4341
4313
4342
4314
4343
4315
4344
4316
4345
4317
4346
4318
4347
4319
4348
4349
4321
4351
4322
4352
4323
4353
4324
4354
4325
4355
4326
4356
4327
4357
4328
4358
4329
4359
4330
4360
4331
4361
4332
4362
4333
4363
4334
4364
4335
4365
4336
4366
4337
4367
4338
4368
4339
4369
4340
4370
4341
4371
4342
4372
4343
4373
4344
4374
4345
4375
4346
4376
4347
4377
4348
4378
4349
4379
4350
4380
4381
4352
4382
4353
4383
4354
4384
4355
4385
4356
4386
4357
4387
4358
4388
4359
4389
4360
4390
4361
4391
4362
4392
4363
4393
4364
4394
4365
4395
4366
4396
4367
4397
4368
4398
4369
4399
4370
4400
4371
4401
4372
4402
4373
4403
4374
4404
4375
4405
4376
4406
4377
4407
4378
4408
4379
4409
4380
4410
4381
4411
4412
4383
4414
4384
4415
4385
4416
4386
4417
4387
4418
4388
4419
4389
4420
4390
4421
4391
4422
4392
4423
4393
4424
4394
4425
4395
4426
4396
4427
4397
4428
4398
4429
4399
4430
4400
4431
4401
4432
4402
4433
4403
4434
4404
4435
4405
4436
4406
4437
4407
4438
4408
4439
4409
4440
4410
4441
4411
4442
4412
4443
4413
4444
4445
4415
4447
4416
4448
4417
4449
4418
4450
4419
4451
4420
4452
4421
4453
4422
4454
4423
4455
4424
4456
4425
4457
4426
4458
4427
4459
4428
4460
4429
4461
4430
4462
4431
4463
4432
4464
4433
4465
4434
4466
4435
4467
4436
4468
4437
4469
4438
4470
4439
4471
4440
4472
4441
4473
4442
4474
4443
4475
4444
4476
4445
4477
4446
4478
4479
4448
4480
4449
4481
4450
4482
4451
4483
4452
4484
4453
4485
4454
4486
4455
4487
4456
4488
4457
4489
4458
4490
4459
4491
4460
4492
4461
4493
4462
4494
4463
4495
4464
4496
4465
4497
4466
4498
4467
4499
4468
4500
4469
4501
4470
4502
4471
4503
4472
4504
4473
4505
4474
4506
4475
4507
4476
4508
4477
4509
4478
4510
4479
4511
4512
4481
4514
4482
4515
4483
4516
4484
4517
4485
4518
4486
4519
4487
4520
4488
4521
4489
4522
4490
4523
4491
4524
4492
4525
4493
4526
4494
4527
4495
4528
4496
4529
4497
4530
4498
4531
4499
4532
4500
4533
4501
4534
4502
4535
4503
4536
4504
4537
4505
4538
4506
4539
4507
4540
4508
4541
4509
4542
4510
4543
4511
4544
4512
4545
4513
4546
4547
4515
4549
4516
4550
4517
4551
4518
4552
4519
4553
4520
4554
4521
4555
4522
4556
4523
4557
4524
4558
4525
4559
4526
4560
4527
4561
4528
4562
4529
4563
4530
4564
4531
4565
4532
4566
4533
4567
4534
4568
4535
4569
4536
4570
4537
4571
4538
4572
4539
4573
4540
4574
4541
4575
4542
4576
4543
4577
4544
4578
4545
4579
4546
4580
4547
4581
4548
4582
4583
4550
4584
4551
4585
4552
4586
4553
4587
4554
4588
4555
4589
4556
4590
4557
4591
4558
4592
4559
4593
4560
4594
4561
4595
4562
4596
4563
4597
4564
4598
4565
4599
4566
4600
4567
4601
4568
4602
4569
4603
4570
4604
4571
4605
4572
4606
4573
4607
4574
4608
4575
4609
4576
4610
4577
4611
4578
4612
4579
4613
4580
4614
4581
4615
4582
4616
4583
4617
4618
4585
4620
4586
4621
4587
4622
4588
4623
4589
4624
4590
4625
4591
4626
4592
4627
4593
4628
4594
4629
4595
4630
4596
4631
4597
4632
4598
4633
4599
4634
4600
4635
4601
4636
4602
4637
4603
4638
4604
4639
4605
4640
4606
4641
4607
4642
4608
4643
4609
4644
4610
4645
4611
4646
4612
4647
4613
4648
4614
4649
4615
4650
4616
4651
4617
4652
4618
4653
4619
4654
4655
4621
4657
4622
4658
4623
4659
4624
4660
4625
4661
4626
4662
4627
4663
4628
4664
4629
4665
4630
4666
4631
4667
4632
4668
4633
4669
4634
4670
4635
4671
4636
4672
4637
4673
4638
4674
4639
4675
4640
4676
4641
4677
4642
4678
4643
4679
4644
4680
4645
4681
4646
4682
4647
4683
4648
4684
4649
4685
4650
4686
4651
4687
4652
4688
4653
4689
4654
4690
4655
4691
4656
4692
4693
4658
4694
4659
4695
4660
4696
4661
4697
4662
4698
4663
4699
4664
4700
4665
4701
4666
4702
4667
4703
4668
4704
4669
4705
4670
4706
4671
4707
4672
4708
4673
4709
4674
4710
4675
4711
4676
4712
4677
4713
4678
4714
4679
4715
4680
4716
4681
4717
4682
4718
4683
4719
4684
4720
4685
4721
4686
4722
4687
4723
4688
4724
4689
4725
4690
4726
4691
4727
4692
4728
4693
4729
4730
4695
4732
4696
4733
4697
4734
4698
4735
4699
4736
4700
4737
4701
4738
4702
4739
4703
4740
4704
4741
4705
4742
4706
4743
4707
4744
4708
4745
4709
4746
4710
4747
4711
4748
4712
4749
4713
4750
4714
4751
4715
4752
4716
4753
4717
4754
4718
4755
4719
4756
4720
4757
4721
4758
4722
4759
4723
4760
4724
4761
4725
4762
4726
4763
4727
4764
4728
4765
4729
4766
4730
4767
4731
4768
4769
4733
4771
4734
4772
4735
4773
4736
4774
4737
4775
4738
4776
4739
4777
4740
4778
4741
4779
4742
4780
4743
4781
4744
4782
4745
4783
4746
4784
4747
4785
4748
4786
4749
4787
4750
4788
4751
4789
4752
4790
4753
4791
4754
4792
4755
4793
4756
4794
4757
4795
4758
4796
4759
4797
4760
4798
4761
4799
4762
4800
4763
4801
4764
4802
4765
4803
4766
4804
4767
4805
4768
4806
4769
4807
4770
4808
4809
4772
4811
4773
4812
4774
4813
4775
4814
4776
4815
4777
4816
4778
4817
4779
4818
4780
4819
4781
4820
4782
4821
4783
4822
4784
4823
4785
4824
4786
4825
4787
4826
4788
4827
4789
4828
4790
4829
4791
4830
4792
4831
4793
4832
4794
4833
4795
4834
4796
4835
4797
4836
4798
4837
4799
4838
4800
4839
4801
4840
4802
4841
4803
4842
4804
4843
4805
4844
4806
4845
4807
4846
4808
4847
4809
4848
4810
4849
4850
4812
4852
4813
4853
4814
4854
4815
4855
4816
4856
4817
4857
4818
4858
4819
4859
4820
4860
4821
4861
4822
4862
4823
4863
4824
4864
4825
4865
4826
4866
4827
4867
4828
4868
4829
4869
4830
4870
4831
4871
4832
4872
4833
4873
4834
4874
4835
4875
4836
4876
4837
4877
4838
4878
4839
4879
4840
4880
4841
4881
4842
4882
4843
4883
4844
4884
4845
4885
4846
4886
4847
4887
4848
4888
4849
4889
4850
4890
4851
4891
4892
4853
4894
4854
4895
4855
4896
4856
4897
4857
4898
4858
4899
4859
4900
4860
4901
4861
4902
4862
4903
4863
4904
4864
4905
4865
4906
4866
4907
4867
4908
4868
4909
4869
4910
4870
4911
4871
4912
4872
4913
4873
4914
4874
4915
4875
4916
4876
4917
4877
4918
4878
4919
4879
4920
4880
4921
4881
4922
4882
4923
4883
4924
4884
4925
4885
4926
4886
4927
4887
4928
4888
4929
4889
4930
4890
4931
4891
4932
4892
4933
4893
4934
4935
4895
4936
4896
4937
4897
4938
4898
4939
4899
4940
4900
4941
4901
4942
4902
4943
4903
4944
4904
4945
4905
4946
4906
4947
4907
4948
4908
4949
4909
4950
4910
4951
4911
4952
4912
4953
4913
4954
4914
4955
4915
4956
4916
4957
4917
4958
4918
4959
4919
4960
4920
4961
4921
4962
4922
4963
4923
4964
4924
4965
4925
4966
4926
4967
4927
4968
4928
4969
4929
4970
4930
4971
4931
4972
4932
4973
4933
4974
4934
4975
4935
4976
4977
4937
4979
4938
4980
4939
4981
4940
4982
4941
4983
4942
4984
4943
4985
4944
4986
4945
4987
4946
4988
4947
4989
4948
4990
4949
4991
4950
4992
4951
4993
4952
4994
4953
4995
4954
4996
4955
4997
4956
4998
4957
4999
4958
5000
4959
5001
4960
5002
4961
5003
4962
5004
4963
5005
4964
5006
4965
5007
4966
5008
4967
5009
4968
5010
4969
5011
4970
5012
4971
5013
4972
5014
4973
5015
4974
5016
4975
5017
4976
5018
4977
5019
4978
5020
5021
4980
5024
4981
5025
4982
5026
4983
5027
4984
5028
4985
5029
4986
5030
4987
5031
4988
5032
4989
5033
4990
5034
4991
5035
4992
5036
4993
5037
4994
5038
4995
5039
4996
5040
4997
5041
4998
5042
4999
5043
5000
5044
5001
5045
5002
5046
5003
5047
5004
5048
5005
5049
5006
5050
5007
5051
5008
5052
5009
5053
5010
5054
5011
5055
5012
5056
5013
5057
5014
5058
5015
5059
5016
5060
5017
5061
5018
5062
5019
5063
5020
5064
5021
5065
5022
5066
5023
5067
5068
5025
5070
5026
5071
5027
5072
5028
5073
5029
5074
5030
5075
5031
5076
5032
5077
5033
5078
5034
5079
5035
5080
5036
5081
5037
5082
5038
5083
5039
5084
5040
5085
5041
5086
5042
5087
5043
5088
5044
5089
5045
5090
5046
5091
5047
5092
5048
5093
5049
5094
5050
5095
5051
5096
5052
5097
5053
5098
5054
5099
5055
5100
5056
5101
5057
5102
5058
5103
5059
5104
5060
5105
5061
5106
5062
5107
5063
5108
5064
5109
5065
5110
5066
5111
5067
5112
5068
5113
5069
5114
5115
5071
5117
5072
5118
5073
5119
5074
5120
5075
5121
5076
5122
5077
5123
5078
5124
5079
5125
5080
5126
5081
5127
5082
5128
5083
5129
5084
5130
5085
5131
5086
5132
5087
5133
5088
5134
5089
5135
5090
5136
5091
5137
5092
5138
5093
5139
5094
5140
5095
5141
5096
5142
5097
5143
5098
5144
5099
5145
5100
5146
5101
5147
5102
5148
5103
5149
5104
5150
5105
5151
5106
5152
5107
5153
5108
5154
5109
5155
5110
5156
5111
5157
5112
5158
5113
5159
5114
5160
5115
5161
5116
5162
5163
5118
5167
5119
5168
5120
5169
5121
5170
5122
5171
5123
5172
5124
5173
5125
5174
5126
5175
5127
5176
5128
5177
5129
5178
5130
5179
5131
5180
5132
5181
5133
5182
5134
5183
5135
5184
5136
5185
5137
5186
5138
5187
5139
5188
5140
5189
5141
5190
5142
5191
5143
5192
5144
5193
5145
5194
5146
5195
5147
5196
5148
5197
5149
5198
5150
5199
5151
5200
5152
5201
5153
5202
5154
5203
5155
5204
5156
5205
5157
5206
5158
5207
5159
5208
5160
5209
5161
5210
5162
5211
5163
5212
5164
5213
5165
5214
5166
5215
5216
5317
5168
5217
5169
5218
5170
5219
5171
5220
5172
5221
5173
5222
5174
5223
5175
5224
5176
5225
5177
5226
5178
5227
5179
5228
5180
5229
5181
5230
5182
5231
5183
5232
5184
5233
5185
5234
5186
5235
5187
5236
5188
5237
5189
5238
5190
5239
5191
5240
5192
5241
5193
5242
5194
5243
5195
5244
5196
5245
5197
5246
5198
5247
5199
5248
5200
5249
5201
5250
5202
5251
5203
5252
5204
5253
5205
5254
5206
5255
5207
5256
5208
5257
5209
5258
5210
5259
5211
5260
5212
5261
5213
5262
5214
5263
5215
5264
5216
5265
5266
5319
5218
5267
5219
5268
5220
5269
5221
5270
5222
5271
5223
5272
5224
5273
5225
5274
5226
5275
5227
5276
5228
5277
5229
5278
5230
5279
5231
5280
5232
5281
5233
5282
5234
5283
5235
5284
5236
5285
5237
5286
5238
5287
5239
5288
5240
5289
5241
5290
5242
5291
5243
5292
5244
5293
5245
5294
5246
5295
5247
5296
5248
5297
5249
5298
5250
5299
5251
5300
5252
5301
5253
5302
5254
5303
5255
5304
5256
5305
5257
5306
5258
5307
5259
5308
5260
5309
5261
5310
5262
5311
5263
5312
5264
5313
5265
5314
5266
5315
5316
5331
5268
5269
5270
5271
5272
5273
5274
5275
5276
5277
5278
5279
5280
5281
5282
5283
5284
5285
5286
5287
5288
5289
5290
5291
5292
5293
5294
5295
5296
5297
5298
5299
5300
5301
5302
5303
5304
5305
5306
5307
5308
5309
5310
5311
5312
5313
5314
5315
5316
5351
5318
5319
5320
5320
5331
5321
5332
5322
5333
5323
5334
5324
5335
5325
5336
5326
5337
5327
5338
5328
5339
5329
5340
5330
5341
5342
5332
5351
5333
5352
5334
5353
5335
5354
5336
5355
5337
5356
5338
5357
5339
5358
5340
5359
5341
5360
5342
5361
5343
5362
5344
5363
5345
5364
5346
5365
5347
5366
5348
5367
5349
5368
5350
5369
5370
5352
5353
5354
5355
5356
5357
5358
5359
5360
5361
5362
5363
5364
5365
5366
5367
5368
5369
5370
5371
5372
)


// ************************************************************************* //
