/*--------------------------------*- C++ -*----------------------------------*\
  =========                 |
  \\      /  F ield         | OpenFOAM: The Open Source CFD Toolbox
   \\    /   O peration     | Website:  https://openfoam.org
    \\  /    A nd           | Version:  9
     \\/     M anipulation  |
\*---------------------------------------------------------------------------*/
FoamFile
{
    format      ascii;
    class       volScalarField;
    location    "0.008099";
    object      p;
}
// * * * * * * * * * * * * * * * * * * * * * * * * * * * * * * * * * * * * * //

dimensions      [1 -1 -2 0 0 0 0];

internalField   nonuniform List<scalar> 
6352
(
164310
164307
164306
164305
164304
164303
164303
164302
164301
164301
164300
164300
164299
164299
164298
164298
164298
164297
164308
164307
164306
164305
164304
164303
164303
164302
164301
164301
164300
164300
164299
164299
164299
164298
164298
164297
164308
164307
164306
164305
164304
164303
164303
164302
164302
164301
164301
164300
164300
164299
164299
164298
164298
164297
164297
164308
164307
164306
164305
164304
164304
164303
164302
164302
164301
164301
164300
164300
164299
164299
164298
164298
164298
164297
164308
164307
164306
164305
164304
164304
164303
164302
164302
164301
164301
164300
164300
164299
164299
164299
164298
164298
164297
164297
164307
164307
164306
164305
164304
164304
164303
164302
164302
164301
164301
164300
164300
164300
164299
164299
164298
164298
164297
164297
164307
164307
164306
164305
164304
164304
164303
164303
164302
164301
164301
164301
164300
164300
164299
164299
164298
164298
164298
164297
164307
164307
164306
164305
164304
164304
164303
164303
164302
164302
164301
164301
164300
164300
164299
164299
164299
164298
164298
164297
164307
164307
164306
164305
164305
164304
164303
164303
164302
164302
164301
164301
164300
164300
164300
164299
164299
164298
164298
164298
164307
164307
164306
164305
164305
164304
164303
164303
164302
164302
164301
164301
164300
164300
164300
164299
164299
164299
164298
164298
164307
164307
164306
164305
164305
164304
164304
164303
164302
164302
164301
164301
164301
164300
164300
164299
164299
164299
164298
164298
164307
164307
164306
164305
164305
164304
164304
164303
164303
164302
164302
164301
164301
164300
164300
164300
164299
164299
164299
164298
164307
164307
164306
164305
164305
164304
164304
164303
164303
164302
164302
164301
164301
164300
164300
164300
164299
164299
164299
164298
164307
164307
164306
164306
164305
164304
164304
164303
164303
164302
164302
164301
164301
164301
164300
164300
164300
164299
164299
164299
164307
164307
164306
164306
164305
164304
164304
164303
164303
164302
164302
164302
164301
164301
164300
164300
164300
164299
164299
164299
164308
164307
164306
164306
164305
164305
164304
164304
164303
164303
164302
164302
164301
164301
164301
164300
164300
164300
164299
164299
164308
164307
164306
164306
164305
164305
164304
164304
164303
164303
164302
164302
164301
164301
164301
164300
164300
164300
164299
164299
164308
164307
164306
164306
164305
164305
164304
164304
164303
164303
164302
164302
164302
164301
164301
164300
164300
164300
164300
164299
164308
164307
164307
164306
164305
164305
164304
164304
164303
164303
164303
164302
164302
164301
164301
164301
164300
164300
164300
164299
164309
164307
164307
164306
164305
164305
164304
164304
164304
164303
164303
164302
164302
164302
164301
164301
164301
164300
164300
164300
164297
164297
164297
164297
164297
164296
164297
164297
164296
164298
164297
164297
164296
164298
164297
164297
164296
164298
164298
164297
164297
164296
164298
164298
164297
164297
164296
164296
164298
164298
164298
164297
164296
164296
164299
164298
164298
164297
164297
164296
164299
164298
164298
164297
164297
164296
164296
164299
164299
164298
164298
164297
164297
164296
164299
164299
164298
164298
164297
164297
164296
164295
164299
164299
164299
164298
164298
164297
164296
164296
99986.2
99986.3
99986.6
99986.8
99986.9
99987.1
99987.2
99987.4
99987.5
99987.7
99987.8
99988
99988.1
99988.3
99988.4
99988.5
99988.7
99988.8
99988.9
99989.1
99989.2
99989.3
99989.5
99989.6
99989.7
99989.8
99990
99990.1
99990.2
99990.3
99990.4
99990.5
99990.7
99990.8
99990.9
99991
99991.1
99991.2
99991.3
99991.4
99991.5
99991.6
99991.7
99991.8
99991.9
99992
99992.1
99992.2
99992.3
99992.4
99992.5
99992.6
99992.7
99992.8
99992.9
99993
99993.1
99993.1
99993.2
99993.3
99993.4
100002
100002
100002
100002
100002
100002
100002
100002
100002
100002
100002
100002
100003
100003
100003
100003
100003
100003
100003
100003
100003
100003
100003
100003
100003
100003
100003
100003
100003
100003
100003
100003
100004
100004
100004
100004
100004
100004
100004
100004
100004
100004
100004
100004
100004
100004
100004
100004
100004
100004
100004
100004
100004
100004
100004
100004
100004
100004
100004
100005
100005
100016
100016
100016
100016
100016
100016
100016
100015
100015
100015
100015
100015
100015
100015
100015
100015
100015
100015
100015
100015
100015
100015
100015
100015
100015
100015
100015
100015
100014
100014
100014
100014
100014
100014
100014
100014
100014
100014
100014
100014
100014
100014
100014
100014
100014
100014
100014
100014
100014
100014
100014
100014
100014
100013
100013
100013
100013
100013
100013
100013
100013
100015
100015
100015
100015
100015
100015
100015
100015
100015
100015
100015
100015
100015
100016
100016
100016
100016
100016
100016
100016
100016
100016
100016
100016
100016
100016
100016
100016
100016
100015
100015
100015
100015
100015
100015
100015
100015
100015
100015
100015
100015
100015
100015
100015
100015
100015
100015
100015
100015
100015
100015
100015
100015
100015
100015
100015
100015
100015
100015
100015
100015
100026
100025
100025
100025
100025
100025
100025
100025
100025
100025
100025
100025
100025
100025
100025
100025
100025
100025
100025
100025
100025
100025
100025
100025
100025
100025
100025
100025
100025
100025
100024
100024
100024
100024
100024
100024
100024
100024
100024
100024
100024
100024
100024
100024
100024
100024
100024
100024
100024
100024
100024
100024
100024
100024
100023
100023
100023
100023
100023
100023
100023
100029
100029
100029
100029
100028
100028
100028
100028
100028
100028
100028
100028
100028
100028
100028
100028
100028
100028
100028
100028
100028
100028
100028
100028
100028
100028
100028
100028
100028
100028
100028
100028
100028
100028
100028
100028
100027
100027
100027
100027
100027
100027
100027
100027
100027
100027
100027
100027
100027
100027
100027
100027
100027
100027
100027
100027
100027
100027
100027
100026
100026
100036
100036
100036
100036
100036
100036
100036
100036
100036
100036
100036
100036
100036
100036
100036
100036
100036
100036
100036
100035
100035
100035
100035
100035
100035
100035
100035
100035
100035
100035
100035
100035
100035
100035
100035
100035
100034
100034
100034
100034
100034
100034
100034
100034
100034
100034
100034
100034
100034
100034
100033
100033
100033
100033
100033
100033
100033
100033
100033
100033
100033
100042
100042
100042
100042
100042
100042
100042
100041
100041
100041
100041
100041
100041
100041
100041
100041
100041
100041
100041
100041
100041
100041
100040
100040
100040
100040
100040
100040
100040
100040
100040
100040
100040
100040
100040
100039
100039
100039
100039
100039
100039
100039
100039
100039
100039
100039
100038
100038
100038
100038
100038
100038
100038
100038
100038
100037
100037
100037
100037
100037
100037
100050
100049
100049
100049
100049
100049
100049
100049
100049
100049
100049
100049
100049
100048
100048
100048
100048
100048
100048
100048
100048
100048
100048
100047
100047
100047
100047
100047
100047
100047
100047
100046
100046
100046
100046
100046
100046
100046
100046
100045
100045
100045
100045
100045
100045
100045
100044
100044
100044
100044
100044
100044
100044
100043
100043
100043
100043
100043
100043
100042
100042
100042
100057
100057
100057
100057
100057
100056
100056
100056
100056
100056
100056
100056
100056
100055
100055
100055
100055
100055
100055
100055
100054
100054
100054
100054
100054
100054
100053
100053
100053
100053
100053
100053
100052
100052
100052
100052
100052
100051
100051
100051
100051
100051
100050
100050
100050
100050
100050
100049
100049
100049
100049
100048
100048
100048
100048
100048
100047
100047
100047
100047
100047
100046
100066
100066
100066
100065
100065
100065
100065
100065
100065
100065
100064
100064
100064
100064
100064
100063
100063
100063
100063
100062
100062
100062
100062
100062
100061
100061
100061
100061
100060
100060
100060
100059
100059
100059
100059
100058
100058
100058
100057
100057
100057
100057
100056
100056
100056
100055
100055
100055
100054
100054
100054
100054
100053
100053
100053
100052
100052
100052
100051
100051
100051
100051
100076
100075
100075
100075
100075
100075
100074
100074
100074
100074
100073
100073
100073
100073
100072
100072
100072
100071
100071
100071
100070
100070
100070
100069
100069
100069
100068
100068
100067
100067
100067
100066
100066
100065
100065
100065
100064
100064
100063
100063
100062
100062
100062
100061
100061
100060
100060
100059
100059
100059
100058
100058
100057
100057
100056
100056
100056
100055
100055
100054
100054
100053
100087
100087
100087
100086
100086
100086
100085
100085
100085
100084
100084
100084
100083
100083
100082
100082
100082
100081
100081
100080
100080
100079
100079
100078
100078
100077
100076
100076
100075
100075
100074
100074
100073
100072
100072
100071
100071
100070
100069
100069
100068
100067
100067
100066
100066
100065
100064
100064
100063
100062
100062
100061
100061
100060
100059
100059
100058
100058
100057
100056
100056
100055
100100
100100
100100
100099
100099
100098
100098
100098
100097
100097
100096
100096
100095
100094
100094
100093
100093
100092
100091
100090
100090
100089
100088
100087
100087
100086
100085
100084
100083
100083
100082
100081
100080
100079
100078
100077
100076
100075
100075
100074
100073
100072
100071
100070
100069
100068
100067
100066
100065
100065
100064
100063
100062
100061
100060
100060
100059
100058
100057
100056
100056
100055
100116
100115
100115
100114
100114
100113
100113
100112
100112
100111
100110
100110
100109
100108
100107
100106
100105
100104
100103
100102
100101
100100
100099
100098
100097
100096
100095
100094
100092
100091
100090
100089
100087
100086
100085
100083
100082
100081
100079
100078
100077
100075
100074
100073
100072
100070
100069
100068
100066
100065
100064
100063
100062
100060
100059
100058
100057
100056
100055
100054
100053
100052
100134
100133
100132
100132
100131
100131
100130
100129
100129
100128
100127
100126
100125
100124
100123
100121
100120
100119
100117
100116
100115
100113
100112
100110
100108
100107
100105
100103
100101
100100
100098
100096
100094
100092
100090
100088
100087
100085
100083
100081
100079
100077
100075
100073
100071
100070
100068
100066
100064
100063
100061
100059
100058
100056
100055
100053
100052
100050
100049
100048
100046
100045
100154
100153
100153
100152
100152
100151
100150
100149
100148
100147
100146
100145
100144
100142
100141
100139
100137
100136
100134
100132
100130
100128
100126
100124
100121
100119
100117
100114
100112
100109
100106
100104
100101
100099
100096
100093
100090
100088
100085
100082
100079
100077
100074
100072
100069
100066
100064
100061
100059
100057
100054
100052
100050
100048
100046
100044
100042
100041
100039
100037
100036
100034
100177
100176
100176
100176
100175
100174
100173
100172
100171
100170
100169
100167
100165
100164
100162
100160
100158
100155
100153
100150
100148
100145
100142
100139
100136
100133
100129
100126
100122
100119
100115
100111
100108
100104
100100
100096
100092
100088
100084
100080
100077
100073
100069
100065
100062
100058
100055
100051
100048
100045
100042
100039
100036
100033
100031
100028
100026
100024
100022
100020
100018
100017
100202
100202
100202
100201
100201
100200
100199
100198
100197
100196
100194
100193
100191
100189
100186
100184
100181
100178
100175
100172
100168
100165
100161
100157
100153
100148
100144
100139
100134
100129
100124
100119
100114
100108
100103
100098
100092
100087
100081
100076
100071
100065
100060
100055
100050
100045
100041
100036
100032
100028
100024
100020
100016
100013
100010
100007
100004
100002
99999.3
99997.2
99995.4
99993.8
100229
100229
100229
100229
100229
100228
100228
100227
100226
100224
100223
100221
100219
100216
100214
100211
100208
100204
100200
100196
100192
100187
100182
100177
100172
100166
100160
100153
100147
100140
100133
100126
100119
100112
100104
100097
100089
100081
100074
100066
100059
100052
100044
100037
100031
100024
100017
100011
100005
99999.8
99994.6
99989.6
99985.1
99980.8
99977
99973.4
99970.4
99967.7
99965.5
99963.6
99962
99960.7
100256
100257
100257
100258
100258
100258
100258
100257
100256
100255
100253
100252
100249
100247
100244
100241
100237
100233
100229
100224
100218
100213
100207
100200
100193
100186
100178
100170
100161
100152
100143
100133
100123
100113
100103
100093
100082
100072
100062
100051
100041
100031
100021
100012
100003
99994.4
99986.2
99978.5
99971.4
99964.8
99958.8
99953.2
99947.9
99942.8
99938.1
99933.9
99930.3
99927.4
99924.6
99921.9
99919.9
99918.6
100283
100284
100285
100286
100287
100288
100288
100288
100287
100286
100285
100284
100282
100279
100276
100273
100269
100264
100260
100254
100248
100241
100234
100226
100217
100208
100198
100188
100176
100165
100152
100140
100126
100113
100099
100085
100071
100056
100042
100028
100014
100001
99988.3
99975.6
99963.2
99950.6
99938.1
99926.2
99915.4
99905.6
99897.2
99890.8
99885.1
99879.8
99875.1
99871.4
99868.5
99866.5
99865.3
99865.1
99865.7
99866.9
100308
100310
100312
100314
100316
100317
100318
100318
100318
100318
100317
100316
100314
100312
100309
100306
100302
100297
100292
100286
100280
100272
100264
100254
100244
100233
100221
100208
100193
100178
100162
100145
100127
100109
100089
100070
100050
100030
100009
99987.6
99967
99947.5
99929.6
99914.5
99901.3
99888.6
99876.7
99865.9
99856.5
99848.2
99841.1
99834.7
99829.3
99824.5
99820.3
99816.9
99814.7
99813.4
99813
99813.4
99814.5
99816.3
100331
100334
100337
100340
100342
100344
100345
100346
100347
100347
100347
100346
100345
100344
100341
100339
100335
100331
100326
100320
100313
100305
100296
100285
100274
100261
100246
100230
100212
100192
100171
100147
100122
100096
100069
100041
100013
99986.8
99963.9
99941.9
99919.1
99897.3
99877.4
99859.2
99842.4
99827.1
99813.7
99802
99791.9
99783.6
99776.7
99771.5
99767.8
99765.3
99763.9
99763.6
99764.3
99765.9
99768.3
99771.5
99775.4
99779.9
100352
100356
100360
100363
100366
100368
100370
100372
100373
100374
100375
100375
100374
100373
100372
100370
100367
100363
100359
100353
100347
100339
100329
100319
100306
100291
100274
100255
100232
100207
100178
100147
100113
100078
100043
100008
99974.2
99942.7
99913
99885
99859.3
99836.4
99816.4
99799.1
99784.2
99771.7
99761.3
99752.9
99746.3
99741.3
99737.8
99735.6
99734.5
99734.5
99735.5
99737.3
99739.9
99743.2
99747.1
99751.6
99756.7
99762.3
100371
100375
100379
100383
100387
100389
100392
100394
100396
100397
100399
100399
100400
100399
100399
100398
100396
100393
100390
100385
100380
100372
100364
100353
100340
100324
100305
100282
100254
100220
100182
100139
100095
100052
100009
99969
99931
99896.5
99865.8
99838.9
99815.5
99795.3
99778.2
99763.7
99751.7
99741.8
99733.8
99727.5
99722.8
99719.4
99717.3
99716.3
99716.3
99717.3
99719.2
99721.8
99725.2
99729.2
99733.9
99739.1
99744.9
99751.1
100387
100392
100397
100401
100404
100408
100411
100413
100415
100417
100419
100420
100421
100422
100422
100422
100421
100420
100417
100414
100410
100405
100397
100388
100375
100359
100339
100311
100276
100232
100182
100129
100077
100027
99979.7
99937.2
99899.5
99866.5
99837.8
99813.1
99791.9
99773.8
99758.5
99745.6
99735
99726.3
99719.5
99714.2
99710.4
99707.8
99706.5
99706.2
99706.9
99708.5
99710.9
99714
99717.9
99722.3
99727.4
99732.9
99739
99745.5
100401
100407
100412
100416
100420
100423
100426
100429
100431
100433
100435
100437
100438
100440
100441
100441
100442
100442
100441
100440
100438
100434
100429
100421
100410
100395
100373
100341
100297
100242
100182
100122
100064
100011
99963.4
99921.7
99885.3
99853.6
99826.2
99802.5
99782.2
99764.9
99750.3
99738
99727.9
99719.7
99713.3
99708.4
99704.9
99702.6
99701.6
99701.5
99702.5
99704.3
99706.9
99710.3
99714.3
99718.9
99724
99729.7
99735.8
99742.4
100414
100420
100425
100429
100433
100436
100439
100441
100444
100446
100448
100450
100452
100454
100456
100457
100459
100460
100461
100461
100461
100459
100457
100452
100443
100430
100408
100372
100319
100255
100187
100122
100062
100008
99961.1
99919.8
99883.7
99852.2
99824.9
99801.3
99780.9
99763.6
99748.8
99736.5
99726.3
99718.1
99711.6
99706.7
99703.2
99701
99700
99700
99701
99702.9
99705.6
99709
99713.1
99717.7
99722.9
99728.5
99734.6
99741.1
100426
100432
100436
100440
100444
100447
100449
100452
100454
100456
100458
100460
100463
100465
100467
100469
100472
100474
100476
100478
100479
100480
100480
100478
100473
100462
100441
100402
100344
100273
100200
100132
100071
100017
99969.3
99927.3
99890.4
99858.2
99830.1
99805.8
99784.8
99766.8
99751.5
99738.7
99728.1
99719.5
99712.7
99707.5
99703.9
99701.6
99700.5
99700.5
99701.5
99703.3
99706
99709.4
99713.5
99718.1
99723.2
99728.8
99734.8
99741.1
100436
100442
100447
100450
100453
100456
100458
100460
100462
100464
100466
100468
100471
100473
100476
100478
100481
100484
100487
100490
100493
100496
100498
100499
100497
100490
100471
100433
100371
100297
100221
100152
100089
100033
99984.2
99940.8
99902.6
99869
99839.6
99814
99791.8
99772.8
99756.6
99743
99731.8
99722.7
99715.5
99710
99706.1
99703.6
99702.4
99702.2
99703.2
99705
99707.6
99711
99715.1
99719.7
99724.8
99730.3
99736.1
99742.2
100446
100452
100456
100459
100461
100463
100465
100466
100468
100470
100472
100474
100477
100479
100482
100485
100488
100492
100495
100499
100503
100507
100511
100515
100516
100512
100497
100462
100402
100326
100249
100177
100113
100055
100004
99958.6
99918.3
99882.7
99851.5
99824.3
99800.6
99780.4
99763.1
99748.7
99736.7
99727
99719.3
99713.5
99709.3
99706.6
99705.2
99705
99705.8
99707.6
99710.3
99713.6
99717.7
99722.3
99727.3
99732.8
99738.5
99744.4
100456
100461
100465
100467
100468
100469
100471
100472
100473
100475
100477
100479
100481
100484
100487
100490
100494
100497
100501
100506
100510
100515
100520
100525
100528
100527
100517
100489
100434
100360
100281
100207
100140
100081
100027
99978.9
99936.1
99898.2
99864.8
99835.6
99810.3
99788.7
99770.3
99754.9
99742.2
99731.9
99723.7
99717.5
99713.1
99710.2
99708.7
99708.4
99709.2
99711
99713.6
99717
99721.1
99725.7
99730.7
99736.1
99741.8
99747.5
100465
100470
100472
100473
100474
100475
100475
100476
100477
100478
100480
100482
100485
100488
100491
100494
100498
100501
100506
100510
100515
100520
100525
100531
100536
100537
100531
100510
100464
100394
100316
100240
100171
100108
100052
100001
99954.9
99914.2
99878.4
99847.1
99820.1
99797
99777.5
99761.2
99747.7
99736.9
99728.3
99721.8
99717.2
99714.1
99712.5
99712.2
99713.1
99714.9
99717.6
99721
99725.2
99729.8
99734.9
99740.2
99745.7
99751.3
100474
100478
100479
100479
100479
100479
100479
100479
100480
100481
100483
100485
100487
100490
100493
100497
100501
100504
100509
100513
100517
100522
100528
100534
100539
100541
100538
100525
100489
100428
100351
100274
100203
100138
100078
100023
99973.8
99930.1
99891.7
99858.3
99829.5
99805
99784.4
99767.2
99753.1
99741.7
99732.8
99726.1
99721.3
99718.1
99716.5
99716.2
99717.1
99719
99721.8
99725.4
99729.6
99734.4
99739.5
99744.8
99750.3
99755.7
100483
100485
100485
100484
100483
100482
100482
100482
100482
100483
100485
100487
100489
100492
100496
100499
100503
100507
100511
100515
100519
100524
100529
100535
100539
100541
100539
100532
100508
100458
100387
100310
100236
100167
100103
100045
99992.1
99945.2
99904.1
99868.5
99838
99812.2
99790.5
99772.6
99757.9
99746.1
99737
99730
99725.1
99721.9
99720.3
99720.1
99721.1
99723.2
99726.1
99729.9
99734.3
99739.2
99744.4
99749.8
99755.2
99760.4
100491
100492
100491
100489
100487
100485
100484
100484
100484
100485
100486
100488
100491
100494
100497
100501
100505
100508
100512
100516
100521
100525
100529
100534
100538
100539
100537
100534
100520
100482
100420
100345
100269
100197
100129
100066
100009
99958.9
99915.2
99877.5
99845.4
99818.4
99795.8
99777.2
99762
99749.9
99740.5
99733.4
99728.5
99725.3
99723.8
99723.6
99724.8
99727
99730.2
99734.2
99738.8
99743.9
99749.3
99754.9
99760.4
99765.6
100499
100498
100495
100492
100489
100487
100486
100485
100485
100486
100488
100490
100492
100495
100498
100502
100506
100510
100514
100518
100521
100525
100529
100532
100535
100536
100534
100532
100525
100501
100449
100379
100301
100225
100153
100086
100025
99971.2
99924.8
99885.1
99851.6
99823.5
99800.1
99780.9
99765.3
99753
99743.4
99736.2
99731.2
99728.1
99726.6
99726.6
99727.9
99730.4
99733.8
99738
99742.9
99748.3
99754
99759.8
99765.5
99770.8
100506
100503
100499
100495
100492
100489
100487
100486
100486
100487
100488
100490
100493
100496
100499
100503
100507
100511
100515
100519
100522
100525
100528
100530
100533
100533
100531
100528
100526
100512
100473
100410
100333
100253
100176
100104
100039
99981.7
99932.9
99891.4
99856.5
99827.5
99803.4
99783.7
99767.8
99755.2
99745.5
99738.3
99733.3
99730.2
99728.8
99728.9
99730.4
99733.1
99736.7
99741.2
99746.4
99752.1
99758.2
99764.3
99770.3
99775.8
100513
100508
100502
100497
100493
100490
100488
100487
100487
100488
100489
100491
100494
100497
100500
100504
100508
100512
100516
100519
100522
100525
100527
100529
100531
100531
100528
100525
100524
100518
100491
100436
100362
100279
100197
100120
100051
99990.5
99939.4
99896.3
99860.3
99830.5
99805.8
99785.8
99769.6
99756.8
99746.9
99739.7
99734.6
99731.6
99730.3
99730.5
99732.2
99735
99738.9
99743.6
99749.1
99755.1
99761.5
99768
99774.4
99780.3
100518
100512
100505
100499
100495
100491
100489
100488
100488
100488
100490
100492
100494
100497
100501
100505
100509
100513
100517
100520
100523
100525
100526
100528
100529
100530
100527
100523
100522
100519
100502
100458
100388
100303
100216
100134
100061
99997.7
99944.6
99900.1
99863.1
99832.5
99807.5
99787
99770.6
99757.7
99747.7
99740.4
99735.4
99732.3
99731.1
99731.4
99733.1
99736.1
99740.1
99745.1
99750.9
99757.2
99763.8
99770.7
99777.5
99783.9
100523
100515
100507
100501
100496
100492
100490
100488
100488
100489
100490
100492
100495
100498
100501
100505
100509
100513
100517
100520
100523
100524
100526
100527
100528
100529
100526
100521
100519
100518
100508
100474
100410
100324
100233
100146
100069
100003
99948.5
99902.8
99865
99833.9
99808.4
99787.8
99771.2
99758.1
99748
99740.6
99735.6
99732.5
99731.3
99731.7
99733.5
99736.5
99740.6
99745.8
99751.7
99758.2
99765.1
99772.3
99779.5
99786.4
100528
100517
100509
100502
100497
100493
100490
100489
100488
100489
100490
100492
100495
100498
100502
100506
100510
100514
100518
100520
100523
100524
100525
100526
100528
100529
100526
100520
100517
100517
100510
100485
100428
100343
100247
100156
100076
100008
99951.4
99904.7
99866.3
99834.7
99808.9
99788
99771.3
99758.1
99748
99740.5
99735.4
99732.3
99731.1
99731.5
99733.3
99736.3
99740.5
99745.7
99751.7
99758.4
99765.5
99772.9
99780.3
99787.7
100531
100519
100510
100503
100497
100493
100490
100489
100489
100489
100490
100492
100495
100498
100502
100506
100510
100514
100518
100521
100523
100524
100525
100526
100527
100529
100526
100520
100516
100515
100510
100490
100441
100359
100260
100165
100081
100011
99953.6
99906.1
99867.1
99835.1
99809.1
99788
99771.2
99757.9
99747.7
99740.1
99735
99731.9
99730.6
99730.9
99732.7
99735.7
99739.9
99745.1
99751.1
99757.8
99765
99772.5
99780.1
99787.6
100534
100521
100511
100503
100498
100493
100491
100489
100489
100489
100490
100493
100495
100498
100502
100506
100510
100514
100518
100521
100523
100524
100525
100526
100527
100529
100526
100520
100515
100513
100508
100492
100449
100370
100270
100172
100086
100014
99955.1
99907
99867.6
99835.4
99809.1
99787.9
99770.9
99757.5
99747.3
99739.7
99734.5
99731.3
99730
99730.2
99731.9
99734.9
99739
99744.1
99750.1
99756.8
99763.9
99771.3
99778.9
99786.5
100536
100522
100512
100504
100498
100494
100491
100489
100489
100489
100491
100493
100495
100499
100502
100506
100511
100515
100518
100520
100522
100524
100525
100526
100527
100529
100527
100521
100515
100512
100506
100491
100453
100379
100278
100178
100089
100016
99956.2
99907.6
99867.8
99835.4
99809
99787.7
99770.6
99757.2
99746.9
99739.2
99734
99730.8
99729.4
99729.6
99731.2
99734.1
99738.1
99743.1
99749
99755.6
99762.6
99769.9
99777.4
99784.8
100538
100523
100512
100504
100498
100494
100491
100489
100489
100489
100491
100493
100495
100499
100502
100506
100511
100514
100518
100520
100522
100524
100525
100526
100528
100529
100527
100521
100515
100511
100505
100490
100454
100383
100284
100182
100092
100017
99957
99907.9
99867.9
99835.3
99808.9
99787.5
99770.3
99756.8
99746.5
99738.8
99733.5
99730.3
99728.8
99729
99730.5
99733.3
99737.3
99742.3
99748.1
99754.5
99761.5
99768.6
99776
99783.2
100539
100524
100513
100505
100498
100494
100491
100489
100489
100489
100491
100493
100495
100499
100502
100506
100510
100514
100518
100520
100522
100524
100525
100526
100528
100530
100528
100521
100515
100511
100503
100488
100453
100385
100286
100184
100093
100018
99957.4
99908.1
99868
99835.3
99808.7
99787.3
99770.1
99756.6
99746.2
99738.5
99733.1
99729.9
99728.4
99728.5
99730
99732.7
99736.6
99741.5
99747.2
99753.6
99760.5
99767.5
99774.8
99781.8
100540
100524
100513
100505
100498
100494
100491
100489
100489
100489
100491
100493
100495
100499
100502
100506
100510
100514
100518
100520
100522
100524
100525
100526
100528
100530
100528
100522
100515
100510
100503
100486
100451
100383
100286
100184
100093
100018
99957.3
99907.9
99867.7
99835
99808.4
99787
99769.8
99756.3
99745.8
99738.1
99732.7
99729.4
99727.9
99728
99729.4
99732.1
99736
99740.8
99746.5
99752.9
99759.7
99766.7
99773.9
99780.9
100540
100524
100513
100505
100498
100494
100491
100489
100489
100489
100491
100493
100495
100499
100502
100506
100510
100514
100518
100520
100522
100524
100525
100526
100528
100530
100528
100522
100515
100510
100503
100486
100450
100382
100285
100183
100093
100018
99956.9
99907.5
99867.4
99834.6
99808.1
99786.6
99769.5
99756
99745.5
99737.8
99732.4
99729.1
99727.6
99727.6
99729.1
99731.7
99735.6
99740.4
99746.2
99752.5
99759.3
99766.3
99773.4
99780.4
100027
100031
100035
100039
100043
100047
100052
100056
100053
100060
100056
100063
100058
100066
100060
100068
100051
100060
100069
100049
100059
100069
100046
100057
100067
100029
100041
100053
100064
100021
100034
100047
100059
99996.6
100011
100025
100039
100052
99966.4
99982
99997.5
100013
100028
100043
99947
99964
99980.9
99997.6
100014
100030
99904.6
99923.4
99942.1
99960.6
99978.9
99997
100015
99853.9
99874.7
99895.3
99915.8
99936.1
99956.2
99976.1
99995.7
99816.5
99839.4
99862
99884.6
99906.9
99929.1
99951
99972.6
99747.9
99773
99798.1
99823.1
99847.9
99872.6
99897
99921.2
99945.1
99667.6
99695.2
99722.8
99750.4
99778
99805.4
99832.6
99859.7
99886.4
99912.9
99574.6
99604.7
99635
99665.4
99695.9
99726.3
99756.6
99786.7
99816.6
99846.3
99875.6
99468.1
99500.8
99533.8
99567
99600.5
99634.1
99667.6
99701.1
99734.5
99767.6
99800.4
99832.9
99347.9
99383
99418.7
99454.8
99491.3
99528.1
99565.1
99602.1
99639.1
99676
99712.6
99749
99784.9
99213.1
99250.5
99288.7
99327.7
99367.3
99407.4
99447.8
99488.5
99529.3
99570.2
99610.9
99651.4
99691.6
99731.4
99066
99105.2
99145.7
99187.2
99229.7
99272.9
99316.7
99361
99405.7
99450.5
99495.4
99540.3
99584.9
99629.2
99673.1
98903.6
98944.5
98986.9
99030.8
99076
99122.3
99169.5
99217.5
99266
99315
99364.3
99413.6
99463
99512.1
99560.9
99609.2
98696.8
98735.9
98777.4
98820.9
98866.5
98913.7
98962.5
99012.6
99063.7
99115.8
99168.6
99221.9
99275.6
99329.4
99383.2
99436.8
99490
99542.8
98507.1
98546.3
98588.3
98633.1
98680.3
98729.7
98781
98834.1
98888.6
98944.3
99001.1
99058.8
99117.1
99175.8
99234.7
99293.6
99352.3
99410.7
99468.5
98339.4
98376.2
98417.2
98461.3
98508.2
98557.9
98610.1
98664.6
98721
98779.2
98838.9
98899.7
98961.5
99024
99087
99150.3
99213.5
99276.5
99339.2
99401.2
98112.5
98147.3
98188.3
98233.7
98281.7
98332.8
98386.9
98444
98504.1
98566.1
98629.4
98694.3
98760.5
98827.5
98895.7
98964.7
99033.9
99103.2
99172.2
99240.8
99308.9
97987.9
98018.3
98054.2
98095
98140.3
98189.5
98242
98297.5
98357
98419.9
98483.3
98548.6
98616.7
98686
98756.7
98829
98902.4
98975
99047.6
99119.9
99191.8
99263.1
97716.8
97742.8
97775.1
97813.4
97857.4
97906.3
97959.7
98017.2
98078.5
98143.7
98211.8
98281.9
98354.7
98429.5
98505.7
98582.5
98659.5
98737.3
98816.8
98896.2
98975.6
99054.5
99132.6
100006
100007
100008
100009
100010
100011
100012
100013
100014
100015
100017
100018
100019
100020
100022
100023
100024
100026
100027
100028
100030
100031
100032
100034
100035
100036
100038
100039
100040
100041
100042
100042
100043
100043
100044
100044
100043
100043
100042
100041
100039
100037
100035
100031
100027
100022
100016
100009
100001
99992.1
100009
100009
100010
100010
100011
100011
100011
100011
100012
100012
100012
100012
100012
100012
100012
100012
100012
100012
100012
100012
100012
100011
100011
100010
100010
100009
100009
100008
100007
100006
100005
100005
100004
100003
100002
100001
100000
99999.3
99998.5
99997.8
99997.1
99996.6
99996.4
99996.2
99996.3
99996.8
99997.6
99998.7
99999.9
100001
100007
100007
100008
100008
100008
100009
100009
100009
100010
100010
100010
100010
100011
100011
100011
100011
100012
100012
100012
100012
100013
100013
100013
100013
100014
100014
100014
100015
100015
100015
100016
100016
100017
100017
100017
100018
100018
100018
100019
100019
100019
100019
100019
100019
100019
100019
100018
100018
100017
100016
100007
100008
100008
100009
100010
100010
100011
100012
100012
100013
100013
100014
100015
100015
100016
100016
100017
100017
100018
100018
100019
100019
100019
100020
100020
100020
100020
100020
100021
100021
100021
100021
100021
100021
100020
100020
100020
100020
100019
100019
100019
100018
100018
100017
100017
100017
100016
100016
100016
100016
100009
100009
100010
100011
100012
100013
100013
100014
100015
100016
100016
100017
100018
100018
100019
100019
100020
100020
100021
100021
100022
100022
100022
100023
100023
100023
100024
100024
100024
100024
100024
100025
100025
100025
100025
100025
100025
100025
100025
100025
100026
100026
100026
100026
100026
100026
100026
100026
100026
100026
100010
100011
100012
100013
100014
100015
100016
100016
100017
100018
100019
100020
100020
100021
100022
100022
100023
100024
100024
100025
100025
100026
100026
100027
100027
100028
100028
100029
100029
100029
100030
100030
100030
100030
100030
100031
100031
100031
100031
100031
100031
100031
100031
100030
100030
100030
100030
100029
100029
100029
100011
100013
100014
100015
100016
100017
100018
100019
100020
100021
100022
100023
100024
100025
100025
100026
100027
100028
100029
100029
100030
100031
100031
100032
100033
100033
100034
100034
100034
100035
100035
100036
100036
100036
100036
100037
100037
100037
100037
100037
100037
100037
100037
100037
100037
100037
100037
100037
100037
100036
100013
100014
100016
100017
100018
100020
100021
100022
100023
100024
100025
100027
100028
100029
100030
100031
100032
100033
100033
100034
100035
100036
100037
100037
100038
100039
100039
100040
100040
100041
100041
100042
100042
100042
100043
100043
100043
100043
100044
100044
100044
100044
100044
100043
100043
100043
100043
100043
100042
100042
100015
100017
100018
100020
100021
100023
100024
100025
100027
100028
100029
100031
100032
100033
100034
100036
100037
100038
100039
100040
100041
100042
100043
100043
100044
100045
100046
100046
100047
100048
100048
100049
100049
100050
100050
100050
100051
100051
100051
100051
100051
100051
100051
100051
100051
100051
100051
100050
100050
100050
100018
100019
100021
100023
100024
100026
100028
100029
100031
100032
100034
100035
100037
100038
100040
100041
100042
100044
100045
100046
100047
100048
100049
100050
100051
100052
100053
100054
100054
100055
100056
100056
100057
100057
100058
100058
100059
100059
100059
100059
100059
100059
100059
100059
100059
100059
100058
100058
100058
100057
100020
100022
100024
100026
100028
100030
100032
100034
100035
100037
100039
100041
100042
100044
100046
100047
100049
100050
100051
100053
100054
100055
100057
100058
100059
100060
100061
100062
100063
100063
100064
100065
100066
100066
100067
100067
100068
100068
100068
100068
100068
100068
100068
100068
100068
100068
100068
100067
100067
100066
100023
100025
100028
100030
100032
100034
100036
100039
100041
100043
100045
100046
100048
100050
100052
100054
100056
100057
100059
100060
100062
100063
100065
100066
100067
100069
100070
100071
100072
100073
100074
100075
100075
100076
100077
100077
100078
100078
100078
100079
100079
100079
100079
100079
100078
100078
100078
100077
100077
100076
100026
100029
100032
100034
100037
100039
100041
100044
100046
100048
100051
100053
100055
100057
100059
100061
100063
100065
100067
100069
100070
100072
100074
100075
100077
100078
100080
100081
100082
100083
100084
100085
100086
100087
100088
100088
100089
100089
100090
100090
100090
100090
100091
100090
100090
100090
100090
100089
100089
100088
100030
100033
100036
100039
100042
100044
100047
100050
100052
100055
100058
100060
100062
100065
100067
100069
100072
100074
100076
100078
100080
100082
100084
100085
100087
100089
100090
100092
100093
100095
100096
100097
100098
100099
100100
100101
100102
100102
100103
100103
100103
100104
100104
100104
100104
100103
100103
100102
100102
100101
100034
100037
100041
100044
100047
100050
100053
100056
100059
100062
100065
100068
100070
100073
100076
100078
100081
100083
100086
100088
100090
100092
100095
100097
100099
100101
100102
100104
100106
100107
100109
100110
100111
100113
100114
100115
100116
100117
100117
100118
100118
100119
100119
100119
100119
100119
100118
100118
100117
100117
100038
100042
100046
100049
100053
100056
100060
100063
100066
100070
100073
100076
100079
100082
100085
100088
100091
100094
100096
100099
100101
100104
100106
100109
100111
100113
100115
100117
100119
100121
100123
100124
100126
100128
100129
100130
100131
100132
100133
100134
100135
100135
100136
100136
100136
100136
100136
100135
100135
100134
100043
100047
100051
100055
100059
100063
100067
100070
100074
100078
100081
100085
100088
100092
100095
100098
100101
100105
100108
100111
100113
100116
100119
100122
100124
100127
100129
100132
100134
100136
100138
100140
100142
100144
100145
100147
100148
100150
100151
100152
100153
100154
100154
100155
100155
100155
100155
100155
100155
100155
100048
100052
100057
100061
100065
100070
100074
100078
100082
100086
100090
100094
100098
100102
100105
100109
100113
100116
100119
100123
100126
100129
100132
100135
100138
100141
100144
100147
100149
100152
100154
100157
100159
100161
100163
100165
100166
100168
100170
100171
100172
100173
100174
100175
100176
100177
100177
100177
100177
100177
100052
100057
100062
100067
100072
100077
100081
100086
100090
100095
100099
100104
100108
100112
100116
100120
100124
100128
100132
100136
100139
100143
100146
100150
100153
100156
100160
100163
100166
100168
100171
100174
100176
100179
100181
100184
100186
100188
100190
100191
100193
100195
100196
100197
100199
100200
100200
100201
100202
100202
100057
100063
100068
100073
100079
100084
100089
100094
100099
100104
100109
100114
100118
100123
100127
100132
100136
100141
100145
100149
100153
100157
100161
100165
100168
100172
100175
100179
100182
100186
100189
100192
100195
100198
100200
100203
100206
100208
100210
100213
100215
100217
100219
100220
100222
100223
100225
100226
100227
100228
100062
100068
100074
100080
100085
100091
100097
100102
100108
100113
100118
100123
100129
100134
100139
100144
100148
100153
100158
100162
100167
100171
100175
100180
100184
100188
100192
100195
100199
100203
100206
100210
100213
100217
100220
100223
100226
100229
100231
100234
100237
100239
100241
100244
100246
100248
100250
100251
100253
100255
100066
100073
100079
100086
100092
100098
100104
100110
100116
100122
100128
100133
100139
100145
100150
100155
100161
100166
100171
100176
100181
100185
100190
100195
100199
100204
100208
100212
100216
100220
100224
100228
100232
100235
100239
100242
100246
100249
100252
100255
100258
100261
100264
100267
100269
100272
100274
100276
100279
100281
100070
100077
100084
100091
100098
100105
100111
100118
100124
100131
100137
100143
100149
100155
100161
100167
100172
100178
100184
100189
100194
100199
100204
100209
100214
100219
100224
100228
100233
100237
100242
100246
100250
100254
100258
100261
100265
100269
100272
100276
100279
100282
100286
100289
100292
100295
100297
100300
100303
100306
100074
100081
100089
100096
100104
100111
100118
100125
100132
100139
100146
100153
100159
100166
100172
100178
100184
100190
100196
100202
100208
100213
100219
100224
100229
100234
100239
100244
100249
100254
100258
100263
100267
100272
100276
100280
100284
100288
100292
100295
100299
100302
100306
100309
100313
100316
100319
100322
100325
100328
100076
100085
100093
100101
100109
100117
100124
100132
100140
100147
100154
100161
100168
100175
100182
100189
100195
100202
100208
100214
100220
100226
100232
100238
100243
100249
100254
100259
100265
100270
100274
100279
100284
100288
100293
100297
100301
100306
100310
100314
100317
100321
100325
100328
100332
100335
100339
100342
100345
100349
100078
100087
100096
100105
100113
100122
100130
100138
100146
100154
100162
100170
100177
100185
100192
100199
100206
100213
100220
100226
100233
100239
100245
100251
100257
100263
100269
100274
100279
100285
100290
100295
100300
100304
100309
100314
100318
100322
100326
100331
100335
100338
100342
100346
100350
100353
100357
100360
100363
100367
100079
100088
100098
100107
100117
100126
100135
100144
100152
100161
100169
100177
100186
100193
100201
100209
100216
100224
100231
100238
100245
100251
100258
100264
100270
100276
100282
100288
100294
100299
100304
100309
100314
100319
100324
100329
100333
100338
100342
100346
100350
100354
100358
100362
100365
100369
100373
100376
100379
100383
100078
100089
100099
100109
100119
100129
100138
100148
100157
100166
100175
100184
100193
100201
100210
100218
100226
100233
100241
100248
100256
100263
100269
100276
100283
100289
100295
100301
100307
100313
100318
100323
100329
100334
100338
100343
100348
100352
100356
100361
100365
100369
100373
100376
100380
100383
100387
100390
100393
100397
100076
100087
100098
100109
100120
100131
100141
100151
100161
100171
100181
100190
100200
100209
100217
100226
100234
100243
100251
100259
100266
100274
100281
100288
100294
100301
100307
100314
100320
100325
100331
100337
100342
100347
100352
100357
100361
100366
100370
100374
100378
100382
100386
100390
100393
100397
100400
100403
100406
100409
100072
100084
100096
100108
100120
100131
100142
100153
100164
100175
100185
100195
100205
100215
100224
100234
100243
100251
100260
100268
100276
100284
100291
100299
100306
100313
100319
100326
100332
100338
100344
100349
100354
100360
100365
100369
100374
100379
100383
100387
100391
100395
100398
100402
100405
100409
100412
100415
100418
100421
100066
100079
100092
100105
100118
100130
100142
100154
100166
100177
100189
100199
100210
100220
100231
100240
100250
100259
100268
100277
100285
100294
100301
100309
100316
100324
100330
100337
100344
100350
100356
100361
100367
100372
100377
100382
100386
100391
100395
100399
100403
100407
100410
100414
100417
100420
100423
100426
100429
100431
100057
100072
100086
100100
100114
100127
100141
100154
100166
100179
100191
100202
100214
100225
100236
100246
100256
100266
100276
100285
100294
100303
100311
100319
100327
100334
100341
100348
100355
100361
100367
100373
100379
100384
100389
100394
100398
100403
100407
100411
100415
100418
100422
100425
100428
100431
100434
100436
100439
100442
100046
100062
100078
100093
100108
100123
100137
100151
100165
100178
100191
100204
100216
100228
100240
100251
100262
100273
100283
100293
100302
100312
100320
100329
100337
100345
100352
100359
100366
100372
100379
100385
100390
100395
100401
100405
100410
100414
100418
100422
100426
100429
100433
100436
100439
100442
100444
100447
100449
100451
100032
100050
100067
100084
100100
100116
100132
100147
100162
100177
100191
100205
100218
100231
100244
100256
100267
100279
100290
100300
100310
100320
100329
100338
100347
100355
100363
100370
100377
100384
100390
100396
100402
100407
100412
100417
100421
100426
100430
100434
100437
100440
100444
100446
100449
100452
100454
100456
100459
100461
100015
100034
100053
100071
100089
100107
100124
100141
100157
100173
100189
100204
100218
100232
100246
100259
100272
100284
100296
100307
100318
100328
100338
100347
100356
100365
100373
100381
100388
100395
100401
100407
100413
100419
100424
100428
100433
100437
100441
100445
100448
100451
100454
100457
100460
100462
100464
100466
100468
100470
99993.9
100015
100036
100056
100076
100095
100114
100132
100150
100168
100185
100201
100217
100233
100247
100262
100275
100289
100301
100313
100325
100336
100346
100356
100366
100375
100383
100391
100399
100406
100413
100419
100425
100430
100435
100440
100444
100449
100452
100456
100459
100462
100465
100467
100470
100472
100474
100476
100477
100479
99968.7
99991.9
100015
100037
100059
100080
100101
100122
100141
100161
100179
100197
100215
100232
100248
100263
100278
100292
100306
100319
100332
100343
100355
100365
100375
100385
100393
100402
100410
100417
100424
100430
100436
100442
100447
100452
100456
100460
100464
100467
100470
100473
100475
100478
100480
100482
100483
100485
100486
100488
99938.9
99964.6
99989.9
100015
100039
100063
100086
100108
100130
100151
100172
100192
100211
100229
100247
100264
100280
100296
100310
100324
100338
100350
100362
100374
100384
100394
100404
100412
100421
100428
100435
100442
100448
100453
100458
100463
100467
100471
100475
100478
100481
100483
100486
100488
100490
100491
100493
100494
100495
100496
99904.5
99932.9
99960.9
99988.4
100015
100041
100067
100092
100116
100139
100162
100184
100205
100225
100245
100263
100281
100298
100314
100329
100344
100357
100370
100382
100393
100404
100414
100423
100432
100440
100447
100453
100460
100465
100470
100475
100479
100483
100486
100489
100492
100494
100496
100498
100499
100501
100502
100503
100504
100504
99865
99896.6
99927.6
99958
99987.8
100017
100045
100073
100099
100125
100150
100174
100198
100220
100241
100261
100281
100299
100317
100333
100349
100364
100377
100390
100402
100414
100424
100434
100443
100451
100458
100465
100471
100477
100482
100486
100490
100494
100497
100500
100502
100504
100506
100508
100509
100510
100511
100511
100512
100512
99820.5
99855.5
99889.9
99923.6
99956.6
99988.7
100020
100051
100080
100109
100136
100163
100188
100213
100236
100258
100280
100300
100319
100337
100354
100369
100384
100398
100411
100423
100434
100444
100453
100462
100470
100477
100483
100488
100493
100498
100502
100505
100508
100510
100513
100514
100516
100517
100518
100519
100519
100519
100519
100519
99770.7
99809.5
99847.6
99884.9
99921.4
99957
99991.6
100025
100058
100089
100120
100149
100177
100204
100230
100254
100277
100299
100320
100339
100358
100375
100391
100406
100419
100432
100444
100454
100464
100473
100481
100488
100494
100500
100505
100509
100513
100516
100519
100521
100522
100524
100525
100526
100526
100527
100527
100527
100527
100526
99716.5
99759.2
99801.2
99842.3
99882.6
99921.8
99960
99997.1
100033
100068
100101
100133
100164
100193
100221
100248
100273
100297
100320
100341
100361
100379
100396
100412
100427
100441
100453
100464
100474
100483
100492
100499
100505
100511
100516
100520
100523
100526
100529
100530
100532
100533
100534
100534
100534
100534
100534
100534
100533
100532
99656.9
99704
99750.2
99795.5
99839.8
99883
99925
99965.7
100005
100043
100080
100115
100149
100181
100212
100241
100268
100294
100319
100342
100363
100383
100401
100418
100434
100449
100462
100473
100484
100494
100502
100509
100516
100521
100526
100530
100533
100536
100538
100540
100541
100541
100542
100542
100541
100541
100540
100540
100539
100538
99594.9
99646.3
99696.8
99746.3
99794.7
99841.8
99887.7
99932.2
99975.3
100017
100057
100095
100132
100167
100200
100232
100262
100290
100316
100341
100364
100386
100405
100424
100440
100456
100470
100482
100493
100503
100512
100519
100526
100531
100536
100540
100543
100545
100547
100548
100549
100549
100549
100548
100548
100547
100546
100545
100544
100543
99525.7
99582
99637.3
99691.5
99744.4
99796
99846.1
99894.7
99941.7
99987
100031
100072
100112
100150
100187
100221
100253
100284
100312
100339
100364
100387
100408
100428
100446
100462
100476
100490
100501
100512
100521
100528
100535
100541
100545
100549
100552
100554
100555
100556
100556
100556
100555
100554
100553
100552
100551
100549
100548
100546
99462.5
99522.9
99582.2
99640.3
99697.1
99752.5
99806.4
99858.7
99909.2
99957.9
100005
100050
100093
100134
100173
100209
100244
100277
100307
100336
100363
100387
100410
100431
100450
100467
100482
100496
100508
100519
100528
100536
100543
100549
100553
100557
100559
100561
100562
100563
100562
100562
100561
100559
100558
100556
100554
100553
100551
100549
99376.3
99443
99508.4
99572.3
99634.7
99695.3
99754.3
99811.4
99866.6
99919.8
99970.8
100020
100066
100111
100153
100193
100231
100266
100299
100330
100359
100385
100409
100432
100452
100470
100486
100501
100514
100525
100535
100543
100550
100556
100560
100563
100566
100567
100568
100568
100568
100567
100565
100564
100562
100560
100557
100555
100553
100551
99333.8
99403.4
99470.5
99535.9
99600.1
99663
99724.3
99783.8
99841.4
99896.9
99950.3
100001
100050
100097
100141
100183
100222
100259
100294
100326
100356
100384
100410
100433
100454
100473
100490
100505
100519
100530
100540
100549
100556
100562
100566
100569
100572
100573
100574
100573
100572
100571
100569
100567
100565
100562
100560
100557
100555
100552
99209.5
99285.2
99360.7
99435.3
99508.1
99578.8
99647.3
99713.6
99777.5
99839
99898.1
99954.6
100008
100060
100108
100154
100198
100238
100276
100312
100344
100375
100402
100428
100451
100471
100490
100506
100520
100533
100544
100552
100560
100566
100570
100573
100575
100576
100577
100576
100575
100574
100571
100569
100566
100563
100560
100557
100555
100552
)
;

boundaryField
{
    down
    {
        type            fixedValue;
        value           uniform 100000;
    }
    right
    {
        type            fixedValue;
        value           nonuniform List<scalar> 0();
    }
    up
    {
        type            fixedValue;
        value           nonuniform List<scalar> 0();
    }
    meanFlow
    {
        type            fixedValue;
        value           uniform 100000;
    }
    surface
    {
        type            zeroGradient;
    }
    surfaceInner
    {
        type            zeroGradient;
    }
    coandaInlet
    {
        type            zeroGradient;
    }
    defaultFaces
    {
        type            empty;
    }
    procBoundary0to1
    {
        type            processor;
        value           nonuniform List<scalar> 
81
(
164297
164297
164297
164297
164297
164297
164297
164297
164297
164296
164296
164296
164296
164296
164296
164296
164296
164296
164296
164295
164295
164295
164295
164295
164295
164295
164295
164295
164294
164295
99993.5
100005
100013
100015
100023
100026
100033
100037
100037
100042
100046
100050
100053
100055
100054
100051
100044
100033
100015
99992.4
99959.7
99918
99868.3
99818.7
99785
99768.4
99757.8
99752.4
99749.3
99747.9
99747.7
99748.6
99750.5
99753.3
99756.8
99760.9
99765.4
99770.3
99775.5
99780.7
99785.5
99789.7
99792.7
99794.4
99794.7
99793.7
99791.8
99789.9
99788.3
99787.3
99786.8
)
;
    }
    procBoundary0to2
    {
        type            processor;
        value           nonuniform List<scalar> 
73
(
100006
100008
100006
100006
100008
100009
100010
100012
100014
100016
100018
100021
100024
100024
100024
100027
100031
100035
100038
100042
100046
100050
100050
100046
100049
100050
100051
100051
100041
100039
100035
100035
100017
100008
100008
99982.2
99982.2
99950.6
99929.8
99929.8
99885.6
99885.6
99833
99793.7
99793.7
99722.8
99722.8
99640.1
99640.1
99544.7
99544.7
99435.9
99435.9
99313.5
99313.5
99176.8
99176.8
99028.1
99028.1
98827.6
98864.6
98864.6
98660.2
98660.2
98471.1
98471.1
98307
98307
98082.6
98082.6
97962.8
97962.8
97697.4
)
;
    }
}


// ************************************************************************* //
