/*--------------------------------*- C++ -*----------------------------------*\
  =========                 |
  \\      /  F ield         | OpenFOAM: The Open Source CFD Toolbox
   \\    /   O peration     | Website:  https://openfoam.org
    \\  /    A nd           | Version:  9
     \\/     M anipulation  |
\*---------------------------------------------------------------------------*/
FoamFile
{
    format      ascii;
    class       volScalarField;
    location    "0.0175";
    object      p;
}
// * * * * * * * * * * * * * * * * * * * * * * * * * * * * * * * * * * * * * //

dimensions      [1 -1 -2 0 0 0 0];

internalField   nonuniform List<scalar> 
8420
(
100000
100001
100001
100001
100001
100001
100002
100002
100002
100002
100003
100003
100003
100003
100004
100004
100004
100005
100005
100005
100006
100006
100007
100007
100007
100008
100008
100009
100009
100010
100011
100011
100012
100012
99995.6
99995.7
99995.8
99995.9
99995.9
99996
99996.1
99996.2
99996.4
99996.5
99996.6
99996.7
99996.9
99997
99997.1
99997.3
99997.5
99997.6
99997.8
99998
99998.2
99998.4
99998.6
99998.8
99999.1
99999.3
99999.6
99999.8
100000
100000
100001
100001
100001
100002
99986.7
99986.7
99986.7
99986.7
99986.7
99986.7
99986.7
99986.6
99986.6
99986.6
99986.6
99986.6
99986.6
99986.5
99986.5
99986.5
99986.5
99986.4
99986.4
99986.3
99986.3
99986.2
99986.2
99986.1
99986
99986
99985.9
99985.8
99985.7
99985.5
99985.4
99985.3
99985.1
99984.9
99985.4
99985.5
99985.5
99985.6
99985.7
99985.8
99985.9
99985.9
99986
99986.1
99986.2
99986.3
99986.4
99986.5
99986.6
99986.7
99986.8
99986.9
99987
99987.1
99987.2
99987.3
99987.4
99987.5
99987.6
99987.8
99987.9
99988
99988.1
99988.3
99988.4
99988.5
99988.7
99988.8
99976.3
99976.3
99976.3
99976.3
99976.3
99976.3
99976.4
99976.4
99976.4
99976.4
99976.4
99976.4
99976.5
99976.5
99976.5
99976.5
99976.5
99976.6
99976.6
99976.6
99976.6
99976.7
99976.7
99976.7
99976.7
99976.8
99976.8
99976.8
99976.8
99976.9
99976.9
99976.9
99976.9
99976.9
99974
99974.1
99974.1
99974.2
99974.2
99974.3
99974.4
99974.4
99974.5
99974.6
99974.6
99974.7
99974.8
99974.9
99974.9
99975
99975.1
99975.2
99975.3
99975.3
99975.4
99975.5
99975.6
99975.7
99975.8
99975.9
99976
99976.1
99976.2
99976.2
99976.3
99976.4
99976.6
99976.6
99966.4
99966.4
99966.5
99966.5
99966.6
99966.6
99966.7
99966.7
99966.8
99966.9
99966.9
99967
99967.1
99967.2
99967.2
99967.3
99967.4
99967.5
99967.6
99967.7
99967.8
99967.9
99968
99968.1
99968.2
99968.3
99968.4
99968.5
99968.6
99968.7
99968.9
99969
99969.1
99969.2
99962.6
99962.6
99962.7
99962.8
99962.9
99962.9
99963
99963.1
99963.2
99963.3
99963.4
99963.5
99963.6
99963.7
99963.8
99963.9
99964
99964.1
99964.2
99964.3
99964.5
99964.6
99964.7
99964.8
99965
99965.1
99965.3
99965.4
99965.5
99965.7
99965.8
99966
99966.1
99966.2
99955.8
99955.9
99956
99956.1
99956.2
99956.3
99956.4
99956.5
99956.6
99956.7
99956.8
99956.9
99957.1
99957.2
99957.3
99957.5
99957.6
99957.8
99957.9
99958.1
99958.2
99958.4
99958.5
99958.7
99958.9
99959.1
99959.2
99959.4
99959.6
99959.8
99960
99960.2
99960.4
99960.5
99950.8
99950.9
99951
99951.1
99951.2
99951.3
99951.4
99951.5
99951.7
99951.8
99951.9
99952.1
99952.2
99952.4
99952.5
99952.7
99952.9
99953
99953.2
99953.4
99953.6
99953.8
99954
99954.2
99954.4
99954.6
99954.8
99955
99955.2
99955.4
99955.6
99955.9
99956.1
99956.3
99956.5
99944.3
99944.4
99944.5
99944.6
99944.8
99944.9
99945.1
99945.2
99945.4
99945.5
99945.7
99945.9
99946.1
99946.3
99946.5
99946.7
99946.9
99947.1
99947.3
99947.5
99947.8
99948
99948.2
99948.5
99948.7
99949
99949.3
99949.5
99949.8
99950.1
99950.3
99950.6
99950.9
99951.2
99951.5
99938.4
99938.6
99938.7
99938.9
99939.1
99939.2
99939.4
99939.6
99939.8
99940
99940.2
99940.4
99940.6
99940.9
99941.1
99941.3
99941.6
99941.8
99942.1
99942.4
99942.6
99942.9
99943.2
99943.5
99943.8
99944.1
99944.4
99944.7
99945
99945.4
99945.7
99946
99946.4
99946.7
99947
99931.8
99932
99932.1
99932.3
99932.5
99932.7
99933
99933.2
99933.4
99933.7
99933.9
99934.2
99934.4
99934.7
99935
99935.3
99935.6
99935.9
99936.2
99936.6
99936.9
99937.2
99937.6
99937.9
99938.3
99938.6
99939
99939.4
99939.8
99940.2
99940.5
99940.9
99941.4
99941.8
99942.1
99925.3
99925.5
99925.7
99926
99926.2
99926.5
99926.7
99927
99927.3
99927.5
99927.8
99928.2
99928.5
99928.8
99929.1
99929.5
99929.8
99930.2
99930.6
99931
99931.3
99931.7
99932.1
99932.6
99933
99933.4
99933.8
99934.3
99934.7
99935.2
99935.6
99936.1
99936.6
99937.1
99937.5
99918.4
99918.6
99918.9
99919.1
99919.4
99919.7
99920
99920.3
99920.7
99921
99921.3
99921.7
99922.1
99922.5
99922.9
99923.3
99923.7
99924.1
99924.6
99925
99925.5
99925.9
99926.4
99926.9
99927.4
99927.9
99928.4
99928.9
99929.5
99930
99930.5
99931.1
99931.6
99932.2
99932.7
99911.4
99911.6
99911.9
99912.3
99912.6
99912.9
99913.3
99913.7
99914
99914.4
99914.8
99915.3
99915.7
99916.2
99916.6
99917.1
99917.6
99918.1
99918.6
99919.1
99919.6
99920.2
99920.7
99921.3
99921.9
99922.4
99923
99923.6
99924.2
99924.9
99925.5
99926.1
99926.8
99927.4
99928
99904
99904.4
99904.7
99905.1
99905.5
99905.9
99906.3
99906.7
99907.2
99907.6
99908.1
99908.6
99909.1
99909.6
99910.1
99910.7
99911.2
99911.8
99912.4
99913
99913.6
99914.2
99914.9
99915.5
99916.2
99916.9
99917.5
99918.2
99918.9
99919.6
99920.4
99921.1
99921.8
99922.6
99923.3
99896.6
99897
99897.4
99897.8
99898.3
99898.7
99899.2
99899.7
99900.2
99900.7
99901.3
99901.8
99902.4
99903
99903.6
99904.2
99904.8
99905.5
99906.2
99906.9
99907.6
99908.3
99909
99909.7
99910.5
99911.2
99912
99912.8
99913.6
99914.4
99915.2
99916.1
99916.9
99917.8
99918.6
99889
99889.5
99889.9
99890.4
99890.9
99891.4
99891.9
99892.5
99893.1
99893.7
99894.3
99894.9
99895.5
99896.2
99896.9
99897.6
99898.3
99899.1
99899.8
99900.6
99901.4
99902.2
99903
99903.8
99904.7
99905.6
99906.4
99907.3
99908.2
99909.2
99910.1
99911
99912
99913
99913.9
99881.4
99881.9
99882.4
99882.9
99883.4
99884
99884.6
99885.2
99885.9
99886.5
99887.2
99887.9
99888.6
99889.4
99890.1
99890.9
99891.7
99892.6
99893.4
99894.3
99895.1
99896
99897
99897.9
99898.9
99899.8
99900.8
99901.8
99902.9
99903.9
99904.9
99906
99907.1
99908.2
99909.2
99873.6
99874.2
99874.7
99875.3
99875.9
99876.6
99877.2
99877.9
99878.6
99879.3
99880.1
99880.8
99881.6
99882.5
99883.3
99884.2
99885.1
99886
99886.9
99887.9
99888.8
99889.8
99890.9
99891.9
99893
99894
99895.1
99896.3
99897.4
99898.6
99899.7
99900.9
99902.1
99903.4
99904.6
99865.9
99866.5
99867.1
99867.7
99868.4
99869.1
99869.8
99870.5
99871.3
99872.1
99872.9
99873.7
99874.6
99875.5
99876.4
99877.4
99878.3
99879.3
99880.3
99881.4
99882.5
99883.6
99884.7
99885.8
99887
99888.2
99889.4
99890.7
99891.9
99893.2
99894.5
99895.8
99897.2
99898.6
99899.9
99858.2
99858.8
99859.5
99860.2
99860.9
99861.6
99862.4
99863.2
99864
99864.8
99865.7
99866.6
99867.5
99868.5
99869.5
99870.5
99871.5
99872.6
99873.7
99874.9
99876
99877.2
99878.4
99879.7
99881
99882.3
99883.6
99885
99886.4
99887.8
99889.2
99890.7
99892.2
99893.7
99895.2
99850.6
99851.2
99852
99852.7
99853.4
99854.2
99855
99855.9
99856.7
99857.6
99858.6
99859.5
99860.5
99861.5
99862.5
99863.6
99864.7
99865.9
99867
99868.3
99869.5
99870.8
99872.1
99873.5
99874.8
99876.3
99877.7
99879.2
99880.8
99882.3
99883.9
99885.5
99887.2
99888.8
99890.5
99843.1
99843.8
99844.6
99845.3
99846.1
99846.9
99847.8
99848.7
99849.6
99850.5
99851.4
99852.4
99853.4
99854.5
99855.6
99856.7
99857.9
99859.1
99860.3
99861.6
99862.9
99864.3
99865.7
99867.1
99868.6
99870.2
99871.8
99873.4
99875
99876.7
99878.5
99880.3
99882.1
99883.9
99885.8
99835.8
99836.6
99837.4
99838.2
99839
99839.8
99840.7
99841.6
99842.5
99843.4
99844.4
99845.4
99846.5
99847.5
99848.7
99849.8
99851
99852.3
99853.6
99854.9
99856.3
99857.7
99859.2
99860.7
99862.3
99864
99865.7
99867.4
99869.2
99871
99872.9
99874.9
99876.9
99878.9
99880.9
99828.8
99829.6
99830.4
99831.2
99832
99832.9
99833.7
99834.6
99835.6
99836.5
99837.5
99838.5
99839.6
99840.6
99841.8
99842.9
99844.2
99845.4
99846.8
99848.1
99849.6
99851.1
99852.6
99854.2
99855.9
99857.6
99859.4
99861.3
99863.2
99865.2
99867.3
99869.4
99871.6
99873.8
99876
99822.1
99822.9
99823.7
99824.5
99825.3
99826.2
99827
99827.9
99828.8
99829.8
99830.7
99831.7
99832.8
99833.8
99834.9
99836.1
99837.3
99838.6
99839.9
99841.3
99842.8
99844.3
99845.9
99847.6
99849.3
99851.1
99853
99855
99857.1
99859.2
99861.4
99863.7
99866.1
99868.5
99871
99815.8
99816.5
99817.3
99818.1
99818.9
99819.7
99820.6
99821.4
99822.3
99823.2
99824.1
99825.1
99826.1
99827.1
99828.2
99829.3
99830.5
99831.8
99833.1
99834.5
99835.9
99837.5
99839.1
99840.8
99842.6
99844.5
99846.5
99848.6
99850.7
99853
99855.4
99857.9
99860.5
99863.1
99865.8
99809.8
99810.5
99811.3
99812.1
99812.8
99813.6
99814.4
99815.2
99816
99816.9
99817.7
99818.6
99819.6
99820.6
99821.6
99822.7
99823.8
99825
99826.3
99827.6
99829
99830.6
99832.2
99833.9
99835.7
99837.7
99839.7
99841.9
99844.2
99846.6
99849.2
99851.8
99854.6
99857.5
99860.5
99804.1
99804.9
99805.6
99806.4
99807.1
99807.8
99808.5
99809.3
99810
99810.8
99811.6
99812.4
99813.3
99814.2
99815.1
99816.1
99817.1
99818.2
99819.4
99820.7
99822.1
99823.6
99825.1
99826.8
99828.7
99830.6
99832.8
99835
99837.4
99840
99842.7
99845.5
99848.5
99851.7
99854.9
99798.9
99799.6
99800.3
99801
99801.7
99802.4
99803
99803.7
99804.4
99805
99805.7
99806.4
99807.2
99808
99808.8
99809.7
99810.6
99811.6
99812.7
99813.8
99815.1
99816.5
99818
99819.7
99821.5
99823.4
99825.6
99827.9
99830.4
99833
99835.9
99838.9
99842.2
99845.6
99849.1
99794.1
99794.8
99795.4
99796.1
99796.7
99797.3
99797.9
99798.4
99799
99799.6
99800.1
99800.7
99801.3
99802
99802.7
99803.4
99804.2
99805
99806
99807
99808.2
99809.4
99810.8
99812.4
99814.1
99816
99818.2
99820.5
99823
99825.8
99828.8
99832
99835.5
99839.2
99843.1
99789.7
99790.3
99790.9
99791.5
99792
99792.6
99793
99793.5
99794
99794.4
99794.9
99795.3
99795.8
99796.3
99796.8
99797.3
99798
99798.6
99799.4
99800.3
99801.2
99802.3
99803.6
99805
99806.6
99808.5
99810.5
99812.8
99815.4
99818.2
99821.4
99824.8
99828.5
99832.5
99836.7
99785.6
99786.2
99786.8
99787.3
99787.8
99788.2
99788.6
99789
99789.3
99789.6
99789.9
99790.2
99790.5
99790.8
99791.2
99791.5
99791.9
99792.4
99793
99793.6
99794.4
99795.3
99796.3
99797.6
99799
99800.7
99802.7
99804.9
99807.4
99810.3
99813.6
99817.1
99821.1
99825.4
99830
99782
99782.5
99783
99783.5
99783.9
99784.2
99784.5
99784.8
99785
99785.2
99785.3
99785.5
99785.6
99785.7
99785.8
99786
99786.2
99786.4
99786.7
99787.1
99787.6
99788.3
99789.1
99790.1
99791.3
99792.8
99794.6
99796.7
99799.2
99802.1
99805.4
99809.1
99813.3
99817.9
99823
99778.7
99779.2
99779.6
99780
99780.3
99780.6
99780.8
99780.9
99781
99781
99781
99781
99781
99780.9
99780.8
99780.7
99780.7
99780.6
99780.7
99780.8
99781
99781.3
99781.9
99782.6
99783.5
99784.8
99786.3
99788.3
99790.6
99793.5
99796.8
99800.6
99805
99810
99815.5
99775.8
99776.2
99776.6
99776.9
99777.1
99777.3
99777.4
99777.4
99777.4
99777.3
99777.1
99776.9
99776.7
99776.4
99776.1
99775.8
99775.4
99775.1
99774.9
99774.7
99774.6
99774.6
99774.8
99775.1
99775.7
99776.7
99777.9
99779.6
99781.8
99784.5
99787.8
99791.7
99796.3
99801.6
99807.6
99773.1
99773.5
99773.9
99774.1
99774.3
99774.3
99774.3
99774.2
99774.1
99773.8
99773.5
99773.1
99772.7
99772.2
99771.7
99771.1
99770.5
99769.9
99769.4
99768.8
99768.4
99768
99767.8
99767.8
99768
99768.5
99769.4
99770.8
99772.7
99775.2
99778.4
99782.3
99787.1
99792.7
99799.2
99770.8
99771.1
99771.4
99771.6
99771.7
99771.7
99771.6
99771.4
99771.1
99770.7
99770.2
99769.7
99769.1
99768.4
99767.6
99766.8
99765.9
99765.1
99764.2
99763.3
99762.4
99761.7
99761
99760.6
99760.3
99760.4
99760.8
99761.8
99763.3
99765.5
99768.5
99772.4
99777.3
99783.3
99790.3
99768.7
99769
99769.3
99769.4
99769.4
99769.3
99769.1
99768.8
99768.4
99767.9
99767.3
99766.6
99765.8
99764.9
99763.9
99762.8
99761.7
99760.5
99759.3
99758
99756.8
99755.6
99754.5
99753.5
99752.8
99752.3
99752.2
99752.7
99753.7
99755.5
99758.3
99762
99767
99773.2
99780.9
99766.9
99767.2
99767.3
99767.4
99767.3
99767.2
99766.9
99766.5
99766
99765.4
99764.6
99763.7
99762.8
99761.7
99760.5
99759.2
99757.8
99756.3
99754.7
99753.1
99751.5
99749.8
99748.2
99746.7
99745.4
99744.4
99743.7
99743.5
99744
99745.3
99747.6
99751.2
99756
99762.5
99770.8
99765.3
99765.5
99765.6
99765.6
99765.5
99765.3
99764.9
99764.4
99763.8
99763.1
99762.2
99761.2
99760.1
99758.8
99757.4
99755.8
99754.2
99752.4
99750.5
99748.5
99746.5
99744.4
99742.3
99740.2
99738.3
99736.6
99735.3
99734.4
99734.2
99734.8
99736.6
99739.8
99744.5
99751.2
99760.1
99763.8
99764.1
99764.1
99764.1
99763.9
99763.6
99763.2
99762.6
99761.9
99761.1
99760.1
99758.9
99757.6
99756.2
99754.6
99752.8
99750.9
99748.8
99746.6
99744.3
99741.8
99739.3
99736.7
99734
99731.5
99729.1
99727
99725.3
99724.3
99724.2
99725.3
99727.9
99732.3
99739.1
99748.7
99762.6
99762.8
99762.8
99762.7
99762.5
99762.2
99761.7
99761
99760.2
99759.3
99758.2
99756.9
99755.5
99753.9
99752.1
99750.1
99747.9
99745.6
99743.1
99740.4
99737.5
99734.5
99731.4
99728.2
99725
99721.9
99719
99716.4
99714.5
99713.5
99713.7
99715.6
99719.5
99726.3
99736.5
99761.5
99761.7
99761.7
99761.6
99761.3
99760.9
99760.3
99759.6
99758.7
99757.7
99756.5
99755.1
99753.5
99751.8
99749.8
99747.6
99745.3
99742.7
99739.9
99736.8
99733.6
99730.1
99726.5
99722.7
99718.8
99715
99711.2
99707.7
99704.8
99702.7
99702
99702.9
99706.1
99712.8
99723.6
99760.6
99760.7
99760.7
99760.5
99760.2
99759.8
99759.1
99758.4
99757.4
99756.3
99755
99753.5
99751.8
99749.9
99747.8
99745.5
99742.9
99740
99737
99733.6
99730
99726.1
99722
99717.6
99713.1
99708.4
99703.8
99699.3
99695.3
99692
99690.1
99689.9
99692.2
99698.4
99709.8
99759.7
99759.8
99759.8
99759.6
99759.3
99758.8
99758.1
99757.3
99756.3
99755.1
99753.7
99752.1
99750.3
99748.3
99746
99743.5
99740.7
99737.7
99734.3
99730.7
99726.7
99722.4
99717.8
99712.9
99707.7
99702.3
99696.8
99691.3
99686
99681.5
99678.2
99676.6
99677.6
99683.2
99695
99759
99759.1
99759
99758.8
99758.5
99757.9
99757.2
99756.3
99755.3
99754
99752.5
99750.9
99749
99746.8
99744.4
99741.8
99738.8
99735.6
99732
99728.1
99723.8
99719.1
99714.1
99708.6
99702.8
99696.6
99690.2
99683.6
99677.1
99671.1
99666.3
99663.2
99662.6
99667.1
99679.4
99758.4
99758.5
99758.4
99758.1
99757.7
99757.2
99756.4
99755.5
99754.4
99753.1
99751.5
99749.8
99747.8
99745.6
99743
99740.3
99737.2
99733.7
99729.9
99725.7
99721.2
99716.1
99710.7
99704.7
99698.2
99691.3
99684
99676.3
99668.6
99661.1
99654.5
99649.6
99647.2
99650.2
99662.7
99757.9
99757.9
99757.8
99757.5
99757.1
99756.5
99755.7
99754.8
99753.6
99752.2
99750.7
99748.8
99746.8
99744.4
99741.8
99738.9
99735.7
99732.1
99728.1
99723.7
99718.8
99713.5
99707.6
99701.1
99694.1
99686.5
99678.3
99669.6
99660.5
99651.4
99643
99636.1
99631.5
99632.6
99644.9
99757.4
99757.4
99757.3
99757
99756.6
99756
99755.1
99754.1
99752.9
99751.5
99749.9
99748
99745.9
99743.5
99740.8
99737.7
99734.4
99730.6
99726.4
99721.8
99716.7
99711.1
99704.8
99697.9
99690.4
99682.1
99673
99663.3
99652.9
99642.2
99631.8
99622.7
99615.5
99614.1
99625.9
99757
99757
99756.9
99756.6
99756.1
99755.5
99754.6
99753.6
99752.4
99750.9
99749.2
99747.3
99745.1
99742.6
99739.8
99736.7
99733.2
99729.3
99725
99720.2
99714.9
99708.9
99702.4
99695.1
99687
99678.1
99668.2
99657.4
99645.8
99633.4
99621
99609.5
99599.5
99595.1
99605.8
99756.7
99756.7
99756.5
99756.2
99755.7
99755
99754.2
99753.1
99751.9
99750.4
99748.6
99746.7
99744.4
99741.9
99739
99735.8
99732.2
99728.2
99723.8
99718.8
99713.2
99707.1
99700.2
99692.5
99684
99674.4
99663.8
99652.1
99639.2
99625.2
99610.7
99596.7
99583.5
99575.4
99584.4
99756.4
99756.4
99756.2
99755.9
99755.4
99754.7
99753.8
99752.7
99751.4
99749.9
99748.1
99746.1
99743.8
99741.2
99738.3
99735
99731.4
99727.2
99722.7
99717.5
99711.8
99705.4
99698.3
99690.3
99681.3
99671.2
99659.9
99647.3
99633.2
99617.6
99601
99584.2
99567.8
99555.3
99561.8
99756.1
99756.1
99755.9
99755.6
99755.1
99754.4
99753.5
99752.4
99751.1
99749.5
99747.7
99745.7
99743.3
99740.7
99737.7
99734.3
99730.6
99726.4
99721.7
99716.4
99710.6
99704
99696.6
99688.3
99678.9
99668.3
99656.4
99642.9
99627.7
99610.6
99591.8
99572.2
99552.3
99535
99537.8
99755.9
99755.9
99755.7
99755.4
99754.8
99754.1
99753.2
99752.1
99750.7
99749.2
99747.3
99745.3
99742.9
99740.2
99737.2
99733.8
99729.9
99725.7
99720.9
99715.5
99709.5
99702.7
99695.1
99686.5
99676.8
99665.8
99653.3
99639
99622.7
99604.1
99583.3
99560.8
99537.3
99514.5
99512.5
99755.7
99755.7
99755.5
99755.2
99754.6
99753.9
99753
99751.8
99750.5
99748.9
99747
99744.9
99742.5
99739.8
99736.7
99733.3
99729.4
99725
99720.2
99714.7
99708.5
99701.6
99693.8
99685
99675
99663.6
99650.5
99635.5
99618.2
99598.3
99575.4
99550
99522.8
99494.2
99485.9
99755.6
99755.5
99755.3
99755
99754.4
99753.7
99752.8
99751.6
99750.2
99748.6
99746.8
99744.6
99742.2
99739.4
99736.3
99732.8
99728.9
99724.5
99719.5
99714
99707.7
99700.7
99692.7
99683.7
99673.4
99661.6
99648.1
99632.4
99614.2
99593
99568.2
99539.9
99508.9
99474.3
99458.2
99755.4
99755.4
99755.2
99754.8
99754.3
99753.5
99752.6
99751.4
99750
99748.4
99746.5
99744.4
99741.9
99739.1
99736
99732.4
99728.5
99724
99719
99713.4
99707
99699.8
99691.7
99682.5
99672
99659.9
99645.9
99629.6
99610.6
99588.3
99561.6
99530.5
99495.8
99454.8
99429.3
99755.3
99755.3
99755.1
99754.7
99754.1
99753.4
99752.4
99751.3
99749.9
99748.2
99746.3
99744.1
99741.7
99738.9
99735.7
99732.1
99728.1
99723.6
99718.5
99712.8
99706.4
99699.1
99690.9
99681.5
99670.8
99658.4
99644.1
99627.3
99607.5
99584.1
99555.8
99521.8
99483.4
99436.1
99399.4
99755.2
99755.2
99755
99754.6
99754
99753.3
99752.3
99751.1
99749.7
99748.1
99746.2
99744
99741.5
99738.6
99735.4
99731.8
99727.8
99723.2
99718.1
99712.4
99705.9
99698.5
99690.2
99680.6
99669.7
99657.1
99642.4
99625.2
99604.7
99580.4
99550.5
99513.8
99471.7
99418.4
99368.8
99755.2
99755.1
99754.9
99754.5
99753.9
99753.2
99752.2
99751
99749.6
99747.9
99746
99743.8
99741.3
99738.4
99735.2
99731.6
99727.5
99722.9
99717.8
99712
99705.4
99698
99689.5
99679.9
99668.8
99656
99641
99623.4
99602.3
99577.1
99545.9
99506.6
99460.9
99401.7
99337.6
99755.1
99755.1
99754.8
99754.5
99753.9
99753.1
99752.1
99750.9
99749.5
99747.8
99745.9
99743.7
99741.1
99738.3
99735
99731.4
99727.3
99722.7
99717.5
99711.6
99705
99697.5
99689
99679.2
99668
99655
99639.8
99621.8
99600.2
99574.2
99541.8
99500
99451
99386.2
99306.1
99755.1
99755
99754.8
99754.4
99753.8
99753
99752
99750.8
99749.4
99747.7
99745.8
99743.6
99741
99738.1
99734.9
99731.2
99727.1
99722.5
99717.2
99711.3
99704.7
99697.1
99688.5
99678.7
99667.3
99654.2
99638.7
99620.4
99598.3
99571.8
99538.3
99494.2
99441.8
99372
99274.4
99755
99755
99754.8
99754.4
99753.8
99753
99752
99750.8
99749.3
99747.7
99745.7
99743.5
99740.9
99738
99734.8
99731.1
99726.9
99722.3
99717
99711.1
99704.4
99696.8
99688.1
99678.2
99666.7
99653.4
99637.8
99619.2
99596.8
99569.6
99535.2
99489
99433.4
99359.2
99242.9
99755
99755
99754.7
99754.3
99753.7
99752.9
99751.9
99750.7
99749.3
99747.6
99745.6
99743.4
99740.8
99737.9
99734.6
99731
99726.8
99722.1
99716.8
99710.9
99704.1
99696.5
99687.8
99677.8
99666.2
99652.8
99637.1
99618.2
99595.4
99567.7
99532.6
99484.4
99425.7
99347.9
99212.2
99755
99754.9
99754.7
99754.3
99753.7
99752.9
99751.9
99750.7
99749.2
99747.5
99745.6
99743.3
99740.8
99737.8
99734.6
99730.9
99726.7
99722
99716.7
99710.7
99703.9
99696.2
99687.5
99677.4
99665.8
99652.3
99636.4
99617.4
99594.2
99566.1
99530.3
99480.4
99418.7
99338
99182.3
99755
99754.9
99754.7
99754.3
99753.7
99752.9
99751.9
99750.7
99749.2
99747.5
99745.5
99743.3
99740.7
99737.8
99734.5
99730.8
99726.6
99721.9
99716.5
99710.5
99703.7
99696
99687.2
99677.1
99665.4
99651.8
99635.8
99616.6
99593.2
99564.7
99528.4
99476.9
99412.4
99329.5
99153.5
99755
99754.9
99754.7
99754.3
99753.7
99752.9
99751.9
99750.6
99749.2
99747.5
99745.5
99743.2
99740.7
99737.7
99734.4
99730.7
99726.5
99721.8
99716.4
99710.4
99703.6
99695.8
99687
99676.9
99665.1
99651.4
99635.3
99616
99592.3
99563.5
99526.8
99473.9
99406.8
99322.3
99125.9
99755
99754.9
99754.7
99754.3
99753.7
99752.9
99751.9
99750.6
99749.2
99747.5
99745.5
99743.2
99740.6
99737.7
99734.4
99730.7
99726.4
99721.7
99716.4
99710.3
99703.5
99695.7
99686.8
99676.6
99664.8
99651.1
99634.9
99615.4
99591.6
99562.5
99525.4
99471.3
99401.8
99316.3
99099.8
99755
99754.9
99754.7
99754.3
99753.7
99752.9
99751.9
99750.6
99749.2
99747.5
99745.5
99743.2
99740.6
99737.7
99734.4
99730.6
99726.4
99721.7
99716.3
99710.2
99703.4
99695.6
99686.7
99676.5
99664.6
99650.8
99634.5
99615
99591
99561.6
99524.2
99469.1
99397.5
99311.4
99075.4
99755
99754.9
99754.7
99754.3
99753.7
99752.9
99751.8
99750.6
99749.2
99747.4
99745.5
99743.2
99740.6
99737.7
99734.3
99730.6
99726.4
99721.6
99716.3
99710.2
99703.3
99695.5
99686.6
99676.3
99664.5
99650.6
99634.2
99614.6
99590.4
99560.8
99523.2
99467.2
99393.6
99307.7
99052.9
99755
99754.9
99754.7
99754.3
99753.7
99752.9
99751.9
99750.6
99749.2
99747.4
99745.5
99743.2
99740.6
99737.7
99734.3
99730.6
99726.4
99721.6
99716.2
99710.2
99703.3
99695.4
99686.5
99676.2
99664.3
99650.4
99634
99614.3
99590
99560.2
99522.3
99465.7
99390.3
99304.9
99032.3
99755
99754.9
99754.7
99754.3
99753.7
99752.9
99751.9
99750.6
99749.2
99747.4
99745.5
99743.2
99740.6
99737.7
99734.3
99730.6
99726.3
99721.6
99716.2
99710.1
99703.2
99695.4
99686.5
99676.2
99664.2
99650.3
99633.8
99614
99589.6
99559.7
99521.6
99464.3
99387.4
99302.9
99013.9
99755
99754.9
99754.7
99754.3
99753.7
99752.9
99751.9
99750.6
99749.2
99747.5
99745.5
99743.2
99740.6
99737.7
99734.3
99730.6
99726.3
99721.6
99716.2
99710.1
99703.2
99695.4
99686.4
99676.1
99664.2
99650.2
99633.7
99613.8
99589.4
99559.3
99521
99463.2
99385
99301.5
98997.6
99755
99754.9
99754.7
99754.3
99753.7
99752.9
99751.9
99750.6
99749.2
99747.5
99745.5
99743.2
99740.6
99737.7
99734.3
99730.6
99726.3
99721.6
99716.2
99710.1
99703.2
99695.4
99686.4
99676.1
99664.1
99650.1
99633.6
99613.7
99589.2
99559
99520.6
99462.3
99382.9
99300.7
98984.5
99755
99754.9
99754.7
99754.3
99753.7
99752.9
99751.9
99750.6
99749.2
99747.5
99745.5
99743.2
99740.6
99737.7
99734.3
99730.6
99726.3
99721.6
99716.2
99710.1
99703.2
99695.4
99686.4
99676.1
99664.1
99650.1
99633.6
99613.7
99589.1
99558.8
99520.3
99461.6
99381.2
99300
98973.6
99755
99755
99754.7
99754.3
99753.7
99752.9
99751.9
99750.6
99749.2
99747.5
99745.5
99743.2
99740.6
99737.7
99734.3
99730.6
99726.4
99721.6
99716.2
99710.1
99703.2
99695.4
99686.4
99676.1
99664.1
99650.1
99633.6
99613.6
99589
99558.8
99520.2
99461.2
99380
99298.4
98963.7
99755
99755
99754.7
99754.3
99753.7
99752.9
99751.9
99750.7
99749.2
99747.5
99745.5
99743.2
99740.6
99737.7
99734.3
99730.6
99726.4
99721.6
99716.2
99710.1
99703.2
99695.4
99686.4
99676.1
99664.1
99650.1
99633.6
99613.6
99589
99558.8
99520.1
99461.1
99379.4
99296.9
98952.2
100006
99998.6
99991
99984.8
99979.6
99975.1
99971.3
99968.3
99966.1
99964.3
99963.1
99962.1
99961.5
99961.1
99961
99961
99961.2
99961.5
99961.9
99962.5
99963.1
99963.8
99964.6
99965.4
99966.2
99967.1
99968.1
99969
99970
99970.9
99971.9
99972.9
99973.9
99974.8
99975.8
99976.8
99977.7
99978.7
99979.6
99980.5
99981.5
99982.4
99983.3
99984.2
99985
99985.9
99986.7
99987.5
99988.4
99989.1
99989.9
99990.6
99991.3
99992.1
99992.8
99993.4
99994.1
99994.7
99995.3
99995.9
99996.5
99997
99997.6
99998.1
99998.6
99999.1
99999.5
99999.9
100000
100001
100001
100001
100002
100002
100002
100003
100003
100003
100003
100004
100003
100004
100006
100007
100007
100008
100008
100007
100007
100007
100006
100005
100005
100004
100003
100003
100002
100001
100001
100000
99999.5
99998.9
99998.3
99997.8
99997.3
99996.8
99996.4
99995.9
99995.6
99995.2
99994.9
99994.6
99994.3
99994.1
99993.9
99993.7
99993.6
99993.5
99993.5
99993.4
99993.5
99993.5
99993.6
99993.7
99993.7
99993.9
99994
99994.1
99994.3
99994.5
99994.7
99994.9
99995.1
99995.3
99995.5
99995.8
99996.1
99996.4
99996.7
99997
99997.3
99997.6
99998
99998.3
99998.7
99999.1
99999.4
99999.9
100000
100001
100001
100002
100002
100002
100003
100003
100004
100004
100005
100005
99984.6
99984.2
99983.8
99983.5
99983.2
99983
99983
99983
99983.1
99983.2
99983.4
99983.6
99983.9
99984.2
99984.5
99984.8
99985.1
99985.4
99985.7
99986.1
99986.4
99986.8
99987.2
99987.5
99987.9
99988.2
99988.6
99988.9
99989.2
99989.5
99989.8
99990.1
99990.4
99990.7
99991.1
99991.4
99991.7
99992
99992.3
99992.6
99992.8
99993.1
99993.3
99993.5
99993.8
99994
99994.3
99994.5
99994.8
99995
99995.3
99995.5
99995.8
99996
99996.3
99996.5
99996.8
99997.1
99997.3
99997.6
99997.8
99998.1
99998.4
99998.7
99998.9
99999.2
99999.5
99999.8
100000
100000
100001
100001
100001
100002
100002
100003
100003
100003
100004
100004
99988.8
99988.8
99988.8
99988.7
99988.6
99988.4
99988.2
99988
99987.8
99987.6
99987.4
99987.2
99987
99986.9
99986.7
99986.6
99986.5
99986.4
99986.4
99986.3
99986.3
99986.3
99986.3
99986.4
99986.4
99986.5
99986.7
99986.8
99987
99987.2
99987.4
99987.6
99987.8
99988.1
99988.3
99988.6
99988.8
99989.1
99989.4
99989.7
99990
99990.3
99990.6
99990.9
99991.3
99991.6
99992
99992.3
99992.7
99993
99993.4
99993.7
99994.1
99994.5
99994.8
99995.2
99995.6
99995.9
99996.3
99996.7
99997.1
99997.4
99997.8
99998.2
99998.5
99998.9
99999.2
99999.6
99999.9
100000
100001
100001
100001
100002
100002
100002
100003
100003
100003
100004
99977.2
99977.7
99978.1
99978.6
99979
99979.4
99979.7
99980.1
99980.4
99980.8
99981.1
99981.4
99981.7
99982
99982.3
99982.5
99982.8
99983.1
99983.3
99983.5
99983.8
99984
99984.2
99984.5
99984.7
99984.9
99985.2
99985.4
99985.7
99985.9
99986.2
99986.4
99986.7
99987
99987.2
99987.5
99987.8
99988.1
99988.4
99988.7
99989
99989.3
99989.6
99990
99990.3
99990.7
99991
99991.4
99991.7
99992.1
99992.5
99992.8
99993.2
99993.6
99994
99994.4
99994.8
99995.2
99995.6
99996
99996.4
99996.9
99997.3
99997.7
99998.1
99998.5
99998.9
99999.3
99999.8
100000
100001
100001
100001
100002
100002
100003
100003
100003
100004
100004
99976.7
99976.8
99976.9
99977
99977.2
99977.3
99977.5
99977.6
99977.8
99978
99978.2
99978.4
99978.6
99978.8
99979
99979.3
99979.6
99979.8
99980.1
99980.4
99980.7
99981
99981.3
99981.6
99981.9
99982.3
99982.6
99982.9
99983.3
99983.6
99984
99984.3
99984.7
99985
99985.4
99985.8
99986.1
99986.5
99986.9
99987.3
99987.7
99988.1
99988.4
99988.8
99989.2
99989.6
99990
99990.5
99990.9
99991.3
99991.7
99992.1
99992.5
99993
99993.4
99993.8
99994.3
99994.7
99995.1
99995.6
99996
99996.5
99996.9
99997.3
99997.8
99998.2
99998.7
99999.1
99999.6
100000
100001
100001
100001
100002
100002
100003
100003
100004
100004
100005
99969.5
99970.1
99970.6
99971.1
99971.6
99972.1
99972.5
99972.9
99973.4
99973.8
99974.2
99974.6
99974.9
99975.3
99975.7
99976.1
99976.4
99976.8
99977.2
99977.5
99977.9
99978.3
99978.7
99979
99979.4
99979.8
99980.2
99980.6
99981
99981.4
99981.8
99982.2
99982.6
99983
99983.4
99983.9
99984.3
99984.7
99985.2
99985.6
99986.1
99986.5
99986.9
99987.4
99987.9
99988.3
99988.8
99989.2
99989.7
99990.2
99990.7
99991.1
99991.6
99992.1
99992.6
99993.1
99993.5
99994
99994.5
99995
99995.5
99996
99996.5
99996.9
99997.4
99997.9
99998.4
99998.9
99999.4
99999.9
100000
100001
100001
100002
100002
100003
100003
100004
100004
100005
99966.5
99966.9
99967.3
99967.7
99968
99968.5
99968.9
99969.3
99969.7
99970.1
99970.6
99971
99971.4
99971.9
99972.3
99972.7
99973.2
99973.6
99974.1
99974.5
99975
99975.4
99975.9
99976.3
99976.8
99977.3
99977.7
99978.2
99978.7
99979.1
99979.6
99980.1
99980.5
99981
99981.5
99982
99982.5
99983
99983.5
99984
99984.5
99985
99985.5
99986
99986.5
99987
99987.5
99988
99988.5
99989.1
99989.6
99990.1
99990.6
99991.2
99991.7
99992.2
99992.8
99993.3
99993.8
99994.4
99994.9
99995.4
99996
99996.5
99997
99997.6
99998.1
99998.7
99999.2
99999.7
100000
100001
100001
100002
100002
100003
100003
100004
100005
100005
99961
99961.6
99962.2
99962.8
99963.4
99963.9
99964.5
99965
99965.6
99966.1
99966.7
99967.2
99967.8
99968.3
99968.8
99969.3
99969.9
99970.4
99970.9
99971.4
99972
99972.5
99973
99973.6
99974.1
99974.6
99975.2
99975.7
99976.2
99976.8
99977.3
99977.9
99978.4
99978.9
99979.5
99980
99980.6
99981.1
99981.7
99982.3
99982.8
99983.4
99983.9
99984.5
99985.1
99985.6
99986.2
99986.8
99987.3
99987.9
99988.5
99989.1
99989.6
99990.2
99990.8
99991.4
99992
99992.5
99993.1
99993.7
99994.3
99994.9
99995.5
99996
99996.6
99997.2
99997.8
99998.4
99999
99999.5
100000
100001
100001
100002
100002
100003
100004
100004
100005
100005
99956.9
99957.5
99958.1
99958.7
99959.3
99959.9
99960.5
99961.1
99961.7
99962.3
99962.9
99963.5
99964.1
99964.7
99965.3
99966
99966.6
99967.2
99967.8
99968.4
99969
99969.6
99970.2
99970.8
99971.4
99972
99972.6
99973.2
99973.8
99974.4
99975
99975.6
99976.2
99976.8
99977.4
99978
99978.6
99979.3
99979.9
99980.5
99981.1
99981.7
99982.4
99983
99983.6
99984.2
99984.8
99985.5
99986.1
99986.7
99987.4
99988
99988.6
99989.3
99989.9
99990.5
99991.1
99991.8
99992.4
99993
99993.7
99994.3
99994.9
99995.6
99996.2
99996.8
99997.5
99998.1
99998.7
99999.4
100000
100001
100001
100002
100003
100003
100004
100004
100005
100006
99952
99952.7
99953.4
99954.2
99954.9
99955.6
99956.3
99957
99957.7
99958.4
99959.1
99959.8
99960.5
99961.1
99961.8
99962.5
99963.2
99963.9
99964.5
99965.2
99965.9
99966.6
99967.2
99967.9
99968.6
99969.2
99969.9
99970.6
99971.3
99971.9
99972.6
99973.3
99974
99974.6
99975.3
99976
99976.7
99977.3
99978
99978.7
99979.4
99980
99980.7
99981.4
99982.1
99982.8
99983.5
99984.1
99984.8
99985.5
99986.2
99986.9
99987.6
99988.2
99988.9
99989.6
99990.3
99991
99991.7
99992.4
99993
99993.7
99994.4
99995.1
99995.8
99996.5
99997.1
99997.8
99998.5
99999.2
99999.9
100001
100001
100002
100003
100003
100004
100005
100005
100006
99947.6
99948.4
99949.1
99949.9
99950.7
99951.4
99952.2
99953
99953.7
99954.5
99955.3
99956
99956.8
99957.5
99958.3
99959
99959.8
99960.5
99961.3
99962
99962.8
99963.5
99964.3
99965
99965.7
99966.5
99967.2
99968
99968.7
99969.5
99970.2
99970.9
99971.7
99972.4
99973.1
99973.9
99974.6
99975.4
99976.1
99976.8
99977.6
99978.3
99979.1
99979.8
99980.5
99981.3
99982
99982.8
99983.5
99984.3
99985
99985.7
99986.5
99987.2
99988
99988.7
99989.4
99990.2
99990.9
99991.6
99992.4
99993.1
99993.9
99994.6
99995.3
99996.1
99996.8
99997.5
99998.3
99999
99999.7
100000
100001
100002
100003
100003
100004
100005
100005
100006
99942.8
99943.7
99944.5
99945.4
99946.3
99947.1
99948
99948.9
99949.7
99950.5
99951.4
99952.2
99953.1
99953.9
99954.7
99955.5
99956.4
99957.2
99958
99958.8
99959.6
99960.5
99961.3
99962.1
99962.9
99963.7
99964.5
99965.3
99966.1
99966.9
99967.7
99968.5
99969.4
99970.2
99971
99971.8
99972.6
99973.4
99974.2
99975
99975.8
99976.6
99977.4
99978.2
99979
99979.8
99980.6
99981.4
99982.2
99983
99983.8
99984.6
99985.4
99986.2
99987
99987.7
99988.5
99989.3
99990.1
99990.9
99991.7
99992.5
99993.3
99994.1
99994.9
99995.7
99996.4
99997.2
99998
99998.8
99999.6
100000
100001
100002
100003
100003
100004
100005
100006
99938.2
99939.2
99940.1
99941.1
99942
99942.9
99943.8
99944.8
99945.7
99946.6
99947.5
99948.4
99949.3
99950.2
99951.1
99952
99952.9
99953.8
99954.7
99955.6
99956.5
99957.4
99958.3
99959.1
99960
99960.9
99961.8
99962.6
99963.5
99964.4
99965.3
99966.1
99967
99967.9
99968.7
99969.6
99970.5
99971.3
99972.2
99973.1
99973.9
99974.8
99975.6
99976.5
99977.4
99978.2
99979.1
99979.9
99980.8
99981.7
99982.5
99983.4
99984.2
99985.1
99985.9
99986.8
99987.6
99988.5
99989.3
99990.2
99991
99991.9
99992.7
99993.6
99994.4
99995.2
99996.1
99996.9
99997.7
99998.6
99999.4
100000
100001
100002
100003
100004
100004
100005
100006
99933.5
99934.6
99935.6
99936.6
99937.6
99938.6
99939.6
99940.6
99941.6
99942.6
99943.6
99944.6
99945.6
99946.6
99947.5
99948.5
99949.5
99950.4
99951.4
99952.3
99953.3
99954.3
99955.2
99956.2
99957.1
99958.1
99959
99959.9
99960.9
99961.8
99962.8
99963.7
99964.6
99965.6
99966.5
99967.4
99968.3
99969.3
99970.2
99971.1
99972
99973
99973.9
99974.8
99975.7
99976.7
99977.6
99978.5
99979.4
99980.3
99981.2
99982.2
99983.1
99984
99984.9
99985.8
99986.7
99987.6
99988.5
99989.4
99990.3
99991.2
99992.1
99993
99993.9
99994.8
99995.7
99996.6
99997.5
99998.4
99999.3
100000
100001
100002
100003
100004
100005
100005
100006
99928.9
99930
99931.1
99932.2
99933.3
99934.4
99935.5
99936.5
99937.6
99938.7
99939.7
99940.8
99941.8
99942.9
99943.9
99945
99946
99947
99948.1
99949.1
99950.1
99951.1
99952.1
99953.2
99954.2
99955.2
99956.2
99957.2
99958.2
99959.2
99960.2
99961.2
99962.2
99963.2
99964.2
99965.2
99966.2
99967.2
99968.2
99969.2
99970.1
99971.1
99972.1
99973.1
99974.1
99975.1
99976
99977
99978
99979
99979.9
99980.9
99981.9
99982.9
99983.8
99984.8
99985.8
99986.7
99987.7
99988.6
99989.6
99990.6
99991.5
99992.5
99993.4
99994.4
99995.3
99996.3
99997.2
99998.2
99999.1
100000
100001
100002
100003
100004
100005
100006
100007
99924.3
99925.5
99926.6
99927.8
99929
99930.1
99931.3
99932.4
99933.5
99934.7
99935.8
99936.9
99938.1
99939.2
99940.3
99941.4
99942.5
99943.6
99944.7
99945.8
99946.9
99948
99949
99950.1
99951.2
99952.3
99953.4
99954.4
99955.5
99956.6
99957.6
99958.7
99959.8
99960.8
99961.9
99962.9
99964
99965.1
99966.1
99967.2
99968.2
99969.3
99970.3
99971.4
99972.4
99973.4
99974.5
99975.5
99976.6
99977.6
99978.6
99979.7
99980.7
99981.7
99982.7
99983.8
99984.8
99985.8
99986.8
99987.9
99988.9
99989.9
99990.9
99991.9
99992.9
99993.9
99994.9
99995.9
99996.9
99997.9
99998.9
99999.9
100001
100002
100003
100004
100005
100006
100007
99919.7
99920.9
99922.2
99923.4
99924.6
99925.9
99927.1
99928.3
99929.5
99930.7
99931.9
99933.1
99934.3
99935.4
99936.6
99937.8
99939
99940.1
99941.3
99942.5
99943.6
99944.8
99945.9
99947.1
99948.2
99949.4
99950.5
99951.6
99952.8
99953.9
99955
99956.2
99957.3
99958.4
99959.5
99960.7
99961.8
99962.9
99964
99965.1
99966.3
99967.4
99968.5
99969.6
99970.7
99971.8
99972.9
99974
99975.1
99976.2
99977.3
99978.4
99979.5
99980.5
99981.6
99982.7
99983.8
99984.9
99986
99987
99988.1
99989.2
99990.3
99991.3
99992.4
99993.5
99994.5
99995.6
99996.6
99997.7
99998.8
99999.8
100001
100002
100003
100004
100005
100006
100007
99915.1
99916.4
99917.7
99919
99920.3
99921.6
99922.9
99924.1
99925.4
99926.7
99928
99929.2
99930.5
99931.7
99933
99934.2
99935.4
99936.7
99937.9
99939.1
99940.3
99941.6
99942.8
99944
99945.2
99946.4
99947.6
99948.8
99950
99951.2
99952.4
99953.6
99954.8
99956
99957.2
99958.4
99959.5
99960.7
99961.9
99963.1
99964.3
99965.4
99966.6
99967.8
99968.9
99970.1
99971.3
99972.4
99973.6
99974.7
99975.9
99977.1
99978.2
99979.4
99980.5
99981.7
99982.8
99983.9
99985.1
99986.2
99987.4
99988.5
99989.6
99990.7
99991.9
99993
99994.1
99995.2
99996.3
99997.5
99998.6
99999.7
100001
100002
100003
100004
100005
100006
100007
99910.5
99911.9
99913.2
99914.6
99916
99917.3
99918.7
99920
99921.4
99922.7
99924
99925.3
99926.6
99928
99929.3
99930.6
99931.9
99933.2
99934.5
99935.8
99937
99938.3
99939.6
99940.9
99942.2
99943.4
99944.7
99946
99947.2
99948.5
99949.7
99951
99952.3
99953.5
99954.8
99956
99957.3
99958.5
99959.7
99961
99962.2
99963.5
99964.7
99965.9
99967.2
99968.4
99969.6
99970.8
99972.1
99973.3
99974.5
99975.7
99976.9
99978.1
99979.4
99980.6
99981.8
99983
99984.2
99985.4
99986.6
99987.8
99988.9
99990.1
99991.3
99992.5
99993.7
99994.9
99996
99997.2
99998.4
99999.5
100001
100002
100003
100004
100005
100006
100008
99905.9
99907.4
99908.8
99910.2
99911.6
99913.1
99914.5
99915.9
99917.3
99918.7
99920
99921.4
99922.8
99924.2
99925.5
99926.9
99928.3
99929.6
99931
99932.3
99933.7
99935
99936.4
99937.7
99939.1
99940.4
99941.7
99943.1
99944.4
99945.7
99947
99948.4
99949.7
99951
99952.3
99953.6
99954.9
99956.2
99957.5
99958.9
99960.2
99961.5
99962.8
99964
99965.3
99966.6
99967.9
99969.2
99970.5
99971.8
99973.1
99974.3
99975.6
99976.9
99978.2
99979.4
99980.7
99982
99983.2
99984.5
99985.7
99987
99988.3
99989.5
99990.8
99992
99993.2
99994.5
99995.7
99996.9
99998.2
99999.4
100001
100002
100003
100004
100005
100007
100008
99901.4
99902.9
99904.3
99905.8
99907.3
99908.8
99910.2
99911.7
99913.2
99914.6
99916
99917.5
99918.9
99920.4
99921.8
99923.2
99924.6
99926.1
99927.5
99928.9
99930.3
99931.7
99933.1
99934.5
99935.9
99937.3
99938.7
99940.1
99941.5
99942.9
99944.3
99945.7
99947.1
99948.4
99949.8
99951.2
99952.6
99953.9
99955.3
99956.7
99958
99959.4
99960.8
99962.1
99963.5
99964.8
99966.2
99967.5
99968.9
99970.2
99971.6
99972.9
99974.3
99975.6
99976.9
99978.3
99979.6
99980.9
99982.3
99983.6
99984.9
99986.2
99987.5
99988.9
99990.2
99991.5
99992.8
99994.1
99995.4
99996.7
99997.9
99999.2
100001
100002
100003
100004
100006
100007
100008
99896.8
99898.3
99899.9
99901.4
99902.9
99904.5
99906
99907.5
99909
99910.5
99912
99913.5
99915
99916.5
99918
99919.5
99921
99922.4
99923.9
99925.4
99926.9
99928.3
99929.8
99931.3
99932.7
99934.2
99935.7
99937.1
99938.6
99940
99941.5
99942.9
99944.4
99945.8
99947.3
99948.7
99950.1
99951.6
99953
99954.4
99955.9
99957.3
99958.7
99960.2
99961.6
99963
99964.4
99965.8
99967.3
99968.7
99970.1
99971.5
99972.9
99974.3
99975.7
99977.1
99978.5
99979.9
99981.3
99982.7
99984
99985.4
99986.8
99988.2
99989.5
99990.9
99992.3
99993.6
99995
99996.3
99997.7
99999
100000
100002
100003
100004
100006
100007
100008
99892.2
99893.8
99895.4
99897
99898.5
99900.1
99901.7
99903.3
99904.8
99906.4
99907.9
99909.5
99911
99912.6
99914.1
99915.7
99917.2
99918.8
99920.3
99921.8
99923.4
99924.9
99926.4
99928
99929.5
99931
99932.5
99934
99935.6
99937.1
99938.6
99940.1
99941.6
99943.1
99944.6
99946.1
99947.7
99949.2
99950.7
99952.2
99953.7
99955.1
99956.6
99958.1
99959.6
99961.1
99962.6
99964.1
99965.6
99967
99968.5
99970
99971.5
99972.9
99974.4
99975.9
99977.3
99978.8
99980.2
99981.7
99983.1
99984.6
99986
99987.5
99988.9
99990.3
99991.8
99993.2
99994.6
99996
99997.4
99998.8
100000
100002
100003
100004
100006
100007
100009
99887.5
99889.2
99890.8
99892.5
99894.1
99895.7
99897.3
99898.9
99900.6
99902.2
99903.8
99905.4
99907
99908.6
99910.2
99911.8
99913.4
99915
99916.6
99918.2
99919.8
99921.4
99923
99924.6
99926.2
99927.7
99929.3
99930.9
99932.5
99934.1
99935.7
99937.2
99938.8
99940.4
99942
99943.5
99945.1
99946.7
99948.2
99949.8
99951.4
99952.9
99954.5
99956
99957.6
99959.2
99960.7
99962.3
99963.8
99965.4
99966.9
99968.4
99970
99971.5
99973
99974.6
99976.1
99977.6
99979.1
99980.7
99982.2
99983.7
99985.2
99986.7
99988.2
99989.7
99991.2
99992.7
99994.2
99995.7
99997.1
99998.6
100000
100002
100003
100004
100006
100007
100009
99882.8
99884.5
99886.2
99887.9
99889.6
99891.2
99892.9
99894.6
99896.2
99897.9
99899.6
99901.2
99902.9
99904.5
99906.2
99907.9
99909.5
99911.2
99912.8
99914.5
99916.1
99917.8
99919.4
99921.1
99922.7
99924.4
99926
99927.7
99929.3
99931
99932.6
99934.3
99935.9
99937.5
99939.2
99940.8
99942.5
99944.1
99945.7
99947.4
99949
99950.6
99952.3
99953.9
99955.5
99957.1
99958.8
99960.4
99962
99963.6
99965.2
99966.8
99968.4
99970
99971.6
99973.2
99974.8
99976.4
99978
99979.6
99981.2
99982.8
99984.3
99985.9
99987.5
99989.1
99990.6
99992.2
99993.7
99995.3
99996.8
99998.4
99999.9
100001
100003
100004
100006
100008
100009
99878.1
99879.8
99881.5
99883.2
99884.9
99886.7
99888.4
99890.1
99891.8
99893.5
99895.2
99897
99898.7
99900.4
99902.1
99903.8
99905.5
99907.2
99908.9
99910.7
99912.4
99914.1
99915.8
99917.5
99919.2
99920.9
99922.6
99924.4
99926.1
99927.8
99929.5
99931.2
99932.9
99934.6
99936.3
99938
99939.7
99941.4
99943.1
99944.8
99946.5
99948.2
99949.9
99951.6
99953.3
99955
99956.7
99958.4
99960.1
99961.8
99963.5
99965.1
99966.8
99968.5
99970.2
99971.8
99973.5
99975.2
99976.8
99978.5
99980.1
99981.8
99983.4
99985.1
99986.7
99988.4
99990
99991.6
99993.2
99994.9
99996.5
99998.1
99999.7
100001
100003
100004
100006
100008
100009
99873.2
99874.9
99876.7
99878.4
99880.2
99882
99883.7
99885.5
99887.3
99889
99890.8
99892.6
99894.3
99896.1
99897.9
99899.6
99901.4
99903.2
99904.9
99906.7
99908.5
99910.3
99912
99913.8
99915.6
99917.4
99919.1
99920.9
99922.7
99924.5
99926.2
99928
99929.8
99931.6
99933.4
99935.1
99936.9
99938.7
99940.4
99942.2
99944
99945.8
99947.5
99949.3
99951.1
99952.8
99954.6
99956.4
99958.1
99959.9
99961.6
99963.4
99965.1
99966.9
99968.6
99970.4
99972.1
99973.9
99975.6
99977.3
99979
99980.8
99982.5
99984.2
99985.9
99987.6
99989.3
99991
99992.7
99994.4
99996.1
99997.8
99999.4
100001
100003
100004
100006
100008
100009
99868.1
99869.9
99871.7
99873.5
99875.3
99877.1
99879
99880.8
99882.6
99884.4
99886.2
99888
99889.8
99891.7
99893.5
99895.3
99897.1
99899
99900.8
99902.6
99904.5
99906.3
99908.1
99910
99911.8
99913.7
99915.5
99917.3
99919.2
99921
99922.9
99924.7
99926.6
99928.4
99930.3
99932.1
99934
99935.8
99937.6
99939.5
99941.3
99943.2
99945
99946.9
99948.7
99950.5
99952.4
99954.2
99956.1
99957.9
99959.7
99961.5
99963.4
99965.2
99967
99968.8
99970.6
99972.5
99974.3
99976.1
99977.9
99979.7
99981.5
99983.3
99985
99986.8
99988.6
99990.4
99992.1
99993.9
99995.7
99997.4
99999.1
100001
100003
100004
100006
100008
99862.9
99864.8
99866.6
99868.5
99870.3
99872.2
99874
99875.9
99877.7
99879.6
99881.5
99883.3
99885.2
99887.1
99889
99890.8
99892.7
99894.6
99896.5
99898.4
99900.3
99902.2
99904.1
99906
99907.9
99909.8
99911.7
99913.6
99915.5
99917.4
99919.4
99921.3
99923.2
99925.1
99927
99929
99930.9
99932.8
99934.7
99936.6
99938.6
99940.5
99942.4
99944.3
99946.2
99948.1
99950.1
99952
99953.9
99955.8
99957.7
99959.6
99961.5
99963.4
99965.3
99967.2
99969.1
99971
99972.9
99974.8
99976.6
99978.5
99980.4
99982.2
99984.1
99986
99987.8
99989.7
99991.5
99993.3
99995.2
99997
99998.8
100001
100002
100004
100006
100008
99857.6
99859.4
99861.3
99863.2
99865.1
99867
99868.9
99870.8
99872.7
99874.6
99876.5
99878.4
99880.4
99882.3
99884.2
99886.2
99888.1
99890.1
99892
99894
99895.9
99897.9
99899.9
99901.8
99903.8
99905.8
99907.8
99909.7
99911.7
99913.7
99915.7
99917.7
99919.7
99921.7
99923.7
99925.6
99927.6
99929.6
99931.6
99933.6
99935.6
99937.6
99939.6
99941.6
99943.6
99945.6
99947.6
99949.6
99951.6
99953.6
99955.6
99957.6
99959.5
99961.5
99963.5
99965.5
99967.5
99969.4
99971.4
99973.4
99975.3
99977.3
99979.2
99981.2
99983.1
99985
99987
99988.9
99990.8
99992.7
99994.6
99996.5
99998.4
100000
100002
100004
100006
100008
99851.9
99853.9
99855.8
99857.7
99859.6
99861.6
99863.5
99865.5
99867.4
99869.4
99871.4
99873.3
99875.3
99877.3
99879.3
99881.3
99883.3
99885.3
99887.3
99889.4
99891.4
99893.4
99895.4
99897.5
99899.5
99901.6
99903.6
99905.7
99907.7
99909.8
99911.8
99913.9
99916
99918
99920.1
99922.2
99924.2
99926.3
99928.4
99930.5
99932.6
99934.6
99936.7
99938.8
99940.9
99942.9
99945
99947.1
99949.2
99951.2
99953.3
99955.4
99957.5
99959.5
99961.6
99963.6
99965.7
99967.8
99969.8
99971.9
99973.9
99975.9
99978
99980
99982
99984
99986.1
99988.1
99990.1
99992.1
99994.1
99996
99998
100000
100002
100004
100006
100008
99846.1
99848
99850
99852
99853.9
99855.9
99857.9
99859.9
99861.9
99863.9
99866
99868
99870
99872.1
99874.1
99876.2
99878.3
99880.3
99882.4
99884.5
99886.6
99888.7
99890.8
99892.9
99895
99897.1
99899.2
99901.4
99903.5
99905.6
99907.8
99909.9
99912.1
99914.2
99916.4
99918.5
99920.7
99922.8
99925
99927.1
99929.3
99931.5
99933.6
99935.8
99938
99940.1
99942.3
99944.4
99946.6
99948.8
99950.9
99953.1
99955.2
99957.4
99959.5
99961.7
99963.8
99966
99968.1
99970.3
99972.4
99974.5
99976.6
99978.7
99980.9
99983
99985.1
99987.2
99989.2
99991.3
99993.4
99995.5
99997.5
99999.6
100002
100004
100006
100008
99839.9
99841.9
99843.9
99846
99848
99850
99852
99854.1
99856.2
99858.2
99860.3
99862.4
99864.5
99866.6
99868.7
99870.8
99873
99875.1
99877.2
99879.4
99881.6
99883.7
99885.9
99888.1
99890.3
99892.5
99894.6
99896.9
99899.1
99901.3
99903.5
99905.7
99907.9
99910.2
99912.4
99914.6
99916.9
99919.1
99921.4
99923.6
99925.9
99928.1
99930.4
99932.6
99934.9
99937.1
99939.4
99941.6
99943.9
99946.1
99948.4
99950.6
99952.9
99955.1
99957.4
99959.6
99961.8
99964.1
99966.3
99968.5
99970.8
99973
99975.2
99977.4
99979.6
99981.8
99984
99986.2
99988.3
99990.5
99992.7
99994.8
99997
99999.1
100001
100003
100005
100008
99833.5
99835.5
99837.6
99839.6
99841.7
99843.8
99845.9
99848
99850.1
99852.2
99854.3
99856.5
99858.6
99860.8
99863
99865.2
99867.4
99869.6
99871.8
99874
99876.2
99878.5
99880.7
99883
99885.2
99887.5
99889.8
99892.1
99894.4
99896.7
99899
99901.3
99903.6
99905.9
99908.2
99910.5
99912.9
99915.2
99917.5
99919.9
99922.2
99924.5
99926.9
99929.2
99931.6
99933.9
99936.3
99938.6
99941
99943.3
99945.7
99948
99950.4
99952.7
99955
99957.4
99959.7
99962
99964.4
99966.7
99969
99971.3
99973.6
99975.9
99978.2
99980.5
99982.8
99985.1
99987.4
99989.6
99991.9
99994.1
99996.4
99998.6
100001
100003
100005
100007
99826.7
99828.8
99830.9
99833
99835.1
99837.2
99839.4
99841.5
99843.7
99845.9
99848.1
99850.3
99852.5
99854.7
99856.9
99859.2
99861.5
99863.7
99866
99868.3
99870.6
99872.9
99875.3
99877.6
99879.9
99882.3
99884.6
99887
99889.4
99891.8
99894.1
99896.5
99898.9
99901.3
99903.8
99906.2
99908.6
99911
99913.4
99915.9
99918.3
99920.8
99923.2
99925.6
99928.1
99930.5
99933
99935.4
99937.9
99940.3
99942.8
99945.2
99947.7
99950.1
99952.5
99955
99957.4
99959.8
99962.3
99964.7
99967.1
99969.5
99971.9
99974.3
99976.7
99979.1
99981.5
99983.9
99986.3
99988.6
99991
99993.3
99995.7
99998
100000
100003
100005
99819.5
99821.6
99823.8
99825.9
99828.1
99830.3
99832.5
99834.7
99836.9
99839.1
99841.4
99843.7
99845.9
99848.2
99850.5
99852.9
99855.2
99857.5
99859.9
99862.3
99864.7
99867.1
99869.5
99871.9
99874.3
99876.7
99879.2
99881.6
99884.1
99886.6
99889
99891.5
99894
99896.5
99899
99901.5
99904
99906.6
99909.1
99911.6
99914.2
99916.7
99919.2
99921.8
99924.3
99926.9
99929.4
99932
99934.6
99937.1
99939.7
99942.2
99944.8
99947.3
99949.9
99952.4
99954.9
99957.5
99960
99962.6
99965.1
99967.6
99970.1
99972.6
99975.1
99977.6
99980.1
99982.6
99985.1
99987.5
99990
99992.5
99994.9
99997.3
99999.7
100002
100005
99811.9
99814.1
99816.3
99818.5
99820.7
99822.9
99825.2
99827.4
99829.7
99832
99834.3
99836.7
99839
99841.4
99843.8
99846.2
99848.6
99851
99853.4
99855.9
99858.3
99860.8
99863.3
99865.8
99868.3
99870.8
99873.4
99875.9
99878.4
99881
99883.6
99886.2
99888.8
99891.4
99894
99896.6
99899.2
99901.8
99904.5
99907.1
99909.7
99912.4
99915
99917.7
99920.3
99923
99925.7
99928.3
99931
99933.7
99936.3
99939
99941.6
99944.3
99947
99949.6
99952.3
99954.9
99957.6
99960.2
99962.9
99965.5
99968.1
99970.8
99973.4
99976
99978.6
99981.2
99983.8
99986.3
99988.9
99991.5
99994
99996.6
99999.1
100002
100004
99803.9
99806.1
99808.3
99810.6
99812.8
99815.1
99817.4
99819.8
99822.1
99824.5
99826.9
99829.2
99831.7
99834.1
99836.5
99839
99841.5
99844
99846.5
99849
99851.6
99854.1
99856.7
99859.3
99861.9
99864.5
99867.1
99869.8
99872.4
99875.1
99877.8
99880.5
99883.1
99885.8
99888.6
99891.3
99894
99896.7
99899.5
99902.2
99905
99907.7
99910.5
99913.3
99916
99918.8
99921.6
99924.4
99927.2
99929.9
99932.7
99935.5
99938.3
99941.1
99943.9
99946.6
99949.4
99952.2
99955
99957.7
99960.5
99963.2
99966
99968.7
99971.5
99974.2
99976.9
99979.6
99982.3
99985
99987.7
99990.4
99993
99995.7
99998.3
100001
100004
99795.4
99797.6
99799.9
99802.2
99804.5
99806.9
99809.2
99811.6
99814
99816.4
99818.9
99821.4
99823.8
99826.3
99828.9
99831.4
99834
99836.6
99839.1
99841.8
99844.4
99847
99849.7
99852.4
99855.1
99857.8
99860.5
99863.3
99866
99868.8
99871.5
99874.3
99877.1
99880
99882.8
99885.6
99888.4
99891.3
99894.2
99897
99899.9
99902.8
99905.7
99908.5
99911.4
99914.3
99917.2
99920.1
99923
99926
99928.9
99931.8
99934.7
99937.6
99940.5
99943.4
99946.3
99949.2
99952.1
99955
99957.9
99960.8
99963.7
99966.5
99969.4
99972.2
99975.1
99977.9
99980.7
99983.6
99986.4
99989.2
99992
99994.7
99997.5
100000
99786.3
99788.6
99790.9
99793.3
99795.7
99798.1
99800.5
99802.9
99805.4
99807.9
99810.4
99812.9
99815.5
99818.1
99820.7
99823.3
99825.9
99828.6
99831.3
99834
99836.7
99839.5
99842.2
99845
99847.8
99850.6
99853.4
99856.3
99859.1
99862
99864.9
99867.8
99870.7
99873.6
99876.6
99879.5
99882.5
99885.4
99888.4
99891.4
99894.4
99897.4
99900.4
99903.4
99906.5
99909.5
99912.5
99915.6
99918.6
99921.6
99924.7
99927.7
99930.8
99933.8
99936.9
99939.9
99943
99946
99949
99952.1
99955.1
99958.1
99961.1
99964.1
99967.1
99970.1
99973.1
99976.1
99979
99982
99984.9
99987.8
99990.7
99993.6
99996.5
99999.4
99776.7
99779
99781.4
99783.8
99786.2
99788.7
99791.2
99793.7
99796.2
99798.8
99801.4
99804
99806.6
99809.3
99811.9
99814.6
99817.4
99820.1
99822.9
99825.7
99828.5
99831.3
99834.2
99837.1
99840
99842.9
99845.8
99848.8
99851.7
99854.7
99857.7
99860.8
99863.8
99866.8
99869.9
99873
99876.1
99879.2
99882.3
99885.4
99888.5
99891.7
99894.8
99898
99901.1
99904.3
99907.5
99910.6
99913.8
99917
99920.2
99923.4
99926.6
99929.7
99932.9
99936.1
99939.3
99942.5
99945.7
99948.8
99952
99955.2
99958.3
99961.5
99964.6
99967.8
99970.9
99974
99977.1
99980.2
99983.3
99986.3
99989.4
99992.4
99995.5
99998.5
99766.4
99768.8
99771.3
99773.7
99776.2
99778.7
99781.3
99783.8
99786.4
99789.1
99791.7
99794.4
99797.1
99799.8
99802.6
99805.4
99808.2
99811
99813.9
99816.8
99819.7
99822.6
99825.6
99828.6
99831.6
99834.6
99837.7
99840.7
99843.8
99846.9
99850
99853.2
99856.3
99859.5
99862.7
99865.9
99869.1
99872.4
99875.6
99878.9
99882.2
99885.4
99888.7
99892
99895.3
99898.6
99902
99905.3
99908.6
99912
99915.3
99918.6
99922
99925.3
99928.7
99932
99935.4
99938.7
99942
99945.4
99948.7
99952
99955.3
99958.6
99961.9
99965.2
99968.5
99971.7
99975
99978.2
99981.5
99984.7
99987.9
99991.1
99994.2
99997.4
99755.5
99758
99760.5
99763
99765.5
99768.1
99770.7
99773.3
99776
99778.7
99781.4
99784.2
99786.9
99789.8
99792.6
99795.5
99798.4
99801.3
99804.3
99807.3
99810.3
99813.3
99816.4
99819.5
99822.6
99825.7
99828.9
99832.1
99835.3
99838.5
99841.8
99845
99848.3
99851.7
99855
99858.3
99861.7
99865.1
99868.5
99871.9
99875.3
99878.7
99882.2
99885.6
99889.1
99892.5
99896
99899.5
99903
99906.5
99910
99913.5
99917
99920.5
99924
99927.5
99931
99934.5
99938.1
99941.5
99945
99948.5
99952
99955.5
99958.9
99962.4
99965.8
99969.3
99972.7
99976.1
99979.5
99982.9
99986.2
99989.6
99992.9
99743.9
99746.4
99749
99751.5
99754.1
99756.7
99759.4
99762.1
99764.8
99767.6
99770.4
99773.2
99776.1
99779
99781.9
99784.9
99787.9
99790.9
99793.9
99797
99800.1
99803.3
99806.5
99809.7
99812.9
99816.2
99819.5
99822.8
99826.1
99829.5
99832.9
99836.3
99839.7
99843.2
99846.6
99850.1
99853.6
99857.2
99860.7
99864.3
99867.9
99871.4
99875.1
99878.7
99882.3
99885.9
99889.6
99893.2
99896.9
99900.6
99904.3
99907.9
99911.6
99915.3
99919
99922.7
99926.4
99930
99933.7
99937.4
99941.1
99944.7
99948.4
99952
99955.7
99959.3
99962.9
99966.5
99970.1
99973.7
99977.3
99980.8
99984.4
99987.9
99991.4
99731.6
99734.1
99736.7
99739.3
99741.9
99744.6
99747.3
99750.1
99752.9
99755.7
99758.6
99761.5
99764.4
99767.4
99770.4
99773.5
99776.6
99779.7
99782.8
99786
99789.3
99792.5
99795.8
99799.1
99802.5
99805.9
99809.3
99812.7
99816.2
99819.7
99823.2
99826.8
99830.4
99834
99837.6
99841.3
99844.9
99848.6
99852.3
99856.1
99859.8
99863.6
99867.3
99871.1
99874.9
99878.8
99882.6
99886.4
99890.3
99894.1
99898
99901.9
99905.7
99909.6
99913.5
99917.4
99921.2
99925.1
99929
99932.9
99936.7
99940.6
99944.4
99948.3
99952.1
99955.9
99959.7
99963.5
99967.3
99971.1
99974.8
99978.6
99982.3
99986
99989.7
99718.4
99721
99723.6
99726.2
99728.9
99731.6
99734.4
99737.2
99740.1
99743
99745.9
99748.9
99751.9
99755
99758.1
99761.2
99764.4
99767.7
99770.9
99774.2
99777.5
99780.9
99784.3
99787.8
99791.3
99794.8
99798.3
99801.9
99805.5
99809.2
99812.8
99816.6
99820.3
99824.1
99827.8
99831.7
99835.5
99839.4
99843.2
99847.1
99851.1
99855
99859
99863
99867
99871
99875
99879
99883.1
99887.1
99891.2
99895.3
99899.3
99903.4
99907.5
99911.6
99915.7
99919.7
99923.8
99927.9
99932
99936
99940.1
99944.1
99948.2
99952.2
99956.2
99960.2
99964.2
99968.2
99972.1
99976.1
99980
99983.9
99704.3
99707
99709.6
99712.3
99715
99717.8
99720.6
99723.5
99726.4
99729.4
99732.4
99735.4
99738.5
99741.7
99744.9
99748.1
99751.4
99754.7
99758.1
99761.5
99764.9
99768.4
99772
99775.5
99779.1
99782.8
99786.5
99790.2
99794
99797.8
99801.6
99805.5
99809.4
99813.3
99817.3
99821.2
99825.3
99829.3
99833.4
99837.5
99841.6
99845.7
99849.9
99854.1
99858.3
99862.5
99866.7
99871
99875.2
99879.5
99883.8
99888.1
99892.4
99896.6
99901
99905.3
99909.6
99913.9
99918.2
99922.5
99926.8
99931.1
99935.3
99939.6
99943.9
99948.1
99952.4
99956.6
99960.8
99965
99969.1
99973.3
99977.4
99981.5
99689.3
99692
99694.7
99697.4
99700.2
99703
99705.9
99708.8
99711.8
99714.8
99717.9
99721
99724.2
99727.4
99730.7
99734
99737.4
99740.8
99744.2
99747.8
99751.3
99754.9
99758.6
99762.3
99766
99769.8
99773.7
99777.5
99781.5
99785.4
99789.4
99793.5
99797.5
99801.6
99805.8
99809.9
99814.2
99818.4
99822.7
99827
99831.3
99835.6
99840
99844.4
99848.8
99853.3
99857.7
99862.2
99866.7
99871.2
99875.7
99880.2
99884.7
99889.3
99893.8
99898.3
99902.9
99907.4
99912
99916.5
99921.1
99925.6
99930.1
99934.6
99939.1
99943.6
99948.1
99952.6
99957
99961.4
99965.8
99970.2
99974.6
99673.4
99676.1
99678.8
99681.5
99684.3
99687.2
99690.1
99693
99696.1
99699.1
99702.3
99705.5
99708.7
99712
99715.4
99718.8
99722.3
99725.8
99729.3
99733
99736.7
99740.4
99744.2
99748
99751.9
99755.8
99759.8
99763.8
99767.9
99772
99776.2
99780.4
99784.7
99789
99793.3
99797.7
99802.1
99806.5
99811
99815.5
99820
99824.6
99829.2
99833.8
99838.5
99843.2
99847.9
99852.6
99857.3
99862
99866.8
99871.6
99876.4
99881.2
99886
99890.8
99895.6
99900.4
99905.2
99910
99914.8
99919.6
99924.4
99929.1
99933.9
99938.7
99943.4
99948.1
99952.8
99957.5
99962.2
99966.8
99971.4
99656.3
99659
99661.8
99664.5
99667.3
99670.2
99673.2
99676.2
99679.2
99682.4
99685.6
99688.8
99692.1
99695.5
99698.9
99702.4
99706
99709.6
99713.3
99717
99720.8
99724.6
99728.6
99732.5
99736.6
99740.6
99744.8
99749
99753.2
99757.5
99761.9
99766.3
99770.7
99775.2
99779.7
99784.3
99788.9
99793.6
99798.3
99803
99807.8
99812.6
99817.4
99822.3
99827.2
99832.1
99837.1
99842.1
99847.1
99852.1
99857.1
99862.2
99867.2
99872.3
99877.4
99882.4
99887.5
99892.6
99897.7
99902.8
99907.9
99913
99918
99923.1
99928.1
99933.2
99938.2
99943.2
99948.2
99953.1
99958.1
99963
99638.2
99640.9
99643.6
99646.4
99649.2
99652.1
99655.1
99658.1
99661.2
99664.4
99667.6
99670.9
99674.3
99677.7
99681.2
99684.8
99688.4
99692.1
99695.9
99699.7
99703.7
99707.6
99711.7
99715.8
99719.9
99724.2
99728.5
99732.8
99737.2
99741.7
99746.3
99750.8
99755.5
99760.2
99764.9
99769.7
99774.6
99779.5
99784.4
99789.4
99794.4
99799.5
99804.6
99809.7
99814.9
99820.1
99825.3
99830.6
99835.9
99841.2
99846.5
99851.8
99857.2
99862.5
99867.9
99873.3
99878.7
99884.1
99889.5
99894.9
99900.3
99905.7
99911.1
99916.4
99921.8
99927.1
99932.5
99937.8
99943.1
99948.3
99953.6
99958.8
99618.9
99621.6
99624.3
99627
99629.8
99632.7
99635.7
99638.7
99641.9
99645
99648.3
99651.6
99655.1
99658.5
99662.1
99665.8
99669.5
99673.3
99677.1
99681.1
99685.1
99689.2
99693.4
99697.6
99701.9
99706.3
99710.8
99715.3
99719.9
99724.6
99729.3
99734.1
99738.9
99743.8
99748.8
99753.8
99758.9
99764.1
99769.3
99774.5
99779.8
99785.1
99790.5
99795.9
99801.4
99806.9
99812.4
99818
99823.6
99829.2
99834.8
99840.5
99846.1
99851.8
99857.5
99863.3
99869
99874.7
99880.4
99886.2
99891.9
99897.6
99903.4
99909.1
99914.8
99920.4
99926.1
99931.7
99937.4
99943
99948.5
99598.3
99600.9
99603.6
99606.3
99609.1
99612
99614.9
99618
99621.1
99624.3
99627.6
99630.9
99634.4
99637.9
99641.5
99645.2
99649
99652.9
99656.8
99660.9
99665
99669.2
99673.5
99677.9
99682.4
99686.9
99691.5
99696.2
99701
99705.9
99710.8
99715.8
99720.9
99726
99731.2
99736.5
99741.8
99747.2
99752.7
99758.2
99763.8
99769.4
99775.1
99780.8
99786.6
99792.4
99798.3
99804.1
99810.1
99816
99822
99828
99834
99840.1
99846.1
99852.2
99858.3
99864.4
99870.5
99876.6
99882.7
99888.8
99894.9
99900.9
99907
99913
99919.1
99925.1
99931.1
99937
99943
99576.4
99579
99581.6
99584.2
99587
99589.8
99592.7
99595.7
99598.8
99602
99605.3
99608.7
99612.1
99615.7
99619.3
99623.1
99626.9
99630.9
99634.9
99639
99643.2
99647.6
99652
99656.5
99661.1
99665.8
99670.6
99675.5
99680.4
99685.5
99690.6
99695.8
99701.1
99706.5
99712
99717.5
99723.1
99728.8
99734.6
99740.4
99746.3
99752.2
99758.2
99764.2
99770.3
99776.5
99782.7
99788.9
99795.2
99801.5
99807.9
99814.3
99820.7
99827.1
99833.5
99840
99846.5
99853
99859.5
99866
99872.5
99879
99885.5
99891.9
99898.4
99904.8
99911.3
99917.7
99924.1
99930.4
99553.1
99555.6
99558.1
99560.7
99563.4
99566.1
99568.9
99571.9
99574.9
99578.1
99581.3
99584.7
99588.1
99591.7
99595.4
99599.1
99603
99607
99611.1
99615.3
99619.6
99624.1
99628.6
99633.2
99638
99642.8
99647.8
99652.8
99658
99663.2
99668.6
99674
99679.6
99685.2
99690.9
99696.7
99702.6
99708.6
99714.7
99720.8
99727
99733.3
99739.6
99746
99752.5
99759
99765.6
99772.2
99778.9
99785.6
99792.3
99799.1
99806
99812.8
99819.7
99826.6
99833.5
99840.4
99847.3
99854.3
99861.2
99868.1
99875
99882
99888.9
99895.8
99902.6
99909.5
99916.3
99528.4
99530.8
99533.2
99535.6
99538.1
99540.8
99543.5
99546.3
99549.3
99552.4
99555.6
99558.9
99562.3
99565.8
99569.5
99573.2
99577.2
99581.2
99585.3
99589.6
99594
99598.5
99603.1
99607.9
99612.8
99617.8
99622.9
99628.1
99633.5
99638.9
99644.5
99650.2
99656
99661.9
99667.9
99674
99680.2
99686.5
99692.9
99699.3
99705.9
99712.5
99719.2
99726
99732.9
99739.8
99746.8
99753.8
99760.9
99768
99775.2
99782.5
99789.7
99797
99804.4
99811.7
99819.1
99826.5
99833.9
99841.3
99848.7
99856.1
99863.5
99870.9
99878.3
99885.7
99893
99900.3
99502.2
99504.4
99506.6
99508.8
99511.2
99513.6
99516.2
99518.9
99521.8
99524.7
99527.8
99531
99534.4
99537.9
99541.5
99545.2
99549.1
99553.2
99557.4
99561.7
99566.1
99570.7
99575.4
99580.3
99585.3
99590.5
99595.7
99601.2
99606.7
99612.4
99618.2
99624.1
99630.2
99636.3
99642.6
99649
99655.5
99662.2
99668.9
99675.7
99682.7
99689.7
99696.8
99704
99711.2
99718.6
99726
99733.5
99741.1
99748.7
99756.3
99764.1
99771.8
99779.6
99787.4
99795.3
99803.2
99811.1
99819
99826.9
99834.9
99842.8
99850.7
99858.7
99866.6
99874.5
99882.3
99890.2
99474.5
99476.4
99478.3
99480.3
99482.4
99484.7
99487.1
99489.6
99492.2
99495
99498
99501.1
99504.3
99507.7
99511.2
99514.9
99518.8
99522.8
99527
99531.3
99535.8
99540.5
99545.3
99550.2
99555.4
99560.6
99566.1
99571.7
99577.4
99583.3
99589.3
99595.5
99601.8
99608.3
99614.9
99621.6
99628.5
99635.5
99642.6
99649.8
99657.1
99664.5
99672.1
99679.7
99687.4
99695.3
99703.2
99711.1
99719.2
99727.3
99735.5
99743.7
99752
99760.4
99768.7
99777.1
99785.6
99794.1
99802.5
99811
99819.6
99828.1
99836.6
99845.1
99853.6
99862
99870.5
99445
99446.7
99448.2
99449.9
99451.7
99453.7
99455.8
99458.1
99460.5
99463.1
99465.8
99468.7
99471.8
99475.1
99478.5
99482.1
99485.9
99489.8
99494
99498.3
99502.8
99507.5
99512.4
99517.4
99522.7
99528.1
99533.7
99539.4
99545.4
99551.5
99557.7
99564.2
99570.8
99577.5
99584.5
99591.5
99598.7
99606.1
99613.6
99621.2
99629
99636.8
99644.8
99653
99661.2
99669.5
99677.9
99686.4
99695
99703.7
99712.4
99721.3
99730.1
99739.1
99748
99757.1
99766.1
99775.2
99784.3
99793.4
99802.6
99811.7
99820.8
99830
99839.1
99848.2
99413.9
99415.1
99416.2
99417.5
99418.9
99420.5
99422.3
99424.2
99426.4
99428.7
99431.1
99433.8
99436.7
99439.8
99443
99446.5
99450.2
99454
99458.1
99462.4
99466.9
99471.6
99476.5
99481.6
99486.9
99492.5
99498.2
99504.1
99510.2
99516.6
99523.1
99529.8
99536.7
99543.8
99551
99558.4
99566
99573.8
99581.7
99589.8
99598
99606.3
99614.8
99623.5
99632.2
99641.1
99650.1
99659.2
99668.3
99677.6
99687
99696.4
99705.9
99715.5
99725.1
99734.8
99744.5
99754.3
99764.1
99773.9
99783.7
99793.5
99803.4
99813.2
99823
99380.9
99381.5
99382.1
99382.9
99383.9
99385
99386.4
99387.9
99389.7
99391.6
99393.8
99396.1
99398.7
99401.5
99404.6
99407.8
99411.3
99415.1
99419.1
99423.3
99427.7
99432.4
99437.3
99442.5
99447.9
99453.5
99459.4
99465.5
99471.8
99478.3
99485.1
99492
99499.2
99506.6
99514.2
99522
99530
99538.2
99546.6
99555.1
99563.8
99572.7
99581.7
99590.9
99600.3
99609.7
99619.3
99629
99638.9
99648.8
99658.8
99668.9
99679.1
99689.4
99699.8
99710.2
99720.6
99731.1
99741.7
99752.2
99762.8
99773.4
99784
99794.6
99345.9
99345.9
99345.9
99346
99346.4
99347
99347.8
99348.9
99350.1
99351.6
99353.4
99355.4
99357.6
99360.1
99362.9
99365.9
99369.2
99372.7
99376.5
99380.6
99385
99389.6
99394.5
99399.7
99405.2
99410.9
99416.8
99423.1
99429.6
99436.3
99443.3
99450.6
99458.1
99465.8
99473.8
99482
99490.4
99499.1
99507.9
99517
99526.2
99535.6
99545.3
99555
99565
99575.1
99585.4
99595.7
99606.3
99616.9
99627.7
99638.6
99649.5
99660.6
99671.7
99682.9
99694.2
99705.5
99716.8
99728.2
99739.6
99751
99762.5
99308.8
99307.9
99307.2
99306.6
99306.3
99306.2
99306.4
99306.8
99307.5
99308.5
99309.7
99311.3
99313.1
99315.2
99317.6
99320.3
99323.3
99326.6
99330.2
99334.1
99338.4
99342.9
99347.8
99352.9
99358.4
99364.2
99370.3
99376.6
99383.3
99390.3
99397.5
99405.1
99412.9
99421
99429.3
99438
99446.8
99456
99465.3
99474.9
99484.7
99494.8
99505
99515.4
99526.1
99536.9
99547.8
99559
99570.3
99581.7
99593.3
99604.9
99616.7
99628.6
99640.6
99652.7
99664.8
99677
99689.3
99701.5
99713.9
99726.2
99269.4
99267.6
99265.8
99264.4
99263.3
99262.4
99261.8
99261.5
99261.5
99261.9
99262.5
99263.5
99264.8
99266.4
99268.4
99270.7
99273.4
99276.4
99279.7
99283.4
99287.5
99291.9
99296.7
99301.8
99307.3
99313.1
99319.2
99325.7
99332.6
99339.8
99347.3
99355.1
99363.2
99371.7
99380.5
99389.5
99398.9
99408.5
99418.4
99428.6
99439
99449.7
99460.6
99471.8
99483.1
99494.7
99506.5
99518.4
99530.5
99542.8
99555.2
99567.8
99580.5
99593.3
99606.2
99619.3
99632.4
99645.5
99658.7
99672
99685.3
99227.3
99224.3
99221.5
99219.1
99217
99215.2
99213.7
99212.6
99211.8
99211.4
99211.3
99211.7
99212.3
99213.4
99214.9
99216.7
99218.9
99221.6
99224.6
99228
99231.8
99236.1
99240.7
99245.8
99251.2
99257
99263.3
99269.9
99276.9
99284.3
99292
99300.1
99308.6
99317.5
99326.7
99336.2
99346.1
99356.3
99366.8
99377.6
99388.7
99400
99411.7
99423.6
99435.7
99448.1
99460.8
99473.6
99486.6
99499.8
99513.2
99526.7
99540.4
99554.3
99568.2
99582.3
99596.4
99610.6
99624.9
99181.9
99177.7
99173.7
99170.2
99167
99164.2
99161.8
99159.7
99158.1
99156.8
99155.9
99155.5
99155.5
99155.9
99156.7
99158
99159.8
99162
99164.6
99167.7
99171.2
99175.2
99179.7
99184.6
99190
99195.8
99202.1
99208.8
99215.9
99223.5
99231.5
99240
99248.8
99258.1
99267.7
99277.7
99288.1
99298.9
99310
99321.5
99333.3
99345.4
99357.9
99370.6
99383.6
99396.9
99410.4
99424.2
99438.2
99452.4
99466.8
99481.5
99496.2
99511.1
99526.2
99541.4
99556.7
99572.1
99133
99127.4
99122.2
99117.4
99113.1
99109.1
99105.5
99102.4
99099.7
99097.5
99095.7
99094.4
99093.5
99093.2
99093.3
99093.9
99095.1
99096.7
99098.9
99101.6
99104.8
99108.5
99112.7
99117.5
99122.8
99128.6
99134.8
99141.6
99148.9
99156.7
99165
99173.7
99182.9
99192.6
99202.7
99213.3
99224.3
99235.7
99247.5
99259.7
99272.3
99285.2
99298.5
99312.1
99326.1
99340.4
99354.9
99369.7
99384.8
99400.1
99415.7
99431.4
99447.4
99463.5
99479.8
99496.2
99512.8
99080.6
99073.5
99066.9
99060.7
99055
99049.7
99044.9
99040.6
99036.8
99033.4
99030.6
99028.3
99026.6
99025.4
99024.7
99024.6
99025.1
99026.1
99027.8
99030
99032.8
99036.2
99040.1
99044.7
99049.8
99055.5
99061.8
99068.6
99076.1
99084
99092.5
99101.6
99111.2
99121.3
99131.9
99143
99154.6
99166.7
99179.2
99192.2
99205.6
99219.4
99233.6
99248.2
99263.1
99278.4
99294
99310
99326.2
99342.7
99359.5
99376.5
99393.7
99411.2
99428.8
99024.1
99015.2
99007
98999.3
98992
98985.3
98979
98973.3
98968.1
98963.5
98959.5
98956
98953.2
98951
98949.4
98948.4
98948.1
98948.4
98949.4
98951
98953.3
98956.3
98959.9
98964.2
98969.1
98974.7
98981
98987.9
98995.4
99003.6
99012.4
99021.8
99031.8
99042.4
99053.5
99065.2
99077.5
99090.3
99103.6
99117.5
99131.8
99146.5
99161.8
99177.4
99193.5
99209.9
99226.8
99243.9
99261.5
99279.3
99297.4
99315.8
99334.4
99353.3
98963.8
98953
98943.1
98933.7
98924.8
98916.4
98908.6
98901.4
98894.8
98888.8
98883.5
98878.8
98874.9
98871.6
98869
98867.1
98865.9
98865.5
98865.7
98866.8
98868.5
98871
98874.3
98878.3
98883
98888.5
98894.6
98901.5
98909.2
98917.5
98926.5
98936.2
98946.6
98957.6
98969.3
98981.6
98994.6
99008.1
99022.2
99036.9
99052.2
99067.9
99084.2
99100.9
99118.2
99135.8
99153.9
99172.4
99191.2
99210.5
99230
99249.8
98898.1
98885.2
98873.2
98861.7
98850.8
98840.6
98830.9
98821.9
98813.5
98805.9
98799
98792.8
98787.3
98782.7
98778.8
98775.8
98773.5
98772.1
98771.5
98771.7
98772.8
98774.7
98777.5
98781.1
98785.5
98790.8
98796.9
98803.9
98811.6
98820.2
98829.5
98839.6
98850.5
98862.1
98874.5
98887.5
98901.3
98915.7
98930.8
98946.5
98962.9
98979.8
98997.3
99015.3
99033.9
99052.9
99072.4
99092.4
99112.8
99133.6
98828.9
98814
98800
98786.6
98773.8
98761.6
98750.2
98739.4
98729.4
98720.2
98711.7
98704.1
98697.4
98691.5
98686.4
98682.3
98679
98676.7
98675.3
98674.8
98675.2
98676.6
98678.9
98682.1
98686.3
98691.4
98697.3
98704.2
98712
98720.6
98730.1
98740.5
98751.7
98763.8
98776.7
98790.3
98804.8
98820
98835.9
98852.6
98869.9
98887.9
98906.6
98925.8
98945.7
98966
98987
99008.4
99030.3
98751.5
98733.8
98717
98700.8
98685.4
98670.6
98656.6
98643.4
98631
98619.5
98608.9
98599.2
98590.5
98582.7
98576
98570.2
98565.5
98561.8
98559.2
98557.7
98557.2
98557.7
98559.4
98562.1
98565.8
98570.7
98576.6
98583.5
98591.5
98600.4
98610.4
98621.3
98633.2
98646.1
98659.8
98674.5
98690
98706.3
98723.5
98741.5
98760.2
98779.7
98799.8
98820.7
98842.2
98864.3
98887.1
98675.3
98655.6
98636.7
98618.5
98601
98584.3
98568.3
98553.3
98539.2
98526
98513.8
98502.7
98492.5
98483.5
98475.5
98468.7
98463
98458.4
98454.9
98452.6
98451.4
98451.4
98452.5
98454.8
98458.2
98462.7
98468.4
98475.2
98483
98492
98502
98513.1
98525.2
98538.4
98552.6
98567.8
98583.9
98600.9
98618.8
98637.7
98657.3
98677.8
98699.2
98721.2
98744.1
98580
98556
98532.9
98510.5
98489
98468.4
98448.8
98430.2
98412.6
98396.2
98380.9
98366.8
98353.9
98342.2
98331.9
98322.8
98315
98308.6
98303.5
98299.7
98297.3
98296.2
98296.5
98298.1
98301.1
98305.4
98311
98317.9
98326.2
98335.6
98346.2
98357.9
98371
98385.5
98400.9
98417.5
98435.1
98453.7
98473.3
98494
98515.6
98538.1
98561.5
98505.3
98479.9
98455.1
98431
98407.9
98385.7
98364.5
98344.4
98325.5
98307.7
98291.1
98275.9
98261.9
98249.2
98237.9
98227.9
98219.3
98212.1
98206.2
98201.8
98198.7
98197
98196.7
98197.8
98200.4
98204.2
98209.5
98216.2
98224.5
98233.8
98244
98255.4
98269
98284
98299.7
98316.6
98334.6
98353.6
98373.7
98394.7
98416.8
98378.1
98345
98313
98282.1
98252.5
98224.2
98197.2
98171.6
98147.4
98124.8
98103.6
98084
98066.1
98049.7
98035
98021.9
98010.5
98000.8
97992.7
97986.2
97981.5
97978.6
97977.5
97978
97980.2
97984.1
97989.5
97996.9
98006
98015.8
98026.5
98038.7
98052.8
98068.8
98086.7
98105.8
98125.6
98146.3
98168.4
98318.1
98282.9
98250.3
98219.2
98189.5
98161.1
98134
98108.2
98083.8
98060.8
98039.4
98019.5
98001.3
97984.8
97970
97957
97945.5
97935.7
97927.6
97921
97916
97912.7
97911
97910.8
97912.3
97915.2
97919.3
97925.1
97933.6
97944.1
97955.8
97969
97983.6
97999.7
98017.3
98036.3
98152
98113.6
98074.3
98035.4
97997.3
97960.2
97924.5
97890.4
97858
97827.5
97798.9
97772.2
97747.6
97725.2
97704.9
97686.7
97670.6
97656.7
97644.9
97635.2
97627.6
97622.1
97618.6
97617.2
97617.7
97620.1
97624.3
97630.3
97638.1
97648
97659.7
97673.3
97688.7
97705.9
)
;

boundaryField
{
    down
    {
        type            fixedValue;
        value           nonuniform List<scalar> 0();
    }
    right
    {
        type            fixedValue;
        value           nonuniform List<scalar> 0();
    }
    up
    {
        type            fixedValue;
        value           uniform 100000;
    }
    meanFlow
    {
        type            fixedValue;
        value           uniform 100000;
    }
    surface
    {
        type            zeroGradient;
    }
    surfaceInner
    {
        type            zeroGradient;
    }
    coandaInlet
    {
        type            zeroGradient;
    }
    defaultFaces
    {
        type            empty;
    }
    procBoundary3to0
    {
        type            processor;
        value           nonuniform List<scalar> 
126
(
100004
100006
100004
100004
100005
100005
100005
100006
100006
100006
100007
100006
100007
100006
100007
100007
100007
100008
100008
100008
100009
100009
100009
100010
100010
100010
100011
100011
100011
100009
100009
100010
100010
100010
100010
100010
100010
100007
100007
100007
100007
100006
100003
100003
100002
100001
100001
99996.2
99996.2
99994.8
99993.3
99987.8
99987.8
99985.6
99978.9
99978.9
99976
99967.9
99967.9
99964
99954.1
99954.1
99948.9
99936.7
99936.7
99923.1
99923.1
99907.6
99907.6
99898
99878.9
99878.9
99857.3
99857.3
99832.8
99832.8
99805.2
99805.2
99773.9
99773.9
99738.5
99738.5
99698.7
99639.3
99698.7
99653.7
99639.3
99587.6
99587.6
99529.4
99446.5
99529.4
99464.5
99446.5
99372.3
99270
99372.3
99290.3
99154.7
99270
99176.2
99154.7
99052.6
98910.3
99052.6
98934.1
98767.6
98910.3
98791.8
98585.8
98767.6
98610.9
98439.9
98585.8
98464.1
98191.7
98439.9
98216.2
98056.6
98078.3
98191.7
98101.3
97724.7
98056.6
97745.3
97724.7
)
;
    }
    procBoundary3to4
    {
        type            processor;
        value           nonuniform List<scalar> 
81
(
100000
99995.5
99986.7
99985.3
99976.3
99974
99966.3
99962.5
99955.7
99955.7
99950.7
99944.1
99938.3
99931.6
99925.1
99918.1
99911.1
99903.7
99896.3
99888.6
99880.9
99873.1
99865.3
99857.6
99849.9
99842.4
99835.1
99828.1
99821.4
99815
99809
99803.4
99798.2
99793.4
99789
99785
99781.4
99778.1
99775.2
99772.6
99770.3
99768.3
99766.5
99764.9
99763.5
99762.3
99761.2
99760.3
99759.5
99758.8
99758.2
99757.7
99757.2
99756.8
99756.5
99756.2
99756
99755.7
99755.6
99755.4
99755.3
99755.2
99755.1
99755
99755
99754.9
99754.9
99754.9
99754.9
99754.9
99754.9
99754.9
99754.9
99754.9
99754.9
99754.9
99754.9
99754.9
99754.9
99754.9
99754.9
)
;
    }
}


// ************************************************************************* //
