/*--------------------------------*- C++ -*----------------------------------*\
  =========                 |
  \\      /  F ield         | OpenFOAM: The Open Source CFD Toolbox
   \\    /   O peration     | Website:  https://openfoam.org
    \\  /    A nd           | Version:  9
     \\/     M anipulation  |
\*---------------------------------------------------------------------------*/
FoamFile
{
    format      ascii;
    class       volScalarField;
    location    "0.0125";
    object      nuTilda;
}
// * * * * * * * * * * * * * * * * * * * * * * * * * * * * * * * * * * * * * //

dimensions      [0 2 -1 0 0 0 0];

internalField   nonuniform List<scalar> 
5071
(
0.0140305
0.0140309
0.0140314
0.0140316
0.0140319
0.014032
0.0140322
0.0140323
0.0140325
0.0140326
0.0140327
0.0140328
0.0140328
0.0140329
0.014033
0.014033
0.014033
0.014033
0.014033
0.014033
0.0140329
0.0140329
0.0140328
0.0140327
0.0140325
0.0140322
0.0140319
0.0140449
0.0140445
0.0140442
0.0140437
0.0140433
0.0140428
0.0140423
0.0140417
0.0140411
0.0140405
0.0140398
0.0140392
0.0140385
0.0140378
0.0140371
0.0140364
0.0140358
0.0140353
0.014035
0.0140348
0.014035
0.0140349
0.0140346
0.014034
0.0140333
0.0140325
0.0140316
0.0140252
0.0140251
0.0140249
0.0140246
0.0140244
0.0140242
0.014024
0.0140238
0.0140235
0.0140233
0.014023
0.0140228
0.0140227
0.0140229
0.0140229
0.0140228
0.0140227
0.0140224
0.0140222
0.0140219
0.0140215
0.0140212
0.0140208
0.0140203
0.0140199
0.0140197
0.0140197
0.0140088
0.0140091
0.0140094
0.0140097
0.01401
0.0140104
0.0140105
0.0140104
0.0140103
0.0140101
0.0140098
0.0140095
0.0140092
0.0140088
0.0140083
0.0140079
0.0140073
0.0140068
0.0140062
0.0140056
0.014005
0.0140044
0.0140038
0.0140034
0.0140031
0.014003
0.0140028
0.0139696
0.0139698
0.01397
0.0139702
0.0139704
0.0139706
0.0139708
0.013971
0.0139711
0.0139713
0.0139715
0.0139717
0.013972
0.0139722
0.0139724
0.0139726
0.0139728
0.0139731
0.0139733
0.0139735
0.0139738
0.013974
0.0139743
0.0139746
0.0139748
0.0139751
0.0139754
0.0139606
0.0139611
0.0139615
0.013962
0.0139625
0.013963
0.0139635
0.0139639
0.0139644
0.0139649
0.0139654
0.0139659
0.0139664
0.0139669
0.0139673
0.0139678
0.013968
0.013968
0.0139679
0.0139678
0.0139677
0.0139675
0.0139673
0.0139671
0.0139669
0.0139666
0.0139665
0.0139455
0.013946
0.0139464
0.0139469
0.0139473
0.0139478
0.0139482
0.0139487
0.0139491
0.0139496
0.01395
0.0139505
0.0139509
0.0139514
0.0139518
0.0139523
0.0139527
0.0139532
0.0139536
0.0139541
0.0139546
0.013955
0.0139555
0.013956
0.0139565
0.0139569
0.0139574
0.0139313
0.0139319
0.0139324
0.0139329
0.0139334
0.0139339
0.0139344
0.0139349
0.0139355
0.013936
0.0139365
0.0139371
0.0139376
0.0139381
0.0139387
0.0139392
0.0139397
0.0139403
0.0139408
0.0139414
0.0139419
0.0139425
0.013943
0.0139436
0.0139441
0.0139447
0.0139452
0.0139156
0.0139162
0.0139168
0.0139174
0.013918
0.0139186
0.0139192
0.0139199
0.0139205
0.0139211
0.0139217
0.0139223
0.0139229
0.0139236
0.0139242
0.0139248
0.0139254
0.0139261
0.0139267
0.0139273
0.013928
0.0139286
0.0139292
0.0139299
0.0139305
0.0139312
0.0139318
0.013899
0.0138997
0.0139004
0.0139011
0.0139018
0.0139025
0.0139032
0.013904
0.0139047
0.0139054
0.0139061
0.0139068
0.0139076
0.0139083
0.013909
0.0139097
0.0139105
0.0139112
0.013912
0.0139127
0.0139135
0.0139142
0.013915
0.0139157
0.0139165
0.0139172
0.013918
0.0138818
0.0138827
0.0138835
0.0138843
0.0138851
0.0138859
0.0138868
0.0138876
0.0138885
0.0138893
0.0138901
0.013891
0.0138918
0.0138927
0.0138935
0.0138944
0.0138953
0.0138961
0.013897
0.0138979
0.0138987
0.0138996
0.0139005
0.0139014
0.0139022
0.0139031
0.013904
0.0138642
0.0138651
0.0138661
0.013867
0.013868
0.0138689
0.0138699
0.0138708
0.0138718
0.0138728
0.0138738
0.0138748
0.0138757
0.0138767
0.0138777
0.0138787
0.0138797
0.0138807
0.0138817
0.0138827
0.0138838
0.0138848
0.0138858
0.0138868
0.0138879
0.0138889
0.0138899
0.0138458
0.0138469
0.013848
0.0138491
0.0138502
0.0138513
0.0138524
0.0138536
0.0138547
0.0138558
0.0138569
0.0138581
0.0138592
0.0138604
0.0138615
0.0138627
0.0138638
0.013865
0.0138662
0.0138673
0.0138685
0.0138697
0.0138709
0.013872
0.0138732
0.0138744
0.0138756
0.0138267
0.0138279
0.0138292
0.0138304
0.0138317
0.013833
0.0138343
0.0138356
0.0138369
0.0138382
0.0138395
0.0138408
0.0138421
0.0138434
0.0138447
0.0138461
0.0138474
0.0138487
0.0138501
0.0138514
0.0138528
0.0138541
0.0138555
0.0138569
0.0138582
0.0138596
0.013861
0.0138065
0.0138079
0.0138094
0.0138108
0.0138123
0.0138137
0.0138152
0.0138167
0.0138181
0.0138196
0.0138211
0.0138226
0.0138241
0.0138256
0.0138272
0.0138287
0.0138302
0.0138317
0.0138333
0.0138348
0.0138364
0.0138379
0.0138395
0.0138411
0.0138426
0.0138442
0.0138458
0.0137831
0.0137848
0.0137864
0.0137881
0.0137897
0.0137914
0.013793
0.0137947
0.0137964
0.0137981
0.0137998
0.0138015
0.0138032
0.0138049
0.0138067
0.0138084
0.0138102
0.0138119
0.0138137
0.0138154
0.0138172
0.013819
0.0138208
0.0138226
0.0138244
0.0138262
0.013828
0.0138298
0.0137593
0.0137612
0.013763
0.0137649
0.0137668
0.0137687
0.0137706
0.0137725
0.0137744
0.0137764
0.0137783
0.0137803
0.0137822
0.0137842
0.0137862
0.0137882
0.0137902
0.0137922
0.0137942
0.0137963
0.0137983
0.0138004
0.0138024
0.0138045
0.0138066
0.0138086
0.0138107
0.0138128
0.0137332
0.0137353
0.0137375
0.0137396
0.0137418
0.0137439
0.0137461
0.0137483
0.0137505
0.0137527
0.013755
0.0137572
0.0137595
0.0137617
0.013764
0.0137663
0.0137686
0.0137709
0.0137733
0.0137756
0.0137779
0.0137803
0.0137827
0.013785
0.0137874
0.0137898
0.0137922
0.0137946
0.0137047
0.0137071
0.0137096
0.013712
0.0137145
0.0137169
0.0137194
0.013722
0.0137245
0.013727
0.0137296
0.0137322
0.0137348
0.0137374
0.01374
0.0137426
0.0137453
0.0137479
0.0137506
0.0137533
0.013756
0.0137587
0.0137614
0.0137642
0.0137669
0.0137697
0.0137724
0.0137752
0.0136734
0.0136762
0.0136789
0.0136817
0.0136846
0.0136874
0.0136902
0.0136931
0.013696
0.0136989
0.0137019
0.0137048
0.0137078
0.0137108
0.0137138
0.0137168
0.0137199
0.0137229
0.013726
0.0137291
0.0137322
0.0137353
0.0137384
0.0137416
0.0137448
0.013748
0.0137512
0.0137544
0.0136387
0.0136418
0.013645
0.0136482
0.0136514
0.0136546
0.0136579
0.0136612
0.0136645
0.0136679
0.0136712
0.0136746
0.013678
0.0136815
0.0136849
0.0136884
0.0136919
0.0136954
0.013699
0.0137025
0.0137061
0.0137097
0.0137134
0.0137171
0.0137207
0.0137244
0.0137282
0.0137319
0.0136
0.0136036
0.0136072
0.0136108
0.0136145
0.0136182
0.013622
0.0136257
0.0136296
0.0136334
0.0136373
0.0136412
0.0136451
0.013649
0.013653
0.013657
0.0136611
0.0136651
0.0136692
0.0136734
0.0136776
0.0136818
0.013686
0.0136902
0.0136945
0.0136988
0.0137031
0.0137074
0.0135567
0.0135608
0.0135649
0.0135691
0.0135733
0.0135776
0.0135819
0.0135863
0.0135906
0.0135951
0.0135995
0.013604
0.0136085
0.0136131
0.0136177
0.0136223
0.013627
0.0136318
0.0136365
0.0136413
0.0136462
0.013651
0.0136559
0.0136609
0.0136658
0.0136708
0.0136758
0.0136808
0.0135084
0.0135131
0.0135178
0.0135226
0.0135275
0.0135324
0.0135373
0.0135423
0.0135473
0.0135524
0.0135576
0.0135628
0.013568
0.0135733
0.0135786
0.013584
0.0135895
0.013595
0.0136005
0.0136061
0.0136117
0.0136173
0.013623
0.0136287
0.0136345
0.0136402
0.013646
0.0136519
0.0134545
0.0134598
0.0134653
0.0134708
0.0134763
0.013482
0.0134877
0.0134934
0.0134992
0.0135051
0.013511
0.013517
0.0135231
0.0135292
0.0135354
0.0135417
0.013548
0.0135544
0.0135608
0.0135673
0.0135738
0.0135804
0.0135869
0.0135936
0.0136003
0.013607
0.0136137
0.0136205
0.0133942
0.0134003
0.0134065
0.0134129
0.0134193
0.0134257
0.0134323
0.0134389
0.0134456
0.0134524
0.0134592
0.0134662
0.0134732
0.0134804
0.0134875
0.0134948
0.0135021
0.0135095
0.013517
0.0135245
0.0135321
0.0135397
0.0135474
0.0135551
0.0135629
0.0135707
0.0135785
0.0135863
0.0133264
0.0133335
0.0133406
0.0133479
0.0133552
0.0133627
0.0133702
0.0133779
0.0133856
0.0133934
0.0134014
0.0134094
0.0134176
0.0134259
0.0134342
0.0134426
0.0134512
0.0134598
0.0134684
0.0134772
0.013486
0.0134948
0.0135038
0.0135128
0.0135218
0.0135309
0.01354
0.0135492
0.0132503
0.0132584
0.0132666
0.0132749
0.0132834
0.0132919
0.0133006
0.0133094
0.0133183
0.0133274
0.0133366
0.013346
0.0133555
0.013365
0.0133747
0.0133845
0.0133944
0.0134044
0.0134145
0.0134247
0.0134349
0.0134452
0.0134556
0.0134661
0.0134767
0.0134873
0.0134979
0.0135086
0.0131645
0.0131737
0.0131832
0.0131927
0.0132025
0.0132123
0.0132224
0.0132325
0.0132428
0.0132534
0.0132641
0.0132749
0.0132859
0.013297
0.0133083
0.0133196
0.0133311
0.0133428
0.0133545
0.0133664
0.0133783
0.0133904
0.0134025
0.0134147
0.013427
0.0134394
0.0134518
0.0134643
0.0130674
0.013078
0.0130889
0.0130999
0.0131111
0.0131225
0.0131341
0.0131458
0.0131578
0.01317
0.0131824
0.0131949
0.0132077
0.0132206
0.0132337
0.0132469
0.0132603
0.0132739
0.0132876
0.0133014
0.0133154
0.0133294
0.0133436
0.0133579
0.0133723
0.0133868
0.0134013
0.0134159
0.0129574
0.0129696
0.0129821
0.0129948
0.0130077
0.0130208
0.0130341
0.0130478
0.0130617
0.0130758
0.0130901
0.0131047
0.0131195
0.0131345
0.0131498
0.0131652
0.0131808
0.0131966
0.0132126
0.0132288
0.0132451
0.0132616
0.0132782
0.0132949
0.0133118
0.0133287
0.0133457
0.0133628
0.0128325
0.0128466
0.0128609
0.0128755
0.0128903
0.0129055
0.0129209
0.0129367
0.0129528
0.0129691
0.0129858
0.0130027
0.0130199
0.0130373
0.0130551
0.013073
0.0130913
0.0131097
0.0131284
0.0131473
0.0131664
0.0131857
0.0132051
0.0132248
0.0132445
0.0132644
0.0132844
0.0133045
0.0126906
0.0127067
0.0127231
0.0127399
0.0127571
0.0127745
0.0127923
0.0128106
0.0128292
0.0128481
0.0128674
0.0128871
0.012907
0.0129273
0.012948
0.0129689
0.0129902
0.0130117
0.0130336
0.0130557
0.0130781
0.0131007
0.0131236
0.0131466
0.0131698
0.0131932
0.0132167
0.0132403
0.012529
0.0125475
0.0125664
0.0125857
0.0126054
0.0126255
0.0126462
0.0126672
0.0126887
0.0127106
0.012733
0.0127558
0.012779
0.0128026
0.0128266
0.012851
0.0128758
0.012901
0.0129266
0.0129525
0.0129788
0.0130053
0.0130322
0.0130593
0.0130866
0.0131141
0.0131418
0.0131696
0.0123452
0.0123663
0.012388
0.0124102
0.0124328
0.012456
0.0124797
0.012504
0.0125288
0.0125541
0.01258
0.0126064
0.0126333
0.0126608
0.0126887
0.0127172
0.0127461
0.0127756
0.0128055
0.0128359
0.0128667
0.0128979
0.0129295
0.0129614
0.0129936
0.0130261
0.0130587
0.0130915
0.0121359
0.0121601
0.0121848
0.0122102
0.0122362
0.0122628
0.01229
0.012318
0.0123466
0.0123758
0.0124057
0.0124362
0.0124674
0.0124992
0.0125317
0.0125648
0.0125986
0.012633
0.012668
0.0127036
0.0127398
0.0127765
0.0128137
0.0128514
0.0128895
0.0129278
0.0129664
0.0130052
0.0118979
0.0119253
0.0119536
0.0119825
0.0120122
0.0120426
0.0120738
0.0121059
0.0121387
0.0121723
0.0122067
0.0122419
0.012278
0.0123148
0.0123525
0.012391
0.0124304
0.0124705
0.0125115
0.0125532
0.0125957
0.0126389
0.0126828
0.0127273
0.0127723
0.0128178
0.0128635
0.0129095
0.0116277
0.0116588
0.0116907
0.0117236
0.0117573
0.0117919
0.0118275
0.0118641
0.0119016
0.0119401
0.0119796
0.0120201
0.0120616
0.0121042
0.0121478
0.0121924
0.0122381
0.0122849
0.0123328
0.0123816
0.0124316
0.0124824
0.0125342
0.0125868
0.0126401
0.0126941
0.0127484
0.012803
0.0113221
0.011357
0.0113929
0.0114299
0.011468
0.0115072
0.0115475
0.011589
0.0116316
0.0116755
0.0117206
0.0117669
0.0118145
0.0118633
0.0119136
0.0119651
0.0120181
0.0120725
0.0121282
0.0121854
0.0122439
0.0123038
0.0123649
0.0124271
0.0124904
0.0125545
0.0126192
0.0126843
0.0109782
0.011017
0.0110571
0.0110985
0.0111411
0.011185
0.0112303
0.0112769
0.011325
0.0113746
0.0114256
0.0114782
0.0115324
0.0115882
0.0116458
0.011705
0.0117661
0.0118289
0.0118937
0.0119603
0.0120288
0.0120992
0.0121712
0.0122449
0.0123201
0.0123964
0.0124736
0.0125513
0.010594
0.0106367
0.0106809
0.0107266
0.0107738
0.0108225
0.0108728
0.0109248
0.0109784
0.0110339
0.0110912
0.0111504
0.0112115
0.0112747
0.0113401
0.0114077
0.0114776
0.0115499
0.0116246
0.011702
0.0117818
0.0118642
0.0119491
0.0120363
0.0121255
0.0122165
0.0123088
0.0124019
0.0101685
0.0102148
0.0102629
0.0103127
0.0103643
0.0104177
0.0104729
0.01053
0.0105892
0.0106505
0.0107141
0.0107799
0.0108482
0.010919
0.0109925
0.0110688
0.0111481
0.0112305
0.0113162
0.0114053
0.0114979
0.011594
0.0116936
0.0117966
0.0119025
0.0120111
0.0121217
0.0122335
0.00970227
0.00975167
0.00980308
0.00985653
0.00991207
0.00996974
0.0100294
0.0100914
0.0101557
0.0102226
0.010292
0.0103643
0.0104395
0.0105178
0.0105994
0.0106845
0.0107735
0.0108664
0.0109636
0.0110654
0.0111718
0.0112832
0.0113994
0.0115205
0.011646
0.0117755
0.0119081
0.0120427
0.00919776
0.00924942
0.00930326
0.00935953
0.00941823
0.0094794
0.00954281
0.00960884
0.00967763
0.00974933
0.00982411
0.00990216
0.00998368
0.0100689
0.0101582
0.0102518
0.0103502
0.0104535
0.0105624
0.0106772
0.0107983
0.0109261
0.0110607
0.0112022
0.0113503
0.0115044
0.0116634
0.0118258
0.00866078
0.00871304
0.00876797
0.00882565
0.00888614
0.00894952
0.00901544
0.00908434
0.00915642
0.00923184
0.00931082
0.00939358
0.00948042
0.00957165
0.00966764
0.00976884
0.00987575
0.00998892
0.010109
0.0102366
0.0103725
0.0105172
0.0106715
0.0108354
0.0110091
0.0111918
0.0113822
0.0115781
0.00810545
0.0081551
0.00820802
0.00826425
0.00832385
0.00838691
0.00845335
0.00852301
0.00859636
0.00867359
0.00875493
0.00884067
0.00893113
0.00902669
0.00912783
0.00923509
0.00934914
0.00947074
0.00960077
0.00974024
0.00989022
0.0100518
0.0102261
0.0104139
0.0106156
0.0108308
0.0110579
0.0112943
0.00756463
0.00760483
0.00764939
0.0076982
0.00775128
0.00780882
0.007871
0.00793721
0.00800796
0.00808342
0.0081638
0.00824941
0.00834061
0.0084378
0.00854149
0.00865235
0.00877118
0.00889895
0.00903683
0.00918619
0.0093486
0.0095258
0.00971957
0.00993161
0.0101631
0.0104142
0.0106836
0.0109681
0.00711549
0.00713111
0.00715408
0.0071831
0.00721748
0.00725756
0.0073041
0.0073573
0.00741708
0.00748324
0.00755571
0.00763488
0.00772119
0.00781497
0.00791659
0.00802676
0.00814639
0.00827659
0.00841876
0.00857468
0.00874647
0.0089366
0.00914783
0.00938305
0.00964477
0.00993437
0.0102512
0.0105921
0.00686896
0.00686022
0.00685266
0.00684618
0.00684129
0.00683947
0.00684353
0.0068586
0.00688789
0.00692829
0.00697704
0.007035
0.00710371
0.00718361
0.00727371
0.00737463
0.00748753
0.00761346
0.00775371
0.00791046
0.00808635
0.00828459
0.00850911
0.00876437
0.00905484
0.00938391
0.00975259
0.0101584
0.00672381
0.00670116
0.00667811
0.00665505
0.00663261
0.0066116
0.00659291
0.00657726
0.00656472
0.00655418
0.00654682
0.00654689
0.00656431
0.00660728
0.00666503
0.00673712
0.00682682
0.00693516
0.00706131
0.00720807
0.00737862
0.00757629
0.00780636
0.00807507
0.00838944
0.00875597
0.00917858
0.009657
0.00665157
0.00662408
0.00659437
0.00656259
0.00652902
0.00649399
0.00645791
0.00642125
0.00638458
0.00634881
0.00631486
0.0062844
0.00625902
0.00623897
0.00622363
0.00621814
0.00624197
0.00630513
0.00639052
0.00650376
0.00665084
0.00683134
0.00705255
0.00732225
0.00765032
0.00804744
0.00852208
0.00907852
0.00659447
0.00657325
0.00654846
0.00651991
0.00648743
0.00645087
0.00641019
0.00636544
0.00631682
0.00626484
0.00621027
0.00615408
0.00609735
0.00604148
0.00598858
0.00594184
0.00590475
0.00587814
0.00586318
0.00588124
0.00596884
0.00609712
0.00628076
0.00652746
0.00684893
0.00726113
0.00777843
0.00841157
0.00647078
0.00646509
0.00645578
0.00644236
0.00642435
0.00640122
0.00637244
0.00633749
0.00629578
0.00624692
0.00619061
0.00612676
0.00605564
0.00597812
0.00589569
0.00581062
0.00572588
0.00564516
0.00557373
0.005519
0.00548699
0.00548137
0.00556582
0.00574173
0.00601642
0.00641325
0.00695348
0.00765553
0.00620178
0.00621585
0.00622732
0.00623566
0.00624033
0.00624074
0.0062359
0.00622515
0.00620744
0.00618174
0.00614692
0.00610164
0.00604446
0.00597439
0.0058907
0.00579324
0.00568298
0.00556275
0.00543743
0.00531408
0.00520209
0.00511394
0.00506744
0.00507541
0.0052194
0.00553726
0.00605765
0.00680235
0.00572977
0.00576256
0.00579428
0.0058246
0.00585301
0.00587896
0.00590173
0.00592058
0.00593451
0.00594236
0.00594281
0.00593376
0.00591336
0.00587929
0.00582929
0.00576023
0.00566848
0.00555223
0.00541098
0.00524708
0.00506855
0.00488964
0.0047316
0.00462184
0.00459912
0.0047086
0.00512971
0.00587535
0.00501904
0.00506581
0.00511306
0.00516064
0.00520826
0.00525553
0.00530198
0.00534712
0.0053903
0.00543059
0.00546689
0.00549764
0.00552099
0.00553462
0.00553587
0.00552052
0.00548392
0.00542042
0.00532469
0.00518919
0.00500744
0.00478209
0.00453229
0.00429165
0.0041119
0.0040596
0.00422304
0.00486677
0.00404825
0.0041017
0.00415689
0.00421382
0.00427239
0.00433246
0.0043939
0.00445651
0.00451991
0.00458364
0.00464703
0.00470913
0.00476889
0.00482459
0.00487406
0.00491434
0.00494161
0.00495057
0.00493432
0.00488199
0.00477999
0.00461496
0.00437108
0.00405834
0.00373567
0.00350001
0.00347203
0.003815
0.00281635
0.00286422
0.0029147
0.002968
0.00302423
0.0030835
0.00314595
0.00321161
0.00328043
0.00335236
0.00342723
0.00350477
0.00358454
0.00366578
0.00374755
0.0038286
0.00390726
0.00398082
0.00404265
0.00408155
0.00409001
0.00405212
0.00394299
0.00372393
0.00336972
0.00298647
0.00273612
0.00280581
0.0014642
0.00148549
0.00150861
0.00153374
0.00156102
0.00159062
0.00162277
0.0016577
0.00169566
0.00173704
0.00178232
0.00183219
0.00188761
0.00195004
0.00202168
0.00210578
0.00220695
0.00233098
0.00246643
0.00258761
0.00270197
0.00279853
0.00285859
0.00284581
0.00268703
0.00235611
0.00201513
0.00191466
0.000345546
0.000348151
0.000351407
0.000355362
0.000360019
0.000365418
0.000371617
0.000378675
0.00038667
0.000395706
0.000405905
0.000417437
0.000430528
0.000445529
0.000462909
0.000483033
0.000504368
0.000514249
0.000532428
0.000531276
0.000541512
0.00055147
0.000556057
0.000532419
0.000474974
0.000427377
0.000495272
0.00105283
0.014032
0.0140246
0.0140237
0.0140218
0.014017
0.0140124
0.01401
0.0140093
0.0140102
0.0140108
0.0140108
0.0140104
0.0140096
0.0140086
0.0140078
0.0140071
0.0140065
0.0140059
0.0140055
0.0140051
0.0140047
0.0140044
0.014004
0.0140037
0.0140034
0.0140031
0.0140028
0.0140026
0.0140024
0.0140022
0.0140021
0.014002
0.0140018
0.0140017
0.0140015
0.0140013
0.0140011
0.0140007
0.0140001
0.0139992
0.0139982
0.0139981
0.0139994
0.0139996
0.0139995
0.0139999
0.014
0.0139999
0.0139998
0.0139997
0.013999
0.0139976
0.013998
0.0140009
0.0140015
0.014001
0.0139996
0.0139969
0.0139968
0.013997
0.0140313
0.0140247
0.0140179
0.0140124
0.0140118
0.0140101
0.0140099
0.0140094
0.0140086
0.0140076
0.0140065
0.0140054
0.0140042
0.0140031
0.0140021
0.0140012
0.014001
0.0140014
0.0140021
0.0140029
0.0140038
0.0140042
0.0140042
0.0140039
0.0140034
0.0140029
0.0140023
0.0140015
0.0140008
0.014
0.0139994
0.0140002
0.0140016
0.014002
0.0140018
0.0140014
0.0140008
0.0140002
0.0139993
0.0139984
0.0139977
0.0139973
0.0139971
0.0139963
0.013996
0.0139961
0.013996
0.0139959
0.0139958
0.0139956
0.0139952
0.0139949
0.0139961
0.0139995
0.0139987
0.0139969
0.0139955
0.0139934
0.0139932
0.0139937
0.0140197
0.0140179
0.0140122
0.0140095
0.0140057
0.0140037
0.0140015
0.0140006
0.0140011
0.014
0.0139992
0.0139985
0.0139991
0.0139992
0.0139988
0.0139987
0.0139989
0.0139994
0.014
0.0140003
0.0140001
0.0139994
0.0139983
0.0139971
0.0139968
0.0139967
0.0139966
0.0139966
0.0139967
0.0139972
0.0139979
0.0139985
0.0139986
0.0139978
0.0139967
0.0139959
0.0139953
0.0139947
0.0139941
0.0139934
0.013993
0.0139926
0.0139923
0.0139919
0.0139918
0.0139919
0.0139918
0.0139918
0.0139918
0.0139919
0.013992
0.0139922
0.013994
0.013997
0.0139945
0.0139934
0.0139915
0.0139897
0.0139894
0.0139902
0.0140021
0.0139985
0.0139953
0.0139926
0.0139904
0.0139888
0.0139893
0.0139899
0.0139906
0.0139912
0.0139919
0.0139927
0.0139937
0.0139945
0.0139954
0.0139963
0.0139969
0.0139972
0.0139973
0.013997
0.0139965
0.0139958
0.0139951
0.0139946
0.0139944
0.0139941
0.0139938
0.0139936
0.0139935
0.0139934
0.013993
0.0139924
0.0139919
0.0139912
0.0139905
0.01399
0.0139895
0.013989
0.0139886
0.0139882
0.0139879
0.0139876
0.0139875
0.0139874
0.0139874
0.0139874
0.0139875
0.0139877
0.0139879
0.0139881
0.0139884
0.0139892
0.0139913
0.0139921
0.0139903
0.0139896
0.0139872
0.0139856
0.0139854
0.0139864
0.0139757
0.0139767
0.0139777
0.0139787
0.0139797
0.0139808
0.013982
0.0139832
0.0139844
0.0139856
0.0139867
0.0139879
0.013989
0.0139901
0.0139911
0.0139918
0.0139922
0.0139921
0.0139918
0.0139914
0.0139908
0.0139901
0.0139895
0.0139888
0.0139881
0.0139875
0.0139871
0.0139869
0.0139867
0.0139864
0.013986
0.0139855
0.0139851
0.0139846
0.0139842
0.0139838
0.0139835
0.0139832
0.0139829
0.0139828
0.0139826
0.0139826
0.0139826
0.0139826
0.0139827
0.0139828
0.0139831
0.0139834
0.0139837
0.013984
0.0139845
0.0139855
0.0139869
0.0139869
0.0139856
0.0139847
0.0139826
0.0139812
0.0139812
0.0139822
0.0139669
0.0139685
0.0139702
0.0139718
0.0139733
0.0139747
0.0139761
0.0139774
0.0139787
0.0139799
0.013981
0.0139819
0.0139826
0.0139831
0.0139833
0.0139833
0.0139831
0.0139827
0.0139822
0.0139817
0.0139813
0.0139809
0.0139806
0.0139803
0.01398
0.0139798
0.0139796
0.0139795
0.0139793
0.013979
0.0139788
0.0139785
0.0139782
0.0139779
0.0139777
0.0139776
0.0139774
0.0139773
0.0139772
0.0139772
0.0139773
0.0139773
0.0139774
0.0139776
0.0139777
0.0139781
0.0139784
0.0139788
0.0139792
0.0139796
0.0139802
0.0139812
0.0139819
0.0139815
0.0139806
0.0139795
0.0139777
0.0139766
0.0139766
0.0139777
0.013958
0.0139597
0.0139612
0.0139627
0.0139641
0.0139655
0.0139667
0.0139678
0.0139688
0.0139697
0.0139704
0.013971
0.0139714
0.0139717
0.0139719
0.013972
0.013972
0.013972
0.013972
0.0139719
0.0139719
0.0139718
0.0139718
0.0139718
0.0139717
0.0139717
0.0139717
0.0139717
0.0139716
0.0139715
0.0139714
0.0139713
0.0139712
0.0139712
0.0139712
0.0139712
0.0139712
0.0139713
0.0139714
0.0139715
0.0139716
0.0139718
0.013972
0.0139723
0.0139726
0.0139731
0.0139735
0.0139739
0.0139742
0.0139747
0.0139755
0.0139761
0.0139764
0.013976
0.0139751
0.013974
0.0139724
0.0139715
0.0139716
0.0139727
0.0139459
0.0139476
0.0139492
0.0139508
0.0139522
0.0139535
0.0139548
0.0139559
0.0139569
0.0139578
0.0139586
0.0139593
0.0139599
0.0139604
0.0139608
0.0139612
0.0139615
0.0139618
0.0139621
0.0139623
0.0139625
0.0139628
0.0139629
0.0139631
0.0139633
0.0139634
0.0139636
0.0139637
0.0139638
0.0139639
0.013964
0.0139641
0.0139642
0.0139643
0.0139645
0.0139646
0.0139648
0.013965
0.0139652
0.0139655
0.0139657
0.013966
0.0139663
0.0139668
0.0139672
0.0139677
0.0139681
0.0139685
0.0139689
0.0139695
0.0139701
0.0139705
0.0139704
0.0139701
0.0139692
0.0139681
0.0139668
0.0139661
0.0139663
0.0139674
0.0139325
0.0139344
0.0139362
0.0139379
0.0139395
0.0139409
0.0139423
0.0139436
0.0139447
0.0139458
0.0139468
0.0139477
0.0139485
0.0139492
0.0139499
0.0139506
0.0139512
0.0139517
0.0139522
0.0139527
0.0139531
0.0139535
0.0139539
0.0139543
0.0139546
0.0139549
0.0139553
0.0139555
0.0139558
0.0139561
0.0139564
0.0139567
0.013957
0.0139572
0.0139575
0.0139579
0.0139582
0.0139585
0.0139588
0.0139591
0.0139595
0.0139599
0.0139604
0.0139609
0.0139614
0.0139618
0.0139622
0.0139626
0.0139632
0.0139637
0.0139641
0.0139642
0.0139641
0.0139637
0.0139629
0.0139618
0.0139608
0.0139603
0.0139605
0.0139616
0.0139188
0.0139209
0.0139229
0.0139248
0.0139265
0.0139282
0.0139297
0.0139312
0.0139326
0.0139338
0.013935
0.0139361
0.0139372
0.0139382
0.0139391
0.0139399
0.0139408
0.0139415
0.0139422
0.0139429
0.0139435
0.0139442
0.0139447
0.0139453
0.0139458
0.0139463
0.0139468
0.0139473
0.0139477
0.0139482
0.0139486
0.013949
0.0139495
0.0139499
0.0139503
0.0139507
0.0139511
0.0139516
0.013952
0.0139525
0.013953
0.0139535
0.013954
0.0139545
0.013955
0.0139554
0.0139558
0.0139563
0.0139569
0.0139573
0.0139575
0.0139576
0.0139574
0.013957
0.0139562
0.0139552
0.0139543
0.013954
0.0139543
0.0139553
0.013905
0.0139073
0.0139095
0.0139115
0.0139135
0.0139154
0.0139171
0.0139188
0.0139204
0.0139219
0.0139233
0.0139246
0.0139258
0.013927
0.0139282
0.0139292
0.0139302
0.0139312
0.0139321
0.013933
0.0139338
0.0139346
0.0139353
0.0139361
0.0139368
0.0139375
0.0139381
0.0139387
0.0139394
0.0139399
0.0139405
0.0139411
0.0139416
0.0139422
0.0139427
0.0139432
0.0139437
0.0139443
0.0139449
0.0139455
0.013946
0.0139466
0.0139471
0.0139476
0.0139481
0.0139485
0.013949
0.0139495
0.01395
0.0139502
0.0139504
0.0139504
0.0139502
0.0139497
0.013949
0.0139481
0.0139474
0.0139472
0.0139476
0.0139485
0.013891
0.0138935
0.0138959
0.0138982
0.0139004
0.0139024
0.0139044
0.0139063
0.0139081
0.0139097
0.0139114
0.0139129
0.0139143
0.0139157
0.0139171
0.0139183
0.0139195
0.0139207
0.0139218
0.0139228
0.0139238
0.0139248
0.0139257
0.0139266
0.0139275
0.0139283
0.0139291
0.0139299
0.0139306
0.0139313
0.013932
0.0139327
0.0139334
0.013934
0.0139347
0.0139353
0.013936
0.0139366
0.0139373
0.0139379
0.0139385
0.0139391
0.0139396
0.0139401
0.0139406
0.0139411
0.0139416
0.0139421
0.0139424
0.0139426
0.0139427
0.0139427
0.0139425
0.013942
0.0139412
0.0139405
0.01394
0.01394
0.0139404
0.0139412
0.0138769
0.0138795
0.0138821
0.0138846
0.013887
0.0138893
0.0138915
0.0138935
0.0138955
0.0138974
0.0138992
0.013901
0.0139026
0.0139042
0.0139057
0.0139072
0.0139085
0.0139099
0.0139111
0.0139124
0.0139135
0.0139147
0.0139157
0.0139168
0.0139178
0.0139187
0.0139197
0.0139206
0.0139214
0.0139223
0.0139231
0.0139239
0.0139246
0.0139254
0.0139262
0.013927
0.0139277
0.0139284
0.0139291
0.0139298
0.0139304
0.0139309
0.0139315
0.013932
0.0139326
0.0139331
0.0139336
0.0139339
0.0139342
0.0139344
0.0139345
0.0139344
0.0139341
0.0139336
0.013933
0.0139325
0.0139321
0.0139321
0.0139326
0.0139334
0.0138624
0.0138653
0.0138681
0.0138708
0.0138734
0.0138759
0.0138782
0.0138805
0.0138827
0.0138848
0.0138868
0.0138887
0.0138905
0.0138923
0.013894
0.0138956
0.0138972
0.0138986
0.0139001
0.0139015
0.0139028
0.013904
0.0139053
0.0139064
0.0139076
0.0139086
0.0139097
0.0139107
0.0139117
0.0139126
0.0139136
0.0139145
0.0139154
0.0139163
0.0139172
0.013918
0.0139188
0.0139195
0.0139202
0.0139209
0.0139215
0.0139221
0.0139227
0.0139233
0.0139239
0.0139244
0.0139248
0.0139251
0.0139254
0.0139256
0.0139256
0.0139255
0.0139252
0.0139247
0.0139242
0.0139238
0.0139236
0.0139237
0.0139241
0.0139249
0.0138474
0.0138505
0.0138535
0.0138565
0.0138592
0.0138619
0.0138645
0.013867
0.0138693
0.0138716
0.0138738
0.0138759
0.0138779
0.0138798
0.0138817
0.0138835
0.0138852
0.0138868
0.0138884
0.0138899
0.0138914
0.0138928
0.0138942
0.0138955
0.0138967
0.013898
0.0138991
0.0139003
0.0139014
0.0139025
0.0139036
0.0139046
0.0139056
0.0139065
0.0139074
0.0139083
0.0139091
0.0139099
0.0139106
0.0139113
0.013912
0.0139127
0.0139133
0.0139139
0.0139145
0.0139149
0.0139153
0.0139156
0.0139159
0.0139161
0.0139161
0.0139159
0.0139156
0.0139152
0.0139148
0.0139145
0.0139144
0.0139146
0.0139151
0.0139158
0.0138317
0.013835
0.0138382
0.0138414
0.0138444
0.0138473
0.0138501
0.0138527
0.0138553
0.0138578
0.0138601
0.0138624
0.0138646
0.0138667
0.0138687
0.0138707
0.0138725
0.0138743
0.0138761
0.0138778
0.0138794
0.0138809
0.0138824
0.0138839
0.0138853
0.0138866
0.013888
0.0138892
0.0138905
0.0138917
0.0138928
0.0138939
0.013895
0.0138959
0.0138969
0.0138978
0.0138987
0.0138995
0.0139003
0.013901
0.0139018
0.0139025
0.0139031
0.0139037
0.0139042
0.0139047
0.0139051
0.0139054
0.0139057
0.0139058
0.0139058
0.0139056
0.0139054
0.013905
0.0139048
0.0139046
0.0139046
0.0139048
0.0139053
0.0139059
0.013815
0.0138185
0.013822
0.0138254
0.0138286
0.0138317
0.0138347
0.0138376
0.0138404
0.0138431
0.0138456
0.0138481
0.0138505
0.0138527
0.0138549
0.0138571
0.0138591
0.0138611
0.013863
0.0138648
0.0138666
0.0138683
0.01387
0.0138716
0.0138731
0.0138746
0.013876
0.0138774
0.0138787
0.01388
0.0138812
0.0138823
0.0138834
0.0138845
0.0138855
0.0138864
0.0138874
0.0138883
0.0138891
0.01389
0.0138907
0.0138914
0.0138921
0.0138927
0.0138932
0.0138937
0.0138941
0.0138944
0.0138947
0.0138948
0.0138947
0.0138946
0.0138944
0.0138941
0.013894
0.0138939
0.013894
0.0138942
0.0138947
0.0138953
0.0137971
0.0138009
0.0138047
0.0138083
0.0138118
0.0138152
0.0138184
0.0138215
0.0138245
0.0138274
0.0138302
0.0138329
0.0138354
0.0138379
0.0138403
0.0138426
0.0138449
0.013847
0.0138491
0.0138511
0.013853
0.0138548
0.0138566
0.0138583
0.01386
0.0138616
0.0138631
0.0138646
0.013866
0.0138673
0.0138686
0.0138698
0.013871
0.0138721
0.0138732
0.0138742
0.0138752
0.0138762
0.0138771
0.013878
0.0138787
0.0138795
0.0138801
0.0138807
0.0138813
0.0138818
0.0138822
0.0138826
0.0138828
0.0138828
0.0138828
0.0138827
0.0138826
0.0138825
0.0138824
0.0138824
0.0138825
0.0138829
0.0138833
0.0138839
0.0137781
0.0137822
0.0137863
0.0137902
0.013794
0.0137976
0.0138011
0.0138044
0.0138077
0.0138108
0.0138138
0.0138167
0.0138195
0.0138221
0.0138247
0.0138272
0.0138296
0.0138319
0.0138341
0.0138363
0.0138383
0.0138403
0.0138422
0.0138441
0.0138458
0.0138475
0.0138491
0.0138507
0.0138522
0.0138536
0.013855
0.0138563
0.0138576
0.0138588
0.0138599
0.0138611
0.0138621
0.0138631
0.0138641
0.013865
0.0138658
0.0138665
0.0138672
0.0138679
0.0138685
0.013869
0.0138694
0.0138697
0.0138699
0.01387
0.01387
0.01387
0.01387
0.0138699
0.0138699
0.01387
0.0138702
0.0138706
0.013871
0.0138716
0.0137578
0.0137622
0.0137666
0.0137708
0.0137749
0.0137787
0.0137825
0.0137861
0.0137896
0.0137929
0.0137962
0.0137993
0.0138022
0.0138051
0.0138079
0.0138106
0.0138131
0.0138156
0.013818
0.0138203
0.0138225
0.0138246
0.0138266
0.0138286
0.0138305
0.0138323
0.013834
0.0138357
0.0138373
0.0138388
0.0138403
0.0138417
0.0138431
0.0138444
0.0138457
0.0138468
0.013848
0.013849
0.01385
0.0138509
0.0138518
0.0138526
0.0138534
0.013854
0.0138546
0.0138552
0.0138556
0.0138559
0.0138561
0.0138562
0.0138563
0.0138564
0.0138564
0.0138564
0.0138565
0.0138567
0.013857
0.0138573
0.0138577
0.0137357
0.0137406
0.0137453
0.0137498
0.0137542
0.0137584
0.0137624
0.0137663
0.01377
0.0137736
0.0137771
0.0137804
0.0137836
0.0137867
0.0137897
0.0137925
0.0137953
0.0137979
0.0138005
0.013803
0.0138053
0.0138076
0.0138098
0.0138119
0.0138139
0.0138158
0.0138177
0.0138195
0.0138212
0.0138229
0.0138245
0.013826
0.0138275
0.0138289
0.0138302
0.0138314
0.0138326
0.0138337
0.0138348
0.0138358
0.0138367
0.0138376
0.0138384
0.0138391
0.0138397
0.0138402
0.0138406
0.013841
0.0138412
0.0138414
0.0138416
0.0138417
0.0138418
0.0138419
0.0138421
0.0138423
0.0138426
0.013843
0.0138434
0.0137118
0.0137171
0.0137222
0.0137271
0.0137317
0.0137363
0.0137406
0.0137448
0.0137488
0.0137527
0.0137564
0.01376
0.0137634
0.0137667
0.0137699
0.013773
0.013776
0.0137788
0.0137816
0.0137842
0.0137867
0.0137892
0.0137915
0.0137938
0.013796
0.0137981
0.0138001
0.0138021
0.0138039
0.0138057
0.0138074
0.013809
0.0138106
0.013812
0.0138134
0.0138148
0.013816
0.0138172
0.0138184
0.0138194
0.0138204
0.0138213
0.0138221
0.0138229
0.0138235
0.013824
0.0138245
0.0138249
0.0138252
0.0138255
0.0138257
0.0138259
0.0138261
0.0138263
0.0138265
0.0138268
0.0138271
0.0138275
0.0138279
0.0136859
0.0136916
0.0136971
0.0137023
0.0137074
0.0137122
0.0137169
0.0137214
0.0137258
0.0137299
0.0137339
0.0137378
0.0137415
0.0137451
0.0137485
0.0137519
0.013755
0.0137581
0.0137611
0.0137639
0.0137667
0.0137693
0.0137719
0.0137743
0.0137767
0.0137789
0.0137811
0.0137832
0.0137851
0.013787
0.0137889
0.0137906
0.0137923
0.0137938
0.0137953
0.0137968
0.0137981
0.0137994
0.0138006
0.0138017
0.0138028
0.0138037
0.0138046
0.0138053
0.013806
0.0138066
0.0138071
0.0138076
0.0138079
0.0138083
0.0138086
0.0138089
0.0138091
0.0138094
0.0138097
0.01381
0.0138104
0.0138108
0.0138112
0.0136577
0.0136639
0.0136698
0.0136755
0.013681
0.0136862
0.0136913
0.0136962
0.0137008
0.0137053
0.0137097
0.0137138
0.0137178
0.0137217
0.0137254
0.013729
0.0137325
0.0137358
0.013739
0.0137421
0.013745
0.0137479
0.0137506
0.0137532
0.0137557
0.0137582
0.0137605
0.0137627
0.0137648
0.0137669
0.0137688
0.0137707
0.0137725
0.0137742
0.0137758
0.0137773
0.0137788
0.0137801
0.0137814
0.0137826
0.0137837
0.0137847
0.0137856
0.0137864
0.0137871
0.0137878
0.0137884
0.0137889
0.0137893
0.0137898
0.0137901
0.0137905
0.0137909
0.0137912
0.0137916
0.0137919
0.0137923
0.0137927
0.0137931
0.0136272
0.0136339
0.0136404
0.0136465
0.0136524
0.0136581
0.0136636
0.0136688
0.0136739
0.0136787
0.0136834
0.0136879
0.0136923
0.0136964
0.0137004
0.0137043
0.013708
0.0137116
0.013715
0.0137183
0.0137215
0.0137246
0.0137275
0.0137303
0.013733
0.0137356
0.0137381
0.0137405
0.0137428
0.013745
0.0137471
0.0137491
0.0137511
0.0137529
0.0137546
0.0137562
0.0137578
0.0137592
0.0137606
0.0137618
0.013763
0.013764
0.013765
0.0137659
0.0137667
0.0137674
0.0137681
0.0137687
0.0137693
0.0137698
0.0137702
0.0137707
0.0137711
0.0137715
0.0137719
0.0137723
0.0137727
0.0137731
0.0137735
0.0135942
0.0136015
0.0136085
0.0136151
0.0136215
0.0136276
0.0136335
0.0136392
0.0136447
0.0136499
0.013655
0.0136598
0.0136645
0.013669
0.0136733
0.0136775
0.0136815
0.0136853
0.013689
0.0136926
0.013696
0.0136993
0.0137025
0.0137055
0.0137085
0.0137113
0.013714
0.0137165
0.013719
0.0137214
0.0137236
0.0137258
0.0137278
0.0137298
0.0137316
0.0137334
0.013735
0.0137365
0.013738
0.0137393
0.0137406
0.0137417
0.0137428
0.0137438
0.0137447
0.0137455
0.0137462
0.0137469
0.0137476
0.0137482
0.0137487
0.0137492
0.0137497
0.0137502
0.0137506
0.0137511
0.0137515
0.0137519
0.0137522
0.0135583
0.0135662
0.0135738
0.013581
0.0135879
0.0135945
0.0136009
0.013607
0.0136129
0.0136186
0.013624
0.0136293
0.0136343
0.0136392
0.0136439
0.0136484
0.0136527
0.0136568
0.0136608
0.0136647
0.0136684
0.013672
0.0136754
0.0136787
0.0136818
0.0136848
0.0136877
0.0136905
0.0136932
0.0136957
0.0136981
0.0137004
0.0137026
0.0137047
0.0137067
0.0137085
0.0137103
0.0137119
0.0137135
0.0137149
0.0137163
0.0137175
0.0137187
0.0137198
0.0137208
0.0137217
0.0137226
0.0137234
0.0137241
0.0137248
0.0137254
0.013726
0.0137266
0.0137271
0.0137276
0.013728
0.0137285
0.0137288
0.0137292
0.0135192
0.0135278
0.013536
0.0135439
0.0135513
0.0135585
0.0135654
0.013572
0.0135784
0.0135846
0.0135905
0.0135961
0.0136016
0.0136068
0.0136119
0.0136168
0.0136214
0.0136259
0.0136303
0.0136344
0.0136384
0.0136422
0.0136459
0.0136495
0.0136529
0.0136561
0.0136592
0.0136622
0.0136651
0.0136678
0.0136704
0.0136729
0.0136752
0.0136774
0.0136796
0.0136816
0.0136835
0.0136852
0.0136869
0.0136885
0.01369
0.0136914
0.0136926
0.0136938
0.013695
0.013696
0.013697
0.0136979
0.0136987
0.0136995
0.0137002
0.0137009
0.0137015
0.013702
0.0137026
0.013703
0.0137035
0.0137039
0.0137042
0.0134766
0.013486
0.013495
0.0135035
0.0135116
0.0135194
0.0135269
0.013534
0.0135409
0.0135476
0.013554
0.0135601
0.013566
0.0135717
0.0135771
0.0135824
0.0135874
0.0135923
0.013597
0.0136015
0.0136058
0.0136099
0.0136139
0.0136177
0.0136213
0.0136249
0.0136282
0.0136314
0.0136345
0.0136374
0.0136402
0.0136429
0.0136454
0.0136478
0.0136501
0.0136523
0.0136543
0.0136563
0.0136581
0.0136598
0.0136614
0.013663
0.0136644
0.0136657
0.0136669
0.0136681
0.0136692
0.0136702
0.0136711
0.013672
0.0136728
0.0136735
0.0136742
0.0136748
0.0136754
0.0136759
0.0136763
0.0136767
0.013677
0.0134303
0.0134406
0.0134502
0.0134595
0.0134683
0.0134767
0.0134848
0.0134926
0.0135001
0.0135073
0.0135142
0.0135208
0.0135272
0.0135334
0.0135393
0.0135449
0.0135504
0.0135556
0.0135607
0.0135655
0.0135702
0.0135747
0.0135789
0.0135831
0.013587
0.0135908
0.0135944
0.0135979
0.0136012
0.0136044
0.0136074
0.0136103
0.013613
0.0136156
0.0136181
0.0136205
0.0136227
0.0136248
0.0136268
0.0136287
0.0136304
0.0136321
0.0136337
0.0136351
0.0136365
0.0136378
0.013639
0.0136401
0.0136412
0.0136421
0.013643
0.0136438
0.0136446
0.0136452
0.0136458
0.0136463
0.0136468
0.0136472
0.0136475
0.0133796
0.0133908
0.0134014
0.0134114
0.013421
0.0134301
0.0134389
0.0134474
0.0134555
0.0134632
0.0134707
0.0134779
0.0134849
0.0134915
0.0134979
0.013504
0.01351
0.0135156
0.0135211
0.0135263
0.0135314
0.0135362
0.0135408
0.0135453
0.0135496
0.0135537
0.0135576
0.0135613
0.0135649
0.0135683
0.0135716
0.0135747
0.0135777
0.0135806
0.0135833
0.0135858
0.0135882
0.0135906
0.0135927
0.0135948
0.0135967
0.0135986
0.0136003
0.0136019
0.0136034
0.0136049
0.0136062
0.0136074
0.0136086
0.0136096
0.0136106
0.0136115
0.0136123
0.013613
0.0136136
0.0136142
0.0136146
0.013615
0.0136153
0.013324
0.0133363
0.0133478
0.0133588
0.0133692
0.0133792
0.0133887
0.0133979
0.0134067
0.0134151
0.0134232
0.013431
0.0134385
0.0134458
0.0134527
0.0134594
0.0134658
0.0134719
0.0134778
0.0134835
0.013489
0.0134942
0.0134992
0.0135041
0.0135087
0.0135131
0.0135174
0.0135214
0.0135253
0.0135291
0.0135326
0.013536
0.0135393
0.0135423
0.0135453
0.0135481
0.0135507
0.0135533
0.0135556
0.0135579
0.01356
0.013562
0.0135639
0.0135657
0.0135674
0.0135689
0.0135704
0.0135718
0.013573
0.0135742
0.0135752
0.0135762
0.013577
0.0135778
0.0135785
0.0135791
0.0135796
0.0135799
0.0135802
0.0132632
0.0132767
0.0132892
0.0133011
0.0133126
0.0133234
0.0133337
0.0133437
0.0133533
0.0133624
0.0133713
0.0133797
0.0133879
0.0133957
0.0134032
0.0134105
0.0134174
0.0134241
0.0134305
0.0134367
0.0134426
0.0134483
0.0134538
0.013459
0.013464
0.0134689
0.0134735
0.0134779
0.0134821
0.0134862
0.01349
0.0134937
0.0134973
0.0135006
0.0135038
0.0135069
0.0135098
0.0135126
0.0135152
0.0135176
0.01352
0.0135222
0.0135243
0.0135262
0.013528
0.0135298
0.0135313
0.0135328
0.0135342
0.0135355
0.0135366
0.0135376
0.0135386
0.0135394
0.0135401
0.0135407
0.0135412
0.0135416
0.0135419
0.0131965
0.0132113
0.013225
0.013238
0.0132504
0.0132622
0.0132735
0.0132843
0.0132947
0.0133047
0.0133143
0.0133235
0.0133324
0.0133409
0.0133491
0.0133569
0.0133645
0.0133718
0.0133787
0.0133855
0.0133919
0.0133981
0.013404
0.0134097
0.0134152
0.0134204
0.0134254
0.0134303
0.0134349
0.0134393
0.0134435
0.0134475
0.0134514
0.0134551
0.0134586
0.0134619
0.0134651
0.0134681
0.0134709
0.0134736
0.0134762
0.0134786
0.0134809
0.013483
0.013485
0.0134869
0.0134886
0.0134902
0.0134917
0.0134931
0.0134944
0.0134955
0.0134965
0.0134974
0.0134981
0.0134988
0.0134993
0.0134997
0.0135
0.0131231
0.0131394
0.0131544
0.0131685
0.0131821
0.0131951
0.0132074
0.0132192
0.0132305
0.0132414
0.0132518
0.0132618
0.0132715
0.0132808
0.0132897
0.0132982
0.0133065
0.0133144
0.013322
0.0133293
0.0133363
0.013343
0.0133495
0.0133557
0.0133616
0.0133674
0.0133728
0.0133781
0.0133831
0.0133879
0.0133925
0.0133969
0.0134011
0.0134051
0.0134089
0.0134126
0.013416
0.0134193
0.0134225
0.0134254
0.0134282
0.0134309
0.0134333
0.0134357
0.0134379
0.0134399
0.0134418
0.0134436
0.0134452
0.0134467
0.013448
0.0134493
0.0134503
0.0134513
0.0134521
0.0134528
0.0134534
0.0134538
0.0134541
0.0130424
0.0130604
0.0130768
0.0130923
0.0131071
0.0131212
0.0131347
0.0131475
0.0131599
0.0131717
0.0131831
0.0131941
0.0132046
0.0132147
0.0132244
0.0132337
0.0132427
0.0132513
0.0132596
0.0132676
0.0132752
0.0132825
0.0132896
0.0132964
0.0133029
0.0133091
0.0133151
0.0133208
0.0133263
0.0133315
0.0133365
0.0133413
0.0133459
0.0133503
0.0133545
0.0133585
0.0133622
0.0133658
0.0133693
0.0133725
0.0133755
0.0133784
0.0133812
0.0133837
0.0133861
0.0133883
0.0133904
0.0133923
0.0133941
0.0133957
0.0133972
0.0133985
0.0133997
0.0134007
0.0134016
0.0134023
0.0134029
0.0134033
0.0129534
0.0129733
0.0129913
0.0130082
0.0130244
0.0130399
0.0130546
0.0130687
0.0130821
0.0130951
0.0131075
0.0131194
0.0131309
0.0131419
0.0131525
0.0131627
0.0131725
0.0131819
0.013191
0.0131996
0.013208
0.013216
0.0132237
0.0132311
0.0132382
0.013245
0.0132515
0.0132577
0.0132637
0.0132695
0.0132749
0.0132802
0.0132852
0.01329
0.0132946
0.0132989
0.013303
0.013307
0.0133107
0.0133142
0.0133176
0.0133207
0.0133237
0.0133265
0.0133291
0.0133316
0.0133338
0.0133359
0.0133378
0.0133396
0.0133412
0.0133426
0.0133439
0.013345
0.013346
0.0133467
0.0133474
0.0133478
0.012855
0.012877
0.0128967
0.0129153
0.012933
0.0129499
0.0129662
0.0129816
0.0129963
0.0130105
0.013024
0.0130371
0.0130496
0.0130617
0.0130732
0.0130844
0.0130951
0.0131053
0.0131152
0.0131247
0.0131338
0.0131426
0.013151
0.013159
0.0131668
0.0131742
0.0131814
0.0131882
0.0131947
0.013201
0.013207
0.0132127
0.0132182
0.0132235
0.0132285
0.0132332
0.0132377
0.013242
0.0132461
0.01325
0.0132537
0.0132571
0.0132604
0.0132634
0.0132663
0.0132689
0.0132714
0.0132737
0.0132758
0.0132777
0.0132794
0.013281
0.0132824
0.0132836
0.0132846
0.0132854
0.0132861
0.0132866
0.012746
0.0127704
0.0127922
0.0128125
0.012832
0.0128506
0.0128684
0.0128852
0.0129014
0.0129168
0.0129317
0.012946
0.0129597
0.0129728
0.0129855
0.0129977
0.0130094
0.0130206
0.0130314
0.0130418
0.0130518
0.0130613
0.0130705
0.0130794
0.0130879
0.013096
0.0131038
0.0131113
0.0131184
0.0131253
0.0131319
0.0131381
0.0131441
0.0131499
0.0131553
0.0131606
0.0131655
0.0131702
0.0131747
0.0131789
0.0131829
0.0131867
0.0131903
0.0131936
0.0131967
0.0131996
0.0132023
0.0132048
0.0132071
0.0132092
0.0132111
0.0132128
0.0132143
0.0132156
0.0132167
0.0132176
0.0132183
0.0132189
0.0126248
0.012652
0.012676
0.0126984
0.0127197
0.0127401
0.0127596
0.0127783
0.012796
0.0128129
0.0128292
0.0128448
0.0128598
0.0128743
0.0128882
0.0129015
0.0129143
0.0129266
0.0129384
0.0129498
0.0129607
0.0129712
0.0129813
0.012991
0.0130003
0.0130092
0.0130177
0.0130259
0.0130338
0.0130413
0.0130485
0.0130554
0.013062
0.0130682
0.0130742
0.0130799
0.0130854
0.0130905
0.0130954
0.0131001
0.0131045
0.0131086
0.0131125
0.0131161
0.0131196
0.0131227
0.0131257
0.0131284
0.013131
0.0131332
0.0131353
0.0131372
0.0131388
0.0131402
0.0131414
0.0131424
0.0131432
0.0131438
0.0124899
0.0125201
0.0125466
0.0125713
0.0125947
0.0126171
0.0126386
0.0126592
0.0126787
0.0126973
0.0127152
0.0127323
0.0127488
0.0127646
0.0127798
0.0127944
0.0128085
0.012822
0.012835
0.0128474
0.0128594
0.0128709
0.012882
0.0128926
0.0129028
0.0129126
0.012922
0.012931
0.0129396
0.0129478
0.0129557
0.0129633
0.0129705
0.0129774
0.012984
0.0129902
0.0129962
0.0130018
0.0130072
0.0130123
0.0130171
0.0130217
0.0130259
0.0130299
0.0130337
0.0130372
0.0130404
0.0130434
0.0130462
0.0130487
0.013051
0.013053
0.0130548
0.0130563
0.0130577
0.0130588
0.0130596
0.0130602
0.0123389
0.0123727
0.0124021
0.0124293
0.0124551
0.0124798
0.0125034
0.0125261
0.0125476
0.0125681
0.0125878
0.0126066
0.0126247
0.0126421
0.0126588
0.0126749
0.0126903
0.0127052
0.0127194
0.0127331
0.0127463
0.0127589
0.0127711
0.0127828
0.012794
0.0128047
0.012815
0.0128249
0.0128343
0.0128434
0.0128521
0.0128604
0.0128683
0.0128759
0.0128831
0.01289
0.0128966
0.0129028
0.0129087
0.0129143
0.0129196
0.0129246
0.0129293
0.0129337
0.0129378
0.0129417
0.0129452
0.0129485
0.0129515
0.0129543
0.0129568
0.012959
0.012961
0.0129627
0.0129642
0.0129654
0.0129663
0.0121696
0.0122074
0.01224
0.0122701
0.0122986
0.0123258
0.0123519
0.0123769
0.0124008
0.0124235
0.0124451
0.0124658
0.0124857
0.0125049
0.0125233
0.0125409
0.0125579
0.0125742
0.0125899
0.012605
0.0126195
0.0126334
0.0126468
0.0126596
0.0126719
0.0126838
0.0126951
0.012706
0.0127164
0.0127264
0.0127359
0.0127451
0.0127538
0.0127622
0.0127701
0.0127777
0.0127849
0.0127918
0.0127983
0.0128044
0.0128102
0.0128157
0.0128209
0.0128258
0.0128303
0.0128345
0.0128385
0.0128421
0.0128454
0.0128485
0.0128512
0.0128537
0.0128559
0.0128578
0.0128594
0.0128607
0.0128617
0.0119791
0.0120214
0.0120577
0.0120911
0.0121226
0.0121526
0.0121814
0.012209
0.0122354
0.0122606
0.0122845
0.0123074
0.0123293
0.0123504
0.0123707
0.0123902
0.0124089
0.0124269
0.0124442
0.0124608
0.0124768
0.0124921
0.0125069
0.012521
0.0125346
0.0125476
0.0125601
0.0125721
0.0125836
0.0125946
0.0126052
0.0126153
0.0126249
0.0126341
0.0126429
0.0126512
0.0126592
0.0126667
0.0126739
0.0126807
0.0126872
0.0126932
0.0126989
0.0127043
0.0127093
0.012714
0.0127183
0.0127223
0.012726
0.0127294
0.0127324
0.0127351
0.0127375
0.0127396
0.0127414
0.0127429
0.0127441
0.0117639
0.0118113
0.0118518
0.0118889
0.0119238
0.0119571
0.0119889
0.0120194
0.0120487
0.0120767
0.0121032
0.0121285
0.0121528
0.012176
0.0121984
0.0122199
0.0122406
0.0122604
0.0122795
0.0122979
0.0123155
0.0123324
0.0123487
0.0123643
0.0123794
0.0123938
0.0124076
0.0124208
0.0124335
0.0124457
0.0124573
0.0124685
0.0124791
0.0124893
0.012499
0.0125082
0.012517
0.0125254
0.0125333
0.0125408
0.0125479
0.0125547
0.012561
0.0125669
0.0125724
0.0125776
0.0125824
0.0125869
0.0125909
0.0125947
0.012598
0.0126011
0.0126037
0.0126061
0.0126081
0.0126097
0.012611
0.0115201
0.0115733
0.0116185
0.0116596
0.0116984
0.0117352
0.0117704
0.0118041
0.0118365
0.0118676
0.0118972
0.0119253
0.0119522
0.011978
0.0120027
0.0120265
0.0120494
0.0120713
0.0120925
0.0121128
0.0121323
0.012151
0.012169
0.0121863
0.0122029
0.0122189
0.0122342
0.0122489
0.0122629
0.0122764
0.0122893
0.0123016
0.0123134
0.0123247
0.0123354
0.0123456
0.0123554
0.0123647
0.0123735
0.0123818
0.0123897
0.0123971
0.0124041
0.0124107
0.0124169
0.0124226
0.0124279
0.0124329
0.0124374
0.0124415
0.0124453
0.0124487
0.0124517
0.0124543
0.0124565
0.0124584
0.0112426
0.0113024
0.0113529
0.0113987
0.0114417
0.0114826
0.0115218
0.0115593
0.0115952
0.0116297
0.0116629
0.0116941
0.0117239
0.0117524
0.0117798
0.0118061
0.0118314
0.0118558
0.0118792
0.0119016
0.0119233
0.011944
0.011964
0.0119831
0.0120016
0.0120192
0.0120362
0.0120524
0.012068
0.012083
0.0120973
0.012111
0.012124
0.0121365
0.0121485
0.0121598
0.0121707
0.012181
0.0121907
0.0122
0.0122087
0.012217
0.0122248
0.0122321
0.012239
0.0122454
0.0122513
0.0122568
0.0122619
0.0122665
0.0122707
0.0122744
0.0122778
0.0122807
0.0122832
0.0122853
0.0109263
0.0109931
0.0110494
0.0111004
0.0111481
0.0111934
0.0112367
0.0112782
0.011318
0.0113562
0.011393
0.0114283
0.0114616
0.0114933
0.0115238
0.011553
0.0115811
0.0116081
0.0116341
0.0116591
0.0116831
0.0117061
0.0117283
0.0117496
0.0117701
0.0117897
0.0118086
0.0118266
0.011844
0.0118606
0.0118765
0.0118917
0.0119063
0.0119202
0.0119335
0.0119461
0.0119582
0.0119696
0.0119805
0.0119908
0.0120006
0.0120098
0.0120185
0.0120266
0.0120343
0.0120414
0.012048
0.0120542
0.0120598
0.012065
0.0120697
0.0120739
0.0120777
0.0120809
0.0120838
0.0120861
0.0105644
0.010639
0.0107017
0.0107583
0.0108113
0.0108616
0.0109097
0.0109558
0.0110001
0.0110427
0.0110836
0.0111229
0.0111603
0.0111956
0.0112294
0.0112619
0.011293
0.0113229
0.0113517
0.0113794
0.0114061
0.0114317
0.0114563
0.01148
0.0115027
0.0115245
0.0115455
0.0115656
0.0115849
0.0116034
0.0116211
0.011638
0.0116543
0.0116697
0.0116845
0.0116986
0.0117121
0.0117248
0.011737
0.0117485
0.0117594
0.0117697
0.0117794
0.0117885
0.011797
0.011805
0.0118124
0.0118193
0.0118256
0.0118314
0.0118367
0.0118414
0.0118457
0.0118494
0.0118526
0.0101495
0.0102324
0.0103019
0.0103646
0.0104232
0.0104788
0.0105319
0.0105828
0.0106317
0.0106787
0.0107239
0.0107674
0.0108093
0.0108489
0.0108867
0.0109228
0.0109575
0.0109908
0.0110229
0.0110537
0.0110834
0.0111119
0.0111394
0.0111658
0.0111911
0.0112155
0.0112388
0.0112613
0.0112828
0.0113034
0.0113232
0.0113421
0.0113602
0.0113775
0.011394
0.0114098
0.0114248
0.0114391
0.0114527
0.0114655
0.0114777
0.0114892
0.0115001
0.0115103
0.0115199
0.0115288
0.0115372
0.0115449
0.011552
0.0115585
0.0115644
0.0115698
0.0115746
0.0115788
0.00967185
0.009763
0.00983972
0.00990897
0.00997369
0.0100352
0.0100941
0.0101506
0.010205
0.0102573
0.0103076
0.0103561
0.0104026
0.0104474
0.0104894
0.0105294
0.0105677
0.0106046
0.01064
0.0106741
0.010707
0.0107386
0.010769
0.0107983
0.0108264
0.0108535
0.0108795
0.0109045
0.0109284
0.0109514
0.0109734
0.0109945
0.0110147
0.011034
0.0110525
0.0110701
0.0110868
0.0111028
0.011118
0.0111324
0.011146
0.0111589
0.0111711
0.0111825
0.0111933
0.0112033
0.0112126
0.0112213
0.0112293
0.0112367
0.0112433
0.0112494
0.0112548
0.0112595
0.00911989
0.00921902
0.00930282
0.00937857
0.00944937
0.00951662
0.00958099
0.00964292
0.00970264
0.00976024
0.0098158
0.00986937
0.00992099
0.00997071
0.0100186
0.0100636
0.0101065
0.0101475
0.0101869
0.0102249
0.0102614
0.0102965
0.0103304
0.010363
0.0103943
0.0104245
0.0104535
0.0104813
0.0105081
0.0105338
0.0105584
0.010582
0.0106045
0.0106261
0.0106468
0.0106665
0.0106853
0.0107031
0.0107201
0.0107363
0.0107516
0.010766
0.0107797
0.0107925
0.0108046
0.0108159
0.0108264
0.0108361
0.0108452
0.0108534
0.010861
0.0108678
0.0108739
0.00848527
0.00859079
0.008681
0.00876322
0.0088404
0.0089139
0.00898436
0.00905216
0.00911749
0.00918053
0.00924138
0.00930023
0.00935721
0.00941239
0.00946561
0.00951664
0.0095645
0.00960996
0.00965343
0.00969515
0.00973526
0.00977389
0.00981112
0.00984699
0.00988152
0.00991477
0.00994676
0.00997753
0.0100071
0.0100355
0.0100628
0.0100889
0.010114
0.010138
0.0101609
0.0101829
0.0102038
0.0102237
0.0102426
0.0102607
0.0102777
0.0102939
0.0103091
0.0103235
0.010337
0.0103497
0.0103614
0.0103724
0.0103825
0.0103918
0.0104003
0.010408
0.00775349
0.00786306
0.00795752
0.00804403
0.00812575
0.00820408
0.00827966
0.00835276
0.00842351
0.008492
0.00855827
0.00862237
0.00868433
0.00874417
0.00880194
0.00885765
0.00891119
0.00896162
0.00900966
0.00905572
0.00910012
0.00914293
0.00918415
0.00922384
0.00926208
0.00929892
0.0093344
0.00936855
0.00940136
0.00943286
0.00946309
0.0094921
0.00951992
0.00954658
0.00957209
0.00959647
0.00961975
0.00964194
0.00966307
0.00968314
0.00970218
0.00972021
0.00973724
0.00975329
0.00976838
0.0097825
0.00979569
0.00980794
0.00981928
0.0098297
0.00983923
0.00692891
0.00703598
0.00712911
0.00721527
0.00729767
0.0073777
0.00745596
0.00753248
0.00760714
0.00767982
0.00775047
0.0078191
0.00788572
0.00795038
0.00801313
0.00807404
0.00813318
0.00819026
0.00824396
0.00829489
0.00834357
0.00839024
0.00843504
0.00847804
0.00851928
0.00855879
0.0085967
0.0086331
0.00866806
0.00870167
0.00873399
0.0087651
0.00879507
0.00882397
0.00885178
0.00887843
0.00890389
0.00892819
0.00895135
0.00897338
0.00899431
0.00901415
0.00903291
0.00905062
0.00906728
0.00908292
0.00909754
0.00911115
0.00912377
0.0091354
0.0060368
0.00613633
0.00621905
0.00629324
0.00636242
0.00642883
0.00649829
0.00657132
0.00664503
0.006718
0.00678966
0.00685975
0.00692817
0.00699489
0.00705988
0.00712314
0.00718469
0.00724451
0.00730251
0.00735733
0.00740946
0.00745939
0.0075074
0.0075537
0.00759838
0.00764134
0.00768254
0.0077221
0.00776011
0.00779665
0.00783178
0.0078655
0.00789784
0.00792896
0.00795901
0.00798787
0.00801548
0.00804182
0.00806693
0.00809082
0.00811353
0.00813506
0.00815545
0.00817469
0.0081928
0.0082098
0.00822569
0.00824048
0.00487811
0.0049665
0.00504869
0.00512737
0.00520399
0.00527922
0.00535342
0.0054267
0.00549908
0.00557055
0.00564112
0.00571077
0.00577945
0.0058471
0.00591355
0.00597869
0.00604244
0.00610476
0.00616563
0.00622502
0.00628157
0.00633445
0.00638467
0.0064328
0.00647909
0.00652359
0.00656631
0.00660719
0.00664624
0.00668347
0.00671905
0.00675308
0.00678564
0.00681681
0.00684664
0.00687518
0.00690249
0.00692863
0.00695364
0.00697758
0.00700051
0.00702248
0.00704354
0.00706373
0.00708309
0.00710152
0.00372752
0.00380179
0.00387051
0.00393514
0.00399644
0.00405481
0.00411051
0.0041638
0.00421492
0.00426422
0.00431245
0.00436079
0.00441093
0.00446497
0.00452188
0.00457936
0.00463642
0.00469264
0.00474783
0.0048019
0.0048548
0.00490651
0.00495586
0.00500332
0.00504911
0.0050933
0.00513593
0.00517703
0.00521658
0.00525453
0.00529081
0.00532538
0.00535838
0.00538984
0.00541968
0.00544791
0.00547487
0.00550075
0.00552565
0.00554968
0.00557289
0.00559525
0.00561657
0.00214912
0.00218958
0.00223334
0.00228028
0.0023273
0.00237369
0.00241958
0.00246577
0.00251317
0.00256154
0.0026102
0.00265897
0.00270775
0.00275648
0.00280511
0.00285357
0.00290184
0.0029499
0.00299777
0.00304548
0.00309302
0.00314039
0.00318719
0.00323206
0.00327447
0.00331423
0.00335119
0.00338597
0.00341927
0.00345131
0.00348213
0.0035117
0.00353995
0.00356691
0.00359247
0.00361661
0.00363962
0.00366158
0.00368253
0.000780266
0.000771876
0.000765862
0.000761903
0.00076072
0.000764208
0.000773431
0.000784732
0.000796636
0.0008089
0.000821489
0.000834403
0.000847654
0.000861254
0.000875221
0.000889574
0.000904259
0.000919275
0.000934655
0.000950439
0.000966673
0.000983403
0.00100068
0.00101857
0.00103714
0.00105648
0.00107669
0.00109698
0.00111666
0.00113565
0.00115396
0.00117162
0.00118867
)
;

boundaryField
{
    down
    {
        type            freestream;
        freestreamValue nonuniform List<scalar> 0();
        value           nonuniform List<scalar> 0();
    }
    right
    {
        type            freestream;
        freestreamValue nonuniform List<scalar> 0();
        value           nonuniform List<scalar> 0();
    }
    up
    {
        type            freestream;
        freestreamValue uniform 0.014;
        value           uniform 0.014;
    }
    meanFlow
    {
        type            freestream;
        freestreamValue uniform 0.014;
        value           uniform 0.014;
    }
    surface
    {
        type            fixedValue;
        value           uniform 0;
    }
    surfaceInner
    {
        type            fixedValue;
        value           nonuniform List<scalar> 0();
    }
    coandaInlet
    {
        type            freestream;
        freestreamValue nonuniform List<scalar> 0();
        value           nonuniform List<scalar> 0();
    }
    defaultFaces
    {
        type            empty;
    }
    procBoundary3to0
    {
        type            processor;
        value           nonuniform List<scalar> 
87
(
0.0139995
0.0139986
0.0139945
0.0139901
0.0139854
0.0139804
0.0139751
0.0139695
0.0139634
0.0139569
0.01395
0.0139425
0.0139345
0.0139259
0.0139167
0.0139067
0.0138961
0.0138845
0.0138582
0.0138721
0.0138582
0.0138439
0.0138283
0.0138116
0.0137934
0.0137738
0.0137525
0.0137295
0.0137044
0.0136773
0.0136477
0.0136155
0.0135804
0.0135421
0.0135001
0.0134542
0.0134036
0.0134036
0.0133481
0.0132869
0.0132192
0.0131441
0.0130606
0.012967
0.012967
0.0128625
0.0127449
0.012612
0.0124598
0.0124598
0.012287
0.0120881
0.0118553
0.0118553
0.0115824
0.0115824
0.0112636
0.0108793
0.0108793
0.0104149
0.0104149
0.00984786
0.00984786
0.00914605
0.00825418
0.00914605
0.00826679
0.00711894
0.00825418
0.00713535
0.00563679
0.00565591
0.00711894
0.00567393
0.0037025
0.00372151
0.00373957
0.00563679
0.00375668
0.0012052
0.00122123
0.00123681
0.00125191
0.00126657
0.0037025
0.00128069
0.0012052
)
;
    }
    procBoundary3to4
    {
        type            processor;
        value           nonuniform List<scalar> 
61
(
0.01403
0.0140451
0.0140254
0.0140085
0.0139695
0.0139601
0.0139451
0.0139308
0.013915
0.0138983
0.013881
0.0138632
0.0138447
0.0138254
0.0138051
0.0138051
0.0137815
0.0137575
0.0137311
0.0137023
0.0136707
0.0136356
0.0135964
0.0135527
0.0135038
0.0134492
0.0133881
0.0133195
0.0132423
0.0131553
0.013057
0.0129454
0.0128188
0.0126748
0.012511
0.0123245
0.0121124
0.0118711
0.0115975
0.0112882
0.0109406
0.0105528
0.010124
0.00965484
0.00914837
0.00861117
0.00805902
0.00752884
0.00710704
0.00687906
0.00674584
0.00667673
0.00661236
0.00647328
0.00618556
0.00569633
0.00497331
0.00399859
0.00278043
0.0014818
0.000419825
)
;
    }
}


// ************************************************************************* //
