/*--------------------------------*- C++ -*----------------------------------*\
  =========                 |
  \\      /  F ield         | OpenFOAM: The Open Source CFD Toolbox
   \\    /   O peration     | Website:  https://openfoam.org
    \\  /    A nd           | Version:  10
     \\/     M anipulation  |
\*---------------------------------------------------------------------------*/
FoamFile
{
    format      ascii;
    class       volScalarField;
    location    "0.001";
    object      nut;
}
// * * * * * * * * * * * * * * * * * * * * * * * * * * * * * * * * * * * * * //

dimensions      [0 2 -1 0 0 0 0];

internalField   nonuniform List<scalar> 
8922
(
0.00076262
0.000752211
0.000740613
0.000727678
0.000713349
0.000697548
0.000680199
0.000661236
0.000640597
0.000618233
0.000594142
0.000568309
0.000540701
0.000511571
0.000481107
0.000449572
0.000417093
0.000383819
0.000349964
0.000315763
0.000281347
0.000247564
0.00021585
0.000186155
0.000159479
0.000137284
0.000111629
7.80468e-05
3.98358e-05
6.88173e-06
0.000781044
0.000765014
0.000747674
0.000728945
0.000708793
0.000687191
0.000664128
0.000639619
0.000613708
0.000586432
0.000558051
0.000528886
0.000499349
0.000469594
0.000439933
0.000410761
0.000382386
0.000354864
0.000328532
0.000304066
0.000281091
0.000258758
0.000239505
0.000222721
0.000205143
0.00018511
0.000160649
0.000128656
8.75637e-05
4.02971e-05
0.000775804
0.000754629
0.000732289
0.000708794
0.000684205
0.000658617
0.000632162
0.000605024
0.000577564
0.000550182
0.000523135
0.00049673
0.000471352
0.000447237
0.000424383
0.000403139
0.000384072
0.000365997
0.00034827
0.000333559
0.000321502
0.000309468
0.000296891
0.000282764
0.000266038
0.000245645
0.000220243
0.000188476
0.000150379
0.000106975
0.000753544
0.000728897
0.000703635
0.000677915
0.000651947
0.000626005
0.000600489
0.000575741
0.000551989
0.000529562
0.000508645
0.000489219
0.000471614
0.000456227
0.000441595
0.00042741
0.000417959
0.000410038
0.000402296
0.000394657
0.000386341
0.000376597
0.000364979
0.000350966
0.000333952
0.000313152
0.000287676
0.000256582
0.000221489
0.000183656
0.000724226
0.000699076
0.000674285
0.000650134
0.000626952
0.000605067
0.000584727
0.000566105
0.000549163
0.000534203
0.000521462
0.000509535
0.000498555
0.000493149
0.000488898
0.000485153
0.000481977
0.000478413
0.00047387
0.000468069
0.000460658
0.000451288
0.000439614
0.00042523
0.00040763
0.000386175
0.000360229
0.000329494
0.00029626
0.000261861
0.000699616
0.000677529
0.000656818
0.000637748
0.000620498
0.000605046
0.000591688
0.000580662
0.000570703
0.000562311
0.000559746
0.000558597
0.000558389
0.000559187
0.00055993
0.00056008
0.000559374
0.000557458
0.000554057
0.000548943
0.000541862
0.000532533
0.000520638
0.000505797
0.000487538
0.000465306
0.000438565
0.000408092
0.000375914
0.000342973
0.000689467
0.00067316
0.000658705
0.000646328
0.00063629
0.000627378
0.00062025
0.00061921
0.000620133
0.000622557
0.000626542
0.000630991
0.00063531
0.000639192
0.000642251
0.000644213
0.00064486
0.000643969
0.000641326
0.000636714
0.000629892
0.000620588
0.000608488
0.000593223
0.000574354
0.000551391
0.000523864
0.00049349
0.000461722
0.000429075
0.000697915
0.000688662
0.00068081
0.000674698
0.000674815
0.000677119
0.000681125
0.000686896
0.000693468
0.000700482
0.000707903
0.000715137
0.000721824
0.000727654
0.00073236
0.000735723
0.000737539
0.000737606
0.000735711
0.000731631
0.00072512
0.000715898
0.000703654
0.000688033
0.000668629
0.000645021
0.00061681
0.000586383
0.000554584
0.000521537
0.000723801
0.000724285
0.000727743
0.000733264
0.000740998
0.000749968
0.000759568
0.000769523
0.000779474
0.000789173
0.000798384
0.000807387
0.000815888
0.000823438
0.000829717
0.000834485
0.000837526
0.000838627
0.000837566
0.000834107
0.00082799
0.000818931
0.000806618
0.000790703
0.000770813
0.00074658
0.000717921
0.000687319
0.000655164
0.000621276
0.000777974
0.000786958
0.00079771
0.000809513
0.00082206
0.00083496
0.000847934
0.000860778
0.000873299
0.000885326
0.000896698
0.000907266
0.000917307
0.000926567
0.0009345
0.000940785
0.000945173
0.000947431
0.000947321
0.000944592
0.000938974
0.000930176
0.000917881
0.000901747
0.000881413
0.000856524
0.000827672
0.000796782
0.000764018
0.000728991
0.000850452
0.000864949
0.000880241
0.000895979
0.000911937
0.000927906
0.000943709
0.00095919
0.000974197
0.00098858
0.00100219
0.00101487
0.00102646
0.00103739
0.00104708
0.00105502
0.0010609
0.00106446
0.00106543
0.00106356
0.00105856
0.00105014
0.00103797
0.00102172
0.00100104
0.000975589
0.000946542
0.000915244
0.00088167
0.00084529
0.000933582
0.000951989
0.00097082
0.000989841
0.00100888
0.00102779
0.00104642
0.00106462
0.00108225
0.00109916
0.00111519
0.00113018
0.00114397
0.0011564
0.00116791
0.00117765
0.00118518
0.00119018
0.00119239
0.0011915
0.00118725
0.00117932
0.00116739
0.00115114
0.00113022
0.0011043
0.00107502
0.0010432
0.00100865
0.000970751
0.00102411
0.00104599
0.00106816
0.00109041
0.0011126
0.00113458
0.00115621
0.00117733
0.00119779
0.00121742
0.00123607
0.00125355
0.00126967
0.00128425
0.0012975
0.00130916
0.0013185
0.00132512
0.0013287
0.00132896
0.00132558
0.00131826
0.00130668
0.00129052
0.00126945
0.00124318
0.00121362
0.00118117
0.0011455
0.00110596
0.00112108
0.00114644
0.00117205
0.00119771
0.00122326
0.00124855
0.00127341
0.00129769
0.00132123
0.00134384
0.00136534
0.00138555
0.00140426
0.00142128
0.0014364
0.0014501
0.00146141
0.00146982
0.00147495
0.0014765
0.00147413
0.00146754
0.0014564
0.00144039
0.00141919
0.00139278
0.00136291
0.00132973
0.00129284
0.00125154
0.00122438
0.0012534
0.00128269
0.00131202
0.00134119
0.00137005
0.00139844
0.00142616
0.00145304
0.00147889
0.00150351
0.00152669
0.00154822
0.00156787
0.00158541
0.00160109
0.00161452
0.0016249
0.00163176
0.00163476
0.00163356
0.00162783
0.00161724
0.00160146
0.00158017
0.00155373
0.00152352
0.00148952
0.0014513
0.00140814
0.00133418
0.00136714
0.00140039
0.00143367
0.00146678
0.00149954
0.00153174
0.00156321
0.00159374
0.00162312
0.00165113
0.00167756
0.00170217
0.00172473
0.00174501
0.00176278
0.0017785
0.00179103
0.00179981
0.00180445
0.00180458
0.00179986
0.00178995
0.00177451
0.00175321
0.00172676
0.00169614
0.00166124
0.00162159
0.00157647
0.00145084
0.00148799
0.00152553
0.0015631
0.00160048
0.00163746
0.00167382
0.00170936
0.00174386
0.00177708
0.0018088
0.00183877
0.00186674
0.00189244
0.00191562
0.00193596
0.00195408
0.00196895
0.00197986
0.00198633
0.00198798
0.00198442
0.00197532
0.00196033
0.0019391
0.00191263
0.00188155
0.00184568
0.0018045
0.00175732
0.00157479
0.00161638
0.00165852
0.00170074
0.00174276
0.00178433
0.00182521
0.00186519
0.00190401
0.00194142
0.00197718
0.00201102
0.00204268
0.00207188
0.00209836
0.00212185
0.00214212
0.00215948
0.00217273
0.00218124
0.00218458
0.00218237
0.00217422
0.00215979
0.00213872
0.00211221
0.00208063
0.0020437
0.0020009
0.00195153
0.00170655
0.00175279
0.00179985
0.00184709
0.00189413
0.00194069
0.0019865
0.0020313
0.00207483
0.00211681
0.00215698
0.00219504
0.00223071
0.00226369
0.00229368
0.00232037
0.00234344
0.00236353
0.00237933
0.0023901
0.00239534
0.00239463
0.00238758
0.00237384
0.00235302
0.00232648
0.00229434
0.00225628
0.00221174
0.00216007
0.00184681
0.00189777
0.00195003
0.00200268
0.00205517
0.00210715
0.00215832
0.00220837
0.00225704
0.00230401
0.00234898
0.00239166
0.00243172
0.00246885
0.00250272
0.002533
0.00255935
0.00258215
0.0026007
0.00261396
0.0026213
0.00262226
0.00261643
0.00260342
0.00258307
0.00255652
0.00252378
0.00248449
0.0024381
0.00238397
0.00199632
0.00205198
0.00210967
0.00216809
0.00222648
0.00228436
0.00234136
0.00239715
0.00245142
0.00250384
0.00255408
0.00260181
0.0026467
0.00268839
0.00272655
0.00276084
0.00279092
0.00281649
0.00283801
0.00285399
0.00286368
0.00286652
0.00286207
0.00284992
0.00283012
0.00280356
0.00277016
0.00272955
0.00268118
0.00262444
0.00215588
0.0022162
0.00227944
0.002344
0.00240875
0.00247303
0.00253639
0.00259844
0.00265883
0.00271721
0.00277321
0.00282648
0.00287665
0.00292334
0.00296618
0.00300479
0.00303878
0.00306777
0.00309254
0.00311153
0.00312381
0.00312877
0.00312589
0.00311474
0.00309555
0.00306897
0.00303487
0.00299284
0.00294234
0.00288278
0.00232618
0.00239126
0.00246013
0.00253113
0.00260271
0.00267394
0.00274423
0.00281312
0.00288022
0.00294512
0.00300744
0.00306678
0.00312275
0.00317495
0.00322296
0.00326638
0.00330481
0.00333783
0.0033658
0.00338802
0.00340319
0.00341051
0.00340942
0.00339943
0.00338092
0.00335432
0.00331946
0.00327589
0.0032231
0.0031605
0.00250784
0.00257803
0.00265263
0.00273031
0.00280919
0.00288795
0.0029658
0.00304217
0.0031166
0.00318866
0.00325792
0.00332394
0.0033863
0.00344455
0.00349828
0.00354703
0.0035904
0.00362796
0.00365933
0.0036851
0.00370346
0.00371345
0.00371438
0.00370571
0.00368794
0.00366135
0.00362567
0.00358046
0.00352518
0.00345927
0.0027014
0.00277732
0.00285788
0.00294246
0.00302909
0.003116
0.00320208
0.00328663
0.00336911
0.00344903
0.00352591
0.00359928
0.00366867
0.00373361
0.00379362
0.00384822
0.00389695
0.00393932
0.00397487
0.00400455
0.00402646
0.00403944
0.00404275
0.0040355
0.00401859
0.00399203
0.00395549
0.00390849
0.00385052
0.00378102
0.00290744
0.00298985
0.00307687
0.00316861
0.00326342
0.0033591
0.00345416
0.00354768
0.00363899
0.00372755
0.00381282
0.00389429
0.00397145
0.00404377
0.00411074
0.00417185
0.00422658
0.00427443
0.00431489
0.00434844
0.00437416
0.00439043
0.0043963
0.00439093
0.00437505
0.00434858
0.00431113
0.00426222
0.00420132
0.00412791
0.00312658
0.00321637
0.00331058
0.00340987
0.00351328
0.00361839
0.00372322
0.00382656
0.00392758
0.00402565
0.00412018
0.0042106
0.00429633
0.00437683
0.00445153
0.00451987
0.00458131
0.00463531
0.00468137
0.00471902
0.00474892
0.00476887
0.00477765
0.00477445
0.00475978
0.00473348
0.00469511
0.00464415
0.00458009
0.0045024
0.0033595
0.00345761
0.00355994
0.00366741
0.00377987
0.00389509
0.00401056
0.00412465
0.00423636
0.00434492
0.00444967
0.00454997
0.00464521
0.00473477
0.00481803
0.00489438
0.00496322
0.00502395
0.00507598
0.00511872
0.00515334
0.00517741
0.00518951
0.0051888
0.00517557
0.00514955
0.00511025
0.00505713
0.00498965
0.0049073
0.00360692
0.0037144
0.00382589
0.00394241
0.00406452
0.00419055
0.00431757
0.00444346
0.00456693
0.00468706
0.00480311
0.00491436
0.00502014
0.00511977
0.00521256
0.00529787
0.00537501
0.00544333
0.00550219
0.00555093
0.0055904
0.00561903
0.00563489
0.00563703
0.00562552
0.00559993
0.00555974
0.00550434
0.00543319
0.00534577
0.00386963
0.00398759
0.0041094
0.00423605
0.0043686
0.00450621
0.00464578
0.00478461
0.00492104
0.00505396
0.00518252
0.00530591
0.0054234
0.00553423
0.00563766
0.00573297
0.00581944
0.00589637
0.00596307
0.00601891
0.00606331
0.00609695
0.00611709
0.00612253
0.00611306
0.00608814
0.00604712
0.00598937
0.00591431
0.00582141
0.00414844
0.00427811
0.00441152
0.00454956
0.00469356
0.00484363
0.00499683
0.00514985
0.00530057
0.00544764
0.00559006
0.00572693
0.00585743
0.00598073
0.00609602
0.0062025
0.00629937
0.00638585
0.00646117
0.00652457
0.00657533
0.00661479
0.0066398
0.00664905
0.00664205
0.00661807
0.00657638
0.00651625
0.00643707
0.00633827
0.00444425
0.00458696
0.00473335
0.00488419
0.00504093
0.0052045
0.00537252
0.00554111
0.00570759
0.00587031
0.00602809
0.00617994
0.00632492
0.00646212
0.00659065
0.00670964
0.00681819
0.00691545
0.00700055
0.00707265
0.00713087
0.00717684
0.00720713
0.00722076
0.00721673
0.00719409
0.00715193
0.00708946
0.00700598
0.0069009
0.00475798
0.0049152
0.00507609
0.00524129
0.00541227
0.00559059
0.00577475
0.00596043
0.00614431
0.00632436
0.0064992
0.00666769
0.00682879
0.0069815
0.00712484
0.00725785
0.00737956
0.00748903
0.00758535
0.00766764
0.0077351
0.00778699
0.00782343
0.00784221
0.0078418
0.00782098
0.00777868
0.00771398
0.0076261
0.00751439
0.00509061
0.00526396
0.00544103
0.00562231
0.00580923
0.00600381
0.00620558
0.00641004
0.00661314
0.0068124
0.00700617
0.00719316
0.00737222
0.00754223
0.00770212
0.00785082
0.00798725
0.00811038
0.00821918
0.00831265
0.00838982
0.00844975
0.00849357
0.00851844
0.00852242
0.00850404
0.00846202
0.00839532
0.00830302
0.00818439
0.00544318
0.00563444
0.00582953
0.00602878
0.00623356
0.00644617
0.00666724
0.00689235
0.00711669
0.00733723
0.00755203
0.00775961
0.00795868
0.00814802
0.00832641
0.00849268
0.00864565
0.00878417
0.00890708
0.00901327
0.0091016
0.00917097
0.00922312
0.00925502
0.00926428
0.00924908
0.00920791
0.00913953
0.00904289
0.00891715
0.00581678
0.00602792
0.00624307
0.00646239
0.00668715
0.00691984
0.0071621
0.00740996
0.00765778
0.00790191
0.00814007
0.00837057
0.00859196
0.00880287
0.00900197
0.00918797
0.00935957
0.00951549
0.00965449
0.00977535
0.00987688
0.00995796
0.0100183
0.0100581
0.0100736
0.0100625
0.0100228
0.00995326
0.00985249
0.00971954
0.00621255
0.00644578
0.00668324
0.00692494
0.00717203
0.0074271
0.00769273
0.00796565
0.00823945
0.00850975
0.00877388
0.00902989
0.00927615
0.00951116
0.00973344
0.00994155
0.0101341
0.0103096
0.0104667
0.0106041
0.0107205
0.0108146
0.010885
0.0109341
0.0109571
0.0109511
0.0109139
0.0108438
0.0107392
0.0105991
0.00663173
0.00688945
0.00715173
0.00741837
0.0076904
0.00797045
0.00826189
0.00856245
0.00886499
0.00916432
0.0094573
0.0097417
0.0100157
0.0102776
0.0105258
0.0107587
0.0109747
0.0111723
0.0113499
0.011506
0.0116391
0.0117477
0.0118304
0.0118904
0.0119223
0.0119227
0.011889
0.011819
0.0117112
0.011564
0.00707558
0.00736051
0.00765037
0.00794479
0.00824465
0.00855256
0.00887256
0.00920362
0.00953795
0.00986947
0.0101945
0.0105105
0.0108154
0.0111074
0.0113845
0.0116452
0.0118877
0.0121101
0.0123109
0.0124883
0.0126406
0.0127662
0.0128635
0.0129351
0.0129773
0.0129854
0.0129564
0.0128876
0.0127771
0.0126233
0.0075455
0.00786061
0.00818114
0.00850649
0.00883735
0.00917633
0.00952798
0.00989266
0.0102622
0.0106294
0.01099
0.0113411
0.0116805
0.0120059
0.0123155
0.0126073
0.0128794
0.0131299
0.0133569
0.0135586
0.0137332
0.0138782
0.013993
0.0140769
0.0141308
0.0141483
0.0141253
0.0140589
0.0139467
0.0137867
0.00804293
0.00839153
0.00874615
0.00910591
0.00947134
0.00984492
0.0102316
0.0106334
0.0110418
0.0114485
0.0118487
0.0122389
0.0126165
0.0129793
0.013325
0.0136516
0.0139569
0.0142387
0.0144952
0.0147241
0.0149234
0.0150905
0.0152245
0.0153242
0.0153922
0.015421
0.0154059
0.0153432
0.0152303
0.0150647
0.00856945
0.0089552
0.00934769
0.00974575
0.0101497
0.0105618
0.0109873
0.0114299
0.0118812
0.0123318
0.0127757
0.0132093
0.0136296
0.014034
0.01442
0.0147854
0.0151278
0.0154449
0.0157344
0.015994
0.0162214
0.0164137
0.0165699
0.0166883
0.0167724
0.0168145
0.016809
0.0167517
0.0166393
0.0164691
0.00912676
0.0095537
0.00998826
0.0104289
0.0108756
0.0113306
0.0117993
0.0122867
0.0127854
0.0132843
0.0137769
0.0142587
0.0147263
0.015177
0.015608
0.0160168
0.0164007
0.0167573
0.017084
0.0173783
0.0176377
0.0178591
0.0180414
0.0181828
0.0182832
0.0183404
0.0183465
0.0182964
0.0181861
0.0180123
0.00971672
0.0101893
0.0106705
0.0111586
0.0116529
0.0121556
0.012672
0.0132087
0.0137594
0.0143119
0.0148582
0.0153934
0.0159137
0.0164158
0.016897
0.0173541
0.0177845
0.0181854
0.0185538
0.0188872
0.0191827
0.0194369
0.0196486
0.0198157
0.019936
0.0200111
0.0200315
0.0199907
0.0198842
0.0197081
0.0103414
0.0108644
0.0113975
0.0119381
0.0124855
0.0130412
0.0136104
0.0142011
0.014809
0.0154204
0.0160262
0.0166206
0.0171993
0.0177587
0.0182955
0.0188067
0.019289
0.0197394
0.0201547
0.0205319
0.0208679
0.0211591
0.0214039
0.0215998
0.0217443
0.0218406
0.021878
0.0218491
0.0217484
0.0215716
0.0110029
0.0115817
0.0121723
0.0127714
0.0133777
0.0139922
0.0146199
0.0152697
0.01594
0.0166164
0.0172878
0.0179476
0.018591
0.0192139
0.0198127
0.020384
0.0209242
0.0214301
0.0218983
0.0223253
0.0227064
0.0230396
0.0233223
0.0235515
0.0237241
0.0238445
0.0239017
0.0238873
0.0237949
0.0236192
0.0117039
0.0123442
0.0129985
0.0136625
0.0143342
0.0150141
0.0157066
0.0164209
0.0171591
0.0179065
0.0186502
0.0193822
0.0200971
0.0207904
0.0214579
0.022096
0.0227007
0.0232685
0.0237956
0.0242782
0.0247112
0.0250924
0.025419
0.0256879
0.0258958
0.0260398
0.0261195
0.0261226
0.0260412
0.0258689
0.0124472
0.0131551
0.0138798
0.0146158
0.0153602
0.0161126
0.0168768
0.0176618
0.0184734
0.0192981
0.020121
0.0209325
0.0217262
0.0224971
0.0232408
0.0239529
0.0246293
0.025266
0.0258589
0.0264038
0.0268952
0.0273306
0.0277066
0.0280196
0.0282659
0.0284414
0.0285487
0.0285736
0.0285065
0.0283404
0.0132358
0.014018
0.0148206
0.0156364
0.0164613
0.0172943
0.0181379
0.0190003
0.0198906
0.0207989
0.021708
0.0226065
0.0234869
0.0243434
0.0251709
0.0259649
0.0267209
0.0274342
0.0281005
0.0287152
0.0292724
0.029769
0.0302013
0.0305651
0.0308558
0.031069
0.0312091
0.0312604
0.0312119
0.0310552
0.0140736
0.0149371
0.0158256
0.0167297
0.017644
0.0185662
0.0194977
0.0204454
0.0214198
0.0224172
0.0234195
0.0244128
0.0253879
0.0263381
0.0272579
0.0281421
0.0289859
0.0297843
0.0305323
0.031225
0.0318561
0.0324224
0.0329192
0.0333418
0.0336851
0.0339437
0.0341213
0.0342045
0.0341798
0.0340372
0.0149644
0.0159167
0.0168998
0.0179017
0.018915
0.0199361
0.0209651
0.022007
0.0230717
0.024163
0.0252646
0.0263599
0.0274377
0.02849
0.0295105
0.0304936
0.0314339
0.0323263
0.0331654
0.0339439
0.0346579
0.0353028
0.0358735
0.0363647
0.0367708
0.0370861
0.037305
0.0374267
0.0374328
0.0373104
0.0159131
0.0169619
0.0180493
0.0191591
0.0202821
0.0214129
0.0225501
0.0236963
0.0248596
0.0260484
0.0272539
0.0284575
0.0296452
0.0308075
0.0319368
0.033027
0.0340723
0.0350669
0.0360053
0.0368795
0.0376856
0.0384185
0.0390727
0.039642
0.0401199
0.0404997
0.0407745
0.0409462
0.0409935
0.0409008
0.0169249
0.0180785
0.0192803
0.0205095
0.021754
0.0230065
0.0242637
0.025526
0.0267986
0.0280902
0.0294015
0.0307173
0.0320208
0.0332996
0.0345451
0.0357499
0.0369077
0.0380125
0.0390582
0.0400368
0.040944
0.0417745
0.0425222
0.0431804
0.0437418
0.0441987
0.0445429
0.0447784
0.0448812
0.0448324
0.0180057
0.0192728
0.0206002
0.0219612
0.0233402
0.0247277
0.0261184
0.0275104
0.0289056
0.0303098
0.0317287
0.033157
0.0345785
0.0359783
0.0373451
0.0386703
0.0399468
0.0411681
0.0423279
0.0434178
0.0444338
0.0453701
0.0462207
0.0469784
0.0476357
0.0481843
0.0486148
0.0489281
0.0491047
0.0491211
0.0191619
0.0205516
0.0220168
0.0235232
0.0250511
0.0265885
0.0281278
0.0296647
0.0311982
0.0327303
0.0342652
0.0358049
0.0373421
0.0388623
0.040352
0.0418003
0.0431988
0.0445401
0.0458173
0.0470227
0.0481517
0.0491991
0.0501586
0.0510236
0.0517866
0.0524397
0.0529738
0.053379
0.0536515
0.0537619
0.0204005
0.0219226
0.0235384
0.025205
0.0268976
0.0286011
0.0303055
0.0320044
0.033694
0.0353729
0.0370414
0.0387011
0.0403514
0.0419862
0.0435939
0.0451624
0.0466812
0.048142
0.0495346
0.0508541
0.0520955
0.0532534
0.0543219
0.0552948
0.0561653
0.0569259
0.0575684
0.0580834
0.0584734
0.0587096
0.0217288
0.0233933
0.0251737
0.0270163
0.0288903
0.0307771
0.0326644
0.0345434
0.036408
0.0382539
0.0400783
0.0418793
0.0436554
0.0454044
0.0471218
0.0488001
0.0504295
0.0520004
0.0535009
0.0549268
0.0562728
0.0575334
0.058703
0.0597759
0.0607462
0.0616073
0.0623526
0.062974
0.0634798
0.0638448
0.0231539
0.0249715
0.026931
0.0289659
0.0310387
0.0331266
0.0352144
0.0372915
0.0393496
0.0413822
0.0433839
0.0453502
0.047277
0.0491605
0.0509969
0.0527819
0.0545106
0.0561764
0.0577678
0.0592827
0.0607161
0.0620623
0.0633157
0.0644708
0.0655224
0.066465
0.0672933
0.0680011
0.0685947
0.0690602
0.0246829
0.0266644
0.0288176
0.0310614
0.0333501
0.0356562
0.0379615
0.0402531
0.0425209
0.0447565
0.0469526
0.049103
0.0512017
0.0532433
0.0552228
0.0571356
0.0589775
0.0607348
0.0624075
0.0639945
0.0654933
0.0669003
0.0682109
0.0694205
0.0705244
0.0715182
0.0723979
0.0731596
0.0738002
0.0743287
0.0263219
0.0284781
0.0308395
0.0333082
0.035829
0.0383689
0.0409063
0.0434258
0.0459155
0.0483653
0.0507666
0.0531115
0.055393
0.0576045
0.0597399
0.0617937
0.0637607
0.0656287
0.0673976
0.0690661
0.0706319
0.0720924
0.0734448
0.074686
0.075813
0.0768229
0.0777127
0.0784791
0.0791196
0.0796542
0.0280758
0.0304176
0.0330008
0.0357091
0.0384762
0.0412629
0.0440437
0.0468005
0.0495193
0.0521886
0.0547983
0.0573395
0.0598043
0.0621852
0.0644757
0.0666695
0.0687611
0.0707409
0.072608
0.0743606
0.0759965
0.0775132
0.0789083
0.0801789
0.0813226
0.0823363
0.0832169
0.0839603
0.0845619
0.0850443
0.0299481
0.0324859
0.0353034
0.0382639
0.0412891
0.0443324
0.0473639
0.0503624
0.0533121
0.0561997
0.059014
0.0617453
0.0643849
0.0669251
0.0693592
0.0716813
0.0738823
0.0759591
0.0779095
0.0797315
0.0814229
0.0829817
0.0844058
0.0856929
0.0868407
0.0878467
0.0887076
0.0894194
0.0899775
0.0903934
0.0319407
0.0346841
0.0377468
0.0409698
0.0442616
0.0475674
0.0508525
0.0540925
0.0572693
0.0603683
0.0633771
0.0662854
0.0690841
0.0717655
0.0743229
0.0767504
0.0790405
0.0811914
0.0832012
0.0850684
0.0867917
0.0883696
0.0898012
0.0910853
0.0922206
0.0932058
0.094039
0.0947176
0.0952387
0.0956019
0.0340536
0.0370116
0.0403283
0.0438213
0.0473846
0.0509551
0.0544923
0.0579687
0.061364
0.0646621
0.06785
0.070917
0.0738541
0.0766539
0.0793104
0.0818163
0.0841688
0.0863664
0.0884082
0.0902936
0.0920228
0.0935958
0.0950133
0.0962758
0.0973839
0.098338
0.0991382
0.0997839
0.100274
0.100609
0.0362853
0.0394657
0.0430431
0.0468106
0.0506472
0.0544803
0.0582641
0.0619676
0.0655682
0.069049
0.0723965
0.0755998
0.0786506
0.0815421
0.0842692
0.0868264
0.0892128
0.0914286
0.0934744
0.0953515
0.0970618
0.0986076
0.0999917
0.101217
0.102286
0.103201
0.103965
0.104579
0.105045
0.105363
0.0386327
0.0420422
0.0458849
0.0499287
0.0540367
0.058127
0.062148
0.0660652
0.0698544
0.0734979
0.076982
0.0802965
0.0834341
0.0863894
0.0891571
0.0917362
0.0941277
0.0963333
0.098356
0.100199
0.101868
0.103366
0.104699
0.105872
0.106891
0.10776
0.108483
0.109065
0.109508
0.109815
0.041091
0.0447356
0.0488461
0.053165
0.0575396
0.0618782
0.0661235
0.0702379
0.0741958
0.0779789
0.0815742
0.0849724
0.0881676
0.0911563
0.0939356
0.0965074
0.098875
0.101043
0.103016
0.104802
0.106407
0.107838
0.109103
0.110211
0.111167
0.111979
0.112653
0.113194
0.113607
0.113896
0.0436551
0.0475395
0.0519183
0.0565086
0.061142
0.0657169
0.0701707
0.0744629
0.0785667
0.082464
0.0861429
0.0895957
0.0928188
0.0958096
0.0985702
0.101105
0.10342
0.105523
0.107423
0.109128
0.110648
0.111994
0.113175
0.114201
0.115082
0.115825
0.116439
0.11693
0.117302
0.117562
0.046319
0.0504467
0.0550926
0.0599485
0.06483
0.0696267
0.0742703
0.0787181
0.0829426
0.0869265
0.0906593
0.0941358
0.0973548
0.100317
0.103029
0.105497
0.107732
0.109744
0.111545
0.113147
0.114563
0.115805
0.116887
0.117818
0.118611
0.119276
0.11982
0.120252
0.120578
0.120803
0.0490761
0.0534498
0.0583601
0.0634733
0.0685902
0.0735912
0.0784035
0.0829822
0.0872999
0.0913406
0.0950962
0.0985646
0.101747
0.104649
0.107281
0.109654
0.111781
0.113676
0.115356
0.116835
0.118128
0.119251
0.120218
0.121043
0.121738
0.122314
0.122781
0.123148
0.123422
0.123609
0.0519184
0.056541
0.0617116
0.0670723
0.0724093
0.0775949
0.0825521
0.0872346
0.0916157
0.0956814
0.0994268
0.102853
0.105966
0.108777
0.111298
0.113547
0.11554
0.117296
0.118832
0.120169
0.121324
0.122313
0.123155
0.123863
0.12445
0.124931
0.125314
0.125609
0.125823
0.125965
0.0548406
0.0597133
0.0651388
0.0707349
0.0762746
0.0816226
0.0866984
0.0914551
0.0958676
0.0999248
0.103626
0.106976
0.109986
0.112673
0.115055
0.117152
0.118987
0.120581
0.121957
0.123136
0.124139
0.124986
0.125693
0.126277
0.126754
0.127134
0.127429
0.127649
0.1278
0.12789
0.057838
0.0629599
0.0686333
0.0744512
0.0801738
0.0856594
0.090825
0.0956241
0.100034
0.104047
0.107667
0.110907
0.113782
0.116314
0.118528
0.120449
0.122104
0.123519
0.12472
0.125731
0.126576
0.127274
0.127844
0.128305
0.128669
0.128951
0.12916
0.129306
0.129396
0.129436
0.0609031
0.0662739
0.0721872
0.0782111
0.0840946
0.0896907
0.0949148
0.0997219
0.104093
0.108025
0.111529
0.114623
0.11733
0.119679
0.121699
0.123424
0.124882
0.126106
0.127124
0.127963
0.128647
0.129198
0.129637
0.12998
0.130241
0.130433
0.130566
0.130647
0.130684
0.130681
0.0640313
0.0696489
0.0757928
0.0820053
0.0880254
0.093702
0.0989506
0.103729
0.108023
0.111836
0.115188
0.118102
0.120611
0.122751
0.124557
0.126069
0.127321
0.128347
0.129181
0.129851
0.130382
0.130797
0.131116
0.131356
0.131529
0.131648
0.131721
0.131754
0.131754
0.131725
0.0672144
0.0730784
0.0794428
0.0858246
0.0919542
0.0976787
0.102915
0.107626
0.111804
0.11546
0.118623
0.121326
0.12361
0.125519
0.127097
0.128386
0.129428
0.130261
0.130917
0.131429
0.131822
0.132119
0.132338
0.132496
0.132603
0.13267
0.132704
0.132709
0.13269
0.132649
0.0704442
0.0765567
0.0831305
0.0896599
0.0958692
0.101606
0.106791
0.111394
0.115415
0.118877
0.121816
0.12428
0.126317
0.127981
0.129321
0.130387
0.131225
0.131873
0.132369
0.132743
0.13302
0.133222
0.133366
0.133467
0.133533
0.133572
0.133591
0.13359
0.133574
0.133542
0.0737284
0.0800813
0.08685
0.0935024
0.0997587
0.105469
0.110562
0.115014
0.118837
0.122068
0.124754
0.126955
0.128729
0.130139
0.131242
0.132093
0.132739
0.133222
0.133579
0.133839
0.134027
0.134161
0.134257
0.134325
0.134373
0.134406
0.134427
0.134436
0.134434
0.134421
0.0770627
0.0836484
0.0905955
0.0973433
0.10361
0.109253
0.114209
0.118467
0.122054
0.125019
0.127426
0.129345
0.130849
0.132005
0.13288
0.13353
0.134005
0.134348
0.134593
0.134768
0.134893
0.134986
0.135056
0.135113
0.13516
0.1352
0.135235
0.135262
0.135282
0.135293
0.0804312
0.0872517
0.0943604
0.101173
0.107412
0.112943
0.117716
0.121737
0.125049
0.127719
0.129826
0.131454
0.132685
0.133598
0.13426
0.134732
0.135063
0.135294
0.135455
0.135572
0.13566
0.135732
0.135795
0.135855
0.135912
0.135967
0.13602
0.136067
0.136107
0.136137
0.083822
0.0908842
0.0981376
0.104983
0.11115
0.116521
0.121065
0.124807
0.127809
0.130159
0.131952
0.133287
0.134255
0.13494
0.135413
0.135735
0.135951
0.136099
0.136204
0.136286
0.136358
0.136427
0.136497
0.136569
0.136642
0.136716
0.136788
0.136854
0.136913
0.136961
0.0872408
0.0945423
0.10192
0.108761
0.11481
0.119972
0.12424
0.127662
0.130325
0.132336
0.13381
0.134858
0.135579
0.13606
0.136374
0.136575
0.136706
0.136798
0.136871
0.13694
0.13701
0.137087
0.137169
0.137257
0.137347
0.137437
0.137525
0.137605
0.137677
0.13774
0.0906969
0.0982247
0.105701
0.112497
0.118379
0.123281
0.127225
0.13029
0.132589
0.134251
0.13541
0.136185
0.136683
0.13699
0.137174
0.137286
0.13736
0.137419
0.13748
0.137547
0.137625
0.137713
0.137808
0.137908
0.13801
0.138111
0.138208
0.138298
0.138381
0.138455
0.0941914
0.10193
0.109476
0.11618
0.121841
0.12643
0.130006
0.132681
0.134598
0.135911
0.136765
0.137291
0.137595
0.13776
0.137847
0.137897
0.137937
0.137983
0.138042
0.138116
0.138204
0.138302
0.138408
0.138517
0.138628
0.138737
0.138845
0.138945
0.13904
0.139132
0.0977249
0.105657
0.113236
0.119798
0.125181
0.129404
0.132569
0.134828
0.136355
0.137325
0.137896
0.138202
0.138345
0.138401
0.13842
0.138433
0.138458
0.138502
0.138567
0.13865
0.138748
0.138855
0.138969
0.139087
0.139205
0.139323
0.139439
0.139551
0.139661
0.139767
0.101298
0.109403
0.116974
0.123339
0.128385
0.132188
0.134905
0.136729
0.137865
0.138509
0.138825
0.138945
0.138962
0.13894
0.138918
0.138914
0.138938
0.138989
0.139064
0.139159
0.139267
0.139386
0.13951
0.139638
0.139768
0.139898
0.140029
0.140159
0.140288
0.140417
0.104907
0.113166
0.120684
0.126789
0.131435
0.134769
0.137005
0.138383
0.13914
0.139483
0.139578
0.139549
0.139475
0.139405
0.139364
0.13936
0.139393
0.139459
0.139551
0.139663
0.139788
0.139923
0.140065
0.14021
0.140358
0.140507
0.140656
0.140804
0.14095
0.141098
0.108542
0.11694
0.124354
0.130134
0.134317
0.137133
0.138864
0.139798
0.140194
0.14027
0.140184
0.140044
0.139912
0.139821
0.139782
0.139794
0.13985
0.139942
0.140063
0.140204
0.140361
0.140529
0.140705
0.140885
0.141069
0.141252
0.141434
0.141611
0.141781
0.141946
0.112192
0.120716
0.127974
0.133359
0.137015
0.13927
0.140482
0.140982
0.141049
0.140898
0.140673
0.140461
0.140304
0.140218
0.140202
0.140248
0.140344
0.14048
0.140647
0.140838
0.141047
0.141268
0.141496
0.141729
0.141962
0.142191
0.142413
0.142621
0.142811
0.142979
0.11583
0.124486
0.131532
0.136448
0.139515
0.141175
0.141864
0.141952
0.141729
0.141397
0.141077
0.140832
0.140683
0.140629
0.14066
0.140761
0.140919
0.141123
0.141361
0.141626
0.141911
0.14221
0.142517
0.142826
0.143132
0.14343
0.143714
0.143976
0.144212
0.144417
0.119489
0.128245
0.135014
0.139386
0.141804
0.142844
0.143017
0.142728
0.142263
0.141801
0.141433
0.141193
0.141083
0.141089
0.141191
0.141371
0.141611
0.141898
0.14222
0.142565
0.142923
0.143284
0.14364
0.143985
0.144314
0.144626
0.144924
0.145214
0.145503
0.145788
0.123208
0.131996
0.13841
0.142156
0.143872
0.144277
0.143958
0.143337
0.142685
0.142144
0.141773
0.141577
0.141538
0.141629
0.141824
0.142099
0.142436
0.142817
0.143227
0.143655
0.14409
0.144527
0.14496
0.145387
0.145806
0.146212
0.1466
0.146963
0.147293
0.147587
0.126967
0.135731
0.141704
0.144745
0.145713
0.145482
0.144705
0.143808
0.143027
0.142463
0.142133
0.142014
0.14207
0.142264
0.142561
0.142932
0.143354
0.143803
0.144264
0.144719
0.145159
0.145573
0.145962
0.146337
0.146729
0.147112
0.147466
0.147789
0.14808
0.148345
0.130754
0.139443
0.144884
0.147139
0.147323
0.146469
0.145284
0.144174
0.143326
0.142788
0.142536
0.14252
0.142685
0.142984
0.143374
0.143821
0.144297
0.144781
0.145257
0.145715
0.146152
0.14657
0.146973
0.147365
0.147742
0.14809
0.148402
0.148675
0.148913
0.149135
0.134559
0.143119
0.147935
0.149326
0.148703
0.147255
0.145722
0.144467
0.143611
0.143142
0.142995
0.143091
0.143359
0.14374
0.144184
0.144652
0.145114
0.145545
0.145929
0.146258
0.14653
0.146763
0.146997
0.147184
0.147318
0.147401
0.14744
0.147449
0.147447
0.147456
0.138376
0.14675
0.15084
0.151298
0.149857
0.14786
0.146048
0.144717
0.143904
0.143535
0.143501
0.143698
0.144039
0.144454
0.14489
0.145305
0.14567
0.145967
0.146189
0.146342
0.146467
0.146588
0.146682
0.146742
0.14678
0.146797
0.146734
0.146628
0.146518
0.146416
0.142192
0.150323
0.153587
0.153047
0.150796
0.148308
0.146292
0.144946
0.144217
0.14396
0.144028
0.144293
0.144656
0.145044
0.145403
0.145698
0.145913
0.146046
0.14613
0.14623
0.146318
0.146299
0.146192
0.146065
0.145926
0.145738
0.145522
0.145304
0.145114
0.144939
0.146002
0.153826
0.156159
0.154568
0.151528
0.14862
0.146476
0.145171
0.144548
0.144399
0.14454
0.144828
0.145162
0.145474
0.145725
0.145902
0.146017
0.146095
0.146144
0.146145
0.146079
0.14594
0.145754
0.14554
0.145304
0.145052
0.144808
0.144588
0.14439
0.144181
0.14975
0.157222
0.158544
0.155873
0.152087
0.148831
0.146625
0.145397
0.144885
0.144821
0.144996
0.145267
0.145543
0.145778
0.14596
0.146093
0.146162
0.146181
0.146142
0.146044
0.145905
0.145746
0.145594
0.145474
0.145409
0.145425
0.145548
0.145735
0.145912
0.145889
0.153308
0.160368
0.160609
0.156849
0.152389
0.148891
0.146704
0.145593
0.145194
0.145198
0.145391
0.145641
0.145877
0.14607
0.146209
0.14629
0.146306
0.146262
0.146161
0.146009
0.145813
0.145576
0.145293
0.144949
0.144527
0.144035
0.143475
0.142899
0.142466
0.141972
3.73816e-07
5.55813e-07
3.74016e-07
3.65656e-07
3.60125e-07
3.74144e-07
3.82373e-07
3.7054e-07
3.36359e-07
3.03207e-07
2.72783e-07
2.43985e-07
2.17379e-07
1.93336e-07
1.71789e-07
1.52346e-07
1.34513e-07
1.18064e-07
1.02954e-07
8.91835e-08
7.68276e-08
6.60475e-08
5.65307e-08
4.71869e-08
4.40059e-08
1.43931e-05
8.82693e-06
6.08075e-06
5.32867e-06
3.90914e-06
4.61953e-06
4.87276e-06
4.96557e-06
4.92966e-06
4.81665e-06
4.68888e-06
4.50884e-06
4.30275e-06
4.09313e-06
3.88985e-06
3.68697e-06
3.47105e-06
3.23715e-06
2.98586e-06
2.72167e-06
2.45896e-06
2.20956e-06
1.93508e-06
1.67241e-06
2.29207e-06
6.98908e-05
5.14788e-05
3.84011e-05
3.01943e-05
2.44093e-05
2.05665e-05
1.77416e-05
1.58342e-05
1.48275e-05
1.47958e-05
1.48345e-05
1.45575e-05
1.41204e-05
1.36747e-05
1.33036e-05
1.29732e-05
1.25732e-05
1.20485e-05
1.13901e-05
1.06094e-05
9.76338e-06
8.99629e-06
8.45963e-06
8.66641e-06
1.47669e-05
0.000148355
0.000125517
0.00010657
9.17682e-05
7.97155e-05
6.99157e-05
6.17824e-05
5.50695e-05
4.95379e-05
4.49889e-05
4.11303e-05
3.78143e-05
3.50517e-05
3.29422e-05
3.16131e-05
3.08622e-05
3.01713e-05
2.92882e-05
2.8176e-05
2.68601e-05
2.55191e-05
2.50587e-05
2.76238e-05
3.5177e-05
5.7347e-05
0.000228737
0.000205519
0.000185313
0.000168166
0.000153331
0.000140456
0.000129097
0.000119052
0.000110127
0.00010218
9.50791e-05
8.87397e-05
8.31294e-05
7.82404e-05
7.40601e-05
7.05237e-05
6.75291e-05
6.50567e-05
6.31792e-05
6.20981e-05
6.23111e-05
6.48438e-05
7.13748e-05
8.48829e-05
0.000111019
0.000310349
0.000286745
0.000265679
0.00024709
0.000230594
0.000215951
0.000202811
0.000190949
0.000180194
0.000170416
0.000161502
0.000153377
0.000145997
0.000139339
0.000133393
0.000128167
0.000123691
0.000120055
0.000117436
0.000116161
0.000116836
0.000120481
0.000128568
0.000143698
0.000164938
0.000395922
0.000371609
0.000349436
0.000329299
0.000311063
0.000294603
0.000279695
0.000266136
0.000253746
0.00024241
0.000232019
0.000222495
0.000213785
0.000205858
0.000198705
0.00019235
0.000186852
0.000182327
0.000178981
0.000177171
0.000177514
0.000181009
0.000188997
0.000203061
0.000217978
0.000487313
0.000462136
0.000438745
0.000416989
0.000396893
0.000378447
0.00036154
0.000346055
0.000331819
0.000318716
0.000306658
0.000295571
0.000285401
0.000276113
0.000267697
0.000260173
0.000253601
0.000248095
0.000243858
0.000241239
0.000240829
0.000243578
0.000250619
0.000262364
0.000271543
0.000585687
0.0005596
0.000535003
0.000511668
0.000489708
0.000469214
0.00045018
0.00043256
0.000416273
0.00040118
0.00038721
0.000374309
0.000362428
0.000351538
0.000341625
0.000332708
0.000324839
0.000318123
0.000312748
0.000309037
0.000307541
0.000309086
0.000314493
0.000323156
0.000327059
0.000691865
0.000664878
0.000639144
0.000614332
0.000590589
0.000568078
0.000546887
0.000527044
0.000508529
0.000491293
0.000475224
0.000460295
0.000446477
0.000433747
0.000422098
0.000411545
0.000402133
0.000393958
0.000387182
0.000382094
0.000379174
0.000379073
0.000382242
0.000387266
0.000385458
0.000806522
0.000778668
0.000751887
0.000725728
0.000700326
0.00067589
0.000652581
0.0006305
0.000609691
0.000590164
0.000571877
0.000554763
0.000538823
0.000524051
0.000510451
0.00049804
0.000486858
0.000476985
0.000468559
0.000461818
0.000457148
0.000455012
0.000455478
0.000456527
0.000448645
0.000930271
0.000901598
0.000873866
0.000846496
0.00081958
0.000793347
0.000768009
0.000743729
0.000720615
0.00069873
0.000678106
0.000658706
0.000640504
0.000623526
0.000607791
0.000593324
0.000580165
0.000568378
0.000558074
0.00054943
0.000542727
0.000538227
0.000535672
0.00053257
0.000518661
0.00106372
0.00103428
0.00100569
0.000977245
0.000948968
0.000921084
0.000893838
0.000867441
0.000842057
0.000817804
0.000794763
0.000772984
0.000752428
0.000733113
0.00071509
0.000698397
0.000683074
0.00066918
0.000656792
0.000646032
0.000637067
0.000629965
0.000624184
0.000616869
0.000597344
0.0012075
0.00117735
0.00114799
0.00111859
0.0010891
0.00105973
0.00103071
0.00100231
0.000974727
0.000948135
0.000922664
0.000898409
0.000875434
0.00085369
0.000833256
0.000814189
0.000796543
0.000780367
0.000765718
0.000752659
0.000741255
0.000731397
0.000722291
0.000710824
0.000686357
0.00136226
0.00133146
0.00130141
0.00127117
0.00124062
0.00120991
0.00117928
0.00114901
0.00111933
0.00109046
0.00106258
0.00103583
0.00101032
0.000986104
0.000963169
0.00094161
0.0009215
0.000902891
0.000885824
0.000870314
0.000856335
0.00084363
0.00083119
0.000815721
0.000786965
0.00152872
0.00149732
0.00146665
0.00143568
0.0014042
0.0013723
0.00134022
0.00130822
0.00127657
0.00124551
0.00121528
0.00118605
0.00115797
0.00113119
0.0011057
0.00108156
0.00105887
0.0010377
0.00101808
0.000999987
0.000983326
0.000967723
0.000951996
0.000932734
0.000900169
0.00170764
0.00167571
0.00164447
0.00161286
0.00158057
0.00154763
0.00151425
0.00148068
0.00144719
0.00141406
0.00138155
0.00134988
0.00131924
0.00128982
0.00126173
0.00123495
0.00120959
0.00118575
0.00116345
0.00114267
0.00112323
0.0011047
0.00108575
0.00106294
0.00102694
0.00189988
0.00186745
0.0018357
0.00180352
0.00177052
0.00173667
0.00170214
0.00166714
0.00163197
0.00159689
0.0015622
0.00152816
0.001495
0.00146293
0.00143213
0.00140269
0.00137461
0.001348
0.00132293
0.00129935
0.00127706
0.00125555
0.00123344
0.0012073
0.00116828
0.00210637
0.00207347
0.00204124
0.00200854
0.00197492
0.00194028
0.00190473
0.00186846
0.00183174
0.00179485
0.0017581
0.00172177
0.00168614
0.00165145
0.00161791
0.00158571
0.00155488
0.00152545
0.00149751
0.00147104
0.00144582
0.00142129
0.00139603
0.00136668
0.00132512
0.00232814
0.0022948
0.00226211
0.00222893
0.00219475
0.0021594
0.00212294
0.00208553
0.0020474
0.00200884
0.00197015
0.00193164
0.0018936
0.00185632
0.00182005
0.00178502
0.00175138
0.00171909
0.00168823
0.00165879
0.00163056
0.00160295
0.0015745
0.00154192
0.00149774
0.00256635
0.00253259
0.00249944
0.00246579
0.00243108
0.00239509
0.00235781
0.00231936
0.00227995
0.00223984
0.00219933
0.00215873
0.00211837
0.00207856
0.00203958
0.0020017
0.00196513
0.00192995
0.00189612
0.00186365
0.00183234
0.0018016
0.00176994
0.00173404
0.0016865
0.00282229
0.00278812
0.0027545
0.00272037
0.00268513
0.00264852
0.00261048
0.00257107
0.00253048
0.00248893
0.0024467
0.00240413
0.00236152
0.00231923
0.00227757
0.00223683
0.00219727
0.0021591
0.00212227
0.0020867
0.00205226
0.00201834
0.00198346
0.00194427
0.00189316
0.00309743
0.00306284
0.00302871
0.00299405
0.00295827
0.00292104
0.00288226
0.00284195
0.00280023
0.00275732
0.00271347
0.00266899
0.00262422
0.00257949
0.00253517
0.00249157
0.002449
0.00240768
0.00236778
0.00232908
0.00229143
0.00225429
0.00221617
0.00217366
0.00211896
0.00339343
0.00335839
0.0033237
0.00328845
0.00325206
0.00321417
0.00317463
0.00313341
0.00309061
0.00304638
0.00300096
0.00295464
0.00290774
0.00286063
0.00281365
0.00276718
0.00272154
0.00267702
0.00263383
0.00259193
0.00255102
0.00251058
0.00246917
0.00242333
0.0023651
0.00371215
0.00367663
0.00364131
0.00360538
0.00356828
0.00352965
0.00348929
0.00344713
0.00340321
0.00335767
0.0033107
0.00326256
0.00321356
0.00316405
0.00311442
0.00306503
0.00301625
0.00296843
0.0029218
0.00287648
0.00283222
0.0027884
0.00274363
0.00269442
0.00263275
0.00405572
0.00401968
0.00398365
0.00394692
0.00390899
0.00386949
0.00382819
0.003785
0.00373991
0.00369301
0.00364445
0.00359446
0.00354334
0.00349141
0.00343906
0.00338668
0.00333466
0.00328339
0.00323315
0.00318415
0.00313632
0.00308898
0.00304073
0.00298809
0.00292303
0.00442658
0.00438997
0.00435312
0.00431546
0.00427654
0.004236
0.00419361
0.00414924
0.00410285
0.00405448
0.00400425
0.00395234
0.00389901
0.00384458
0.00378942
0.00373393
0.00367851
0.00362359
0.00356953
0.00351657
0.00346476
0.00341367
0.00336173
0.00330551
0.0032369
0.0048275
0.00479026
0.00475249
0.00471374
0.00467363
0.00463185
0.00458816
0.00454242
0.00449455
0.00444454
0.00439249
0.00433852
0.00428286
0.00422579
0.00416767
0.00410887
0.00404984
0.00399101
0.0039328
0.00387553
0.00381935
0.00376395
0.00370797
0.00364789
0.00357554
0.00526161
0.0052237
0.00518489
0.00514488
0.00510337
0.0050601
0.00501487
0.00496751
0.00491791
0.00486606
0.00481197
0.00475575
0.00469756
0.00463766
0.00457635
0.00451401
0.00445107
0.00438799
0.00432522
0.00426317
0.00420208
0.00414178
0.00408111
0.00401658
0.00394023
0.00573249
0.00569387
0.00565392
0.00561247
0.00556933
0.00552432
0.00547724
0.00542796
0.00537636
0.00532237
0.00526599
0.00520725
0.00514629
0.0050833
0.00501853
0.00495235
0.00488514
0.00481738
0.00474954
0.0046821
0.00461539
0.00454941
0.0044832
0.0044135
0.00433276
0.00624419
0.00620482
0.00616363
0.00612058
0.00607558
0.00602853
0.00597931
0.00592777
0.00587382
0.00581737
0.00575837
0.00569682
0.00563278
0.00556639
0.00549786
0.00542747
0.00535559
0.00528266
0.00520916
0.00513561
0.00506243
0.00498976
0.00491691
0.00484104
0.00475517
0.00680127
0.00676115
0.00671864
0.00667383
0.00662675
0.00657738
0.00652566
0.00647152
0.00641485
0.00635556
0.00629359
0.00622887
0.00616142
0.00609129
0.00601864
0.00594367
0.00586669
0.00578808
0.0057083
0.00562785
0.00554722
0.0054667
0.00538587
0.00530243
0.00521015
0.00740883
0.00736798
0.0073241
0.00727741
0.00722803
0.00717606
0.00712153
0.0070644
0.00700462
0.0069421
0.00687676
0.0068085
0.00673727
0.00666306
0.00658594
0.00650602
0.00642352
0.00633875
0.00625208
0.00616398
0.00607493
0.0059853
0.00589498
0.00580231
0.00570208
0.00807257
0.00803104
0.00798578
0.00793711
0.00788527
0.00783045
0.00777277
0.00771229
0.007649
0.00758284
0.00751372
0.00744153
0.00736616
0.00728753
0.0072056
0.00712041
0.00703205
0.00694072
0.00684668
0.00675029
0.00665197
0.0065521
0.00645077
0.00634701
0.00623689
0.00879881
0.00875667
0.00871005
0.00865935
0.00860491
0.00854703
0.00848592
0.00842173
0.00835454
0.00828433
0.00821103
0.00813451
0.00805464
0.00797126
0.00788425
0.00779353
0.00769906
0.00760091
0.0074992
0.00739414
0.00728599
0.00717505
0.00706148
0.00694481
0.00682248
0.00959447
0.00955184
0.00950393
0.0094512
0.00939408
0.00933296
0.00926817
0.00919997
0.00912851
0.00905384
0.00897595
0.00889473
0.00881
0.00872158
0.00862925
0.00853282
0.00843214
0.00832709
0.00821765
0.00810383
0.00798571
0.00786341
0.00773697
0.00760616
0.00746946
0.0104672
0.0104242
0.0103751
0.0103204
0.0102605
0.0101961
0.0101274
0.0100549
0.00997884
0.00989935
0.00981647
0.00973016
0.00964024
0.00954649
0.00944865
0.00934641
0.0092395
0.00912766
0.00901067
0.00888836
0.00876058
0.00862723
0.00848814
0.00834301
0.00819092
0.0114252
0.0113821
0.0113319
0.0112753
0.0112128
0.0111449
0.0110722
0.0109952
0.0109142
0.0108295
0.0107413
0.0106495
0.010554
0.0104547
0.0103511
0.010243
0.0101299
0.0100115
0.00988736
0.00975709
0.00962035
0.0094768
0.00932603
0.00916755
0.00900052
0.0124777
0.0124345
0.0123835
0.0123251
0.0122599
0.0121886
0.0121118
0.0120301
0.0119439
0.0118537
0.0117597
0.011662
0.0115607
0.0114554
0.0113459
0.0112319
0.0111127
0.010988
0.0108571
0.0107196
0.0105748
0.0104223
0.0102613
0.0100912
0.00991106
0.0136344
0.0135914
0.0135396
0.0134796
0.013412
0.0133373
0.0132563
0.0131697
0.0130781
0.012982
0.0128819
0.0127779
0.0126702
0.0125587
0.012443
0.0123228
0.0121976
0.0120668
0.0119296
0.0117855
0.0116337
0.0114735
0.011304
0.0111244
0.0109335
0.0149061
0.0148635
0.0148112
0.0147497
0.0146797
0.0146017
0.0145166
0.014425
0.0143277
0.0142255
0.0141188
0.0140081
0.0138936
0.0137753
0.013653
0.0135264
0.013395
0.0132581
0.013115
0.0129649
0.012807
0.0126403
0.0124639
0.0122767
0.0120775
0.0163044
0.0162624
0.0162098
0.0161471
0.0160748
0.0159936
0.0159043
0.0158077
0.0157046
0.0155959
0.0154822
0.0153643
0.0152424
0.0151167
0.0149873
0.0148539
0.0147159
0.0145729
0.014424
0.0142683
0.0141049
0.0139327
0.0137507
0.0135577
0.0133524
0.0178421
0.0178009
0.0177482
0.0176845
0.0176101
0.0175258
0.0174324
0.0173307
0.0172216
0.0171061
0.0169851
0.0168593
0.0167294
0.0165958
0.0164585
0.0163176
0.0161726
0.016023
0.0158681
0.0157069
0.0155385
0.0153616
0.0151751
0.0149777
0.0147679
0.0195331
0.0194929
0.0194403
0.0193757
0.0192995
0.0192123
0.0191148
0.0190079
0.0188927
0.0187702
0.0186414
0.0185073
0.0183687
0.0182262
0.0180802
0.017931
0.0177782
0.0176214
0.01746
0.0172932
0.0171197
0.0169385
0.0167483
0.0165476
0.016335
0.0213926
0.0213535
0.0213012
0.021236
0.0211581
0.0210681
0.0209667
0.0208547
0.0207333
0.0206034
0.0204664
0.0203233
0.0201752
0.020023
0.0198674
0.0197088
0.0195471
0.0193822
0.0192136
0.0190405
0.0188618
0.0186763
0.0184828
0.0182796
0.0180653
0.0234372
0.0233994
0.0233476
0.023282
0.0232026
0.0231099
0.0230046
0.0228876
0.0227598
0.0226224
0.0224767
0.0223241
0.0221657
0.0220028
0.0218364
0.0216671
0.0214953
0.0213211
0.0211441
0.0209638
0.0207792
0.0205891
0.0203923
0.0201871
0.019972
0.0256849
0.0256487
0.0255976
0.0255317
0.025451
0.0253559
0.0252469
0.0251247
0.0249905
0.0248453
0.0246906
0.0245277
0.0243582
0.0241836
0.024005
0.0238236
0.0236402
0.023455
0.0232682
0.0230793
0.0228877
0.0226922
0.0224916
0.0222844
0.022069
0.0281559
0.0281213
0.0280711
0.0280051
0.0279233
0.0278258
0.0277132
0.027586
0.0274452
0.027292
0.0271277
0.026954
0.0267725
0.0265849
0.0263928
0.0261977
0.0260007
0.0258027
0.0256041
0.0254048
0.0252045
0.0250023
0.0247971
0.0245873
0.0243715
0.0308719
0.0308392
0.03079
0.030724
0.0306412
0.0305416
0.0304254
0.0302931
0.0301457
0.0299842
0.02981
0.0296247
0.0294302
0.0292284
0.0290212
0.0288105
0.0285979
0.0283847
0.0281719
0.02796
0.0277488
0.0275379
0.0273263
0.0271129
0.0268959
0.033857
0.0338263
0.0337783
0.0337126
0.0336289
0.0335271
0.0334074
0.0332701
0.0331159
0.0329458
0.0327611
0.0325635
0.032355
0.0321375
0.0319135
0.0316851
0.0314544
0.0312235
0.0309936
0.030766
0.0305411
0.0303189
0.0300988
0.0298798
0.0296605
0.0371369
0.0371085
0.0370619
0.0369966
0.0369123
0.0368086
0.0366854
0.0365429
0.0363818
0.0362027
0.036007
0.0357962
0.0355724
0.0353378
0.035095
0.0348465
0.0345951
0.0343433
0.0340931
0.0338463
0.0336042
0.0333673
0.0331355
0.0329081
0.032684
0.0407394
0.0407135
0.0406687
0.0406043
0.0405195
0.0404139
0.0402873
0.0401397
0.0399713
0.0397828
0.0395754
0.0393505
0.0391102
0.0388567
0.0385929
0.0383219
0.0380466
0.0377704
0.037496
0.0372261
0.0369626
0.0367068
0.0364593
0.0362199
0.0359875
0.0446919
0.0446693
0.0446268
0.0445635
0.0444786
0.0443715
0.0442416
0.0440886
0.0439128
0.0437145
0.0434946
0.0432545
0.0429962
0.042722
0.042435
0.0421385
0.0418362
0.0415318
0.0412291
0.0409316
0.0406422
0.0403631
0.0400954
0.0398395
0.0395942
0.0490161
0.0489979
0.0489587
0.0488974
0.0488131
0.0487048
0.0485719
0.0484138
0.0482304
0.0480219
0.0477889
0.0475326
0.0472549
0.0469582
0.0466456
0.0463207
0.0459879
0.0456515
0.0453162
0.0449866
0.0446667
0.0443595
0.0440672
0.0437899
0.0435261
0.0537156
0.0537033
0.0536689
0.0536111
0.0535287
0.0534206
0.0532858
0.0531236
0.0529334
0.0527151
0.0524691
0.0521963
0.0518984
0.0515776
0.0512373
0.0508813
0.0505143
0.0501417
0.0497691
0.049402
0.0490456
0.048704
0.0483796
0.0480731
0.047783
0.058755
0.0587486
0.0587215
0.0586701
0.0585929
0.0584886
0.0583557
0.0581931
0.0579997
0.057775
0.0575187
0.0572314
0.0569141
0.0565691
0.0561995
0.0558094
0.0554039
0.0549887
0.0545704
0.0541553
0.0537496
0.0533584
0.0529856
0.0526335
0.0523026
0.0639883
0.0639875
0.0639695
0.0639277
0.0638605
0.0637659
0.0636418
0.0634863
0.0632975
0.063074
0.0628149
0.0625198
0.062189
0.061824
0.0614272
0.0610023
0.0605543
0.0600896
0.0596153
0.0591392
0.0586693
0.0582131
0.057777
0.0573659
0.0569831
0.0692788
0.0692874
0.0692744
0.0692372
0.0691737
0.0690816
0.0689589
0.0688034
0.0686129
0.0683858
0.0681205
0.067816
0.067472
0.0670893
0.0666695
0.0662155
0.0657318
0.0652244
0.0647004
0.0641683
0.0636375
0.0631173
0.0626165
0.062143
0.0617036
0.0746008
0.0746121
0.0746002
0.0745629
0.0744982
0.0744037
0.0742771
0.074116
0.0739181
0.0736812
0.0734034
0.0730834
0.0727205
0.0723147
0.0718674
0.071381
0.0708597
0.070309
0.0697362
0.0691502
0.068561
0.0679794
0.0674161
0.0668812
0.0663842
0.07994
0.0799499
0.0799352
0.0798938
0.0798233
0.0797214
0.0795854
0.0794127
0.0792008
0.0789471
0.0786495
0.0783063
0.0779163
0.0774794
0.0769965
0.0764699
0.0759033
0.0753025
0.0746749
0.0740297
0.0733777
0.0727308
0.0721014
0.0715017
0.070943
0.0852874
0.0852898
0.0852682
0.0852178
0.0851362
0.0850207
0.0848687
0.0846772
0.0844433
0.0841644
0.083838
0.083462
0.083035
0.0825567
0.0820276
0.08145
0.0808277
0.0801665
0.079474
0.0787601
0.0780363
0.0773158
0.0766122
0.0759397
0.0753111
0.0905828
0.0905798
0.0905496
0.0904878
0.0903918
0.0902588
0.0900857
0.0898694
0.0896068
0.089295
0.0889311
0.088513
0.0880391
0.0875088
0.0869225
0.0862826
0.085593
0.0848596
0.0840908
0.083297
0.0824908
0.0816863
0.0808992
0.0801449
0.079438
0.0957566
0.0957507
0.0957124
0.0956389
0.0955272
0.0953743
0.0951769
0.0949317
0.0946353
0.0942845
0.0938764
0.0934085
0.0928791
0.0922875
0.0916344
0.0909221
0.0901547
0.0893389
0.0884835
0.0875997
0.0867012
0.0858035
0.0849234
0.0840779
0.0832832
0.100748
0.100739
0.100693
0.100607
0.100479
0.100304
0.10008
0.0998019
0.0994672
0.0990721
0.0986134
0.0980887
0.0974961
0.0968348
0.0961056
0.095311
0.0944554
0.093546
0.0925924
0.0916071
0.0906051
0.0896036
0.0886214
0.0876775
0.0867899
0.105496
0.105483
0.10543
0.105331
0.105184
0.104985
0.104731
0.104417
0.10404
0.103595
0.10308
0.102492
0.101828
0.101089
0.100275
0.0993889
0.0984365
0.0974255
0.0963668
0.0952741
0.0941643
0.0930563
0.0919707
0.0909285
0.0899497
0.10994
0.109924
0.109861
0.109748
0.109581
0.109357
0.10907
0.108716
0.108292
0.107794
0.107218
0.106561
0.105822
0.105
0.104097
0.103116
0.102063
0.100948
0.0997816
0.0985805
0.0973627
0.0961492
0.0949626
0.0938259
0.0927606
0.114013
0.113993
0.113922
0.113794
0.113606
0.113354
0.113034
0.112639
0.112167
0.111614
0.110975
0.110249
0.109433
0.108528
0.107535
0.10646
0.105308
0.10409
0.10282
0.101515
0.100195
0.0988826
0.0976033
0.0963813
0.0952399
0.117665
0.117642
0.117561
0.117419
0.117212
0.116933
0.116579
0.116145
0.115626
0.115019
0.11432
0.113527
0.112638
0.111653
0.110576
0.109412
0.108168
0.106856
0.105492
0.104093
0.102683
0.101286
0.0999284
0.0986363
0.0974343
0.12089
0.120864
0.120776
0.12062
0.120394
0.120091
0.119707
0.119236
0.118676
0.118021
0.117268
0.116414
0.115461
0.114407
0.113257
0.112016
0.110694
0.109304
0.107863
0.10639
0.10491
0.103448
0.102034
0.100694
0.0994538
0.12368
0.123651
0.123555
0.123389
0.123146
0.122823
0.122413
0.121913
0.121317
0.120622
0.119825
0.118924
0.117919
0.11681
0.115603
0.114305
0.112926
0.111479
0.109984
0.108461
0.106937
0.105438
0.103994
0.102632
0.101379
0.126012
0.125981
0.12588
0.125705
0.12545
0.125111
0.124682
0.12416
0.123539
0.122816
0.121988
0.121054
0.120014
0.118871
0.11763
0.116298
0.114888
0.113414
0.111895
0.110354
0.108817
0.107313
0.10587
0.104517
0.10328
0.12791
0.127877
0.127773
0.127592
0.127331
0.126984
0.126545
0.126011
0.125378
0.124642
0.123801
0.122855
0.121803
0.12065
0.1194
0.118063
0.116652
0.115181
0.113671
0.112145
0.110628
0.10915
0.10774
0.106425
0.105234
0.129427
0.129393
0.129288
0.129106
0.128844
0.128496
0.128057
0.127524
0.126892
0.126159
0.125323
0.124383
0.123342
0.122202
0.120971
0.119657
0.118273
0.116836
0.115366
0.113887
0.112426
0.111016
0.109685
0.108458
0.107359
0.130646
0.130613
0.130509
0.130331
0.130073
0.129732
0.129303
0.128781
0.128165
0.127451
0.126638
0.125726
0.124719
0.123619
0.122434
0.121176
0.119858
0.118498
0.117116
0.115737
0.114384
0.113085
0.111865
0.110748
0.109754
0.131677
0.131644
0.131543
0.131372
0.131124
0.130796
0.130383
0.129884
0.129295
0.128614
0.127843
0.126982
0.126035
0.125007
0.123906
0.122742
0.121527
0.120277
0.119011
0.11775
0.116516
0.115332
0.11422
0.113201
0.112295
0.132596
0.132565
0.132472
0.132312
0.132082
0.131778
0.131398
0.130937
0.130395
0.129769
0.129061
0.128271
0.127403
0.126461
0.125454
0.12439
0.123281
0.122143
0.120991
0.119845
0.118724
0.117649
0.116639
0.115712
0.114883
0.133501
0.133473
0.133389
0.133243
0.133033
0.132756
0.132408
0.131987
0.131492
0.130921
0.130275
0.129554
0.128763
0.127906
0.126989
0.126022
0.125014
0.12398
0.122935
0.121895
0.120877
0.1199
0.118982
0.118137
0.117379
0.134396
0.134371
0.134294
0.134162
0.133971
0.133719
0.133402
0.13302
0.132569
0.132049
0.131461
0.130807
0.130087
0.129308
0.128475
0.127596
0.126681
0.125741
0.12479
0.123844
0.122916
0.122025
0.121184
0.120408
0.11971
0.135287
0.135265
0.135195
0.135075
0.134902
0.134672
0.134384
0.134036
0.133626
0.133154
0.132619
0.132023
0.131369
0.130661
0.129903
0.129103
0.12827
0.127414
0.126547
0.125683
0.124835
0.124018
0.123246
0.122532
0.121886
0.136152
0.136132
0.136069
0.13596
0.135802
0.135594
0.135332
0.135015
0.134642
0.134212
0.133725
0.133182
0.132586
0.13194
0.131249
0.130518
0.129757
0.128974
0.12818
0.127387
0.126608
0.125855
0.125142
0.124479
0.123877
0.136985
0.136967
0.136909
0.13681
0.136667
0.136476
0.136237
0.135948
0.135607
0.135214
0.134769
0.134273
0.133728
0.133136
0.132503
0.131833
0.131134
0.130415
0.129684
0.128953
0.128233
0.127536
0.126873
0.126255
0.125691
0.137777
0.137761
0.137709
0.137618
0.137487
0.137313
0.137094
0.136829
0.136516
0.136156
0.135748
0.135293
0.134792
0.134248
0.133666
0.133049
0.132406
0.131742
0.131067
0.13039
0.129722
0.129074
0.128455
0.127877
0.127347
0.138509
0.138494
0.138446
0.138363
0.138243
0.138083
0.137882
0.137639
0.137353
0.137022
0.136646
0.136228
0.135767
0.135266
0.134729
0.134161
0.133566
0.132952
0.132327
0.131699
0.131078
0.130473
0.129895
0.129353
0.128854
0.1392
0.139187
0.139143
0.139066
0.138956
0.138809
0.138624
0.1384
0.138136
0.137831
0.137485
0.137098
0.136673
0.13621
0.135713
0.135186
0.134634
0.134064
0.133482
0.132896
0.132316
0.13175
0.131207
0.130696
0.130224
0.139849
0.139837
0.139797
0.139726
0.139624
0.139488
0.139317
0.13911
0.138865
0.138582
0.138261
0.137902
0.137506
0.137076
0.136613
0.136122
0.135607
0.135074
0.13453
0.133981
0.133436
0.132903
0.132391
0.131907
0.131459
0.140523
0.140511
0.140474
0.140408
0.140312
0.140185
0.140025
0.139831
0.139601
0.139336
0.139035
0.138697
0.138326
0.137921
0.137485
0.137022
0.136537
0.136033
0.135518
0.134998
0.13448
0.133973
0.133484
0.133022
0.132592
0.141218
0.141208
0.141172
0.14111
0.141019
0.140899
0.140747
0.140563
0.140345
0.140093
0.139806
0.139485
0.139131
0.138746
0.13833
0.137889
0.137425
0.136943
0.136449
0.13595
0.135453
0.134965
0.134493
0.134046
0.133629
0.142076
0.142065
0.142031
0.14197
0.141882
0.141764
0.141616
0.141436
0.141224
0.140977
0.140697
0.140384
0.140037
0.13966
0.139253
0.138819
0.138363
0.13789
0.137404
0.136911
0.13642
0.135937
0.13547
0.135025
0.13461
0.143082
0.143072
0.143037
0.142976
0.142887
0.142769
0.14262
0.142439
0.142226
0.141978
0.141696
0.141381
0.141032
0.140652
0.140241
0.139804
0.139344
0.138865
0.138374
0.137875
0.137377
0.136886
0.136411
0.135958
0.135534
0.14454
0.144528
0.144491
0.144427
0.144333
0.144208
0.144051
0.143859
0.143633
0.143371
0.143072
0.142737
0.142367
0.141962
0.141526
0.14106
0.140569
0.140058
0.139533
0.139
0.138466
0.13794
0.137429
0.136941
0.136485
0.146022
0.14601
0.145971
0.145903
0.145803
0.14567
0.145503
0.145298
0.145057
0.144776
0.144457
0.144099
0.143702
0.143269
0.142801
0.142302
0.141775
0.141226
0.140661
0.140087
0.139513
0.138945
0.138394
0.137868
0.137374
0.147808
0.147795
0.147753
0.147678
0.14757
0.147426
0.147244
0.147022
0.146759
0.146453
0.146105
0.145715
0.145281
0.144807
0.144295
0.143747
0.143169
0.142565
0.141943
0.141309
0.140674
0.140046
0.139434
0.138849
0.1383
0.148559
0.148546
0.148502
0.148427
0.148317
0.14817
0.147985
0.14776
0.147493
0.147183
0.146831
0.146434
0.145996
0.145515
0.144996
0.144441
0.143855
0.143243
0.142613
0.141971
0.141328
0.140691
0.140072
0.139479
0.138922
0.149338
0.149325
0.149282
0.149206
0.149097
0.148951
0.148766
0.148542
0.148275
0.147966
0.147612
0.147215
0.146774
0.14629
0.145767
0.145206
0.144612
0.143991
0.143349
0.142694
0.142036
0.141383
0.140746
0.140135
0.139559
0.147487
0.147475
0.147439
0.147375
0.147283
0.14716
0.147005
0.146817
0.146595
0.146337
0.146043
0.145713
0.145348
0.144949
0.144517
0.144056
0.143569
0.14306
0.142537
0.142004
0.141469
0.140941
0.140426
0.139933
0.139469
0.146332
0.146323
0.146294
0.146243
0.146171
0.146074
0.145953
0.145804
0.145628
0.145424
0.14519
0.144928
0.144636
0.144316
0.143969
0.143596
0.143202
0.142789
0.142361
0.141924
0.141483
0.141046
0.140618
0.140207
0.139818
0.144774
0.144767
0.144744
0.144705
0.144649
0.144575
0.144482
0.144369
0.144235
0.14408
0.143904
0.143707
0.143489
0.14325
0.142992
0.142717
0.142427
0.142125
0.141814
0.141497
0.14118
0.140865
0.140559
0.140266
0.139989
0.144021
0.144016
0.143998
0.143969
0.143927
0.143871
0.1438
0.143715
0.143613
0.143494
0.143357
0.143202
0.14303
0.14284
0.142634
0.142413
0.142178
0.141932
0.141677
0.141418
0.141158
0.1409
0.14065
0.140412
0.140189
0.145714
0.145706
0.145684
0.145647
0.145593
0.145522
0.145433
0.145325
0.145197
0.145051
0.144884
0.144699
0.144494
0.144272
0.144034
0.143781
0.143516
0.143241
0.142959
0.142674
0.142389
0.142109
0.141837
0.141577
0.141332
0.141439
0.141435
0.141429
0.141418
0.141404
0.141385
0.141362
0.141335
0.141303
0.141266
0.141224
0.141177
0.141125
0.141069
0.141009
0.140945
0.140877
0.140807
0.140735
0.140663
0.14059
0.140519
0.14045
0.140385
0.140323
1.75027e-08
2.70875e-08
2.87447e-08
3.14881e-08
3.30883e-08
3.42845e-08
3.49729e-08
3.55273e-08
3.59203e-08
3.62214e-08
3.64454e-08
3.66033e-08
3.67056e-08
3.67645e-08
3.67937e-08
3.67699e-08
3.67132e-08
3.6627e-08
3.65094e-08
3.63682e-08
3.62109e-08
3.60159e-08
3.57983e-08
3.55614e-08
3.53073e-08
3.50512e-08
3.47648e-08
3.44616e-08
3.4145e-08
3.38174e-08
3.34921e-08
3.31352e-08
3.27177e-08
3.18822e-08
2.80289e-08
1.10263e-08
2.31056e-06
2.32338e-06
2.35571e-06
2.35593e-06
2.35587e-06
2.34917e-06
2.34334e-06
2.34039e-06
2.3376e-06
2.33401e-06
2.33091e-06
2.32816e-06
2.32558e-06
2.32312e-06
2.32108e-06
2.31833e-06
2.31503e-06
2.31111e-06
2.3067e-06
2.30192e-06
2.29684e-06
2.29051e-06
2.28373e-06
2.27647e-06
2.26863e-06
2.26077e-06
2.25146e-06
2.24163e-06
2.23122e-06
2.22023e-06
2.20909e-06
2.19614e-06
2.1793e-06
2.13723e-06
1.95209e-06
1.3253e-06
1.97231e-05
1.80609e-05
1.79352e-05
1.74588e-05
1.71768e-05
1.69006e-05
1.6698e-05
1.65529e-05
1.64517e-05
1.6368e-05
1.63076e-05
1.62665e-05
1.62407e-05
1.6227e-05
1.62232e-05
1.62218e-05
1.62268e-05
1.6236e-05
1.6248e-05
1.62614e-05
1.62761e-05
1.62921e-05
1.6311e-05
1.63314e-05
1.63517e-05
1.63716e-05
1.63909e-05
1.64126e-05
1.64349e-05
1.64557e-05
1.64747e-05
1.64914e-05
1.65042e-05
1.65028e-05
1.64356e-05
1.5619e-05
5.6621e-05
5.42412e-05
5.37047e-05
5.27887e-05
5.2141e-05
5.15606e-05
5.11322e-05
5.08211e-05
5.05906e-05
5.04154e-05
5.03017e-05
5.02401e-05
5.02226e-05
5.02336e-05
5.0258e-05
5.03038e-05
5.03695e-05
5.04487e-05
5.05379e-05
5.06341e-05
5.0738e-05
5.08521e-05
5.0975e-05
5.11031e-05
5.12329e-05
5.13634e-05
5.14999e-05
5.1643e-05
5.17875e-05
5.19291e-05
5.20662e-05
5.22037e-05
5.23386e-05
5.24738e-05
5.26267e-05
5.25926e-05
0.000100497
9.83969e-05
9.79054e-05
9.70791e-05
9.65012e-05
9.60067e-05
9.56728e-05
9.5454e-05
9.53094e-05
9.52322e-05
9.52265e-05
9.52805e-05
9.53789e-05
9.54842e-05
9.56117e-05
9.57691e-05
9.59524e-05
9.61526e-05
9.63652e-05
9.65872e-05
9.682e-05
9.70667e-05
9.73238e-05
9.75872e-05
9.78529e-05
9.81198e-05
9.83963e-05
9.86802e-05
9.89658e-05
9.92489e-05
9.95294e-05
9.98175e-05
0.000100113
0.000100421
0.000100759
0.000101142
0.000146952
0.000145416
0.000145247
0.000144777
0.000144504
0.000144296
0.000144218
0.000144226
0.000144284
0.000144403
0.000144586
0.000144821
0.000145055
0.000145296
0.000145557
0.000145848
0.000146167
0.000146501
0.000146847
0.000147201
0.000147564
0.000147941
0.000148327
0.000148719
0.000149112
0.000149506
0.00014991
0.00015032
0.000150734
0.000151147
0.000151561
0.000151988
0.000152432
0.000152896
0.000153381
0.000153931
0.000194996
0.000194049
0.000194275
0.000194217
0.000194306
0.000194426
0.000194643
0.000194911
0.000195204
0.000195544
0.000195934
0.000196345
0.000196732
0.000197118
0.000197514
0.000197935
0.000198387
0.000198853
0.000199327
0.000199806
0.000200291
0.000200787
0.00020129
0.000201798
0.000202307
0.000202814
0.000203329
0.000203851
0.000204378
0.000204908
0.00020544
0.00020599
0.000206562
0.000207158
0.00020777
0.000208419
0.000245172
0.000244788
0.000245418
0.000245772
0.000246225
0.000246673
0.000247187
0.000247722
0.000248259
0.000248827
0.000249435
0.000250008
0.000250555
0.000251086
0.000251608
0.000252144
0.000252724
0.000253314
0.00025391
0.000254507
0.000255105
0.000255708
0.000256317
0.000256931
0.000257546
0.000258154
0.000258766
0.000259386
0.000260015
0.000260651
0.000261287
0.000261939
0.00026262
0.00026333
0.000264053
0.000264788
0.000298527
0.000298706
0.00029973
0.000300489
0.000301292
0.000302057
0.000302868
0.000303671
0.000304453
0.000305247
0.000306056
0.000306802
0.000307511
0.00030818
0.00030881
0.000309428
0.000310119
0.000310819
0.000311523
0.000312225
0.000312917
0.000313608
0.000314303
0.000315005
0.00031571
0.000316401
0.000317087
0.000317781
0.00031849
0.000319212
0.000319928
0.000320653
0.000321412
0.000322211
0.00032302
0.000323821
0.000356169
0.000356937
0.000358331
0.000359481
0.000360617
0.000361671
0.00036277
0.000363833
0.000364853
0.000365869
0.00036685
0.000367763
0.000368622
0.000369417
0.000370126
0.000370747
0.000371515
0.000372291
0.000373069
0.000373846
0.000374601
0.00037534
0.00037608
0.000376829
0.000377592
0.000378332
0.000379048
0.000379771
0.000380516
0.00038129
0.000382045
0.000382788
0.000383571
0.000384415
0.000385274
0.000386101
0.000419179
0.000420515
0.000422253
0.000423777
0.000425213
0.00042649
0.000427852
0.000429148
0.000430376
0.000431581
0.000432697
0.000433746
0.00043473
0.000435632
0.000436393
0.000436848
0.000437631
0.000438415
0.000439206
0.000440004
0.000440764
0.00044148
0.000442192
0.000442916
0.000443682
0.000444416
0.000445088
0.000445761
0.000446465
0.000447235
0.00044797
0.000448645
0.000449365
0.000450185
0.00045104
0.000451824
0.000488569
0.000490378
0.000492423
0.000494298
0.000496007
0.000497346
0.000498919
0.000500398
0.000501772
0.000503086
0.000504284
0.000505405
0.000506456
0.000507444
0.000508338
0.000509141
0.000510016
0.000510874
0.000511725
0.000512571
0.00051337
0.00051412
0.000514856
0.000515594
0.000516357
0.000517081
0.000517741
0.000518393
0.000519063
0.000519779
0.000520452
0.000521061
0.000521703
0.00052243
0.000523185
0.000523878
0.000565338
0.000567385
0.000569681
0.000571883
0.000573964
0.000575859
0.000577754
0.000579525
0.000581175
0.0005827
0.000584104
0.000585418
0.000586654
0.000587824
0.000588918
0.000589954
0.000590979
0.000591971
0.000592939
0.000593882
0.000594774
0.000595616
0.000596432
0.000597231
0.00059803
0.000598783
0.000599481
0.000600157
0.000600829
0.000601515
0.000602151
0.00060273
0.000603318
0.000603958
0.000604612
0.000605225
0.000651372
0.000653376
0.000656062
0.000658725
0.000661277
0.000663659
0.000665954
0.000668102
0.000670114
0.00067193
0.000673624
0.000675213
0.000676707
0.000678123
0.00067946
0.000680736
0.000681966
0.000683145
0.000684282
0.000685378
0.000686417
0.000687406
0.000688353
0.000689264
0.000690149
0.000690983
0.000691768
0.000692517
0.00069324
0.000693944
0.000694595
0.000695195
0.000695776
0.00069637
0.000696964
0.000697543
0.00074799
0.000749699
0.000752843
0.000756039
0.000759114
0.000762012
0.000764775
0.000767367
0.000769786
0.000771971
0.000774016
0.000775937
0.000777745
0.000779455
0.000781076
0.000782624
0.000784102
0.000785515
0.000786868
0.000788164
0.0007894
0.00079058
0.000791702
0.00079277
0.000793789
0.000794751
0.000795667
0.000796533
0.000797351
0.000798125
0.000798842
0.000799514
0.000800144
0.000800754
0.000801342
0.00080175
0.000856403
0.000857576
0.000861198
0.000864973
0.000868611
0.000872068
0.00087536
0.00087847
0.000881305
0.000883906
0.000886348
0.000888643
0.000890805
0.000892848
0.000894786
0.000896637
0.000898398
0.000900075
0.000901679
0.000903213
0.00090468
0.000906085
0.000907417
0.000908676
0.000909865
0.000910989
0.000912068
0.000913083
0.00091403
0.000914911
0.000915734
0.000916516
0.000917235
0.000917884
0.000918424
0.000977803
0.000978207
0.00098228
0.000986655
0.000990892
0.000994939
0.000998797
0.00100246
0.00100573
0.00100878
0.00101165
0.00101434
0.00101689
0.00101929
0.00102157
0.00102374
0.0010258
0.00102776
0.00102963
0.00103142
0.00103314
0.00103479
0.00103635
0.00103782
0.0010392
0.0010405
0.00104176
0.00104293
0.00104403
0.00104503
0.00104597
0.00104687
0.00104768
0.00104837
0.00104895
0.00111335
0.00111282
0.00111724
0.00112221
0.00112707
0.00113173
0.00113617
0.00114035
0.0011441
0.00114761
0.00115091
0.00115402
0.00115695
0.00115972
0.00116235
0.00116485
0.0011672
0.00116943
0.00117156
0.00117362
0.00117559
0.00117749
0.00117927
0.00118095
0.00118252
0.001184
0.00118542
0.00118675
0.00118798
0.00118909
0.00119013
0.00119111
0.00119197
0.00119268
0.00119328
0.00126418
0.0012626
0.00126722
0.00127277
0.00127825
0.00128353
0.00128858
0.0012932
0.00129742
0.00130138
0.0013051
0.00130859
0.0013119
0.00131504
0.00131801
0.00132082
0.00132345
0.00132591
0.00132825
0.00133055
0.00133275
0.00133486
0.00133685
0.00133871
0.00134044
0.00134207
0.00134362
0.00134506
0.00134638
0.00134757
0.00134866
0.00134967
0.00135054
0.00135124
0.00135183
0.00143143
0.00142867
0.00143335
0.00143943
0.00144549
0.00145135
0.00145693
0.00146198
0.00146664
0.00147102
0.00147512
0.00147896
0.00148258
0.00148606
0.00148935
0.00149244
0.00149531
0.00149793
0.00150034
0.00150282
0.00150521
0.00150747
0.0015096
0.00151159
0.00151343
0.00151513
0.00151674
0.00151822
0.00151956
0.00152076
0.00152182
0.00152279
0.0015236
0.00152425
0.00152479
0.00161613
0.00161216
0.00161672
0.00162325
0.00162985
0.00163626
0.00164219
0.00164762
0.00165265
0.0016574
0.00166182
0.00166591
0.00166971
0.00167348
0.00167704
0.00168038
0.00168344
0.00168615
0.00168831
0.0016909
0.00169337
0.0016957
0.00169786
0.00169987
0.00170172
0.00170341
0.00170496
0.00170635
0.0017076
0.0017087
0.00170964
0.00171044
0.0017111
0.00171159
0.00171198
0.00181942
0.00181418
0.00181839
0.00182526
0.00183229
0.00183908
0.00184528
0.00185099
0.00185626
0.00186132
0.00186602
0.00187027
0.00187389
0.00187786
0.00188162
0.00188515
0.00188842
0.00189142
0.0018942
0.00189694
0.0018995
0.00190189
0.00190409
0.00190612
0.00190795
0.0019096
0.00191107
0.00191237
0.00191348
0.00191441
0.00191517
0.00191578
0.00191622
0.00191649
0.00191663
0.00204238
0.0020358
0.00203942
0.00204647
0.00205384
0.00206064
0.00206708
0.00207298
0.00207811
0.00208345
0.00208847
0.00209315
0.00209753
0.00210179
0.00210579
0.00210954
0.00211304
0.00211629
0.00211931
0.00212214
0.00212476
0.00212719
0.0021294
0.0021314
0.00213318
0.00213474
0.00213611
0.00213726
0.00213818
0.00213888
0.00213939
0.00213973
0.00213989
0.00213986
0.00213968
0.00228609
0.00227808
0.00228084
0.00228786
0.00229509
0.00230171
0.00230848
0.00231485
0.0023208
0.0023265
0.00233186
0.0023369
0.00234165
0.00234613
0.00235033
0.00235427
0.00235793
0.00236132
0.00236444
0.00236729
0.0023699
0.00237227
0.00237441
0.00237632
0.00237799
0.00237941
0.0023806
0.00238152
0.00238218
0.00238257
0.00238274
0.0023827
0.00238248
0.00238207
0.0023815
0.0025516
0.00254215
0.00254374
0.00255007
0.00255753
0.0025649
0.00257205
0.0025788
0.00258513
0.0025911
0.00259671
0.00260197
0.00260691
0.00261153
0.00261584
0.00261986
0.00262358
0.00262699
0.00263009
0.00263286
0.00263534
0.00263753
0.00263946
0.00264117
0.00264261
0.00264378
0.00264469
0.00264529
0.00264558
0.00264555
0.00264528
0.00264477
0.00264401
0.00264305
0.00264166
0.00284013
0.00282921
0.00282907
0.00283553
0.0028432
0.00285087
0.00285825
0.00286521
0.00287172
0.00287783
0.00288355
0.00288889
0.00289387
0.00289849
0.00290277
0.00290671
0.00291032
0.00291362
0.00291657
0.00291914
0.00292132
0.00292313
0.00292458
0.00292593
0.00292701
0.00292778
0.00292824
0.00292836
0.00292816
0.00292764
0.00292679
0.00292561
0.00292406
0.00292212
0.00315233
0.00313963
0.0031388
0.00314485
0.00315249
0.00316022
0.00316765
0.00317465
0.00318118
0.00318726
0.00319292
0.00319817
0.003203
0.00320743
0.00321149
0.00321514
0.00321839
0.00322141
0.00322407
0.00322628
0.00322803
0.00322923
0.00322967
0.00323047
0.00323099
0.00323114
0.00323097
0.00323045
0.00322958
0.00322835
0.00322673
0.00322471
0.00322227
0.00321948
0.00348939
0.00347535
0.00347351
0.00347872
0.00348608
0.00349367
0.00350098
0.00350783
0.00351418
0.00352004
0.00352542
0.00353034
0.00353481
0.00353881
0.00354246
0.00354558
0.00354792
0.00355049
0.0035527
0.00355446
0.00355577
0.00355664
0.0035571
0.00355731
0.00355714
0.00355661
0.00355569
0.00355437
0.00355265
0.00355051
0.00354794
0.00354494
0.00354147
0.00353766
0.0038521
0.003837
0.00383405
0.00383807
0.00384489
0.00385213
0.00385911
0.00386562
0.00387157
0.00387697
0.00388184
0.00388618
0.00389004
0.00389315
0.00389644
0.00389935
0.00390181
0.00390393
0.0039056
0.00390679
0.00390752
0.00390781
0.00390766
0.00390714
0.00390619
0.00390478
0.00390292
0.00390059
0.0038978
0.00389458
0.00389092
0.00388679
0.00388219
0.00387721
0.0042428
0.00422616
0.00422179
0.00422418
0.00423018
0.00423683
0.00424328
0.00424923
0.00425457
0.00425929
0.00426337
0.00426679
0.00427042
0.00427368
0.00427658
0.00427901
0.00428095
0.0042824
0.00428333
0.00428376
0.00428367
0.00428318
0.00428222
0.00428078
0.00427885
0.00427637
0.00427336
0.00426978
0.00426568
0.00426118
0.00425626
0.00425088
0.00424503
0.00423876
0.00466325
0.00464456
0.00463849
0.00463888
0.0046437
0.0046495
0.00465519
0.00466038
0.00466494
0.00466885
0.00467208
0.00467555
0.00467874
0.00468146
0.00468366
0.00468533
0.00468643
0.00468697
0.00468692
0.00468642
0.00468542
0.0046839
0.00468182
0.00467927
0.00467618
0.0046725
0.00466816
0.0046631
0.00465721
0.00465123
0.00464486
0.00463803
0.00463077
0.00462283
0.00511499
0.00509435
0.00508638
0.00508502
0.00508796
0.00509254
0.00509721
0.00510143
0.00510501
0.00510793
0.00511109
0.00511397
0.00511635
0.00511817
0.00511938
0.00512001
0.00511997
0.00511945
0.00511837
0.00511671
0.00511449
0.0051116
0.0051079
0.00510404
0.00509971
0.0050948
0.00508925
0.00508306
0.00507626
0.00506891
0.00506095
0.00505233
0.00504316
0.00560248
0.00557948
0.00556924
0.00556597
0.00556646
0.0055694
0.00557273
0.00557567
0.00557791
0.00558048
0.00558281
0.00558465
0.00558589
0.0055865
0.00558643
0.00558586
0.00558468
0.00558286
0.00558038
0.00557711
0.00557368
0.00556979
0.00556533
0.00556033
0.00555471
0.00554843
0.0055415
0.0055339
0.00552564
0.00551672
0.0055071
0.00549674
0.00548579
0.00613165
0.00610591
0.00609242
0.00608648
0.00608468
0.00608509
0.00608667
0.00608812
0.006089
0.00609026
0.00609122
0.00609161
0.0060914
0.00609066
0.0060893
0.00608728
0.0060846
0.00608112
0.0060775
0.00607345
0.00606887
0.0060637
0.00605789
0.00605141
0.00604425
0.00603638
0.00602778
0.00601846
0.00600842
0.00599774
0.00598637
0.00597424
0.00596147
0.00670967
0.00668048
0.00666353
0.00665384
0.00664889
0.00664659
0.00664555
0.00664485
0.00664395
0.00664324
0.00664237
0.0066411
0.00663928
0.00663683
0.00663365
0.00662967
0.00662558
0.00662112
0.00661619
0.00661068
0.00660453
0.0065977
0.00659016
0.0065819
0.00657291
0.00656322
0.00655274
0.00654139
0.00652906
0.00651647
0.00650332
0.00648954
0.00647483
0.00734704
0.0073136
0.0072923
0.00727851
0.00726922
0.0072631
0.00725876
0.00725525
0.00725195
0.00724843
0.0072451
0.00724158
0.00723763
0.0072331
0.00722789
0.00722197
0.00721601
0.00720969
0.00720285
0.00719537
0.00718719
0.00717826
0.00716858
0.00715815
0.00714684
0.00713528
0.00712316
0.00711034
0.00709675
0.00708239
0.00706717
0.00705132
0.00805769
0.00801903
0.00799234
0.00797336
0.00795924
0.00794807
0.00793911
0.00793136
0.00792417
0.00791708
0.00791041
0.00790375
0.00789681
0.00788938
0.0078813
0.00787321
0.00786487
0.00785609
0.00784673
0.00783671
0.00782594
0.00781439
0.00780204
0.00778965
0.00777693
0.00776365
0.00774971
0.00773512
0.00771978
0.00770347
0.00768611
0.00766795
0.00885611
0.00881227
0.00877965
0.00875446
0.00873445
0.00871776
0.00870312
0.00869007
0.00867789
0.00866614
0.0086545
0.00864326
0.0086321
0.00862075
0.00860899
0.00859734
0.00858554
0.00857336
0.00856066
0.00854734
0.00853329
0.00851847
0.0085037
0.00848864
0.00847395
0.00845815
0.00844138
0.00842469
0.0084079
0.00838962
0.00837008
0.00834894
0.00975669
0.00970747
0.00966889
0.00963758
0.00961118
0.00958828
0.00956768
0.00954848
0.0095304
0.00951298
0.0094959
0.00947892
0.0094623
0.00944577
0.00942914
0.00941223
0.00939552
0.0093787
0.00936154
0.00934387
0.00932552
0.00930711
0.00928919
0.00927156
0.00925385
0.00923463
0.00921529
0.00919588
0.00917596
0.00915488
0.00913315
0.0107717
0.0107174
0.0106732
0.0106359
0.0106035
0.0105744
0.0105476
0.0105223
0.010498
0.0104743
0.0104512
0.0104284
0.0104056
0.0103831
0.0103606
0.0103379
0.0103155
0.010293
0.0102704
0.0102474
0.0102246
0.0102023
0.0101803
0.0101584
0.0101363
0.0101137
0.010091
0.0100682
0.0100443
0.0100195
0.00999341
0.0119107
0.011852
0.0118025
0.0117597
0.0117216
0.0116868
0.0116543
0.0116232
0.0115929
0.0115634
0.0115343
0.0115056
0.0114771
0.0114487
0.0114204
0.0113921
0.0113637
0.0113354
0.0113071
0.0112792
0.0112515
0.0112243
0.0111972
0.0111702
0.0111428
0.0111153
0.0110877
0.0110598
0.0110307
0.0110014
0.0131829
0.0131202
0.0130661
0.0130183
0.012975
0.0129349
0.012897
0.0128607
0.0128252
0.0127903
0.0127558
0.0127215
0.0126874
0.0126535
0.0126195
0.0125857
0.0125519
0.0125184
0.0124853
0.0124525
0.01242
0.0123877
0.0123555
0.0123231
0.0122904
0.0122576
0.0122246
0.0121911
0.0121573
0.0121233
0.0145977
0.0145316
0.0144734
0.014421
0.0143728
0.0143278
0.0142849
0.0142435
0.0142031
0.0141632
0.0141237
0.0140843
0.0140452
0.014006
0.013967
0.0139282
0.0138898
0.0138519
0.0138144
0.0137771
0.01374
0.013703
0.0136659
0.0136285
0.0135911
0.0135535
0.0135156
0.0134772
0.0134387
0.0133999
0.0161656
0.0160966
0.0160347
0.015978
0.0159253
0.0158756
0.015828
0.0157817
0.0157365
0.0156918
0.0156475
0.0156034
0.0155593
0.0155156
0.0154723
0.0154294
0.015387
0.015345
0.0153034
0.015262
0.0152207
0.0151794
0.015138
0.0150962
0.0150545
0.0150125
0.0149702
0.0149275
0.0148849
0.0178981
0.0178266
0.0177613
0.0177007
0.0176437
0.0175895
0.0175372
0.0174863
0.0174363
0.0173869
0.0173378
0.0172892
0.017241
0.0171934
0.0171462
0.0170994
0.0170532
0.0170073
0.0169617
0.0169164
0.016871
0.0168255
0.0167798
0.0167341
0.0166883
0.0166421
0.0165955
0.0165488
0.0165018
0.019808
0.0197343
0.0196658
0.0196016
0.0195405
0.019482
0.0194252
0.0193697
0.019315
0.0192609
0.0192075
0.0191547
0.0191025
0.019051
0.0189999
0.0189493
0.0188992
0.0188495
0.0188001
0.0187507
0.0187013
0.0186518
0.0186023
0.0185528
0.0185032
0.0184532
0.0184031
0.0183531
0.021909
0.0218332
0.0217618
0.021694
0.021629
0.0215662
0.021505
0.0214448
0.0213855
0.021327
0.0212693
0.0212124
0.0211562
0.0211007
0.0210457
0.0209911
0.0209371
0.0208834
0.02083
0.0207767
0.0207233
0.0206697
0.0206163
0.0205628
0.0205091
0.0204552
0.0204012
0.0203469
0.0242158
0.0241379
0.0240637
0.0239924
0.0239234
0.0238562
0.0237904
0.0237256
0.0236617
0.0235988
0.0235367
0.0234756
0.0234152
0.0233555
0.0232963
0.0232376
0.0231794
0.0231217
0.0230641
0.0230067
0.0229492
0.0228918
0.0228346
0.0227774
0.0227201
0.0226627
0.0226053
0.0267441
0.026664
0.0265867
0.0265118
0.0264386
0.0263669
0.0262963
0.0262268
0.0261582
0.0260906
0.026024
0.0259582
0.0258932
0.0258289
0.0257652
0.025702
0.0256393
0.0255771
0.0255151
0.0254534
0.0253915
0.0253299
0.0252686
0.0252074
0.0251464
0.0250856
0.0295099
0.0294276
0.0293472
0.0292683
0.0291906
0.029114
0.0290384
0.0289639
0.0288902
0.0288174
0.0287456
0.0286746
0.0286044
0.0285349
0.0284659
0.0283975
0.0283297
0.0282623
0.0281952
0.0281283
0.0280616
0.0279952
0.027929
0.0278631
0.0277975
0.0277318
0.0325331
0.0324477
0.0323633
0.0322797
0.0321967
0.0321147
0.0320335
0.0319531
0.0318735
0.0317948
0.0317169
0.0316398
0.0315636
0.0314881
0.0314131
0.0313388
0.0312651
0.031192
0.0311192
0.0310467
0.0309746
0.0309029
0.0308316
0.0307609
0.0306907
0.0358341
0.0357442
0.0356543
0.0355645
0.0354752
0.0353864
0.0352982
0.0352107
0.0351238
0.0350376
0.0349523
0.0348677
0.034784
0.034701
0.0346187
0.034537
0.034456
0.0343755
0.0342954
0.0342159
0.0341369
0.0340582
0.0339804
0.0339035
0.0394345
0.0393376
0.0392401
0.0391422
0.0390442
0.0389464
0.038849
0.038752
0.0386554
0.0385595
0.0384644
0.03837
0.0382765
0.0381837
0.0380914
0.0379998
0.0379089
0.0378183
0.037728
0.0376384
0.037549
0.0374605
0.0373727
0.0372851
0.0433559
0.0432489
0.04314
0.0430301
0.0429196
0.042809
0.0426984
0.0425881
0.042478
0.0423685
0.0422596
0.0421515
0.0420441
0.0419374
0.0418311
0.0417253
0.04162
0.0415158
0.0414124
0.0413094
0.0412074
0.0411064
0.0410062
0.0475987
0.0474783
0.047354
0.0472269
0.0470982
0.0469687
0.046839
0.0467094
0.0465798
0.0464507
0.0463221
0.0461942
0.0460669
0.0459402
0.0458139
0.045688
0.0455634
0.0454402
0.0453175
0.0451953
0.0450742
0.0449549
0.0520961
0.0519595
0.051817
0.05167
0.0515196
0.0513665
0.0512116
0.0510557
0.0508994
0.0507434
0.0505879
0.0504329
0.0502785
0.0501248
0.0499717
0.0498198
0.0496696
0.0495209
0.0493732
0.0492269
0.049082
0.0489382
0.0567418
0.0565844
0.0564196
0.0562487
0.0560731
0.0558936
0.0557112
0.0555266
0.0553403
0.0551532
0.0549663
0.0547802
0.0545952
0.0544115
0.054229
0.0540487
0.0538709
0.0536951
0.0535214
0.0533502
0.0531814
0.0614196
0.0612374
0.0610463
0.0608478
0.0606433
0.060434
0.0602212
0.0600056
0.0597881
0.0595696
0.0593509
0.0591327
0.0589156
0.0587004
0.058488
0.0582787
0.058073
0.0578703
0.0576712
0.0574754
0.0660541
0.0658428
0.0656187
0.065385
0.0651438
0.0648973
0.0646471
0.0643945
0.0641408
0.0638874
0.0636353
0.0633852
0.0631379
0.0628944
0.0626551
0.0624211
0.0621935
0.0619717
0.0617544
0.0705607
0.0703015
0.0700325
0.0697561
0.0694746
0.0691896
0.0689027
0.0686151
0.068328
0.0680428
0.0677603
0.0674814
0.0672069
0.0669374
0.0666731
0.0664146
0.0661622
0.0659163
0.0656768
0.0748673
0.0745527
0.0742335
0.0739117
0.0735886
0.0732658
0.0729443
0.0726251
0.0723091
0.0719974
0.0716909
0.07139
0.0710957
0.0708083
0.0705279
0.0702551
0.0699901
0.0697327
0.0789236
0.0785458
0.0781713
0.077801
0.0774355
0.0770754
0.0767214
0.0763738
0.076033
0.0756998
0.0753746
0.075058
0.0747501
0.0744511
0.074161
0.07388
0.0736079
0.0826867
0.0822363
0.0818007
0.0813789
0.0809703
0.0805745
0.080191
0.0798193
0.0794592
0.0791107
0.0787739
0.0784487
0.078135
0.0778327
0.0775413
0.0772613
0.0861062
0.0855778
0.0850783
0.0846047
0.0841547
0.0837261
0.0833173
0.0829266
0.0825527
0.082195
0.0818528
0.0815253
0.0812117
0.0809115
0.0806238
0.0803484
0.0891775
0.0885694
0.0880077
0.0874868
0.0870021
0.0865494
0.0861252
0.0857265
0.0853509
0.0849968
0.0846625
0.0843463
0.084047
0.0837635
0.0834947
0.0919015
0.0912141
0.0905941
0.0900323
0.089521
0.0890535
0.0886242
0.088228
0.0878614
0.0875212
0.0872046
0.0869091
0.0866328
0.086374
0.0943003
0.0935386
0.0928683
0.0922756
0.0917489
0.0912784
0.090856
0.0904746
0.0901288
0.0898139
0.0895261
0.0892618
0.0890193
0.0964255
0.0956001
0.0948914
0.0942805
0.0937514
0.0932906
0.092887
0.0925314
0.0922162
0.0919356
0.0916843
0.0914581
0.0912543
0.098394
0.0975192
0.0967882
0.0961754
0.0956598
0.0952239
0.0948536
0.0945374
0.0942658
0.0940314
0.0938283
0.0936523
0.100289
0.099383
0.0986463
0.0980471
0.0975588
0.0971603
0.096834
0.096566
0.0963454
0.0961635
0.0960154
0.102185
0.101271
0.100551
0.0999844
0.0995406
0.0991943
0.0989252
0.0987175
0.0985589
0.0984402
0.0983567
0.104169
0.103283
0.102614
0.102112
0.101742
0.101473
0.101284
0.101157
0.10108
0.101035
0.106364
0.105542
0.104948
0.104528
0.104242
0.104055
0.103945
0.103888
0.103863
0.108838
0.108084
0.10756
0.107208
0.106983
0.106854
0.106792
0.106767
0.106779
0.111441
0.110736
0.110263
0.109959
0.109779
0.109687
0.10965
0.109648
0.114068
0.113389
0.112943
0.112667
0.112512
0.112442
0.112418
0.11244
0.116605
0.115939
0.11551
0.115251
0.11511
0.115052
0.115036
0.118969
0.118319
0.117906
0.117661
0.117531
0.117481
0.117471
0.121172
0.120538
0.12013
0.119891
0.119767
0.119721
0.123182
0.122559
0.122161
0.12193
0.121813
0.12177
0.125012
0.124398
0.12401
0.123789
0.123679
0.12364
0.126681
0.126075
0.125697
0.125484
0.125379
0.128199
0.1276
0.127233
0.127026
0.126926
0.129577
0.128984
0.128629
0.128427
0.130817
0.130229
0.129884
0.129692
0.131947
0.131361
0.131024
0.130841
0.132976
0.132385
0.132055
0.131879
0.133929
0.133321
0.132989
0.134809
0.134169
0.13383
0.135668
0.134961
0.134599
0.136453
0.135672
0.135287
0.137228
0.136341
0.137787
0.136874
0.138333
0.137388
0.138442
0.137662
0.138922
0.138277
0.139324
0.138843
0.139638
0.139275
0.140692
0.140162
0.000481462
0.000486883
0.000491779
0.000495983
0.000499462
0.000502228
0.000504216
0.000505276
0.000505332
0.00050426
0.000501903
0.000498043
0.000492448
0.000484932
0.000475457
0.000464025
0.000450685
0.000435573
0.000418934
0.000401073
0.000382227
0.000362495
0.000341862
0.000320247
0.000297514
0.000273416
0.000247314
0.000217259
0.000176929
0.000106724
0.000525267
0.000529406
0.000532952
0.000535785
0.00053786
0.000539157
0.00053959
0.000539032
0.000537403
0.000534577
0.000530386
0.000524646
0.000517182
0.000507875
0.000496708
0.000483713
0.000468974
0.000452646
0.000434951
0.000416125
0.000396319
0.000375566
0.000353804
0.000330925
0.000306759
0.000281026
0.000253083
0.000220968
0.000177379
8.1876e-05
0.000564005
0.00056687
0.000569082
0.000570541
0.000571191
0.000570993
0.000569844
0.000567635
0.00056428
0.00055965
0.000553583
0.000545922
0.000536537
0.000525353
0.000512372
0.000497645
0.000481273
0.00046341
0.000444238
0.000423915
0.000402495
0.000379917
0.000356014
0.000330558
0.000303198
0.000273375
0.000240108
0.000201358
0.000149816
3.6968e-05
0.000598324
0.000599902
0.000600766
0.000600826
0.000600014
0.000598277
0.00059551
0.000591607
0.000586478
0.000579993
0.000572003
0.000562375
0.000551012
0.000537868
0.000522961
0.000506349
0.000488139
0.000468468
0.00044747
0.000425222
0.000401677
0.000376661
0.000349861
0.00032087
0.000289161
0.000253886
0.000213778
0.000167051
0.000109216
1.81473e-05
0.000628685
0.000628949
0.000628438
0.000627061
0.000624747
0.000621428
0.000617002
0.000611362
0.000604414
0.000596032
0.00058608
0.000574445
0.000561054
0.000545885
0.000528961
0.000510344
0.000490136
0.000468447
0.000445366
0.000420886
0.000394858
0.000367005
0.000336931
0.000304067
0.000267677
0.00022671
0.000180022
0.000127593
7.24464e-05
1.34725e-05
0.000655444
0.000654362
0.000652443
0.000649592
0.000645735
0.000640796
0.000634671
0.000627257
0.000618457
0.000608148
0.000596208
0.000582541
0.000567093
0.000549859
0.000530865
0.000510168
0.000487861
0.000464027
0.000438703
0.000411817
0.000383187
0.000352459
0.000319141
0.000282562
0.000241924
0.000196296
0.000145632
9.44115e-05
4.73364e-05
8.81991e-06
0.000678891
0.000676431
0.00067307
0.000668711
0.000663277
0.000656684
0.000648832
0.000639618
0.000628944
0.000616695
0.000602761
0.000587059
0.000569551
0.000550247
0.000529173
0.000506375
0.000481941
0.000455925
0.000428348
0.000399122
0.000367999
0.000334617
0.000298481
0.000258937
0.000215378
0.000167549
0.000117728
7.27926e-05
3.28686e-05
6.13741e-06
0.000699273
0.000695406
0.000690575
0.000684679
0.000677639
0.000669371
0.000659773
0.000648747
0.000636195
0.000622012
0.0006061
0.000588389
0.000568849
0.000547511
0.000524402
0.00049955
0.000473044
0.000444955
0.0004153
0.000383952
0.000350668
0.000315164
0.000277077
0.000235936
0.000191665
0.000145147
0.000101899
6.22596e-05
2.70505e-05
5.07877e-06
0.000716808
0.000711507
0.000705183
0.000697729
0.000689068
0.000679112
0.000667764
0.00065493
0.000640517
0.000624428
0.000606581
0.000586916
0.000565413
0.000542127
0.000517088
0.000490301
0.000461908
0.000431999
0.000400569
0.000367511
0.000332639
0.000295856
0.000257098
0.000216241
0.000173948
0.000131741
9.66296e-05
6.05225e-05
2.67925e-05
4.95202e-06
0.000731692
0.000724936
0.000717105
0.000708082
0.000697792
0.00068615
0.000673064
0.000658444
0.000642206
0.000624264
0.000604555
0.000583031
0.000559672
0.000534577
0.000507788
0.00047929
0.00044932
0.000417942
0.000385193
0.000351037
0.000315382
0.000278413
0.000240539
0.000201982
0.000164013
0.000128807
9.90127e-05
6.48736e-05
3.02704e-05
5.6177e-06
3.57361e-07
3.77646e-07
4.00237e-07
4.24379e-07
4.48106e-07
4.69828e-07
4.90319e-07
5.136e-07
5.47902e-07
5.96681e-07
6.51015e-07
6.78237e-07
7.03838e-07
2.57127e-06
2.64133e-06
2.64663e-06
2.54897e-06
2.32181e-06
1.98023e-06
1.60943e-06
1.25844e-06
8.26225e-07
2.46461e-07
2.08376e-07
1.7327e-07
1.54629e-07
3.02951e-07
6.2207e-07
6.94673e-07
7.3518e-07
3.09836e-05
3.19545e-05
3.3066e-05
3.42457e-05
3.52797e-05
3.5969e-05
3.63242e-05
3.66571e-05
3.77899e-05
4.02009e-05
4.35705e-05
4.63356e-05
4.86952e-05
5.05956e-05
5.13696e-05
5.06098e-05
4.7589e-05
4.15329e-05
3.29351e-05
2.43694e-05
1.83603e-05
1.44734e-05
1.08093e-05
8.60519e-06
6.55115e-06
4.58511e-06
2.90607e-06
1.70779e-06
1.02404e-06
6.73439e-07
7.57063e-05
7.62927e-05
7.71591e-05
7.82405e-05
7.90902e-05
7.92733e-05
7.87975e-05
7.7926e-05
7.8464e-05
8.18332e-05
8.81831e-05
9.23651e-05
9.39166e-05
9.4183e-05
9.29933e-05
8.92163e-05
8.1737e-05
6.95983e-05
5.28178e-05
3.49422e-05
2.0775e-05
1.18584e-05
6.84177e-06
4.14546e-06
2.55176e-06
1.57255e-06
9.78638e-07
6.40264e-07
4.56085e-07
3.53405e-07
0.000111099
0.000111073
0.000111506
0.000112648
0.000113858
0.000114213
0.000113636
0.000110966
0.000108768
0.000110397
0.000121678
0.000129178
0.000130332
0.000129621
0.000126899
0.000121571
0.000113014
0.000100228
8.04898e-05
5.49098e-05
3.0451e-05
1.36333e-05
5.47575e-06
2.36429e-06
1.19934e-06
7.41738e-07
5.35412e-07
4.32485e-07
3.80274e-07
3.9586e-07
0.000144226
0.000143888
0.000144078
0.00014613
0.000149367
0.000152721
0.000156535
0.000159909
0.000163089
0.000167463
0.000173744
0.000179373
0.000183411
0.000184344
0.000182133
0.000177016
0.000169284
0.000160209
0.00014414
0.000117361
8.4306e-05
4.95063e-05
2.172e-05
7.67436e-06
2.39181e-06
9.28529e-07
5.50225e-07
4.63304e-07
4.67635e-07
5.21211e-07
0.000189175
0.000193208
0.000197769
0.000202806
0.000208209
0.00021393
0.000220763
0.000227164
0.0002328
0.00023811
0.000243708
0.000250418
0.000258018
0.000261034
0.000259672
0.000254667
0.000246165
0.000233796
0.000215886
0.000192039
0.000163419
0.000130293
9.30325e-05
5.42992e-05
2.24732e-05
6.38995e-06
1.72028e-06
7.73529e-07
5.81406e-07
5.8151e-07
0.000247353
0.000254071
0.000261339
0.000268359
0.000275069
0.000282107
0.000290768
0.000299519
0.00030684
0.000312762
0.000317784
0.000322109
0.00032516
0.000325043
0.000321718
0.000315337
0.000305741
0.000292575
0.000275363
0.000254361
0.000230184
0.000202786
0.000171477
0.000135067
9.29177e-05
4.88898e-05
1.63165e-05
3.76829e-06
1.02759e-06
5.74331e-07
0.000310197
0.000318534
0.000327833
0.000336528
0.000344278
0.000351458
0.000358488
0.000364849
0.000370073
0.000374185
0.000377283
0.000379237
0.000379521
0.000377232
0.000372302
0.000364698
0.000354269
0.000340855
0.000324436
0.000305405
0.000284215
0.000260907
0.00023508
0.000205892
0.000171995
0.000131585
8.37727e-05
3.52563e-05
7.04022e-06
9.97856e-07
0.000374728
0.000382753
0.000390624
0.000397767
0.000404107
0.000409828
0.00041503
0.000419426
0.00042282
0.000425177
0.000426421
0.000426335
0.000424484
0.000420396
0.000413987
0.000405202
0.000393964
0.000380264
0.000364269
0.000346377
0.000326965
0.000306139
0.000283734
0.000259343
0.000232277
0.000201402
0.000164658
0.000118115
5.79923e-05
9.10726e-06
0.00043171
0.000438445
0.000444762
0.00045038
0.000455267
0.000459496
0.000463051
0.000465737
0.000467444
0.000468093
0.000467539
0.000465543
0.000461794
0.000456001
0.0004481
0.000438061
0.000425878
0.000411638
0.000395575
0.000378051
0.000359377
0.000339679
0.000318913
0.000296909
0.000273378
0.00024782
0.000219197
0.000184785
0.000136093
5.52784e-05
0.0203428
0.00343581
0.00123965
0.000580114
0.000301683
0.000159962
7.72276e-05
3.27017e-05
1.32915e-05
5.67968e-06
2.64281e-06
1.34144e-06
7.36729e-07
4.33498e-07
2.91954e-07
3.51864e-07
3.99419e-07
4.20304e-07
4.41041e-07
4.88416e-07
5.40573e-07
5.88902e-07
6.33811e-07
6.78858e-07
7.20381e-07
7.55826e-07
8.07921e-07
8.72408e-07
9.39299e-07
9.64023e-07
9.77261e-07
9.97845e-07
1.03384e-06
1.0881e-06
1.07647e-06
0.0511545
0.0161641
0.00649987
0.00304457
0.0015959
0.000928416
0.00059318
0.000408409
0.000296369
0.000221977
0.000168612
0.0001282
9.69193e-05
7.27306e-05
5.42384e-05
4.0382e-05
3.01441e-05
2.26358e-05
1.71468e-05
1.31322e-05
1.01868e-05
8.01415e-06
6.39856e-06
5.18578e-06
4.26615e-06
3.61551e-06
3.5249e-06
3.602e-06
3.72171e-06
3.84965e-06
3.98894e-06
4.13357e-06
4.2706e-06
4.35826e-06
4.3331e-06
0.0721833
0.0283116
0.0123518
0.00587866
0.00305697
0.00175298
0.00110705
0.000759629
0.000556286
0.000427614
0.000340384
0.000277624
0.00023014
0.000192702
0.000162226
0.000136839
0.000115397
9.71732e-05
8.17192e-05
6.86347e-05
5.76021e-05
4.83444e-05
4.06125e-05
3.41816e-05
2.88513e-05
2.44542e-05
2.08948e-05
1.80273e-05
1.57185e-05
1.3884e-05
1.24434e-05
1.12994e-05
1.0414e-05
9.79591e-06
9.39276e-06
0.0847197
0.0375698
0.0172626
0.00833644
0.00432493
0.00245885
0.00153911
0.00104936
0.000766095
0.000589192
0.000471098
0.000387679
0.000325873
0.000278194
0.000240139
0.000208889
0.00018263
0.000160163
0.000140686
0.000123653
0.000108701
9.5536e-05
8.39379e-05
7.37299e-05
6.47651e-05
5.69169e-05
5.00788e-05
4.41561e-05
3.90852e-05
3.47403e-05
3.09997e-05
2.78021e-05
2.509e-05
2.28214e-05
2.09527e-05
0.0914645
0.0429464
0.0202222
0.00984069
0.00510225
0.00288912
0.00180041
0.00122327
0.000891159
0.000684805
0.000547774
0.000451545
0.00038073
0.000326525
0.000283625
0.0002487
0.000219581
0.000194816
0.00017342
0.000154714
0.000138207
0.000123546
0.000110468
9.87756e-05
8.83139e-05
7.89582e-05
7.06046e-05
6.31606e-05
5.65144e-05
5.05889e-05
4.53056e-05
4.0589e-05
3.63627e-05
3.25464e-05
2.90651e-05
0.0914645
0.0429464
0.0202222
0.00984069
0.00510225
0.00288912
0.00180041
0.00122327
0.000891159
0.000684805
0.000547774
0.000451545
0.00038073
0.000326525
0.000283625
0.0002487
0.00021958
0.000194814
0.000173417
0.000154708
0.000138197
0.000123527
0.000110436
9.87228e-05
8.82276e-05
7.88199e-05
7.03882e-05
6.28321e-05
5.60553e-05
4.99641e-05
4.44678e-05
3.9473e-05
3.48832e-05
3.0597e-05
2.65677e-05
0.0847197
0.0375698
0.0172626
0.00833644
0.00432493
0.00245885
0.00153911
0.00104936
0.000766095
0.000589192
0.000471098
0.000387679
0.000325873
0.000278194
0.000240138
0.000208888
0.00018263
0.000160162
0.000140682
0.000123643
0.000108681
9.55001e-05
8.38766e-05
7.36287e-05
6.46027e-05
5.66632e-05
4.96924e-05
4.35774e-05
3.8207e-05
3.34718e-05
2.92758e-05
2.55169e-05
2.21032e-05
1.89764e-05
1.626e-05
0.0721833
0.0283116
0.0123518
0.00587866
0.00305697
0.00175298
0.00110705
0.000759629
0.000556286
0.000427614
0.000340385
0.000277624
0.00023014
0.000192702
0.000162225
0.000136838
0.000115399
9.71726e-05
8.17116e-05
6.86171e-05
5.75728e-05
4.83009e-05
4.05493e-05
3.40891e-05
2.87156e-05
2.42634e-05
2.0636e-05
1.76782e-05
1.52494e-05
1.32374e-05
1.15515e-05
1.01224e-05
8.90529e-06
7.98246e-06
7.92973e-06
0.0511545
0.0161641
0.00649987
0.00304457
0.0015959
0.000928416
0.000593181
0.000408409
0.000296369
0.000221977
0.000168613
0.0001282
9.69194e-05
7.27306e-05
5.42383e-05
4.03816e-05
3.01216e-05
2.25918e-05
1.70897e-05
1.30721e-05
1.01323e-05
7.96885e-06
6.36148e-06
5.15384e-06
4.23631e-06
3.62646e-06
3.58477e-06
3.68595e-06
3.82201e-06
3.96488e-06
4.11251e-06
4.27299e-06
4.46845e-06
4.73736e-06
5.24636e-06
0.0203428
0.00343581
0.00123965
0.000580114
0.000301683
0.000159962
7.72277e-05
3.27018e-05
1.32916e-05
5.67972e-06
2.64283e-06
1.34145e-06
7.36734e-07
4.33501e-07
2.9195e-07
3.5186e-07
3.99696e-07
4.2088e-07
4.41187e-07
4.88495e-07
5.41214e-07
5.90439e-07
6.36396e-07
6.82852e-07
7.26642e-07
7.67514e-07
8.30026e-07
9.11068e-07
9.35465e-07
9.288e-07
9.07477e-07
8.76151e-07
8.33331e-07
7.78731e-07
6.90589e-07
1.04281e-06
9.992e-07
9.45059e-07
8.80843e-07
8.07665e-07
7.28938e-07
6.48785e-07
5.68247e-07
4.91532e-07
4.16461e-07
3.44431e-07
2.78154e-07
2.18342e-07
1.65043e-07
1.28941e-07
4.32423e-06
4.24732e-06
4.06996e-06
3.79513e-06
3.42477e-06
3.05048e-06
2.72399e-06
2.49616e-06
2.46636e-06
2.50097e-06
2.51685e-06
2.44641e-06
2.23631e-06
1.87587e-06
1.53433e-06
9.2439e-06
9.04404e-06
8.80349e-06
8.52536e-06
8.21563e-06
7.88129e-06
7.53084e-06
7.17325e-06
6.81962e-06
6.47294e-06
6.12882e-06
5.77457e-06
5.39562e-06
4.9822e-06
4.54987e-06
2.02425e-05
1.95109e-05
1.8761e-05
1.80027e-05
1.7243e-05
1.64843e-05
1.5733e-05
1.49905e-05
1.42569e-05
1.35303e-05
1.28059e-05
1.20743e-05
1.13317e-05
1.05715e-05
9.7173e-06
2.77177e-05
2.64926e-05
2.53476e-05
2.42692e-05
2.32435e-05
2.22569e-05
2.12977e-05
2.0357e-05
1.94272e-05
1.85032e-05
1.75802e-05
1.66517e-05
1.56993e-05
1.4695e-05
1.36021e-05
2.50308e-05
2.3769e-05
2.26936e-05
2.17497e-05
2.08951e-05
2.00776e-05
1.92672e-05
1.84606e-05
1.76546e-05
1.68438e-05
1.60216e-05
1.51719e-05
1.42954e-05
1.33942e-05
1.24719e-05
1.52982e-05
1.45928e-05
1.40559e-05
1.36248e-05
1.32238e-05
1.28497e-05
1.24989e-05
1.21514e-05
1.17898e-05
1.13976e-05
1.09518e-05
1.04382e-05
9.86682e-06
9.24365e-06
8.61903e-06
8.00605e-06
8.18143e-06
8.42822e-06
8.70654e-06
9.01768e-06
9.34504e-06
9.64878e-06
9.87035e-06
9.94362e-06
9.79985e-06
9.19262e-06
8.17512e-06
7.16794e-06
6.21137e-06
5.38775e-06
5.61646e-06
6.16012e-06
6.81388e-06
7.43004e-06
7.96213e-06
8.35686e-06
8.57596e-06
8.58438e-06
8.36898e-06
7.90551e-06
7.10799e-06
5.83546e-06
4.14957e-06
2.92908e-06
2.11843e-06
6.14095e-07
5.63184e-07
5.50696e-07
5.7477e-07
6.08241e-07
6.43144e-07
6.77795e-07
7.09393e-07
7.32541e-07
7.40033e-07
6.48137e-07
5.13677e-07
3.84847e-07
2.83618e-07
2.01379e-07
1.16532e-07
1.11463e-07
1.08596e-07
1.05351e-07
1.02238e-07
9.96307e-08
9.83188e-08
9.73439e-08
9.4529e-08
8.70625e-08
7.52501e-08
9.46107e-08
1.48897e-07
2.66681e-07
6.32066e-07
1.24551e-06
1.00418e-06
8.06688e-07
6.44919e-07
5.14218e-07
4.26109e-07
3.91608e-07
3.77343e-07
3.69588e-07
3.64005e-07
3.59689e-07
3.75748e-07
4.42618e-07
6.2042e-07
8.25512e-07
4.09262e-06
3.64867e-06
3.20669e-06
2.7737e-06
2.35401e-06
1.95956e-06
1.60339e-06
1.29286e-06
1.0287e-06
8.08896e-07
6.30309e-07
4.92573e-07
3.99563e-07
4.31093e-07
3.84391e-07
8.83807e-06
8.00654e-06
7.18424e-06
6.35686e-06
5.53096e-06
4.7187e-06
3.93493e-06
3.20028e-06
2.53266e-06
1.94642e-06
1.45186e-06
1.0542e-06
7.54908e-07
5.69001e-07
5.1076e-07
1.24752e-05
1.1377e-05
1.02751e-05
9.16053e-06
8.04501e-06
6.94463e-06
5.87619e-06
4.85497e-06
3.90211e-06
3.03893e-06
2.28563e-06
1.6591e-06
1.16994e-06
8.25828e-07
6.15784e-07
1.14977e-05
1.047e-05
9.42561e-06
8.39364e-06
7.3998e-06
6.46164e-06
5.57041e-06
4.67686e-06
3.80919e-06
2.99871e-06
2.27572e-06
1.66598e-06
1.18495e-06
8.401e-07
6.1177e-07
7.93841e-06
7.16264e-06
6.38315e-06
5.64167e-06
4.96166e-06
4.30711e-06
3.66421e-06
3.0465e-06
2.46789e-06
1.94168e-06
1.47924e-06
1.09339e-06
7.90932e-07
5.97958e-07
4.54002e-07
4.6654e-06
3.98582e-06
3.40589e-06
2.88071e-06
2.40719e-06
1.99518e-06
1.64105e-06
1.33767e-06
1.07856e-06
8.58617e-07
6.75358e-07
5.29805e-07
4.26498e-07
4.8029e-07
3.85e-07
1.54956e-06
1.11931e-06
8.1885e-07
6.17517e-07
5.35009e-07
4.98465e-07
4.78525e-07
4.64012e-07
4.46617e-07
4.32845e-07
4.31932e-07
4.543e-07
5.25966e-07
7.24622e-07
4.75034e-07
1.64259e-07
1.33238e-07
1.11986e-07
9.8592e-08
9.15468e-08
8.95026e-08
9.04503e-08
9.25189e-08
9.39599e-08
8.88609e-08
9.22016e-08
1.16131e-07
1.70438e-07
2.7488e-07
5.24053e-07
)
;

boundaryField
{
    down
    {
        type            freestream;
        freestreamValue uniform 0.14;
        value           nonuniform List<scalar> 
25
(
0.141439
0.141435
0.141429
0.141418
0.141404
0.141385
0.141362
0.141335
0.141303
0.141266
0.141224
0.141177
0.141125
0.141069
0.141009
0.140945
0.140877
0.140807
0.140735
0.140663
0.14059
0.140519
0.14045
0.140385
0.14
)
;
    }
    right
    {
        type            freestream;
        freestreamValue uniform 0.14;
        value           nonuniform List<scalar> 
30
(
0.153308
0.160368
0.160609
0.156849
0.152389
0.148891
0.146704
0.145593
0.145194
0.145198
0.145391
0.145641
0.145877
0.14607
0.146209
0.14629
0.146306
0.146262
0.146161
0.146009
0.145813
0.145576
0.145293
0.144949
0.144527
0.144035
0.143475
0.142899
0.142466
0.141972
)
;
    }
    up
    {
        type            freestream;
        freestreamValue nonuniform List<scalar> 0();
        value           nonuniform List<scalar> 0();
    }
    meanFlow
    {
        type            freestream;
        freestreamValue uniform 0.14;
        value           uniform 0.14;
    }
    coandaUpper
    {
        type            freestream;
        freestreamValue nonuniform List<scalar> 0();
        value           nonuniform List<scalar> 0();
    }
    coandaLower
    {
        type            freestream;
        freestreamValue uniform 0.14;
        value           uniform 0.14;
    }
    surface
    {
        type            fixedValue;
        value           uniform 0;
    }
    defaultFaces
    {
        type            empty;
    }
    procBoundary2to1
    {
        type            processor;
        value           nonuniform List<scalar> 
135
(
3.16519e-08
2.13494e-06
1.66164e-05
5.31296e-05
0.000101641
0.000154577
0.00020922
0.00026572
0.000324858
0.000387198
0.00045291
0.000524926
0.000606255
0.000698556
0.000802925
0.000919268
0.000919268
0.00105023
0.00119476
0.00135348
0.00152652
0.00171363
0.0019181
0.00214083
0.00238213
0.00264199
0.00292111
0.00292111
0.003218
0.00353515
0.0038735
0.00423361
0.00461633
0.00503484
0.00503484
0.00547584
0.0059494
0.00646096
0.00703566
0.00703566
0.00765007
0.0083284
0.00911056
0.00911056
0.00996759
0.0109712
0.0109712
0.0120879
0.0133587
0.0148392
0.0148392
0.0164509
0.0182985
0.0182985
0.0202871
0.022541
0.022541
0.0250172
0.0250172
0.0276569
0.0306094
0.0306094
0.0338144
0.0338144
0.0371828
0.0408879
0.0408879
0.0448149
0.0448149
0.0487701
0.0529839
0.0529839
0.057247
0.057247
0.0614917
0.0614917
0.0653853
0.0694174
0.0694174
0.0732751
0.0732751
0.0769208
0.0769208
0.0800155
0.0831703
0.0831703
0.086065
0.086065
0.0887353
0.0887353
0.0910198
0.0934569
0.0934569
0.0958632
0.0958632
0.0982854
0.101006
0.101006
0.103864
0.103864
0.10685
0.109714
0.109714
0.112517
0.115081
0.115081
0.117521
0.119717
0.119717
0.121768
0.123639
0.125345
0.125345
0.126894
0.128332
0.128332
0.129604
0.130759
0.131803
0.132816
0.132816
0.133659
0.134422
0.135106
0.135917
0.135917
0.136455
0.136976
0.137337
0.138038
0.138655
0.139157
0.140229
0.140229
0.140069
)
;
    }
    procBoundary2to5
    {
        type            processor;
        value           nonuniform List<scalar> 
120
(
0.000771947
0.000795876
0.000795856
0.000777494
0.000749515
0.000722861
0.000707689
0.000709688
0.000729536
0.000771684
0.000837195
0.000915867
0.00100273
0.00109618
0.00119582
0.00130178
0.00141441
0.00153423
0.0016619
0.00179819
0.0019438
0.00209925
0.00226498
0.00244142
0.00262903
0.00282832
0.00303986
0.00326425
0.00350215
0.00375426
0.00402131
0.00430406
0.00460332
0.00491991
0.00525472
0.00560864
0.00598262
0.00637766
0.00679478
0.0072351
0.00769978
0.0081901
0.00870744
0.00925334
0.00982953
0.010438
0.0110811
0.0117614
0.012482
0.0132467
0.0140597
0.0149258
0.0158507
0.0168406
0.0179022
0.0190427
0.0202692
0.0215889
0.0230082
0.0245328
0.0261669
0.0279132
0.0297729
0.0317452
0.0338284
0.0360194
0.0383125
0.0407031
0.0431875
0.0457592
0.048405
0.0511272
0.0539267
0.0567893
0.0597206
0.0627007
0.0657056
0.068799
0.0719532
0.0751083
0.0782478
0.0814288
0.0846872
0.0880017
0.0913699
0.0947922
0.0982571
0.101723
0.105168
0.108443
0.111841
0.115531
0.119242
0.122962
0.126691
0.130425
0.134136
0.137811
0.141346
0.144754
0.000475632
0.000520655
0.000560607
0.000596154
0.000627767
0.000655809
0.000680572
0.0007023
0.000721207
0.000737483
1.13177e-06
3.1812e-05
7.54093e-05
0.000111142
0.000144246
0.000185538
0.000241313
0.0003028
0.000366573
0.000424646
)
;
    }
}


// ************************************************************************* //
