/*--------------------------------*- C++ -*----------------------------------*\
  =========                 |
  \\      /  F ield         | OpenFOAM: The Open Source CFD Toolbox
   \\    /   O peration     | Website:  https://openfoam.org
    \\  /    A nd           | Version:  10
     \\/     M anipulation  |
\*---------------------------------------------------------------------------*/
FoamFile
{
    format      ascii;
    class       volScalarField;
    location    "176";
    object      alphat;
}
// * * * * * * * * * * * * * * * * * * * * * * * * * * * * * * * * * * * * * //

dimensions      [1 -1 -1 0 0 0 0];

internalField   nonuniform List<scalar> 
7100
(
0.000974358
0.000898459
0.000928813
0.000875368
0.000815434
0.000770039
0.000737713
0.000715873
0.000701078
0.000691269
0.000685048
0.000681119
0.000678708
0.000677437
0.000677139
0.000678103
0.000680976
0.000685306
0.000689873
0.000693664
0.000696184
0.000697613
0.000698371
0.000698671
0.00069855
0.000697989
0.000696979
0.000695518
0.000693608
0.000691247
0.000688437
0.000685176
0.000681453
0.000677238
0.000672484
0.000667065
0.000660908
0.000653425
0.000644841
0.000630225
0.00325978
0.0029483
0.00242774
0.00192717
0.001545
0.00127583
0.00109602
0.000974428
0.000881736
0.000808341
0.000749356
0.000698806
0.000654526
0.000615172
0.00058036
0.000553086
0.000539375
0.00053691
0.000539432
0.000544228
0.000550384
0.000556076
0.000561546
0.000566765
0.000571596
0.000575932
0.000579732
0.000583005
0.000585792
0.000588139
0.000590097
0.000591714
0.000593033
0.000594093
0.000594926
0.000595571
0.00059605
0.000596377
0.000597114
0.000595522
0.00548731
0.00522777
0.0046422
0.00392312
0.00329643
0.00281955
0.00248071
0.00223507
0.0020208
0.00184561
0.00170497
0.00157935
0.00146675
0.00136407
0.00127056
0.00119349
0.00114109
0.00110181
0.00106625
0.00103602
0.00101966
0.00101185
0.00100713
0.0010043
0.00100266
0.00100161
0.00100076
0.000999921
0.000998987
0.000997893
0.0009966
0.000995057
0.000993205
0.00099097
0.00098824
0.000984868
0.000980562
0.000975013
0.000967148
0.000957139
0.00744926
0.00719891
0.0065544
0.00576403
0.00498279
0.00429756
0.00374372
0.00331897
0.00300127
0.00276763
0.00259462
0.00242237
0.00226844
0.00212614
0.0019935
0.00186894
0.00175307
0.00164488
0.00154386
0.00146495
0.00142572
0.00140377
0.00138918
0.00138029
0.00137447
0.00137033
0.00136696
0.00136399
0.00136125
0.00135863
0.001356
0.00135325
0.00135025
0.00134688
0.00134297
0.00133834
0.0013327
0.00132579
0.00131688
0.00130653
0.00912535
0.00890053
0.0083595
0.00764377
0.00685527
0.00608065
0.00538208
0.00478249
0.00428653
0.00388986
0.00358237
0.00334584
0.00316462
0.00299136
0.0028273
0.00266855
0.00251604
0.00236881
0.00222609
0.00208946
0.00197607
0.00189277
0.00183992
0.00181112
0.00179268
0.00177813
0.00176603
0.00175593
0.00174754
0.00174045
0.00173423
0.00172848
0.00172288
0.00171715
0.00171106
0.00170438
0.00169687
0.00168833
0.00167838
0.00166778
0.0105207
0.0103454
0.00993229
0.00934855
0.00863798
0.00787575
0.00714388
0.00646387
0.00585317
0.00532244
0.00487009
0.00449582
0.00419607
0.00395844
0.00377016
0.0035817
0.00339907
0.00321916
0.00304154
0.0028664
0.00271367
0.00259403
0.00249896
0.00242253
0.00235974
0.00230711
0.00226425
0.00223198
0.00220846
0.00219081
0.00217665
0.00216447
0.00215335
0.00214267
0.00213207
0.00212131
0.00211021
0.00209864
0.00208645
0.00207456
0.0116583
0.0115328
0.0112332
0.0107811
0.0101914
0.00951646
0.0088103
0.00812111
0.00748534
0.00690707
0.00637213
0.00589336
0.00547658
0.00512427
0.0048358
0.00459988
0.00439507
0.00418734
0.00397903
0.00377042
0.00358526
0.00343759
0.00331707
0.00321672
0.00313152
0.00305791
0.00299271
0.00293594
0.00288609
0.00284195
0.00280248
0.00276691
0.00273458
0.00270449
0.00267677
0.00265139
0.00262839
0.00260762
0.00258864
0.00257222
0.0125724
0.0124866
0.0122768
0.0119431
0.0114991
0.0109615
0.010356
0.00971752
0.0090836
0.00848101
0.00792866
0.00741287
0.00693172
0.0064936
0.00610723
0.00577635
0.00549868
0.0052632
0.00502944
0.00479268
0.00457937
0.00440686
0.00426414
0.00414384
0.00404021
0.00394963
0.00386952
0.00379728
0.00373192
0.00367287
0.00361942
0.00357081
0.00352624
0.00348502
0.00344656
0.00341041
0.00337637
0.00334419
0.00331392
0.00328691
0.0133006
0.0132436
0.0130996
0.012863
0.0125452
0.0121401
0.0116607
0.0111289
0.0105749
0.0100045
0.00944701
0.00892056
0.0084354
0.00796479
0.00752312
0.00711963
0.00676106
0.00644927
0.00617654
0.00591916
0.00568275
0.00548817
0.00532433
0.0051847
0.00506157
0.00495257
0.00485641
0.00477036
0.00469397
0.00462589
0.00456461
0.00450895
0.00445792
0.0044107
0.00436667
0.00432533
0.00428649
0.00424989
0.00421561
0.00418511
0.013879
0.0138417
0.0137438
0.0135793
0.0133572
0.0130651
0.0127105
0.0122975
0.01184
0.0113548
0.0108611
0.01036
0.00987437
0.00941609
0.00897244
0.00854361
0.00813933
0.00776719
0.00743091
0.00712815
0.0068714
0.00665562
0.00646783
0.00630704
0.00616926
0.00605042
0.00594694
0.00585576
0.00577339
0.00569994
0.00563372
0.00557348
0.00551818
0.00546704
0.00541943
0.00537491
0.00533331
0.00529434
0.00525812
0.00522615
0.0143387
0.0143146
0.0142482
0.0141346
0.0139785
0.0137758
0.0135246
0.0132205
0.0128717
0.012486
0.0120712
0.0116421
0.011206
0.0107709
0.0103498
0.0099416
0.00953711
0.00914466
0.00877149
0.00842267
0.0081273
0.0078882
0.00768753
0.00751876
0.00737557
0.00725267
0.00714582
0.00705168
0.0069663
0.00688943
0.0068199
0.00675649
0.00669824
0.0066444
0.00659441
0.00654781
0.00650448
0.0064641
0.00642677
0.00639394
0.0147053
0.0146898
0.0146448
0.0145666
0.0144582
0.0143181
0.0141405
0.0139248
0.0136706
0.01338
0.0130584
0.0127122
0.0123485
0.011977
0.0115976
0.0112219
0.0108549
0.010483
0.0101127
0.00975062
0.00943636
0.00918501
0.00897855
0.00880686
0.00866195
0.00853775
0.0084297
0.00833441
0.00824902
0.00817015
0.00809864
0.00803337
0.00797341
0.00791808
0.00786683
0.00781921
0.00777507
0.00773408
0.00769631
0.00766309
0.0149991
0.0149893
0.0149587
0.0149047
0.0148294
0.0147327
0.0146089
0.0144583
0.0142782
0.0140676
0.0138276
0.0135623
0.0132779
0.0129758
0.0126654
0.0123422
0.0120163
0.0116941
0.0113609
0.0110218
0.0107186
0.0104745
0.0102745
0.0101081
0.0099674
0.00984645
0.00974093
0.0096476
0.00956391
0.00948696
0.00941608
0.0093513
0.00929179
0.00923693
0.00918619
0.00913913
0.00909558
0.00905521
0.00901806
0.00898541
0.0152358
0.0152297
0.0152088
0.0151713
0.0151188
0.0150517
0.0149654
0.0148602
0.014732
0.0145815
0.014408
0.0142141
0.0139989
0.0137687
0.0135218
0.0132648
0.0129967
0.0127218
0.0124458
0.0121554
0.0118883
0.0116701
0.0114899
0.0113388
0.0112099
0.0110983
0.0110005
0.0109128
0.0108339
0.0107624
0.0106953
0.0106339
0.0105776
0.0105258
0.0104779
0.0104336
0.0103928
0.0103549
0.0103201
0.0102893
0.0154274
0.0154239
0.0154096
0.0153833
0.0153465
0.0152995
0.0152389
0.0151643
0.0150748
0.0149688
0.0148452
0.0147039
0.0145458
0.0143734
0.0141873
0.0139892
0.0137813
0.0135631
0.013336
0.0131029
0.0128856
0.0127049
0.0125535
0.0124251
0.0123129
0.0122147
0.0121282
0.0120513
0.0119822
0.0119197
0.0118626
0.0118087
0.0117591
0.0117134
0.011671
0.0116318
0.0115956
0.0115619
0.011531
0.0115033
0.0155833
0.0155817
0.0155717
0.0155532
0.0155272
0.015494
0.0154512
0.0153985
0.0153355
0.0152601
0.015172
0.0150708
0.0149573
0.0148307
0.0146934
0.0145452
0.0143878
0.0142216
0.0140465
0.0138622
0.0136913
0.0135483
0.0134264
0.0133214
0.0132303
0.0131505
0.01308
0.0130172
0.0129608
0.0129096
0.0128628
0.0128194
0.0127785
0.0127407
0.0127056
0.0126728
0.0126424
0.012614
0.012588
0.0125646
0.0157108
0.0157107
0.0157034
0.0156903
0.0156719
0.0156482
0.0156177
0.0155801
0.0155355
0.015482
0.0154196
0.0153476
0.0152655
0.0151737
0.0150731
0.0149646
0.0148477
0.0147237
0.0145924
0.0144537
0.0143227
0.0142122
0.0141181
0.0140372
0.0139668
0.0139051
0.0138503
0.0138014
0.0137573
0.0137172
0.0136806
0.0136469
0.0136151
0.0135852
0.0135574
0.0135313
0.0135069
0.0134841
0.013463
0.0134442
0.0158155
0.0158158
0.0158109
0.0158017
0.0157886
0.0157715
0.0157495
0.0157225
0.0156906
0.0156524
0.015608
0.0155567
0.015498
0.0154318
0.0153584
0.0152788
0.0151935
0.0151019
0.0150049
0.0149022
0.0148054
0.0147231
0.0146529
0.0145924
0.0145397
0.0144928
0.014451
0.0144135
0.0143797
0.014349
0.0143208
0.014295
0.014271
0.0142482
0.0142268
0.0142068
0.014188
0.0141704
0.014154
0.0141393
0.0159018
0.0159023
0.0158991
0.0158927
0.0158836
0.015871
0.0158549
0.0158353
0.0158122
0.0157847
0.0157528
0.0157156
0.0156732
0.0156254
0.0155727
0.0155147
0.0154522
0.0153856
0.0153144
0.0152392
0.015168
0.0151081
0.0150568
0.0150117
0.0149722
0.0149373
0.0149063
0.0148785
0.0148534
0.0148305
0.0148095
0.0147901
0.0147722
0.0147555
0.0147394
0.0147243
0.0147101
0.0146968
0.0146843
0.0146731
0.0159732
0.0159739
0.0159719
0.0159675
0.0159609
0.0159515
0.0159397
0.0159256
0.0159086
0.0158885
0.0158654
0.0158385
0.015808
0.0157736
0.0157352
0.0156933
0.0156476
0.0155987
0.015547
0.015492
0.0154401
0.0153957
0.0153577
0.0153247
0.0152958
0.0152703
0.0152476
0.0152272
0.0152087
0.0151918
0.0151763
0.0151619
0.0151485
0.015136
0.0151242
0.015113
0.0151023
0.0150923
0.0150829
0.0150745
0.0160326
0.0160333
0.0160322
0.0160293
0.0160243
0.0160173
0.0160086
0.0159981
0.0159855
0.0159708
0.0159539
0.0159343
0.0159122
0.0158873
0.0158595
0.0158289
0.0157958
0.01576
0.0157221
0.0156822
0.0156443
0.0156121
0.0155843
0.0155602
0.0155391
0.0155202
0.0155033
0.0154881
0.0154743
0.0154616
0.0154502
0.0154395
0.0154295
0.0154201
0.0154114
0.015403
0.0153951
0.0153876
0.0153805
0.0153742
0.016082
0.0160828
0.0160823
0.0160801
0.0160764
0.0160713
0.0160649
0.016057
0.0160476
0.0160368
0.0160242
0.0160099
0.0159936
0.0159754
0.0159552
0.0159329
0.0159086
0.0158827
0.0158552
0.015826
0.0157984
0.0157746
0.0157542
0.0157363
0.0157207
0.0157068
0.0156944
0.0156832
0.015673
0.0156636
0.015655
0.015647
0.0156395
0.0156325
0.0156259
0.0156197
0.0156137
0.015608
0.0156027
0.0155979
0.0161232
0.016124
0.0161238
0.0161223
0.0161197
0.0161159
0.016111
0.0161049
0.016098
0.0160898
0.0160803
0.0160697
0.0160577
0.0160443
0.0160295
0.0160133
0.0159955
0.0159767
0.0159564
0.0159352
0.015915
0.0158977
0.0158826
0.0158695
0.015858
0.0158478
0.0158386
0.0158303
0.0158227
0.0158157
0.0158093
0.0158033
0.0157977
0.0157923
0.0157873
0.0157825
0.015778
0.0157737
0.0157696
0.015766
0.0161577
0.0161584
0.0161584
0.0161574
0.0161554
0.0161525
0.0161489
0.0161443
0.016139
0.0161327
0.0161257
0.0161177
0.0161088
0.0160989
0.0160879
0.016076
0.016063
0.016049
0.0160343
0.0160187
0.016004
0.0159912
0.0159802
0.0159706
0.0159619
0.0159542
0.0159473
0.015941
0.0159353
0.01593
0.0159252
0.0159206
0.0159163
0.0159122
0.0159084
0.0159048
0.0159013
0.015898
0.0158949
0.0158921
0.0161866
0.0161873
0.0161873
0.0161866
0.0161851
0.016183
0.0161801
0.0161766
0.0161726
0.0161679
0.0161625
0.0161565
0.0161498
0.0161424
0.0161344
0.0161255
0.0161159
0.0161056
0.0160948
0.0160834
0.0160727
0.0160633
0.016055
0.0160478
0.0160413
0.0160356
0.0160304
0.0160256
0.0160211
0.0160171
0.0160134
0.0160099
0.0160066
0.0160035
0.0160005
0.0159977
0.015995
0.0159924
0.01599
0.0159879
0.0162108
0.0162115
0.0162115
0.016211
0.0162099
0.0162082
0.0162061
0.0162034
0.0162002
0.0161967
0.0161926
0.016188
0.0161829
0.0161774
0.0161713
0.0161647
0.0161576
0.0161501
0.0161421
0.0161337
0.0161258
0.0161188
0.0161127
0.0161073
0.0161024
0.0160981
0.0160941
0.0160905
0.0160871
0.0160839
0.016081
0.0160782
0.0160757
0.0160733
0.016071
0.0160688
0.0160667
0.0160647
0.0160628
0.0160611
0.0162312
0.0162318
0.0162318
0.0162314
0.0162306
0.0162293
0.0162277
0.0162256
0.0162231
0.0162203
0.0162172
0.0162136
0.0162097
0.0162055
0.0162009
0.016196
0.0161906
0.016185
0.0161791
0.0161729
0.0161671
0.0161619
0.0161573
0.0161533
0.0161496
0.0161463
0.0161433
0.0161405
0.0161379
0.0161354
0.0161331
0.016131
0.016129
0.016127
0.0161252
0.0161235
0.0161218
0.0161203
0.0161188
0.0161174
0.0162483
0.0162488
0.0162489
0.0162486
0.0162479
0.0162468
0.0162455
0.0162439
0.016242
0.0162398
0.0162374
0.0162346
0.0162317
0.0162284
0.0162249
0.0162211
0.0162171
0.0162129
0.0162085
0.016204
0.0161996
0.0161958
0.0161923
0.0161892
0.0161864
0.0161839
0.0161816
0.0161794
0.0161774
0.0161754
0.0161736
0.0161719
0.0161703
0.0161688
0.0161674
0.016166
0.0161647
0.0161634
0.0161622
0.0161612
0.0162627
0.0162631
0.0162632
0.0162629
0.0162624
0.0162616
0.0162605
0.0162592
0.0162577
0.016256
0.0162541
0.0162519
0.0162496
0.0162471
0.0162444
0.0162415
0.0162385
0.0162353
0.016232
0.0162286
0.0162253
0.0162224
0.0162198
0.0162175
0.0162153
0.0162134
0.0162116
0.0162099
0.0162083
0.0162068
0.0162053
0.016204
0.0162027
0.0162015
0.0162003
0.0161992
0.0161982
0.0161972
0.0161962
0.0161954
0.0162748
0.0162752
0.0162752
0.016275
0.0162746
0.0162739
0.016273
0.016272
0.0162707
0.0162694
0.0162678
0.0162662
0.0162644
0.0162624
0.0162603
0.0162581
0.0162558
0.0162534
0.0162509
0.0162484
0.0162459
0.0162438
0.0162418
0.01624
0.0162383
0.0162368
0.0162354
0.016234
0.0162328
0.0162316
0.0162304
0.0162294
0.0162284
0.0162274
0.0162264
0.0162256
0.0162247
0.0162239
0.0162231
0.0162224
0.016285
0.0162853
0.0162854
0.0162852
0.0162848
0.0162843
0.0162835
0.0162827
0.0162817
0.0162806
0.0162793
0.016278
0.0162766
0.0162751
0.0162734
0.0162717
0.01627
0.0162681
0.0162662
0.0162643
0.0162625
0.0162608
0.0162593
0.0162579
0.0162566
0.0162555
0.0162543
0.0162533
0.0162523
0.0162513
0.0162504
0.0162495
0.0162487
0.0162479
0.0162471
0.0162464
0.0162457
0.0162451
0.0162445
0.0162439
0.0162936
0.0162938
0.0162939
0.0162937
0.0162934
0.016293
0.0162924
0.0162917
0.0162908
0.0162899
0.0162889
0.0162879
0.0162867
0.0162855
0.0162843
0.0162829
0.0162816
0.0162801
0.0162787
0.0162773
0.0162759
0.0162746
0.0162734
0.0162723
0.0162713
0.0162704
0.0162695
0.0162687
0.0162678
0.0162671
0.0162663
0.0162656
0.016265
0.0162643
0.0162637
0.0162631
0.0162626
0.016262
0.0162615
0.016261
0.0163008
0.016301
0.016301
0.0163009
0.0163007
0.0163003
0.0162998
0.0162992
0.0162985
0.0162978
0.016297
0.0162961
0.0162952
0.0162942
0.0162932
0.0162922
0.0162911
0.0162901
0.016289
0.0162878
0.0162868
0.0162858
0.0162849
0.016284
0.0162832
0.0162825
0.0162818
0.0162811
0.0162804
0.0162798
0.0162792
0.0162787
0.0162781
0.0162776
0.0162771
0.0162766
0.0162762
0.0162757
0.0162753
0.0162749
0.0163069
0.0163071
0.0163071
0.016307
0.0163068
0.0163064
0.016306
0.0163056
0.016305
0.0163044
0.0163038
0.0163031
0.0163023
0.0163016
0.0163007
0.0162999
0.0162991
0.0162982
0.0162974
0.0162965
0.0162957
0.016295
0.0162942
0.0162936
0.0162929
0.0162923
0.0162917
0.0162912
0.0162907
0.0162902
0.0162897
0.0162892
0.0162888
0.0162884
0.0162879
0.0162876
0.0162872
0.0162868
0.0162865
0.0162861
0.016312
0.0163121
0.0163122
0.0163121
0.0163119
0.0163116
0.0163113
0.0163109
0.0163105
0.01631
0.0163095
0.0163089
0.0163083
0.0163077
0.016307
0.0163064
0.0163057
0.0163051
0.0163044
0.0163037
0.0163031
0.0163025
0.0163019
0.0163014
0.0163009
0.0163004
0.0162999
0.0162995
0.0162991
0.0162986
0.0162983
0.0162979
0.0162975
0.0162972
0.0162968
0.0162965
0.0162962
0.0162959
0.0162956
0.0162953
0.0163163
0.0163164
0.0163164
0.0163164
0.0163162
0.016316
0.0163157
0.0163154
0.0163151
0.0163147
0.0163143
0.0163138
0.0163133
0.0163128
0.0163123
0.0163118
0.0163113
0.0163108
0.0163103
0.0163097
0.0163092
0.0163088
0.0163083
0.0163079
0.0163075
0.0163071
0.0163067
0.0163064
0.016306
0.0163057
0.0163053
0.016305
0.0163047
0.0163044
0.0163042
0.0163039
0.0163036
0.0163034
0.0163032
0.0163029
0.01632
0.01632
0.01632
0.01632
0.0163199
0.0163197
0.0163195
0.0163192
0.016319
0.0163186
0.0163183
0.016318
0.0163176
0.0163172
0.0163168
0.0163164
0.016316
0.0163156
0.0163152
0.0163148
0.0163144
0.016314
0.0163137
0.0163133
0.016313
0.0163127
0.0163124
0.0163121
0.0163118
0.0163115
0.0163113
0.016311
0.0163108
0.0163105
0.0163103
0.0163101
0.0163099
0.0163097
0.0163095
0.0163093
0.016323
0.0163231
0.0163231
0.016323
0.0163229
0.0163228
0.0163226
0.0163225
0.0163222
0.016322
0.0163218
0.0163215
0.0163212
0.0163209
0.0163206
0.0163203
0.01632
0.0163197
0.0163194
0.0163191
0.0163188
0.0163185
0.0163182
0.016318
0.0163177
0.0163175
0.0163172
0.016317
0.0163167
0.0163165
0.0163163
0.0163161
0.0163159
0.0163157
0.0163155
0.0163153
0.0163151
0.016315
0.0163148
0.0163147
0.0163256
0.0163256
0.0163256
0.0163256
0.0163255
0.0163254
0.0163253
0.0163252
0.0163251
0.0163249
0.0163247
0.0163245
0.0163243
0.0163241
0.0163239
0.0163237
0.0163235
0.0163233
0.0163231
0.0163228
0.0163226
0.0163224
0.0163222
0.016322
0.0163218
0.0163216
0.0163214
0.0163212
0.016321
0.0163208
0.0163207
0.0163205
0.0163203
0.0163202
0.01632
0.0163199
0.0163197
0.0163196
0.0163194
0.0163193
0.0163278
0.0163278
0.0163278
0.0163278
0.0163277
0.0163277
0.0163276
0.0163275
0.0163275
0.0163274
0.0163273
0.0163272
0.0163271
0.016327
0.0163268
0.0163267
0.0163266
0.0163265
0.0163263
0.0163262
0.0163261
0.0163259
0.0163258
0.0163256
0.0163255
0.0163254
0.0163252
0.0163251
0.016325
0.0163249
0.0163247
0.0163246
0.0163245
0.0163244
0.0163242
0.0163241
0.016324
0.0163239
0.0163238
0.0163237
0.000622778
0.000633626
0.000650065
0.00066185
0.000670886
0.000678611
0.000685472
0.000691693
0.000697575
0.000703407
0.000709462
0.000716044
0.000723578
0.00073292
0.000745713
0.000622659
0.000631979
0.000630248
0.000630716
0.00063029
0.000629321
0.000628291
0.000627511
0.000627103
0.000627229
0.000628072
0.000630032
0.00063314
0.000639986
0.000643461
0.000990199
0.00100992
0.00102174
0.00103152
0.00103885
0.00104455
0.00104932
0.00105361
0.00105775
0.00106207
0.0010669
0.00107263
0.00107967
0.00108872
0.00109834
0.00133826
0.0013601
0.00137524
0.00138774
0.00139796
0.00140651
0.00141403
0.00142098
0.00142767
0.00143441
0.00144149
0.00144919
0.00145778
0.00146758
0.0014772
0.00169862
0.00172148
0.00173852
0.00175243
0.00176424
0.00177432
0.00178328
0.00179153
0.00179939
0.00180714
0.00181502
0.00182321
0.00183189
0.00184111
0.00185001
0.00210473
0.00212802
0.00214581
0.00216008
0.00217213
0.00218225
0.00219103
0.00219894
0.00220634
0.00221351
0.00222064
0.0022279
0.00223535
0.00224303
0.00224973
0.00260232
0.00262509
0.00264202
0.00265512
0.00266579
0.00267465
0.00268225
0.00268917
0.00269578
0.00270238
0.00270915
0.00271623
0.00272368
0.00273142
0.00273835
0.00330968
0.003329
0.00334428
0.00335668
0.00336705
0.00337601
0.00338401
0.00339142
0.00339849
0.00340542
0.00341233
0.00341929
0.00342632
0.00343328
0.00343879
0.00420289
0.00421889
0.00423172
0.00424219
0.00425092
0.00425838
0.00426495
0.00427089
0.00427643
0.0042817
0.0042868
0.00429179
0.00429667
0.00430124
0.00430394
0.00523834
0.00525016
0.00525962
0.00526726
0.00527349
0.00527865
0.00528303
0.00528682
0.00529018
0.00529323
0.00529603
0.00529864
0.00530105
0.00530301
0.00530277
0.00639979
0.00640644
0.00641147
0.00641522
0.00641797
0.00641995
0.00642132
0.00642225
0.00642283
0.00642317
0.0064233
0.00642326
0.00642303
0.00642228
0.00641915
0.00766207
0.00766277
0.00766257
0.00766164
0.00766016
0.00765826
0.00765604
0.0076536
0.007651
0.00764829
0.00764551
0.00764268
0.00763973
0.00763628
0.00763036
0.00897786
0.00897267
0.00896719
0.00896152
0.00895574
0.0089499
0.00894407
0.00893828
0.00893255
0.00892692
0.0089214
0.00891598
0.00891056
0.00890469
0.00889639
0.010277
0.0102673
0.0102578
0.0102486
0.0102395
0.0102307
0.0102221
0.0102138
0.0102058
0.010198
0.0101905
0.0101832
0.010176
0.0101685
0.0101586
0.0114886
0.0114765
0.0114648
0.0114536
0.0114428
0.0114324
0.0114225
0.0114129
0.0114037
0.0113949
0.0113864
0.0113783
0.0113703
0.011362
0.0113517
0.0125499
0.0125376
0.0125257
0.0125144
0.0125036
0.0124932
0.0124833
0.0124739
0.0124648
0.0124562
0.0124479
0.01244
0.0124322
0.0124242
0.0124144
0.0134311
0.0134199
0.0134093
0.0133991
0.0133894
0.0133802
0.0133714
0.0133629
0.0133549
0.0133473
0.01334
0.0133329
0.0133261
0.013319
0.0133105
0.0141285
0.0141193
0.0141105
0.0141022
0.0140942
0.0140866
0.0140793
0.0140724
0.0140658
0.0140596
0.0140536
0.0140478
0.0140422
0.0140364
0.0140295
0.0146647
0.0146575
0.0146506
0.0146441
0.0146378
0.0146319
0.0146262
0.0146208
0.0146157
0.0146108
0.0146061
0.0146016
0.0145972
0.0145927
0.0145874
0.0150681
0.0150626
0.0150574
0.0150525
0.0150478
0.0150433
0.015039
0.015035
0.0150311
0.0150274
0.0150239
0.0150205
0.0150172
0.0150138
0.0150098
0.0153694
0.0153654
0.0153615
0.0153579
0.0153544
0.0153511
0.0153479
0.0153449
0.0153421
0.0153394
0.0153368
0.0153343
0.0153318
0.0153293
0.0153264
0.0155944
0.0155915
0.0155887
0.015586
0.0155835
0.0155811
0.0155788
0.0155766
0.0155745
0.0155725
0.0155706
0.0155688
0.015567
0.0155652
0.0155631
0.0157635
0.0157613
0.0157593
0.0157574
0.0157556
0.0157539
0.0157522
0.0157507
0.0157492
0.0157478
0.0157464
0.0157451
0.0157438
0.0157425
0.015741
0.0158903
0.0158887
0.0158873
0.0158859
0.0158846
0.0158834
0.0158822
0.0158811
0.01588
0.015879
0.015878
0.0158771
0.0158761
0.0158752
0.0158741
0.0159865
0.0159854
0.0159844
0.0159834
0.0159825
0.0159816
0.0159807
0.0159799
0.0159791
0.0159784
0.0159777
0.015977
0.0159764
0.0159757
0.0159749
0.0160601
0.0160593
0.0160586
0.0160579
0.0160572
0.0160566
0.016056
0.0160554
0.0160548
0.0160543
0.0160538
0.0160533
0.0160528
0.0160524
0.0160518
0.0161167
0.0161162
0.0161156
0.0161151
0.0161147
0.0161142
0.0161138
0.0161133
0.016113
0.0161126
0.0161122
0.0161119
0.0161115
0.0161112
0.0161108
0.0161607
0.0161603
0.0161599
0.0161595
0.0161592
0.0161589
0.0161585
0.0161583
0.016158
0.0161577
0.0161574
0.0161572
0.016157
0.0161567
0.0161564
0.016195
0.0161947
0.0161944
0.0161942
0.0161939
0.0161937
0.0161935
0.0161933
0.0161931
0.0161929
0.0161927
0.0161925
0.0161924
0.0161922
0.016192
0.0162222
0.016222
0.0162218
0.0162216
0.0162214
0.0162212
0.0162211
0.0162209
0.0162208
0.0162207
0.0162205
0.0162204
0.0162203
0.0162202
0.01622
0.0162437
0.0162435
0.0162434
0.0162433
0.0162432
0.016243
0.0162429
0.0162428
0.0162427
0.0162426
0.0162425
0.0162425
0.0162424
0.0162423
0.0162422
0.0162609
0.0162608
0.0162607
0.0162606
0.0162605
0.0162605
0.0162604
0.0162603
0.0162602
0.0162602
0.0162601
0.01626
0.01626
0.0162599
0.0162598
0.0162748
0.0162747
0.0162747
0.0162746
0.0162745
0.0162745
0.0162744
0.0162744
0.0162743
0.0162743
0.0162742
0.0162742
0.0162741
0.0162741
0.016274
0.0162861
0.016286
0.016286
0.0162859
0.0162859
0.0162858
0.0162858
0.0162858
0.0162857
0.0162857
0.0162857
0.0162856
0.0162856
0.0162856
0.0162855
0.0162953
0.0162953
0.0162952
0.0162952
0.0162952
0.0162951
0.0162951
0.0162951
0.0162951
0.016295
0.016295
0.016295
0.016295
0.0162949
0.0162949
0.0163029
0.0163029
0.0163028
0.0163028
0.0163028
0.0163028
0.0163028
0.0163027
0.0163027
0.0163027
0.0163027
0.0163027
0.0163027
0.0163026
0.0163026
0.0163093
0.0163092
0.0163092
0.0163092
0.0163092
0.0163092
0.0163092
0.0163091
0.0163091
0.0163091
0.0163091
0.0163091
0.0163091
0.0163091
0.0163091
0.0163146
0.0163146
0.0163146
0.0163146
0.0163146
0.0163146
0.0163146
0.0163146
0.0163146
0.0163145
0.0163145
0.0163145
0.0163145
0.0163145
0.0163145
0.0163193
0.0163193
0.0163193
0.0163193
0.0163193
0.0163193
0.0163193
0.0163192
0.0163192
0.0163192
0.0163192
0.0163192
0.0163192
0.0163192
0.0163192
0.0163237
0.0163237
0.0163237
0.0163237
0.0163237
0.0163236
0.0163236
0.0163236
0.0163236
0.0163236
0.0163236
0.0163236
0.0163236
0.0163236
0.0163236
0.000736347
0.000739089
0.000744803
0.000752326
0.000760198
0.000767979
0.000775451
0.000782627
0.00079041
0.000800425
0.000814188
0.000832936
0.000858155
0.000892067
0.000937006
0.000991618
0.0010475
0.00108833
0.00109547
0.00105986
0.000992069
0.000929017
0.000890671
0.0008804
0.000889761
0.000894895
0.000889131
0.000891213
0.000891965
0.00088759
0.000887581
0.000891859
0.000891036
0.000889145
0.000894838
0.000889461
0.000880138
0.000890928
0.000929835
0.00099318
0.00106072
0.00109548
0.00108751
0.00104618
0.000990187
0.000935715
0.000891037
0.000857359
0.000832323
0.000813723
0.00080008
0.000790156
0.000782421
0.00077526
0.000767793
0.000760019
0.000752154
0.000744627
0.000738897
0.000736138
0.000646117
0.000647298
0.000650922
0.000656415
0.000663414
0.000671607
0.000680715
0.000690718
0.000701654
0.000713668
0.000727069
0.000742362
0.000760303
0.000781982
0.000808754
0.000841713
0.000880896
0.000925103
0.000973523
0.00102872
0.00109852
0.0011923
0.00130902
0.00143015
0.0015273
0.00159169
0.00162493
0.00162856
0.00160198
0.00154915
0.00154928
0.00160215
0.00162829
0.00162417
0.00159041
0.00152544
0.00142779
0.00130644
0.00119003
0.00109676
0.00102735
0.000972342
0.000924018
0.000879904
0.000840845
0.000808027
0.000781385
0.000759808
0.000741941
0.000726703
0.000713341
0.000701356
0.000690445
0.000680462
0.000671375
0.000663205
0.000656229
0.000650761
0.000647165
0.000646002
0.00110178
0.00110018
0.00109482
0.00108611
0.0010745
0.00106043
0.00104432
0.00102664
0.00100803
0.000989186
0.000970839
0.00095374
0.000938704
0.000926667
0.000918735
0.000916157
0.000920176
0.000931893
0.000952512
0.000984351
0.00103215
0.00110355
0.00120674
0.00134412
0.00150507
0.00166558
0.00179466
0.00187253
0.00190076
0.00189574
0.00189605
0.00190045
0.00187126
0.0017923
0.00166236
0.0015016
0.00134095
0.00120419
0.00110166
0.00103078
0.000983342
0.000951741
0.000931294
0.000919721
0.000915822
0.000918497
0.000926499
0.000938582
0.000953643
0.000970748
0.000989085
0.0010079
0.00102647
0.00104411
0.00106016
0.00107415
0.00108569
0.00109432
0.00109959
0.00110108
0.00148088
0.00147962
0.00147454
0.00146572
0.00145322
0.00143711
0.00141747
0.00139428
0.00136781
0.00133846
0.00130672
0.00127319
0.0012386
0.00120384
0.00117001
0.0011384
0.00111052
0.00108809
0.00107313
0.00106826
0.00107747
0.00110704
0.00116592
0.00126388
0.00140522
0.00157889
0.00175378
0.00189141
0.00196621
0.00198301
0.00198297
0.00196512
0.00188898
0.00175035
0.00157515
0.00140187
0.00126131
0.00116416
0.0011059
0.00107678
0.00106786
0.00107293
0.00108804
0.00111057
0.00113852
0.00117017
0.00120402
0.00123877
0.00127334
0.00130684
0.00133854
0.00136784
0.00139424
0.00141737
0.00143694
0.00145298
0.00146539
0.00147413
0.00147913
0.00148033
0.0018537
0.00185195
0.00184617
0.0018365
0.00182302
0.00180574
0.00178463
0.00175959
0.00173056
0.00169758
0.00166078
0.00162036
0.0015767
0.00153028
0.00148179
0.00143216
0.00138261
0.00133473
0.00129053
0.00125267
0.00122487
0.00121271
0.00122473
0.00127294
0.00137016
0.00152008
0.00170224
0.00186983
0.00197582
0.00200801
0.00200782
0.00197425
0.00186683
0.00169851
0.0015166
0.00136755
0.00127131
0.00122388
0.0012124
0.00122491
0.00125294
0.00129097
0.00133528
0.00138324
0.00143283
0.00148249
0.001531
0.00157743
0.00162109
0.0016615
0.00169829
0.00173125
0.00176026
0.00178527
0.00180634
0.00182358
0.00183701
0.00184662
0.00185233
0.00185399
0.00225289
0.00224977
0.00224211
0.00223026
0.00221433
0.00219435
0.00217028
0.00214205
0.00210947
0.00207252
0.00203118
0.00198546
0.00193542
0.00188123
0.00182318
0.00176175
0.00169767
0.00163199
0.00156624
0.00150256
0.00144414
0.00139578
0.00136514
0.00136433
0.00141026
0.00151839
0.00168402
0.00186324
0.00199001
0.00203126
0.00203102
0.00198816
0.00185999
0.00168046
0.0015156
0.00140863
0.0013637
0.00136522
0.00139631
0.00144495
0.00150358
0.00156739
0.00163326
0.00169902
0.00176317
0.00182465
0.00188275
0.00193698
0.00198706
0.00203282
0.00207419
0.00211116
0.00214375
0.00217199
0.00219604
0.002216
0.00223189
0.00224369
0.00225127
0.00225436
0.0027421
0.00273674
0.00272555
0.00270859
0.0026863
0.00265921
0.00262778
0.00259208
0.00255167
0.00250646
0.00245638
0.0024014
0.00234151
0.00227675
0.00220721
0.00213312
0.00205481
0.00197286
0.00188821
0.00180235
0.00171761
0.0016378
0.00156931
0.0015231
0.00151707
0.00157423
0.00170582
0.00187994
0.0020184
0.00206432
0.00206408
0.00201643
0.00187673
0.00170278
0.00157238
0.00151652
0.00152348
0.00157029
0.00163915
0.0017192
0.00180411
0.0018901
0.00197485
0.00205687
0.00213524
0.00220939
0.00227895
0.00234374
0.00240364
0.00245862
0.00250867
0.00255384
0.0025942
0.00262981
0.00266113
0.00268808
0.00271025
0.00272712
0.00273832
0.00274362
0.00344242
0.00343426
0.0034174
0.00339197
0.00335836
0.00331696
0.00326821
0.00321269
0.00315095
0.00308409
0.00301291
0.00293714
0.00285648
0.00277085
0.00268026
0.00258482
0.00248473
0.0023803
0.00227204
0.00216083
0.0020482
0.00193687
0.00183174
0.00174197
0.00168438
0.00168546
0.0017699
0.00192304
0.00206322
0.00210935
0.00210918
0.00206124
0.00192011
0.00176766
0.00168469
0.00168489
0.00174332
0.00183358
0.00193901
0.00205053
0.00216328
0.00227457
0.00238289
0.00248736
0.00258745
0.00268288
0.00277343
0.00285901
0.00293958
0.00301523
0.00308624
0.00315287
0.00321444
0.00326982
0.00331842
0.00335969
0.00339317
0.00341846
0.00343525
0.00344329
0.00430625
0.00429443
0.00427156
0.00423786
0.00419348
0.00413884
0.00407431
0.00400034
0.00391728
0.00382577
0.00372657
0.0036206
0.00350964
0.00339438
0.0032741
0.00314852
0.00301775
0.00288205
0.00274185
0.00259779
0.00245091
0.00230311
0.00215799
0.0020228
0.00191218
0.00185304
0.00187963
0.0019964
0.00212683
0.0021677
0.00216763
0.00212499
0.00199399
0.00187837
0.00185339
0.00191372
0.00202504
0.00216062
0.00230596
0.00245388
0.00260083
0.00274492
0.00288511
0.00302078
0.00315149
0.00327699
0.00339715
0.00351222
0.00362292
0.00372868
0.00382773
0.00391908
0.004002
0.00407583
0.00414023
0.00419474
0.00423898
0.00427264
0.00429543
0.00430712
0.00530311
0.00528717
0.00525816
0.0052163
0.0051618
0.00509478
0.00501563
0.00492473
0.00482226
0.00470864
0.0045844
0.00445018
0.00430687
0.00415569
0.0039989
0.00383719
0.0036695
0.00349569
0.0033161
0.00313137
0.00294243
0.0027508
0.00255924
0.00237343
0.00220564
0.00208124
0.00204019
0.00210536
0.00221289
0.00224131
0.0022414
0.00221133
0.00210366
0.00204001
0.0020827
0.00220816
0.0023765
0.00256259
0.00275428
0.00294597
0.0031349
0.00331959
0.00349911
0.00367283
0.00384038
0.00400189
0.00415836
0.0043093
0.00445242
0.00458648
0.00471057
0.00482404
0.00492637
0.00501713
0.00509613
0.00516302
0.0052175
0.00525932
0.00528823
0.00530402
0.00641683
0.00639626
0.0063608
0.00631066
0.00624604
0.006167
0.00607388
0.00596694
0.00584626
0.00571209
0.00556476
0.00540465
0.00523228
0.00504836
0.004854
0.00465091
0.00444202
0.00422621
0.00400268
0.00377179
0.00353441
0.00329196
0.00304679
0.00280356
0.0025725
0.00237658
0.00225829
0.00225668
0.00232613
0.00233264
0.00233294
0.00232499
0.00225585
0.00225924
0.00237911
0.0025759
0.00280737
0.00305077
0.00329598
0.00353842
0.00377572
0.00400652
0.0042299
0.00444553
0.00465408
0.00485684
0.00505097
0.00523471
0.00540692
0.00556687
0.00571405
0.00584807
0.00596861
0.00607541
0.0061684
0.0062473
0.0063119
0.00636198
0.00639734
0.00641775
0.0076246
0.00759903
0.00755704
0.00749884
0.00742458
0.00733431
0.00722836
0.00710664
0.00696926
0.00681633
0.00664796
0.00646432
0.00626563
0.00605222
0.00582461
0.0055837
0.00533116
0.0050703
0.00480078
0.0045211
0.00423158
0.00393342
0.00362875
0.00332156
0.00302055
0.00274617
0.00254117
0.00245776
0.00247254
0.00244535
0.00244591
0.00247195
0.00245792
0.00254325
0.00274969
0.00302475
0.00332602
0.00363327
0.0039379
0.00423596
0.00452535
0.00480485
0.00507412
0.00533451
0.00558673
0.0058274
0.0060548
0.00626803
0.00646656
0.00665004
0.00681825
0.00697104
0.00710827
0.00722985
0.00733566
0.00742579
0.00750001
0.00755814
0.00760002
0.00762544
0.00888654
0.00885603
0.00880813
0.00874298
0.00866068
0.0085612
0.00844472
0.00831103
0.00816006
0.00799173
0.00780595
0.00760263
0.00738169
0.0071431
0.00688696
0.00661352
0.00632346
0.00601836
0.00570179
0.00537343
0.00503121
0.00467553
0.00430808
0.00393229
0.00355563
0.0031962
0.00289559
0.00271617
0.00265815
0.00258252
0.00258341
0.00265824
0.00271739
0.00289878
0.00320061
0.00356053
0.00393731
0.00431305
0.00468037
0.00503588
0.00537788
0.00570593
0.00602192
0.00632665
0.00661645
0.00688967
0.00714562
0.00738402
0.00760479
0.00780796
0.00799359
0.00816178
0.00831261
0.00844617
0.00856252
0.00866189
0.00874416
0.00880925
0.00885706
0.00888744
0.0101446
0.0101101
0.010058
0.00998831
0.00990112
0.00979633
0.00967365
0.00953283
0.00937359
0.00919557
0.00899841
0.0087817
0.00854502
0.00828795
0.00801013
0.00771126
0.00739125
0.0070505
0.0066905
0.00631526
0.00592302
0.00551156
0.00508154
0.00463559
0.00417995
0.0037305
0.0033268
0.00303853
0.00288945
0.00274816
0.00274944
0.0028903
0.00304085
0.00333101
0.00373569
0.00418543
0.00464104
0.00508683
0.00551661
0.0059278
0.00631969
0.00669427
0.00705381
0.00739426
0.00771401
0.00801266
0.00829029
0.00854716
0.00878367
0.00900022
0.00919723
0.0093751
0.00953422
0.00967492
0.00979748
0.00990216
0.00998932
0.0100589
0.010111
0.0101454
0.0113342
0.0112972
0.0112434
0.0111727
0.0110849
0.0109797
0.0108567
0.0107153
0.010555
0.0103751
0.0101749
0.00995354
0.00971025
0.00944412
0.00915427
0.00883979
0.00849988
0.00813396
0.00774202
0.00732552
0.0068887
0.00642712
0.00593889
0.00542523
0.0048909
0.00434937
0.00383749
0.00342975
0.0031722
0.00294644
0.00294815
0.00317391
0.00343314
0.00384261
0.0043552
0.0048968
0.00543095
0.0059443
0.00643218
0.00689335
0.0073295
0.00774542
0.00813697
0.00850259
0.00884223
0.00915647
0.0094461
0.00971202
0.00995512
0.0101763
0.0103763
0.0105561
0.0107163
0.0108575
0.0109804
0.0110855
0.0111733
0.0112439
0.0112976
0.0113345
0.0123947
0.0123577
0.0123054
0.0122376
0.0121539
0.012054
0.0119371
0.0118024
0.011649
0.011476
0.0112822
0.0110665
0.0108274
0.0105636
0.0102736
0.00995579
0.00960859
0.00923047
0.00882014
0.00837708
0.00790289
0.00740046
0.00686275
0.00628845
0.00568018
0.00504858
0.00442698
0.00389233
0.00351099
0.00318127
0.00318346
0.00351358
0.00389672
0.00443286
0.00505489
0.00568634
0.00629426
0.00686814
0.00740539
0.00790721
0.00838054
0.00882312
0.00923308
0.00961089
0.00995782
0.0102754
0.0105652
0.0108288
0.0110677
0.0112833
0.0114769
0.0116498
0.011803
0.0119376
0.0120544
0.0121543
0.0122379
0.0123057
0.0123579
0.0123949
0.0132901
0.013255
0.0132069
0.0131452
0.0130697
0.0129796
0.012874
0.0127521
0.0126127
0.0124544
0.0122759
0.0120754
0.0118511
0.0116012
0.0113234
0.0110154
0.0106749
0.0102992
0.00988576
0.00943241
0.00893795
0.00840487
0.00783007
0.00720658
0.00653388
0.00581899
0.0050906
0.00442574
0.00390854
0.00345598
0.00345869
0.00391201
0.00443102
0.00509707
0.00582558
0.00654013
0.00721234
0.0078353
0.00840952
0.00894154
0.00943536
0.00988828
0.0103013
0.0106767
0.011017
0.0113248
0.0116024
0.0118521
0.0120762
0.0122766
0.0124551
0.0126132
0.0127526
0.0128744
0.0129799
0.0130699
0.0131455
0.0132071
0.0132553
0.0132903
0.0140099
0.0139782
0.0139359
0.0138824
0.0138173
0.0137398
0.0136489
0.0135437
0.0134227
0.0132846
0.0131275
0.0129496
0.0127486
0.0125221
0.0122673
0.0119812
0.0116606
0.0113018
0.010901
0.0104542
0.00995797
0.00941032
0.00881327
0.00815601
0.00743302
0.00664661
0.00581949
0.00502612
0.0043653
0.00377291
0.00377613
0.00436961
0.00503213
0.00582635
0.00665328
0.00743912
0.00816145
0.008818
0.00941409
0.00996096
0.0104567
0.0109031
0.0113036
0.0116621
0.0119825
0.0122684
0.012523
0.0127494
0.0129503
0.0131282
0.0132852
0.0134233
0.0135442
0.0136495
0.0137403
0.0138178
0.0138829
0.0139364
0.0139788
0.0140104
0.0145694
0.0145418
0.0145058
0.0144608
0.0144065
0.0143421
0.0142667
0.0141791
0.0140781
0.0139621
0.0138293
0.0136776
0.0135046
0.0133075
0.0130832
0.012828
0.0125378
0.0122081
0.0118339
0.0114095
0.0109292
0.0103877
0.00978238
0.00910977
0.00835465
0.0075133
0.00660082
0.00568615
0.00487912
0.004133
0.00413674
0.00488417
0.00569272
0.00660787
0.00751987
0.00836049
0.00911485
0.00978669
0.0103909
0.0109317
0.0114115
0.0118356
0.0122095
0.012539
0.012829
0.013084
0.0133083
0.0135052
0.0136781
0.0138297
0.0139624
0.0140784
0.0141793
0.0142669
0.0143423
0.0144066
0.0144609
0.0145058
0.0145418
0.0145694
0.014994
0.0149704
0.0149404
0.0149035
0.0148593
0.014807
0.0147459
0.0146749
0.0145929
0.0144984
0.0143896
0.0142644
0.0141205
0.0139549
0.0137643
0.0135447
0.0132915
0.0129993
0.0126622
0.0122731
0.0118241
0.0113071
0.0107144
0.0100431
0.00927539
0.00839879
0.00741882
0.00639549
0.00544528
0.00453567
0.00453987
0.00545096
0.00640245
0.00742585
0.00840509
0.00928079
0.0100476
0.0107178
0.0113096
0.0118261
0.0122747
0.0126635
0.0130004
0.0132924
0.0135454
0.0137649
0.0139554
0.0141209
0.0142647
0.0143898
0.0144985
0.014593
0.014675
0.0147459
0.014807
0.0148592
0.0149034
0.0149403
0.0149703
0.0149939
0.0153124
0.0152926
0.0152678
0.0152379
0.0152022
0.0151604
0.0151116
0.0150551
0.0149897
0.0149141
0.0148269
0.0147261
0.0146094
0.0144741
0.0143168
0.0141335
0.0139194
0.0136689
0.013375
0.0130296
0.0126235
0.0121456
0.0115844
0.0109297
0.0101707
0.00928127
0.00825555
0.0071413
0.00605668
0.00497868
0.00498331
0.00606287
0.00714845
0.00826239
0.00928715
0.0101756
0.0109336
0.0115871
0.0121476
0.012625
0.0130309
0.0133759
0.0136696
0.01392
0.014134
0.0143171
0.0144743
0.0146096
0.0147262
0.0148269
0.0149141
0.0149896
0.0150549
0.0151114
0.0151602
0.015202
0.0152376
0.0152676
0.0152923
0.0153121
0.0155509
0.0155343
0.015514
0.0154897
0.0154611
0.0154278
0.015389
0.0153443
0.0152926
0.0152328
0.0151638
0.0150838
0.0149908
0.0148824
0.0147554
0.014606
0.0144297
0.0142206
0.0139716
0.0136741
0.0133175
0.012889
0.0123737
0.0117556
0.0110219
0.0101411
0.00909297
0.00790935
0.00670438
0.00545832
0.00546331
0.00671093
0.0079165
0.00909947
0.0101464
0.0110262
0.0117586
0.0123758
0.0128906
0.0133187
0.013675
0.0139723
0.0142211
0.01443
0.0146063
0.0147555
0.0148824
0.0149908
0.0150838
0.0151637
0.0152328
0.0152924
0.0153441
0.0153889
0.0154276
0.015461
0.0154896
0.0155139
0.0155342
0.0155507
0.0157304
0.0157166
0.0156999
0.0156803
0.0156573
0.0156306
0.0155998
0.0155643
0.0155235
0.0154764
0.015422
0.015359
0.0152855
0.0151996
0.0150985
0.0149789
0.0148364
0.0146657
0.0144598
0.0142099
0.0139051
0.0135312
0.0130712
0.0125044
0.0118096
0.0109591
0.00991314
0.00868463
0.00737808
0.0059696
0.00597488
0.00738486
0.00869166
0.00991924
0.010964
0.0118136
0.0125068
0.0130728
0.0135325
0.013906
0.0142106
0.0144602
0.014666
0.0148366
0.014979
0.0150986
0.0151996
0.0152855
0.0153589
0.0154219
0.0154763
0.0155234
0.0155642
0.0155996
0.0156304
0.0156571
0.0156801
0.0156997
0.0157164
0.0157302
0.015865
0.0158535
0.0158399
0.015824
0.0158055
0.0157842
0.0157597
0.0157317
0.0156994
0.0156623
0.0156195
0.0155699
0.0155122
0.0154446
0.0153648
0.01527
0.0151564
0.0150192
0.0148521
0.0146466
0.0143918
0.0140736
0.0136731
0.0131668
0.0125266
0.0117223
0.0107009
0.0094528
0.0080669
0.00650653
0.00651203
0.00807376
0.00945956
0.0107064
0.0117265
0.0125295
0.0131687
0.0136744
0.0140745
0.0143925
0.014647
0.0148523
0.0150194
0.0151565
0.01527
0.0153647
0.0154445
0.0155121
0.0155698
0.0156194
0.0156621
0.0156992
0.0157314
0.0157595
0.0157839
0.0158052
0.0158237
0.0158396
0.0158533
0.0158647
0.0159672
0.0159576
0.0159464
0.0159334
0.0159185
0.0159014
0.0158819
0.0158595
0.015834
0.0158047
0.0157709
0.0157319
0.0156865
0.0156333
0.0155706
0.0154959
0.0154061
0.0152971
0.0151632
0.0149969
0.014788
0.0145226
0.0141818
0.0137402
0.0131652
0.0124198
0.0114431
0.0102006
0.00875989
0.00706255
0.00706818
0.00876672
0.010207
0.0114482
0.0124235
0.0131674
0.0137417
0.0141827
0.0145232
0.0147884
0.0149971
0.0151633
0.0152971
0.0154061
0.0154958
0.0155705
0.0156332
0.0156864
0.0157318
0.0157708
0.0158045
0.0158338
0.0158594
0.0158817
0.0159012
0.0159183
0.0159332
0.0159462
0.0159574
0.015967
0.0160452
0.0160372
0.016028
0.0160174
0.0160053
0.0159915
0.0159758
0.015958
0.0159376
0.0159143
0.0158876
0.0158568
0.015821
0.0157791
0.0157297
0.015671
0.0156002
0.0155141
0.0154077
0.0152747
0.0151059
0.0148883
0.0146039
0.0142269
0.0137219
0.0130431
0.012129
0.0109161
0.00944647
0.00763079
0.0076365
0.00945316
0.0109221
0.0121335
0.0130464
0.0137236
0.014228
0.0146046
0.0148888
0.0151062
0.0152749
0.0154078
0.0155141
0.0156002
0.0156709
0.0157297
0.015779
0.0158209
0.0158567
0.0158875
0.0159143
0.0159376
0.0159579
0.0159758
0.0159915
0.0160053
0.0160174
0.016028
0.0160373
0.0160452
0.0161052
0.0160986
0.016091
0.0160823
0.0160724
0.0160612
0.0160486
0.0160342
0.0160179
0.0159994
0.0159781
0.0159536
0.0159252
0.0158921
0.0158532
0.0158068
0.0157511
0.0156832
0.0155992
0.0154936
0.0153585
0.0151825
0.0149489
0.0146329
0.0141983
0.0135941
0.0127529
0.0115901
0.010117
0.00820445
0.00821017
0.0101235
0.0115956
0.0127568
0.0135966
0.0141996
0.0146337
0.0149494
0.0151828
0.0153587
0.0154936
0.0155992
0.0156832
0.0157511
0.0158068
0.0158532
0.0158921
0.0159252
0.0159536
0.0159781
0.0159994
0.016018
0.0160343
0.0160486
0.0160613
0.0160724
0.0160823
0.016091
0.0160986
0.0161052
0.0161517
0.0161462
0.0161399
0.0161327
0.0161247
0.0161156
0.0161053
0.0160938
0.0160806
0.0160657
0.0160487
0.0160291
0.0160065
0.0159802
0.0159494
0.0159127
0.0158687
0.0158151
0.0157488
0.0156652
0.0155579
0.0154169
0.0152275
0.0149667
0.0145993
0.0140723
0.0133089
0.0122147
0.010763
0.00877699
0.00878266
0.0107693
0.01222
0.0133131
0.0140742
0.0146004
0.0149673
0.0152278
0.0154171
0.015558
0.0156653
0.0157488
0.0158152
0.0158688
0.0159128
0.0159494
0.0159803
0.0160066
0.0160292
0.0160488
0.0160658
0.0160807
0.0160939
0.0161055
0.0161157
0.0161248
0.0161329
0.01614
0.0161463
0.0161519
0.016188
0.0161834
0.0161782
0.0161723
0.0161657
0.0161583
0.0161499
0.0161405
0.0161299
0.0161178
0.0161041
0.0160884
0.0160704
0.0160494
0.0160248
0.0159957
0.0159608
0.0159183
0.0158659
0.0157999
0.0157148
0.0156026
0.0154504
0.0152378
0.0149321
0.0144805
0.0138004
0.0127862
0.0113775
0.00934239
0.00934798
0.0113835
0.0127909
0.0138036
0.014482
0.0149329
0.0152383
0.0154506
0.0156028
0.0157149
0.0158
0.015866
0.0159184
0.0159609
0.0159958
0.0160249
0.0160495
0.0160705
0.0160886
0.0161043
0.016118
0.0161301
0.0161407
0.0161501
0.0161585
0.0161659
0.0161725
0.0161784
0.0161836
0.0161882
0.0162167
0.0162128
0.0162084
0.0162036
0.0161981
0.0161921
0.0161852
0.0161776
0.0161689
0.0161592
0.0161481
0.0161354
0.0161208
0.016104
0.0160843
0.016061
0.0160332
0.0159995
0.0159579
0.0159056
0.0158382
0.0157492
0.0156276
0.0154561
0.0152049
0.014824
0.0142289
0.0133025
0.0119552
0.00989535
0.0099008
0.0119608
0.0133066
0.0142313
0.0148251
0.0152055
0.0154564
0.0156279
0.0157493
0.0158384
0.0159057
0.015958
0.0159996
0.0160333
0.0160612
0.0160844
0.0161041
0.016121
0.0161356
0.0161483
0.0161594
0.0161691
0.0161778
0.0161854
0.0161923
0.0161984
0.0162038
0.0162087
0.016213
0.0162169
0.0162393
0.0162361
0.0162325
0.0162285
0.016224
0.016219
0.0162134
0.0162071
0.0162
0.0161921
0.0161831
0.0161728
0.016161
0.0161474
0.0161315
0.0161128
0.0160905
0.0160636
0.0160305
0.0159889
0.0159355
0.0158648
0.0157681
0.0156306
0.0154264
0.0151094
0.0145969
0.0137629
0.0124923
0.0104313
0.0104365
0.0124974
0.0137663
0.0145988
0.0151103
0.0154268
0.0156309
0.0157683
0.015865
0.0159357
0.0159891
0.0160306
0.0160638
0.0160907
0.016113
0.0161317
0.0161476
0.0161612
0.016173
0.0161832
0.0161923
0.0162002
0.0162073
0.0162135
0.0162191
0.0162241
0.0162286
0.0162326
0.0162363
0.0162395
0.0162574
0.0162547
0.0162517
0.0162484
0.0162447
0.0162405
0.0162359
0.0162308
0.016225
0.0162185
0.0162111
0.0162027
0.0161931
0.0161821
0.0161693
0.0161542
0.0161362
0.0161146
0.0160881
0.0160549
0.0160124
0.0159562
0.0158794
0.0157695
0.0156048
0.015344
0.0149089
0.0141658
0.0129853
0.0109462
0.0109513
0.0129903
0.0141699
0.0149103
0.0153447
0.0156052
0.0157698
0.0158796
0.0159564
0.0160126
0.0160551
0.0160883
0.0161148
0.0161364
0.0161543
0.0161694
0.0161823
0.0161933
0.0162029
0.0162113
0.0162186
0.0162251
0.0162309
0.0162361
0.0162407
0.0162448
0.0162485
0.0162519
0.0162549
0.0162576
0.016272
0.0162698
0.0162672
0.0162645
0.0162614
0.0162579
0.0162541
0.0162499
0.0162451
0.0162398
0.0162337
0.0162269
0.016219
0.01621
0.0161996
0.0161873
0.0161728
0.0161554
0.016134
0.0161074
0.0160735
0.0160287
0.0159675
0.01588
0.0157478
0.0155351
0.0151704
0.0145206
0.0134346
0.0114372
0.0114421
0.0134391
0.0145233
0.0151715
0.0155357
0.0157481
0.0158802
0.0159677
0.0160289
0.0160736
0.0161076
0.0161342
0.0161555
0.016173
0.0161875
0.0161997
0.0162102
0.0162192
0.016227
0.0162338
0.0162399
0.0162452
0.01625
0.0162542
0.016258
0.0162615
0.0162645
0.0162673
0.0162698
0.0162721
0.0162838
0.0162819
0.0162798
0.0162775
0.0162749
0.0162721
0.0162689
0.0162654
0.0162615
0.0162571
0.0162521
0.0162465
0.01624
0.0162327
0.0162241
0.0162141
0.0162023
0.0161882
0.0161709
0.0161495
0.0161222
0.0160864
0.0160376
0.0159678
0.015862
0.0156898
0.0153873
0.0148278
0.0138402
0.011902
0.0119067
0.0138441
0.0148298
0.0153882
0.0156903
0.0158623
0.015968
0.0160378
0.0160866
0.0161224
0.0161496
0.0161711
0.0161883
0.0162025
0.0162143
0.0162242
0.0162328
0.0162401
0.0162465
0.0162522
0.0162571
0.0162615
0.0162655
0.016269
0.0162721
0.016275
0.0162775
0.0162799
0.016282
0.0162839
0.0162935
0.0162919
0.0162901
0.0162882
0.016286
0.0162837
0.016281
0.0162781
0.0162749
0.0162712
0.0162671
0.0162624
0.0162571
0.0162511
0.0162441
0.0162359
0.0162262
0.0162147
0.0162007
0.0161833
0.0161613
0.0161325
0.0160934
0.0160377
0.0159532
0.0158144
0.015566
0.0150901
0.0142026
0.0123391
0.0123434
0.014206
0.0150917
0.015567
0.0158148
0.0159534
0.0160379
0.0160936
0.0161327
0.0161614
0.0161834
0.0162008
0.0162148
0.0162263
0.016236
0.0162441
0.0162511
0.0162572
0.0162625
0.0162671
0.0162712
0.0162749
0.0162781
0.0162811
0.0162837
0.0162861
0.0162882
0.0162901
0.0162919
0.0162935
0.0163014
0.0163001
0.0162986
0.016297
0.0162952
0.0162932
0.016291
0.0162886
0.0162859
0.0162828
0.0162794
0.0162756
0.0162712
0.0162662
0.0162604
0.0162536
0.0162457
0.0162363
0.0162248
0.0162107
0.0161928
0.0161696
0.0161382
0.0160936
0.0160259
0.0159145
0.0157126
0.0153119
0.0145234
0.0127473
0.0127514
0.0145264
0.0153133
0.0157136
0.0159148
0.0160261
0.0160937
0.0161383
0.0161697
0.016193
0.0162108
0.0162249
0.0162363
0.0162458
0.0162537
0.0162604
0.0162662
0.0162712
0.0162756
0.0162794
0.0162828
0.0162859
0.0162886
0.016291
0.0162932
0.0162952
0.016297
0.0162986
0.0163001
0.0163015
0.016308
0.0163069
0.0163057
0.0163043
0.0163028
0.0163011
0.0162993
0.0162973
0.016295
0.0162925
0.0162896
0.0162864
0.0162828
0.0162786
0.0162738
0.0162682
0.0162617
0.0162539
0.0162445
0.016233
0.0162184
0.0161996
0.0161742
0.0161383
0.0160841
0.0159948
0.015832
0.0154978
0.0148048
0.0131262
0.01313
0.0148074
0.015499
0.0158327
0.015995
0.0160843
0.0161385
0.0161743
0.0161997
0.0162185
0.016233
0.0162446
0.016254
0.0162617
0.0162683
0.0162738
0.0162786
0.0162828
0.0162864
0.0162896
0.0162925
0.016295
0.0162973
0.0162993
0.0163012
0.0163028
0.0163043
0.0163057
0.016307
0.0163081
0.0163137
0.0163127
0.0163117
0.0163105
0.0163092
0.0163078
0.0163063
0.0163046
0.0163027
0.0163005
0.0162982
0.0162955
0.0162924
0.0162889
0.0162849
0.0162803
0.0162749
0.0162685
0.0162607
0.0162512
0.0162393
0.0162239
0.0162033
0.0161744
0.0161308
0.0160592
0.0159284
0.0156523
0.0150493
0.0134755
0.0134791
0.0150516
0.0156532
0.0159289
0.0160594
0.016131
0.0161745
0.0162034
0.016224
0.0162394
0.0162513
0.0162608
0.0162685
0.0162749
0.0162804
0.016285
0.016289
0.0162924
0.0162955
0.0162982
0.0163006
0.0163027
0.0163046
0.0163063
0.0163079
0.0163093
0.0163105
0.0163117
0.0163127
0.0163137
0.0163185
0.0163177
0.0163168
0.0163158
0.0163147
0.0163136
0.0163123
0.0163108
0.0163092
0.0163074
0.0163054
0.0163031
0.0163005
0.0162976
0.0162943
0.0162904
0.0162859
0.0162805
0.0162741
0.0162662
0.0162564
0.0162438
0.016227
0.0162035
0.0161684
0.0161109
0.0160061
0.0157797
0.0152604
0.0137963
0.0137996
0.0152623
0.0157804
0.0160065
0.0161111
0.0161685
0.0162036
0.0162271
0.0162439
0.0162565
0.0162663
0.0162741
0.0162806
0.0162859
0.0162904
0.0162943
0.0162976
0.0163006
0.0163031
0.0163054
0.0163074
0.0163092
0.0163108
0.0163123
0.0163136
0.0163148
0.0163158
0.0163168
0.0163177
0.0163185
0.016323
0.0163223
0.0163215
0.0163207
0.0163198
0.0163188
0.0163176
0.0163164
0.016315
0.0163134
0.0163117
0.0163097
0.0163075
0.016305
0.0163022
0.0162989
0.0162951
0.0162906
0.0162853
0.0162787
0.0162706
0.0162602
0.0162464
0.0162272
0.0161988
0.0161525
0.0160685
0.015884
0.0154396
0.0140868
0.0140899
0.0154412
0.0158845
0.0160688
0.0161526
0.0161989
0.0162273
0.0162464
0.0162602
0.0162706
0.0162787
0.0162853
0.0162907
0.0162951
0.016299
0.0163022
0.0163051
0.0163076
0.0163097
0.0163117
0.0163134
0.016315
0.0163164
0.0163176
0.0163188
0.0163198
0.0163207
0.0163216
0.0163223
0.016323
0.000745553
0.000732925
0.000723683
0.000716221
0.000709697
0.000703695
0.000697915
0.000692085
0.000685923
0.000679133
0.000671492
0.000662564
0.000650945
0.000634833
0.000624345
0.000643231
0.000639707
0.000632958
0.000629828
0.000627846
0.000626967
0.000626801
0.000627164
0.000627896
0.000628878
0.0006298
0.000630188
0.0006297
0.000631409
0.000622098
0.00109752
0.00108796
0.00107897
0.00107194
0.00106619
0.00106134
0.001057
0.00105284
0.00104854
0.00104376
0.00103807
0.00103078
0.0010211
0.00100941
0.000989955
0.00147653
0.00146698
0.00145726
0.00144872
0.00144104
0.00143399
0.00142727
0.00142061
0.00141371
0.00140625
0.00139779
0.0013877
0.00137538
0.00136048
0.00133901
0.0018501
0.00184128
0.00183214
0.00182353
0.00181539
0.00180756
0.00179985
0.00179205
0.00178387
0.00177501
0.00176505
0.00175341
0.00173973
0.00172298
0.00170057
0.00225091
0.00224428
0.00223668
0.0022293
0.00222211
0.00221502
0.00220791
0.00220056
0.00219272
0.00218402
0.00217402
0.00216215
0.00214811
0.00213063
0.00210783
0.00273968
0.00273297
0.00272544
0.00271819
0.00271129
0.00270467
0.00269822
0.00269174
0.00268494
0.00267748
0.00266878
0.0026583
0.00264545
0.00262888
0.00260666
0.00343944
0.00343412
0.00342738
0.00342055
0.00341379
0.00340708
0.00340035
0.00339348
0.00338629
0.00337852
0.00336985
0.00335981
0.00334784
0.0033331
0.00331451
0.00430458
0.00430206
0.0042977
0.00429303
0.00428826
0.00428339
0.00427835
0.00427306
0.00426738
0.00426112
0.00425401
0.00424569
0.00423571
0.00422348
0.00420825
0.00530345
0.00530385
0.00530209
0.00529989
0.0052975
0.00529493
0.00529213
0.00528903
0.00528553
0.00528149
0.0052767
0.0052709
0.00526378
0.00525493
0.00524387
0.00641985
0.00642313
0.00642405
0.00642448
0.00642473
0.00642482
0.00642473
0.00642441
0.00642378
0.00642273
0.00642114
0.00641882
0.00641558
0.00641115
0.00640522
0.007631
0.00763703
0.00764062
0.00764373
0.00764673
0.00764969
0.00765261
0.00765543
0.00765813
0.00766063
0.00766285
0.0076647
0.00766605
0.00766674
0.00766662
0.00889712
0.00890551
0.00891149
0.00891703
0.00892258
0.00892825
0.00893404
0.00893994
0.00894594
0.008952
0.00895809
0.00896416
0.00897015
0.00897601
0.00898164
0.0101593
0.0101692
0.0101768
0.0101841
0.0101915
0.0101991
0.0102069
0.0102151
0.0102235
0.0102323
0.0102412
0.0102505
0.01026
0.0102697
0.0102797
0.0113519
0.0113622
0.0113706
0.0113786
0.0113868
0.0113953
0.0114041
0.0114133
0.011423
0.011433
0.0114434
0.0114543
0.0114656
0.0114774
0.0114897
0.0124145
0.0124243
0.0124323
0.0124401
0.012448
0.0124563
0.012465
0.012474
0.0124835
0.0124934
0.0125037
0.0125146
0.0125259
0.0125378
0.0125502
0.0133106
0.0133191
0.0133262
0.013333
0.01334
0.0133473
0.0133549
0.0133629
0.0133713
0.0133801
0.0133893
0.013399
0.0134091
0.0134197
0.0134309
0.01403
0.0140369
0.0140427
0.0140483
0.014054
0.01406
0.0140662
0.0140728
0.0140797
0.0140869
0.0140945
0.0141024
0.0141107
0.0141195
0.0141287
0.0145874
0.0145927
0.0145972
0.0146015
0.014606
0.0146106
0.0146155
0.0146206
0.0146259
0.0146316
0.0146375
0.0146437
0.0146502
0.014657
0.0146642
0.0150097
0.0150137
0.015017
0.0150203
0.0150237
0.0150271
0.0150308
0.0150347
0.0150387
0.0150429
0.0150474
0.0150521
0.015057
0.0150621
0.0150675
0.0153261
0.015329
0.0153315
0.0153339
0.0153364
0.0153389
0.0153416
0.0153445
0.0153474
0.0153506
0.0153538
0.0153573
0.0153609
0.0153647
0.0153687
0.0155629
0.015565
0.0155669
0.0155686
0.0155704
0.0155723
0.0155742
0.0155763
0.0155785
0.0155807
0.0155831
0.0155857
0.0155883
0.0155911
0.015594
0.0157407
0.0157423
0.0157436
0.0157448
0.0157461
0.0157475
0.0157489
0.0157503
0.0157519
0.0157535
0.0157552
0.015757
0.0157589
0.0157609
0.0157629
0.0158738
0.0158749
0.0158758
0.0158767
0.0158777
0.0158786
0.0158796
0.0158807
0.0158818
0.015883
0.0158842
0.0158855
0.0158869
0.0158883
0.0158898
0.0159747
0.0159755
0.0159762
0.0159768
0.0159775
0.0159782
0.0159789
0.0159797
0.0159805
0.0159813
0.0159822
0.0159831
0.0159841
0.0159851
0.0159862
0.0160518
0.0160524
0.0160529
0.0160533
0.0160538
0.0160543
0.0160548
0.0160554
0.0160559
0.0160565
0.0160572
0.0160578
0.0160585
0.0160593
0.0160601
0.0161108
0.0161112
0.0161115
0.0161119
0.0161122
0.0161126
0.0161129
0.0161133
0.0161137
0.0161142
0.0161146
0.0161151
0.0161156
0.0161161
0.0161167
0.0161566
0.0161569
0.0161571
0.0161574
0.0161576
0.0161579
0.0161581
0.0161584
0.0161587
0.016159
0.0161593
0.0161597
0.01616
0.0161604
0.0161608
0.0161922
0.0161924
0.0161926
0.0161928
0.0161929
0.0161931
0.0161933
0.0161935
0.0161937
0.0161939
0.0161941
0.0161944
0.0161946
0.0161949
0.0161952
0.0162202
0.0162204
0.0162205
0.0162206
0.0162207
0.0162209
0.016221
0.0162211
0.0162213
0.0162214
0.0162216
0.0162218
0.016222
0.0162221
0.0162223
0.0162423
0.0162424
0.0162425
0.0162426
0.0162427
0.0162428
0.0162429
0.016243
0.0162431
0.0162432
0.0162433
0.0162434
0.0162435
0.0162437
0.0162438
0.01626
0.01626
0.0162601
0.0162602
0.0162602
0.0162603
0.0162604
0.0162604
0.0162605
0.0162606
0.0162607
0.0162607
0.0162608
0.0162609
0.016261
0.0162741
0.0162742
0.0162742
0.0162743
0.0162743
0.0162743
0.0162744
0.0162744
0.0162745
0.0162745
0.0162746
0.0162747
0.0162747
0.0162748
0.0162749
0.0162856
0.0162856
0.0162856
0.0162857
0.0162857
0.0162857
0.0162858
0.0162858
0.0162858
0.0162859
0.0162859
0.016286
0.016286
0.016286
0.0162861
0.0162949
0.0162949
0.016295
0.016295
0.016295
0.016295
0.0162951
0.0162951
0.0162951
0.0162951
0.0162952
0.0162952
0.0162952
0.0162953
0.0162953
0.0163027
0.0163027
0.0163027
0.0163027
0.0163027
0.0163027
0.0163028
0.0163028
0.0163028
0.0163028
0.0163028
0.0163029
0.0163029
0.0163029
0.0163029
0.0163091
0.0163091
0.0163091
0.0163091
0.0163091
0.0163092
0.0163092
0.0163092
0.0163092
0.0163092
0.0163092
0.0163092
0.0163093
0.0163093
0.0163093
0.0163145
0.0163145
0.0163145
0.0163146
0.0163146
0.0163146
0.0163146
0.0163146
0.0163146
0.0163146
0.0163146
0.0163146
0.0163146
0.0163147
0.0163147
0.0163192
0.0163192
0.0163192
0.0163192
0.0163193
0.0163193
0.0163193
0.0163193
0.0163193
0.0163193
0.0163193
0.0163193
0.0163193
0.0163193
0.0163193
0.0163236
0.0163236
0.0163236
0.0163236
0.0163236
0.0163236
0.0163236
0.0163236
0.0163236
0.0163236
0.0163237
0.0163237
0.0163237
0.0163237
0.0163237
0.000631997
0.000646703
0.000655362
0.000662887
0.000669074
0.000674503
0.000679247
0.000683426
0.000687077
0.000690221
0.000692863
0.000694986
0.000696574
0.000697608
0.000698064
0.000697934
0.000697228
0.000695967
0.000694204
0.000692002
0.000689248
0.000685895
0.000682214
0.000678901
0.000677045
0.000677121
0.000678473
0.000680791
0.000684294
0.000689443
0.000697043
0.000708465
0.00072514
0.00074898
0.000783082
0.000830012
0.000889322
0.000935367
0.000889257
0.000972154
0.000595383
0.000596853
0.00059612
0.000595791
0.000595326
0.000594702
0.000593901
0.000592883
0.000591619
0.000590073
0.000588203
0.000585965
0.000583313
0.000580199
0.000576587
0.000572467
0.0005679
0.000562892
0.000557393
0.000551396
0.000544674
0.000539357
0.000536631
0.000538682
0.000551969
0.000579441
0.000615017
0.000655337
0.000700863
0.000753059
0.000814356
0.000891141
0.000989016
0.00111802
0.00130668
0.00158497
0.00197519
0.00247453
0.00297014
0.00326027
0.000957449
0.000967537
0.000975546
0.00098122
0.000985659
0.000989173
0.000992065
0.000994485
0.000996548
0.000998328
0.000999894
0.0010013
0.00100258
0.00100382
0.00100508
0.00100655
0.00100843
0.00101105
0.00101542
0.00102273
0.00103806
0.00106701
0.0011025
0.00114154
0.001193
0.00127012
0.00136533
0.00147023
0.00158574
0.00171521
0.00186098
0.00204291
0.00226683
0.00252634
0.00287793
0.00336578
0.00399539
0.00470179
0.0052425
0.00548647
0.00130792
0.00131841
0.00132752
0.0013346
0.00134042
0.00134525
0.00134937
0.00135298
0.00135624
0.00135928
0.00136223
0.00136522
0.00136835
0.00137176
0.00137558
0.00138011
0.00138552
0.00139368
0.00140725
0.00142813
0.0014647
0.00153815
0.00163853
0.00174762
0.00186505
0.00199183
0.00212748
0.00227339
0.00243201
0.00261033
0.00279145
0.00303411
0.00336311
0.00380042
0.00436515
0.0050562
0.00583416
0.00660833
0.00721555
0.00744952
0.00167043
0.00168118
0.00169133
0.00170005
0.00170776
0.00171463
0.00172093
0.00172688
0.00173274
0.00173874
0.00174524
0.00175262
0.00176131
0.00177177
0.00178424
0.00179837
0.00181583
0.0018422
0.00189045
0.0019696
0.0020799
0.00221462
0.00235775
0.00250669
0.00266172
0.00282371
0.00299199
0.00317005
0.00335735
0.00360136
0.00391775
0.00432524
0.00483394
0.00544604
0.00615151
0.00692611
0.00770409
0.00840347
0.0089198
0.0091264
0.0020784
0.00209043
0.0021028
0.00211453
0.00212579
0.0021367
0.00214745
0.00215826
0.00216957
0.00218192
0.00219621
0.00221393
0.0022373
0.00226918
0.00231101
0.00236155
0.00242195
0.00249529
0.00258652
0.0027021
0.00285136
0.00302483
0.00320318
0.00338542
0.00357123
0.00376353
0.00395733
0.00420129
0.00450855
0.00489171
0.00535435
0.00589755
0.00652198
0.00721666
0.00795053
0.00870888
0.00939761
0.00996524
0.01036
0.0105217
0.00257744
0.00259405
0.00261325
0.00263423
0.00265744
0.00268299
0.00271088
0.00274052
0.0027729
0.00280843
0.00284776
0.00289168
0.0029411
0.00299738
0.00306009
0.00313137
0.00321358
0.00331022
0.00342624
0.00356904
0.00375005
0.00395671
0.00416597
0.00437677
0.00458526
0.00482702
0.00512246
0.00548253
0.00590815
0.00639682
0.00694244
0.00753329
0.00817838
0.00887228
0.00957624
0.010243
0.0108204
0.0112566
0.0115429
0.0116591
0.00329269
0.00331991
0.00335044
0.00338284
0.00341712
0.00345345
0.00349206
0.00353337
0.00357796
0.00362644
0.00367956
0.003738
0.00380231
0.00387304
0.00395091
0.00403861
0.0041385
0.00425435
0.00439173
0.0045585
0.00476695
0.00500133
0.00523581
0.00547582
0.00575965
0.00609779
0.00649238
0.00693922
0.0074298
0.00795557
0.00851653
0.00912688
0.009766
0.0104047
0.0110055
0.0115349
0.0119701
0.0122926
0.0124935
0.012573
0.00419144
0.00422218
0.00425677
0.00429365
0.00433277
0.00437434
0.00441858
0.00446595
0.00451707
0.00457263
0.00463366
0.00470131
0.00477693
0.0048603
0.00495376
0.0050591
0.00517733
0.00531175
0.00546946
0.00565761
0.00588875
0.00614358
0.00641911
0.00673673
0.00710274
0.00751436
0.00796475
0.00844404
0.0089379
0.00947224
0.0100363
0.0106121
0.0111695
0.0116992
0.012173
0.0125693
0.0128809
0.0131102
0.0132483
0.0133011
0.00523259
0.00526482
0.00530135
0.00534059
0.00538247
0.0054272
0.00547497
0.00552621
0.00558149
0.00564151
0.00570727
0.00577997
0.00586111
0.00595026
0.00605086
0.00616586
0.00629864
0.00645337
0.00663417
0.00684289
0.00709458
0.00739656
0.00773684
0.00811569
0.00852794
0.00896498
0.00941695
0.00988325
0.0103763
0.0108838
0.0113826
0.0118704
0.0123271
0.0127369
0.0130869
0.0133731
0.0135911
0.0137509
0.0138449
0.0138793
0.0064002
0.00643331
0.00647097
0.00651165
0.00655529
0.00660211
0.00665232
0.0067063
0.00676459
0.00682785
0.00689703
0.00697333
0.00705608
0.00714813
0.007252
0.00737095
0.00750907
0.00767175
0.00786553
0.00809798
0.00838914
0.0087383
0.00911623
0.00951565
0.00992784
0.0103435
0.0107725
0.0112146
0.0116569
0.0120904
0.0125082
0.0128963
0.0132417
0.0135421
0.0137902
0.0139897
0.0141423
0.0142529
0.0143167
0.0143389
0.00766829
0.00770177
0.00773982
0.00778106
0.00782544
0.00787322
0.0079246
0.00797995
0.00803979
0.00810472
0.00817562
0.00825357
0.00833736
0.00843061
0.00853574
0.00865615
0.00879624
0.00896225
0.00916248
0.00940809
0.00971927
0.0100826
0.010458
0.0108364
0.0112101
0.0115928
0.0119788
0.0123556
0.0127234
0.0130725
0.013395
0.0136855
0.0139385
0.0141524
0.0143274
0.0144654
0.0145716
0.014648
0.0146913
0.0147055
0.00898969
0.00902257
0.00905999
0.00910061
0.0091444
0.00919162
0.0092425
0.00929739
0.00935681
0.00942128
0.00949162
0.0095667
0.00964883
0.00974019
0.00984301
0.00996051
0.0100969
0.0102584
0.0104531
0.0106927
0.010994
0.011335
0.0116732
0.012001
0.0123332
0.0126621
0.0129774
0.0132832
0.0135703
0.0138369
0.0140773
0.0142876
0.0144669
0.0146164
0.0147386
0.0148341
0.014908
0.0149608
0.0149903
0.0149992
0.0102923
0.0103233
0.0103584
0.0103965
0.0104375
0.0104819
0.0105299
0.0105818
0.0106379
0.010699
0.010765
0.0108356
0.0109131
0.0109983
0.0110938
0.0112024
0.0113277
0.0114749
0.0116509
0.0118656
0.0121312
0.0124229
0.0127052
0.0129855
0.0132585
0.0135198
0.0137702
0.014003
0.0142199
0.0144147
0.0145882
0.0147383
0.0148657
0.0149702
0.0150555
0.0151219
0.0151735
0.0152102
0.0152304
0.0152358
0.0115045
0.0115323
0.0115634
0.0115972
0.0116335
0.0116729
0.0117152
0.0117609
0.0118103
0.0118638
0.0119204
0.0119821
0.01205
0.0121256
0.0122102
0.0123061
0.0124155
0.0125411
0.0126895
0.0128681
0.0130849
0.0133204
0.0135514
0.0137735
0.0139853
0.0141864
0.014375
0.0145491
0.0147081
0.0148499
0.0149734
0.015079
0.0151681
0.015242
0.0153019
0.0153485
0.0153848
0.0154105
0.0154243
0.0154274
0.0125649
0.0125884
0.0126146
0.012643
0.0126736
0.0127064
0.0127415
0.0127793
0.0128201
0.0128629
0.0129093
0.0129599
0.0130155
0.0130773
0.0131464
0.0132245
0.0133137
0.0134166
0.0135367
0.0136784
0.0138496
0.0140357
0.0142137
0.0143829
0.014543
0.0146933
0.0148322
0.0149597
0.015074
0.0151755
0.0152639
0.0153382
0.0154009
0.0154532
0.0154956
0.0155285
0.0155542
0.0155723
0.015582
0.0155833
0.013444
0.0134629
0.013484
0.0135069
0.0135313
0.0135575
0.0135853
0.0136151
0.0136466
0.0136802
0.0137165
0.0137562
0.0137997
0.013848
0.0139017
0.0139623
0.0140314
0.014111
0.0142039
0.0143136
0.014445
0.0145852
0.0147187
0.0148449
0.0149637
0.0150737
0.0151756
0.0152671
0.0153494
0.0154216
0.0154839
0.0155373
0.0155817
0.015619
0.0156493
0.0156728
0.015691
0.0157038
0.0157108
0.0157108
0.0141394
0.0141541
0.0141706
0.0141883
0.0142071
0.0142272
0.0142484
0.0142712
0.0142949
0.0143206
0.0143485
0.014379
0.0144124
0.0144494
0.0144906
0.0145363
0.0145882
0.0146478
0.0147172
0.0147991
0.0148962
0.015
0.0150985
0.0151915
0.0152781
0.0153586
0.0154326
0.0154992
0.015558
0.0156093
0.0156537
0.0156918
0.0157236
0.0157505
0.0157723
0.0157893
0.0158022
0.0158111
0.0158158
0.0158154
0.0146726
0.0146837
0.0146962
0.0147096
0.0147238
0.0147389
0.014755
0.0147717
0.0147896
0.0148088
0.0148296
0.0148524
0.0148772
0.0149047
0.0149353
0.0149697
0.0150086
0.0150532
0.015104
0.0151637
0.0152352
0.0153112
0.0153835
0.0154511
0.0155144
0.0155731
0.0156263
0.0156743
0.015717
0.0157538
0.0157856
0.0158131
0.0158361
0.0158556
0.0158716
0.0158841
0.0158932
0.0158993
0.0159024
0.0159018
0.0150739
0.0150823
0.0150918
0.0151018
0.0151124
0.0151237
0.0151355
0.0151479
0.0151613
0.0151756
0.0151911
0.0152078
0.0152262
0.0152464
0.0152688
0.015294
0.0153225
0.0153551
0.0153929
0.0154372
0.0154894
0.015545
0.0155974
0.0156469
0.0156932
0.0157354
0.0157741
0.0158087
0.0158393
0.0158661
0.0158892
0.0159093
0.0159263
0.0159403
0.0159519
0.0159612
0.015968
0.015972
0.0159739
0.0159732
0.0153735
0.0153798
0.0153869
0.0153944
0.0154023
0.0154108
0.0154196
0.0154289
0.0154389
0.0154495
0.0154611
0.0154736
0.0154873
0.0155024
0.0155191
0.0155378
0.0155587
0.0155826
0.0156102
0.0156424
0.0156806
0.0157208
0.0157592
0.0157954
0.0158289
0.0158598
0.0158878
0.0159128
0.0159351
0.0159545
0.0159715
0.015986
0.0159986
0.0160092
0.0160176
0.0160244
0.0160294
0.0160323
0.0160333
0.0160326
0.0155975
0.0156022
0.0156076
0.0156133
0.0156193
0.0156255
0.0156321
0.015639
0.0156465
0.0156545
0.0156632
0.0156725
0.0156826
0.0156937
0.015706
0.0157197
0.0157353
0.015753
0.0157734
0.0157972
0.0158249
0.0158544
0.0158822
0.0159084
0.0159329
0.0159554
0.0159757
0.0159939
0.0160102
0.0160244
0.016037
0.0160478
0.0160572
0.0160652
0.0160717
0.0160765
0.0160802
0.0160824
0.0160828
0.016082
0.0157654
0.0157691
0.0157731
0.0157775
0.015782
0.0157867
0.0157917
0.015797
0.0158026
0.0158087
0.0158152
0.0158223
0.0158298
0.0158381
0.0158472
0.0158574
0.0158688
0.0158818
0.0158968
0.0159142
0.0159345
0.0159559
0.0159764
0.0159955
0.0160134
0.0160297
0.0160446
0.0160581
0.01607
0.0160807
0.0160899
0.0160981
0.0161051
0.0161111
0.016116
0.0161198
0.0161223
0.0161238
0.016124
0.0161232
0.0158916
0.0158944
0.0158975
0.0159009
0.0159043
0.0159079
0.0159118
0.0159158
0.0159201
0.0159247
0.0159296
0.0159349
0.0159406
0.0159469
0.0159538
0.0159614
0.01597
0.0159796
0.0159906
0.0160034
0.0160182
0.0160339
0.0160488
0.0160629
0.016076
0.0160881
0.0160991
0.0161089
0.0161178
0.0161259
0.0161329
0.0161391
0.0161445
0.016149
0.0161526
0.0161555
0.0161574
0.0161584
0.0161584
0.0161577
0.0159875
0.0159897
0.0159921
0.0159947
0.0159974
0.0160002
0.0160032
0.0160063
0.0160096
0.0160131
0.0160169
0.016021
0.0160253
0.01603
0.0160352
0.0160409
0.0160473
0.0160546
0.0160628
0.0160723
0.016083
0.0160945
0.0161053
0.0161157
0.0161254
0.0161343
0.0161424
0.0161498
0.0161565
0.0161625
0.0161679
0.0161727
0.0161767
0.0161802
0.0161831
0.0161852
0.0161866
0.0161873
0.0161873
0.0161866
0.016061
0.0160627
0.0160646
0.0160666
0.0160687
0.0160709
0.0160732
0.0160756
0.0160782
0.0160809
0.0160838
0.016087
0.0160903
0.0160939
0.0160978
0.0161022
0.016107
0.0161124
0.0161185
0.0161255
0.0161334
0.0161418
0.0161499
0.0161575
0.0161646
0.0161712
0.0161773
0.0161829
0.016188
0.0161926
0.0161967
0.0162003
0.0162035
0.0162062
0.0162083
0.0162099
0.016211
0.0162115
0.0162115
0.0162108
0.0161174
0.0161187
0.0161202
0.0161218
0.0161234
0.0161252
0.016127
0.0161289
0.0161309
0.0161331
0.0161354
0.0161378
0.0161404
0.0161431
0.0161461
0.0161494
0.0161531
0.0161571
0.0161617
0.0161669
0.0161727
0.0161789
0.0161849
0.0161905
0.0161959
0.0162008
0.0162054
0.0162097
0.0162136
0.0162172
0.0162203
0.0162231
0.0162256
0.0162277
0.0162293
0.0162306
0.0162314
0.0162318
0.0162318
0.0162312
0.0161613
0.0161623
0.0161635
0.0161648
0.0161661
0.0161675
0.0161689
0.0161704
0.016172
0.0161737
0.0161755
0.0161774
0.0161794
0.0161815
0.0161838
0.0161863
0.0161891
0.0161922
0.0161956
0.0161995
0.0162039
0.0162084
0.0162129
0.0162171
0.0162211
0.0162249
0.0162284
0.0162316
0.0162346
0.0162374
0.0162398
0.016242
0.0162439
0.0162455
0.0162468
0.0162479
0.0162486
0.0162489
0.0162488
0.0162483
0.0161955
0.0161964
0.0161974
0.0161984
0.0161994
0.0162005
0.0162017
0.0162029
0.0162041
0.0162055
0.0162069
0.0162083
0.0162099
0.0162116
0.0162133
0.0162153
0.0162174
0.0162197
0.0162223
0.0162253
0.0162285
0.0162319
0.0162353
0.0162385
0.0162415
0.0162444
0.0162471
0.0162496
0.0162519
0.016254
0.016256
0.0162577
0.0162592
0.0162605
0.0162616
0.0162624
0.016263
0.0162632
0.0162631
0.0162627
0.0162226
0.0162233
0.0162241
0.0162249
0.0162257
0.0162266
0.0162275
0.0162285
0.0162295
0.0162306
0.0162317
0.0162329
0.0162341
0.0162354
0.0162368
0.0162383
0.0162399
0.0162417
0.0162437
0.0162459
0.0162483
0.0162509
0.0162534
0.0162558
0.0162581
0.0162603
0.0162624
0.0162644
0.0162662
0.0162678
0.0162694
0.0162707
0.016272
0.016273
0.0162739
0.0162746
0.016275
0.0162752
0.0162752
0.0162748
0.016244
0.0162446
0.0162452
0.0162459
0.0162465
0.0162473
0.016248
0.0162488
0.0162496
0.0162505
0.0162514
0.0162523
0.0162533
0.0162543
0.0162554
0.0162566
0.0162579
0.0162593
0.0162608
0.0162625
0.0162643
0.0162662
0.0162681
0.0162699
0.0162717
0.0162734
0.016275
0.0162766
0.016278
0.0162793
0.0162806
0.0162817
0.0162827
0.0162835
0.0162843
0.0162848
0.0162852
0.0162854
0.0162853
0.016285
0.0162612
0.0162616
0.0162621
0.0162627
0.0162632
0.0162638
0.0162644
0.016265
0.0162657
0.0162664
0.0162671
0.0162679
0.0162687
0.0162695
0.0162704
0.0162713
0.0162723
0.0162734
0.0162746
0.0162758
0.0162772
0.0162787
0.0162801
0.0162816
0.0162829
0.0162843
0.0162855
0.0162867
0.0162879
0.0162889
0.0162899
0.0162908
0.0162917
0.0162924
0.016293
0.0162934
0.0162937
0.0162939
0.0162938
0.0162936
0.016275
0.0162753
0.0162758
0.0162762
0.0162767
0.0162771
0.0162776
0.0162781
0.0162787
0.0162792
0.0162798
0.0162804
0.0162811
0.0162818
0.0162825
0.0162832
0.016284
0.0162849
0.0162858
0.0162868
0.0162878
0.0162889
0.01629
0.0162911
0.0162922
0.0162932
0.0162942
0.0162952
0.0162961
0.016297
0.0162978
0.0162985
0.0162992
0.0162998
0.0163003
0.0163007
0.0163009
0.016301
0.016301
0.0163008
0.0162862
0.0162865
0.0162868
0.0162872
0.0162876
0.016288
0.0162884
0.0162888
0.0162892
0.0162897
0.0162902
0.0162907
0.0162912
0.0162917
0.0162923
0.0162929
0.0162936
0.0162942
0.0162949
0.0162957
0.0162965
0.0162974
0.0162982
0.0162991
0.0162999
0.0163007
0.0163015
0.0163023
0.0163031
0.0163038
0.0163044
0.016305
0.0163056
0.016306
0.0163064
0.0163068
0.016307
0.0163071
0.0163071
0.0163069
0.0162954
0.0162956
0.0162959
0.0162962
0.0162965
0.0162968
0.0162972
0.0162975
0.0162979
0.0162982
0.0162986
0.016299
0.0162995
0.0162999
0.0163004
0.0163009
0.0163014
0.0163019
0.0163025
0.0163031
0.0163037
0.0163044
0.016305
0.0163057
0.0163064
0.016307
0.0163077
0.0163083
0.0163089
0.0163095
0.01631
0.0163105
0.0163109
0.0163113
0.0163116
0.0163119
0.0163121
0.0163122
0.0163121
0.016312
0.016303
0.0163032
0.0163034
0.0163037
0.0163039
0.0163042
0.0163045
0.0163047
0.016305
0.0163054
0.0163057
0.016306
0.0163064
0.0163067
0.0163071
0.0163075
0.0163079
0.0163083
0.0163088
0.0163092
0.0163097
0.0163102
0.0163108
0.0163113
0.0163118
0.0163123
0.0163128
0.0163133
0.0163138
0.0163143
0.0163147
0.0163151
0.0163154
0.0163157
0.016316
0.0163162
0.0163164
0.0163164
0.0163164
0.0163163
0.0163093
0.0163095
0.0163097
0.0163099
0.0163101
0.0163103
0.0163106
0.0163108
0.016311
0.0163113
0.0163116
0.0163118
0.0163121
0.0163124
0.0163127
0.016313
0.0163134
0.0163137
0.016314
0.0163144
0.0163148
0.0163152
0.0163156
0.016316
0.0163164
0.0163168
0.0163172
0.0163176
0.016318
0.0163183
0.0163186
0.016319
0.0163192
0.0163195
0.0163197
0.0163199
0.01632
0.01632
0.01632
0.01632
0.0163147
0.0163148
0.016315
0.0163152
0.0163153
0.0163155
0.0163157
0.0163159
0.0163161
0.0163163
0.0163165
0.0163168
0.016317
0.0163172
0.0163175
0.0163177
0.016318
0.0163182
0.0163185
0.0163188
0.0163191
0.0163194
0.0163197
0.01632
0.0163203
0.0163206
0.0163209
0.0163212
0.0163215
0.0163218
0.016322
0.0163222
0.0163225
0.0163226
0.0163228
0.0163229
0.016323
0.0163231
0.0163231
0.016323
0.0163193
0.0163195
0.0163196
0.0163197
0.0163199
0.01632
0.0163202
0.0163203
0.0163205
0.0163207
0.0163209
0.016321
0.0163212
0.0163214
0.0163216
0.0163218
0.016322
0.0163222
0.0163224
0.0163226
0.0163228
0.0163231
0.0163233
0.0163235
0.0163237
0.0163239
0.0163241
0.0163243
0.0163245
0.0163247
0.0163249
0.0163251
0.0163252
0.0163253
0.0163254
0.0163255
0.0163256
0.0163256
0.0163256
0.0163256
0.0163237
0.0163238
0.0163239
0.016324
0.0163241
0.0163242
0.0163244
0.0163245
0.0163246
0.0163247
0.0163249
0.016325
0.0163251
0.0163252
0.0163254
0.0163255
0.0163256
0.0163258
0.0163259
0.0163261
0.0163262
0.0163263
0.0163265
0.0163266
0.0163267
0.0163268
0.016327
0.0163271
0.0163272
0.0163273
0.0163274
0.0163275
0.0163275
0.0163276
0.0163277
0.0163277
0.0163278
0.0163278
0.0163278
0.0163278
1.7093e-06
9.7764e-05
0.000177315
0.000222909
0.000241916
0.000239081
0.00022077
0.000203849
0.000204967
0.000221114
0.00024026
0.000255045
0.000263441
0.000266777
0.000269013
0.000276406
0.0002838
0.000279993
0.000263396
0.000243385
0.000218503
0.000199229
0.000192824
0.000198606
0.000211114
0.000224778
0.000237074
0.00024768
0.000255026
0.000258312
0.000258271
0.000254902
0.000247486
0.000236845
0.000224514
0.000210832
0.000198376
0.000192775
0.000199433
0.000218873
0.000243723
0.000263537
0.000279948
0.000283452
0.000275923
0.000268654
0.000266487
0.000263072
0.000254525
0.000239596
0.000220432
0.000204534
0.000204006
0.000221345
0.000239557
0.000242146
0.000222991
0.000177291
9.76236e-05
1.70934e-06
1.57313e-05
0.000192419
0.000295766
0.000352199
0.000381629
0.000389742
0.000380438
0.000368146
0.000369667
0.000385419
0.000406362
0.000425605
0.00044141
0.000454858
0.000467805
0.000482015
0.000492335
0.000483197
0.00045305
0.000427395
0.000392223
0.000362777
0.000350714
0.000356352
0.000372188
0.000389214
0.000403444
0.000416007
0.000424528
0.000427785
0.00042774
0.000424377
0.000415768
0.000403177
0.000388891
0.00037182
0.000356057
0.000350693
0.000363113
0.000392771
0.000427857
0.000453246
0.000483294
0.000491916
0.000481341
0.000467313
0.000454354
0.000440855
0.000424965
0.000405645
0.000384745
0.000369289
0.000368256
0.000380854
0.000389961
0.000381618
0.000352044
0.000295531
0.000192154
1.58495e-05
1.79372e-09
1.86875e-08
4.77404e-08
6.26267e-08
6.21954e-08
5.98556e-08
8.20223e-08
1.0173e-07
1.32682e-07
1.95705e-07
2.72342e-07
3.45893e-07
4.04984e-07
4.5037e-07
4.88277e-07
5.2517e-07
5.23722e-07
4.66274e-07
3.84966e-07
3.0253e-07
2.18911e-07
1.337e-07
6.71526e-08
6.55794e-08
6.51252e-08
6.9681e-08
8.26436e-08
9.52019e-08
1.04679e-07
1.11101e-07
1.11033e-07
1.0448e-07
9.49771e-08
8.23919e-08
6.94558e-08
6.51896e-08
6.56212e-08
6.73092e-08
1.35408e-07
2.20104e-07
3.02286e-07
3.83278e-07
4.63228e-07
5.18757e-07
5.18432e-07
4.81474e-07
4.44119e-07
3.99232e-07
3.40654e-07
2.67846e-07
1.92387e-07
1.304e-07
1.00537e-07
8.02441e-08
5.93101e-08
6.19504e-08
6.26414e-08
4.78887e-08
1.88114e-08
1.8172e-09
1.67992e-07
1.81777e-06
5.67025e-06
1.04247e-05
1.27422e-05
1.19943e-05
9.31502e-06
7.52153e-06
7.07235e-06
8.4131e-06
1.08769e-05
1.35051e-05
1.5774e-05
1.78092e-05
2.02588e-05
2.37071e-05
2.61061e-05
2.57099e-05
2.24306e-05
1.79449e-05
1.37591e-05
1.13091e-05
1.05561e-05
1.16978e-05
1.39395e-05
1.67216e-05
1.96239e-05
2.24002e-05
2.45452e-05
2.5674e-05
2.56603e-05
2.45091e-05
2.23487e-05
1.9567e-05
1.66657e-05
1.38876e-05
1.16587e-05
1.05411e-05
1.12753e-05
1.38356e-05
1.80912e-05
2.25757e-05
2.58158e-05
2.61649e-05
2.37585e-05
2.03348e-05
1.79462e-05
1.59336e-05
1.36619e-05
1.10163e-05
8.53312e-06
7.17168e-06
7.61906e-06
9.41316e-06
1.20953e-05
1.28033e-05
1.04803e-05
5.69938e-06
1.82588e-06
1.70714e-07
5.90508e-07
2.36772e-05
6.20292e-05
9.31497e-05
0.000106154
0.000102115
8.80643e-05
7.51095e-05
7.39464e-05
8.37197e-05
9.77596e-05
0.000110098
0.000118539
0.000124098
0.000129659
0.000137551
0.000143364
0.000141016
0.000130013
0.000114912
9.77718e-05
8.58379e-05
8.2748e-05
8.74415e-05
9.65011e-05
0.000106664
0.000116284
0.00012468
0.000130646
0.00013351
0.000133475
0.000130546
0.000124528
0.000116103
0.000106461
9.62967e-05
8.72722e-05
8.2686e-05
8.59316e-05
9.80145e-05
0.000115164
0.000130125
0.000140958
0.00014309
0.000137162
0.000129304
0.00012381
0.000118232
0.000109723
9.73373e-05
8.33726e-05
7.38172e-05
7.53251e-05
8.85357e-05
0.000102529
0.000106411
9.33936e-05
6.20951e-05
2.36506e-05
5.93167e-07
)
;

boundaryField
{
    inOut
    {
        type            calculated;
        value           nonuniform List<scalar> 
170
(
0.0163296
0.0163296
0.0163296
0.0163296
0.0163296
0.0163296
0.0163296
0.0163296
0.0163296
0.0163296
0.0163296
0.0163296
0.0163296
0.0163296
0.0163296
0.0163296
0.0163296
0.0163296
0.0163296
0.0163296
0.0163296
0.0163296
0.0163296
0.0163296
0.0163296
0.0163296
0.0163296
0.0163296
0.0163296
0.0163296
0.0163296
0.0163296
0.0163296
0.0163296
0.0163296
0.0163296
0.0163296
0.0163296
0.0163296
0.0163296
0.0163296
0.0163296
0.0163296
0.0163296
0.0163296
0.0163296
0.0163296
0.0163296
0.0163296
0.0163296
0.0163296
0.0163296
0.0163296
0.0163296
0.0163296
0.0163296
0.0163296
0.0163296
0.0163296
0.0163296
0.0163296
0.0163296
0.0163296
0.0163296
0.0163296
0.0163296
0.0163296
0.0163296
0.0163296
0.0163296
0.0163296
0.0163296
0.0163296
0.0163296
0.0163296
0.0163296
0.0163296
0.0163296
0.0163296
0.0163296
0.016323
0.0163223
0.0163216
0.0163207
0.0163198
0.0163188
0.0163176
0.0163164
0.016315
0.0163134
0.0163117
0.0163097
0.0163075
0.0163051
0.0163022
0.0162989
0.0162951
0.0162906
0.0162853
0.0162787
0.0162706
0.0162602
0.0162464
0.0162272
0.0161988
0.0161525
0.0160685
0.015884
0.0154396
0.0140868
0.0140899
0.0154412
0.0158845
0.0160688
0.0161526
0.0161989
0.0162273
0.0162464
0.0162602
0.0162706
0.0162787
0.0162853
0.0162907
0.0162951
0.016299
0.0163022
0.0163051
0.0163076
0.0163098
0.0163117
0.0163134
0.016315
0.0163164
0.0163176
0.0163188
0.0163198
0.0163207
0.0163216
0.0163223
0.016323
0.0163236
0.0163236
0.0163236
0.0163236
0.0163236
0.0163236
0.0163236
0.0163236
0.0163236
0.0163236
0.0163237
0.0163237
0.0163237
0.0163237
0.0163237
0.0163237
0.0163237
0.0163237
0.0163237
0.0163237
0.0163236
0.0163236
0.0163236
0.0163236
0.0163236
0.0163236
0.0163236
0.0163236
0.0163236
0.0163236
)
;
    }
    coandaUpper
    {
        type            calculated;
        value           nonuniform List<scalar> 3(1.79374e-09 1.67994e-07 5.90514e-07);
    }
    coandaLower
    {
        type            calculated;
        value           nonuniform List<scalar> 3(1.8172e-09 1.70714e-07 5.93167e-07);
    }
    surface
    {
        type            compressible::alphatWallFunction;
        Prt             0.85;
        value           uniform 0;
    }
    defaultFaces
    {
        type            empty;
    }
}


// ************************************************************************* //
