/*--------------------------------*- C++ -*----------------------------------*\
  =========                 |
  \\      /  F ield         | OpenFOAM: The Open Source CFD Toolbox
   \\    /   O peration     | Website:  https://openfoam.org
    \\  /    A nd           | Version:  10
     \\/     M anipulation  |
\*---------------------------------------------------------------------------*/
FoamFile
{
    format      ascii;
    class       volScalarField;
    location    "176";
    object      nut;
}
// * * * * * * * * * * * * * * * * * * * * * * * * * * * * * * * * * * * * * //

dimensions      [0 2 -1 0 0 0 0];

internalField   nonuniform List<scalar> 
7100
(
0.000832055
0.000767973
0.000795118
0.00075034
0.000699535
0.000660882
0.000633283
0.000614604
0.000601934
0.000593526
0.000588189
0.000584813
0.000582739
0.00058164
0.000581376
0.000582193
0.000584648
0.000588348
0.000592243
0.000595456
0.000597561
0.000598717
0.000599298
0.000599491
0.000599327
0.000598792
0.000597876
0.000596578
0.000594898
0.000592835
0.000590388
0.000587557
0.000584332
0.000580684
0.000576576
0.000571897
0.000566583
0.000560131
0.000552724
0.000540152
0.0027847
0.00252005
0.00207711
0.00165056
0.00132439
0.00109434
0.000940473
0.000836343
0.000756895
0.000693949
0.00064334
0.000599955
0.000561942
0.000528153
0.000498261
0.00047484
0.000463059
0.000460932
0.000463077
0.000467165
0.000472405
0.000477237
0.000481877
0.000486305
0.000490402
0.000494078
0.000497297
0.000500068
0.000502423
0.000504404
0.000506053
0.00050741
0.000508512
0.000509394
0.00051008
0.000510604
0.000510984
0.000511232
0.000511824
0.000510427
0.00468951
0.00446923
0.00397124
0.00335907
0.00282493
0.00241789
0.00212827
0.00191806
0.00173447
0.00158427
0.00146362
0.00135583
0.00125918
0.00117104
0.00109076
0.00102458
0.000979588
0.000945842
0.000915284
0.000889279
0.000875158
0.000868357
0.000864214
0.000861697
0.00086021
0.000859232
0.000858438
0.000857655
0.000856796
0.000855804
0.000854644
0.000853272
0.000851638
0.000849676
0.00084729
0.000844353
0.000840613
0.000835809
0.000829012
0.000820397
0.00636864
0.00615586
0.00560704
0.00493411
0.0042686
0.00368413
0.003211
0.00284767
0.00257564
0.00237545
0.00222714
0.00207938
0.00194729
0.00182516
0.00171129
0.00160435
0.00150487
0.00141196
0.0013252
0.00125739
0.00122361
0.00120465
0.00119201
0.00118425
0.00117916
0.00117551
0.00117252
0.00116989
0.00116747
0.00116514
0.00116282
0.0011604
0.00115777
0.00115481
0.0011514
0.00114737
0.00114248
0.00113651
0.00112881
0.0011199
0.00780429
0.007613
0.007152
0.00654251
0.00587114
0.00521106
0.00461495
0.00410251
0.00367806
0.00333827
0.00307471
0.00287188
0.00271642
0.00256775
0.00242693
0.00229065
0.00215972
0.0020333
0.00191072
0.00179335
0.00169587
0.00162422
0.0015787
0.00155384
0.00153788
0.00152527
0.00151478
0.001506
0.00149871
0.00149254
0.00148712
0.00148211
0.00147723
0.00147225
0.00146696
0.00146116
0.00145466
0.00144728
0.0014387
0.00142958
0.00900039
0.00885127
0.00849904
0.00800173
0.00739672
0.00674764
0.0061239
0.00554348
0.00502139
0.00456708
0.00417951
0.00385864
0.00360155
0.00339769
0.00323612
0.00307436
0.00291757
0.00276309
0.00261055
0.00246008
0.0023288
0.0022259
0.0021441
0.00207832
0.00202427
0.00197896
0.00194204
0.00191423
0.00189395
0.0018787
0.00186645
0.00185591
0.00184628
0.00183704
0.00182787
0.00181857
0.00180899
0.00179901
0.00178851
0.00177829
0.00997643
0.0098696
0.00961412
0.00922874
0.0087264
0.00815181
0.00755046
0.00696296
0.00642023
0.00592584
0.00546789
0.00505764
0.00470029
0.00439811
0.0041506
0.00394813
0.00377233
0.00359396
0.00341506
0.00323584
0.00307668
0.00294966
0.00284596
0.00275959
0.00268626
0.0026229
0.00256678
0.00251792
0.00247501
0.00243701
0.00240304
0.00237242
0.00234458
0.00231869
0.00229483
0.00227299
0.0022532
0.00223533
0.00221901
0.00220491
0.0107613
0.0106884
0.0105093
0.0102247
0.00984638
0.0093887
0.0088734
0.00832972
0.00778929
0.00727479
0.00680252
0.00636095
0.00594866
0.005573
0.00524158
0.00495768
0.00471936
0.00451719
0.00431644
0.00411302
0.00392965
0.00378125
0.00365843
0.00355488
0.00346567
0.0033877
0.00331874
0.00325656
0.00320031
0.0031495
0.0031035
0.00306166
0.00302332
0.00298786
0.00295478
0.00292369
0.00289443
0.00286678
0.00284079
0.0028176
0.0113871
0.0113387
0.0112159
0.011014
0.0107431
0.0103981
0.00999012
0.00953771
0.00906615
0.00857981
0.00810381
0.00765365
0.00723831
0.00683505
0.00645635
0.00611023
0.00580254
0.00553491
0.00530071
0.00507958
0.00487633
0.00470893
0.00456791
0.00444771
0.00434171
0.00424787
0.0041651
0.00409103
0.00402527
0.00396667
0.00391393
0.00386603
0.00382211
0.00378149
0.00374362
0.00370807
0.0036747
0.00364325
0.00361382
0.00358764
0.0118846
0.0118531
0.0117695
0.0116292
0.0114397
0.0111909
0.0108891
0.0105379
0.0101489
0.00973588
0.00931511
0.00888726
0.00847202
0.0080797
0.00769955
0.00733185
0.00698504
0.00666567
0.00637695
0.00611686
0.00589613
0.00571047
0.00554884
0.00541041
0.00529178
0.00518944
0.00510033
0.00502182
0.00495089
0.00488764
0.00483064
0.00477878
0.00473118
0.00468717
0.00464623
0.00460795
0.00457219
0.00453872
0.00450761
0.00448017
0.0122804
0.0122601
0.0122035
0.0121065
0.0119734
0.0118006
0.0115868
0.0113283
0.0110318
0.010704
0.0103511
0.00998546
0.00961317
0.00924119
0.00888068
0.00853092
0.00818407
0.00784736
0.00752704
0.00722744
0.00697354
0.00676783
0.00659509
0.00644975
0.00632642
0.00622054
0.00612849
0.00604738
0.00597382
0.00590762
0.00584773
0.00579314
0.00574299
0.00569666
0.00565365
0.00561358
0.00557634
0.00554164
0.00550958
0.0054814
0.0125964
0.0125834
0.012545
0.0124782
0.0123858
0.0122663
0.0121152
0.0119317
0.0117158
0.011469
0.0111959
0.0109015
0.0105917
0.0102746
0.00995026
0.00962868
0.00931421
0.00899528
0.0086775
0.00836657
0.00809646
0.00788021
0.00770245
0.00755456
0.0074297
0.00732266
0.00722952
0.00714739
0.00707379
0.00700583
0.00694423
0.00688801
0.00683638
0.00678876
0.00674466
0.00670371
0.00666576
0.00663053
0.00659809
0.00656955
0.0128498
0.0128416
0.0128155
0.0127695
0.0127053
0.0126228
0.0125174
0.0123892
0.0122363
0.0120576
0.011854
0.0116288
0.0113872
0.0111299
0.0108651
0.0105888
0.0103099
0.0100338
0.00974802
0.00945688
0.00919622
0.00898616
0.00881394
0.00867059
0.00854929
0.008445
0.008354
0.00827352
0.00820134
0.00813501
0.00807392
0.00801811
0.00796686
0.00791963
0.00787595
0.00783547
0.00779802
0.00776331
0.00773139
0.00770333
0.013054
0.0130491
0.0130313
0.0129994
0.0129546
0.0128974
0.0128238
0.0127343
0.0126254
0.0124977
0.0123507
0.0121864
0.0120039
0.0118084
0.0115983
0.0113791
0.0111501
0.0109147
0.0106781
0.0104289
0.0101993
0.0100115
0.00985629
0.00972602
0.00961485
0.00951859
0.00943413
0.00935845
0.00929042
0.0092287
0.00917083
0.00911796
0.00906945
0.0090248
0.00898358
0.00894543
0.00891035
0.0088778
0.00884782
0.00882131
0.0132196
0.0132168
0.0132046
0.0131823
0.0131509
0.0131108
0.0130593
0.0129958
0.0129197
0.0128298
0.0127251
0.0126054
0.0124716
0.0123256
0.0121676
0.0119992
0.0118219
0.0116355
0.011441
0.0112411
0.0110544
0.0108988
0.0107684
0.0106575
0.0105607
0.0104759
0.0104012
0.0103348
0.0102751
0.0102212
0.0101719
0.0101253
0.0100826
0.0100432
0.0100067
0.00997291
0.00994176
0.0099128
0.00988617
0.00986236
0.0133544
0.0133532
0.0133447
0.013329
0.0133069
0.0132786
0.0132421
0.0131973
0.0131438
0.0130797
0.0130051
0.0129194
0.0128235
0.0127165
0.0126003
0.0124746
0.0123408
0.0121992
0.0120495
0.0118916
0.0117449
0.0116218
0.0115166
0.011426
0.0113472
0.0112783
0.0112174
0.0111631
0.0111142
0.01107
0.0110296
0.0109921
0.0109568
0.0109242
0.0108939
0.0108657
0.0108394
0.010815
0.0107926
0.0107724
0.0134647
0.0134647
0.0134586
0.0134475
0.0134318
0.0134116
0.0133857
0.0133537
0.0133158
0.0132704
0.0132175
0.0131566
0.0130873
0.0130097
0.0129248
0.0128331
0.012734
0.0126286
0.0125167
0.0123981
0.0122857
0.0121906
0.0121095
0.0120395
0.0119787
0.0119252
0.0118778
0.0118355
0.0117973
0.0117626
0.0117308
0.0117017
0.0116742
0.0116484
0.0116244
0.0116019
0.0115808
0.0115612
0.011543
0.0115268
0.0135552
0.0135556
0.0135515
0.0135438
0.0135327
0.0135181
0.0134994
0.0134765
0.0134494
0.013417
0.0133793
0.0133359
0.0132863
0.0132305
0.0131686
0.0131014
0.0130294
0.0129518
0.0128693
0.0127817
0.0126989
0.0126281
0.0125676
0.0125153
0.0124696
0.0124289
0.0123927
0.0123602
0.0123309
0.0123042
0.0122798
0.0122574
0.0122367
0.0122169
0.0121984
0.0121811
0.0121649
0.0121497
0.0121356
0.0121229
0.01363
0.0136306
0.0136279
0.0136225
0.0136148
0.0136041
0.0135904
0.0135738
0.0135542
0.0135308
0.0135038
0.0134723
0.0134364
0.0133961
0.0133518
0.0133029
0.0132502
0.013194
0.0131336
0.0130697
0.0130089
0.0129575
0.0129133
0.0128743
0.01284
0.0128098
0.0127829
0.0127587
0.0127369
0.012717
0.0126988
0.012682
0.0126665
0.012652
0.012638
0.012625
0.0126127
0.0126012
0.0125904
0.0125807
0.0136918
0.0136925
0.0136909
0.0136872
0.0136816
0.0136737
0.0136636
0.0136517
0.0136373
0.0136202
0.0136006
0.0135779
0.0135521
0.013523
0.0134907
0.0134555
0.013417
0.0133758
0.0133321
0.0132855
0.0132413
0.0132033
0.0131706
0.0131421
0.0131171
0.013095
0.0130752
0.0130575
0.0130414
0.0130267
0.0130132
0.0130007
0.0129891
0.0129782
0.012968
0.0129582
0.0129491
0.0129404
0.0129322
0.012925
0.0137432
0.013744
0.0137431
0.0137406
0.0137364
0.0137305
0.0137231
0.0137142
0.0137036
0.0136911
0.0136767
0.0136602
0.0136415
0.0136205
0.0135971
0.0135713
0.0135435
0.0135134
0.0134814
0.0134478
0.0134156
0.013388
0.0133642
0.0133434
0.0133252
0.0133087
0.0132941
0.0132808
0.0132688
0.0132579
0.0132479
0.0132386
0.0132299
0.0132218
0.0132142
0.0132069
0.0132
0.0131935
0.0131874
0.0131819
0.013786
0.0137868
0.0137864
0.0137846
0.0137815
0.0137772
0.0137718
0.013765
0.0137571
0.0137479
0.0137372
0.0137252
0.0137114
0.0136961
0.0136791
0.0136603
0.0136399
0.013618
0.0135949
0.0135703
0.0135469
0.0135267
0.0135092
0.0134938
0.0134803
0.0134683
0.0134575
0.0134478
0.0134389
0.0134308
0.0134233
0.0134163
0.0134098
0.0134037
0.013398
0.0133926
0.0133874
0.0133825
0.0133778
0.0133737
0.0138217
0.0138225
0.0138223
0.0138211
0.0138189
0.0138157
0.0138115
0.0138064
0.0138005
0.0137936
0.0137856
0.0137766
0.0137665
0.0137552
0.0137427
0.013729
0.0137141
0.0136983
0.0136812
0.0136634
0.0136463
0.0136316
0.0136187
0.0136075
0.0135976
0.0135887
0.0135808
0.0135736
0.013567
0.0135609
0.0135554
0.0135501
0.0135452
0.0135406
0.0135362
0.0135321
0.0135282
0.0135244
0.0135209
0.0135177
0.0138516
0.0138523
0.0138522
0.0138515
0.0138498
0.0138473
0.0138443
0.0138404
0.0138359
0.0138306
0.0138247
0.0138179
0.0138104
0.013802
0.0137928
0.0137827
0.0137718
0.01376
0.0137477
0.0137345
0.0137221
0.0137113
0.0137019
0.0136937
0.0136862
0.0136796
0.0136736
0.0136682
0.0136632
0.0136586
0.0136544
0.0136505
0.0136467
0.0136432
0.0136399
0.0136367
0.0136337
0.0136309
0.0136281
0.0136257
0.0138766
0.0138772
0.0138772
0.0138767
0.0138754
0.0138736
0.0138713
0.0138683
0.0138649
0.0138609
0.0138563
0.0138513
0.0138456
0.0138394
0.0138326
0.0138251
0.013817
0.0138083
0.0137993
0.0137897
0.0137806
0.0137727
0.0137657
0.0137595
0.0137539
0.013749
0.0137445
0.0137403
0.0137365
0.013733
0.0137298
0.0137268
0.0137239
0.0137212
0.0137187
0.0137162
0.0137139
0.0137117
0.0137096
0.0137077
0.0138976
0.0138981
0.0138982
0.0138978
0.0138969
0.0138954
0.0138937
0.0138914
0.0138887
0.0138857
0.0138822
0.0138784
0.0138741
0.0138694
0.0138642
0.0138587
0.0138527
0.0138464
0.0138396
0.0138326
0.0138259
0.01382
0.0138148
0.0138102
0.013806
0.0138023
0.0137989
0.0137958
0.0137928
0.0137901
0.0137876
0.0137852
0.013783
0.0137809
0.0137789
0.013777
0.0137752
0.0137735
0.0137718
0.0137704
0.0139152
0.0139157
0.0139157
0.0139154
0.0139147
0.0139136
0.0139123
0.0139105
0.0139084
0.0139061
0.0139034
0.0139004
0.0138971
0.0138935
0.0138896
0.0138855
0.013881
0.0138762
0.0138712
0.013866
0.0138611
0.0138567
0.0138529
0.0138494
0.0138463
0.0138435
0.0138409
0.0138384
0.0138362
0.0138341
0.0138321
0.0138302
0.0138285
0.0138268
0.0138253
0.0138238
0.0138224
0.013821
0.0138197
0.0138186
0.0139299
0.0139304
0.0139305
0.0139302
0.0139296
0.0139288
0.0139277
0.0139263
0.0139247
0.0139229
0.0139208
0.0139184
0.0139159
0.0139132
0.0139102
0.013907
0.0139037
0.0139001
0.0138964
0.0138926
0.0138889
0.0138856
0.0138827
0.0138801
0.0138777
0.0138755
0.0138735
0.0138717
0.0138699
0.0138682
0.0138667
0.0138652
0.0138638
0.0138625
0.0138613
0.0138601
0.013859
0.0138579
0.0138569
0.013856
0.0139424
0.0139427
0.0139428
0.0139426
0.0139421
0.0139414
0.0139405
0.0139394
0.0139382
0.0139367
0.0139351
0.0139333
0.0139313
0.0139292
0.0139269
0.0139245
0.013922
0.0139193
0.0139165
0.0139136
0.0139108
0.0139084
0.0139062
0.0139042
0.0139023
0.0139007
0.0138991
0.0138977
0.0138963
0.013895
0.0138938
0.0138926
0.0138915
0.0138904
0.0138895
0.0138885
0.0138876
0.0138868
0.0138859
0.0138852
0.0139528
0.0139531
0.0139532
0.013953
0.0139527
0.0139521
0.0139513
0.0139504
0.0139494
0.0139482
0.013947
0.0139455
0.013944
0.0139424
0.0139406
0.0139387
0.0139368
0.0139347
0.0139326
0.0139305
0.0139284
0.0139266
0.0139249
0.0139234
0.013922
0.0139207
0.0139195
0.0139183
0.0139172
0.0139162
0.0139152
0.0139143
0.0139134
0.0139126
0.0139118
0.013911
0.0139103
0.0139096
0.0139089
0.0139083
0.0139616
0.0139619
0.0139619
0.0139618
0.0139615
0.013961
0.0139604
0.0139597
0.0139588
0.0139579
0.0139568
0.0139557
0.0139545
0.0139532
0.0139519
0.0139504
0.0139489
0.0139473
0.0139457
0.0139441
0.0139426
0.0139412
0.0139399
0.0139387
0.0139376
0.0139366
0.0139356
0.0139347
0.0139338
0.013933
0.0139322
0.0139315
0.0139308
0.0139301
0.0139295
0.0139289
0.0139283
0.0139277
0.0139272
0.0139267
0.013969
0.0139692
0.0139693
0.0139691
0.0139689
0.0139685
0.013968
0.0139674
0.0139667
0.0139659
0.0139651
0.0139642
0.0139632
0.0139622
0.0139611
0.01396
0.0139588
0.0139576
0.0139564
0.0139552
0.013954
0.0139529
0.0139519
0.013951
0.0139502
0.0139494
0.0139486
0.0139479
0.0139472
0.0139465
0.0139459
0.0139453
0.0139447
0.0139442
0.0139436
0.0139431
0.0139426
0.0139422
0.0139417
0.0139413
0.0139752
0.0139754
0.0139754
0.0139753
0.0139751
0.0139748
0.0139744
0.0139739
0.0139733
0.0139727
0.013972
0.0139713
0.0139705
0.0139697
0.0139688
0.013968
0.013967
0.0139661
0.0139652
0.0139643
0.0139633
0.0139625
0.0139617
0.013961
0.0139603
0.0139597
0.0139591
0.0139585
0.0139579
0.0139574
0.0139569
0.0139564
0.0139559
0.0139555
0.0139551
0.0139547
0.0139543
0.0139539
0.0139535
0.0139532
0.0139805
0.0139806
0.0139806
0.0139805
0.0139804
0.0139801
0.0139798
0.0139794
0.0139789
0.0139784
0.0139778
0.0139772
0.0139766
0.013976
0.0139753
0.0139746
0.0139739
0.0139731
0.0139724
0.0139717
0.013971
0.0139703
0.0139697
0.0139692
0.0139686
0.0139681
0.0139676
0.0139671
0.0139667
0.0139662
0.0139658
0.0139654
0.0139651
0.0139647
0.0139644
0.013964
0.0139637
0.0139634
0.0139631
0.0139628
0.0139849
0.013985
0.013985
0.0139849
0.0139848
0.0139846
0.0139843
0.013984
0.0139836
0.0139832
0.0139827
0.0139822
0.0139817
0.0139812
0.0139807
0.0139801
0.0139795
0.013979
0.0139784
0.0139778
0.0139773
0.0139768
0.0139763
0.0139758
0.0139754
0.013975
0.0139746
0.0139742
0.0139739
0.0139735
0.0139732
0.0139729
0.0139725
0.0139722
0.013972
0.0139717
0.0139714
0.0139712
0.0139709
0.0139707
0.0139886
0.0139887
0.0139887
0.0139886
0.0139885
0.0139883
0.0139881
0.0139878
0.0139875
0.0139872
0.0139868
0.0139865
0.0139861
0.0139856
0.0139852
0.0139848
0.0139843
0.0139839
0.0139834
0.013983
0.0139826
0.0139822
0.0139818
0.0139814
0.0139811
0.0139807
0.0139804
0.0139801
0.0139798
0.0139795
0.0139792
0.013979
0.0139787
0.0139785
0.0139782
0.013978
0.0139778
0.0139776
0.0139774
0.0139772
0.0139917
0.0139918
0.0139918
0.0139917
0.0139916
0.0139915
0.0139913
0.0139911
0.0139909
0.0139906
0.0139903
0.01399
0.0139897
0.0139894
0.013989
0.0139887
0.0139884
0.013988
0.0139877
0.0139873
0.013987
0.0139867
0.0139864
0.0139861
0.0139858
0.0139855
0.0139853
0.013985
0.0139848
0.0139845
0.0139843
0.0139841
0.0139839
0.0139837
0.0139835
0.0139833
0.0139831
0.0139829
0.0139828
0.0139826
0.0139943
0.0139944
0.0139944
0.0139943
0.0139943
0.0139942
0.013994
0.0139939
0.0139937
0.0139935
0.0139933
0.0139931
0.0139928
0.0139926
0.0139923
0.0139921
0.0139918
0.0139915
0.0139913
0.013991
0.0139908
0.0139905
0.0139903
0.0139901
0.0139898
0.0139896
0.0139894
0.0139892
0.013989
0.0139888
0.0139886
0.0139884
0.0139883
0.0139881
0.0139879
0.0139878
0.0139876
0.0139875
0.0139873
0.0139872
0.0139966
0.0139966
0.0139966
0.0139966
0.0139965
0.0139964
0.0139963
0.0139962
0.0139961
0.013996
0.0139958
0.0139957
0.0139955
0.0139953
0.0139951
0.013995
0.0139948
0.0139946
0.0139944
0.0139942
0.013994
0.0139938
0.0139937
0.0139935
0.0139933
0.0139931
0.013993
0.0139928
0.0139927
0.0139925
0.0139924
0.0139922
0.0139921
0.0139919
0.0139918
0.0139917
0.0139915
0.0139914
0.0139913
0.0139912
0.0139984
0.0139984
0.0139984
0.0139984
0.0139984
0.0139983
0.0139983
0.0139982
0.0139982
0.0139981
0.013998
0.0139979
0.0139978
0.0139978
0.0139976
0.0139975
0.0139974
0.0139973
0.0139972
0.0139971
0.013997
0.0139969
0.0139967
0.0139966
0.0139965
0.0139964
0.0139963
0.0139962
0.0139961
0.013996
0.0139958
0.0139957
0.0139956
0.0139955
0.0139954
0.0139953
0.0139952
0.0139951
0.013995
0.0139949
0.00053365
0.000543098
0.000557284
0.000567412
0.00057518
0.000581832
0.00058774
0.000593099
0.000598169
0.000603197
0.000608422
0.000614106
0.000620618
0.000628704
0.000639793
0.000533618
0.000541707
0.000540298
0.000540723
0.000540377
0.00053957
0.00053871
0.000538063
0.000537735
0.000537868
0.000538618
0.000540331
0.000543036
0.000548958
0.000551998
0.000848659
0.000865649
0.000875882
0.000884309
0.000890628
0.00089556
0.000899689
0.000903398
0.000906984
0.000910725
0.00091491
0.000919876
0.000925966
0.000933782
0.000942088
0.00114703
0.00116583
0.00117891
0.00118969
0.0011985
0.00120587
0.00121236
0.00121836
0.00122415
0.00122997
0.00123609
0.00124274
0.00125016
0.0012586
0.00126689
0.00145597
0.00147561
0.0014903
0.0015023
0.00151247
0.00152117
0.0015289
0.00153602
0.00154281
0.0015495
0.0015563
0.00156337
0.00157085
0.00157878
0.00158642
0.00180412
0.00182411
0.00183943
0.00185173
0.00186212
0.00187085
0.00187843
0.00188526
0.00189165
0.00189784
0.001904
0.00191025
0.00191666
0.00192326
0.001929
0.00223069
0.00225023
0.00226479
0.00227608
0.00228528
0.00229293
0.00229949
0.00230547
0.00231118
0.00231687
0.00232271
0.0023288
0.0023352
0.00234184
0.00234777
0.0028371
0.00285367
0.0028668
0.00287748
0.00288642
0.00289414
0.00290105
0.00290744
0.00291354
0.00291951
0.00292545
0.00293143
0.00293746
0.00294342
0.00294812
0.00360285
0.00361657
0.0036276
0.0036366
0.00364412
0.00365055
0.0036562
0.00366133
0.0036661
0.00367064
0.00367502
0.0036793
0.00368348
0.00368738
0.00368968
0.00449058
0.0045007
0.00450882
0.00451538
0.00452073
0.00452518
0.00452895
0.00453221
0.0045351
0.00453772
0.00454012
0.00454235
0.0045444
0.00454606
0.00454584
0.00548637
0.00549203
0.00549634
0.00549955
0.0055019
0.00550359
0.00550477
0.00550556
0.00550606
0.00550634
0.00550644
0.00550639
0.00550617
0.00550551
0.0055028
0.00656862
0.00656918
0.00656897
0.00656815
0.00656686
0.00656521
0.00656329
0.00656118
0.00655893
0.00655659
0.00655419
0.00655174
0.00654919
0.00654621
0.00654111
0.0076968
0.00769229
0.00768754
0.00768264
0.00767764
0.00767261
0.00766757
0.00766257
0.00765764
0.00765278
0.00764802
0.00764334
0.00763867
0.00763361
0.00762647
0.00881071
0.00880237
0.00879418
0.00878617
0.00877836
0.00877075
0.00876337
0.00875621
0.00874928
0.00874258
0.0087361
0.00872983
0.00872365
0.00871714
0.00870866
0.00984968
0.00983923
0.00982916
0.00981946
0.00981015
0.0098012
0.0097926
0.00978435
0.00977643
0.00976884
0.00976155
0.00975453
0.00974766
0.00974051
0.0097316
0.0107598
0.0107491
0.0107389
0.0107291
0.0107198
0.0107109
0.0107023
0.0106942
0.0106864
0.0106789
0.0106718
0.0106649
0.0106583
0.0106513
0.0106429
0.0115155
0.0115058
0.0114966
0.0114878
0.0114795
0.0114715
0.0114639
0.0114566
0.0114497
0.0114431
0.0114368
0.0114307
0.0114248
0.0114187
0.0114114
0.0121136
0.0121056
0.012098
0.0120908
0.0120839
0.0120773
0.0120711
0.0120651
0.0120594
0.012054
0.0120488
0.0120439
0.012039
0.012034
0.0120281
0.0125735
0.0125672
0.0125613
0.0125556
0.0125502
0.012545
0.0125402
0.0125355
0.012531
0.0125268
0.0125228
0.0125189
0.0125151
0.0125112
0.0125066
0.0129194
0.0129147
0.0129102
0.0129059
0.0129018
0.0128979
0.0128942
0.0128907
0.0128874
0.0128842
0.0128811
0.0128782
0.0128754
0.0128724
0.012869
0.0131778
0.0131743
0.013171
0.0131678
0.0131648
0.0131619
0.0131592
0.0131566
0.0131541
0.0131517
0.0131495
0.0131473
0.0131452
0.0131431
0.0131405
0.0133707
0.0133681
0.0133657
0.0133634
0.0133612
0.0133591
0.0133571
0.0133552
0.0133534
0.0133517
0.0133501
0.0133485
0.013347
0.0133454
0.0133435
0.0135155
0.0135137
0.013512
0.0135103
0.0135087
0.0135072
0.0135058
0.0135045
0.0135032
0.0135019
0.0135008
0.0134996
0.0134985
0.0134974
0.0134961
0.0136241
0.0136228
0.0136216
0.0136204
0.0136193
0.0136182
0.0136172
0.0136162
0.0136152
0.0136144
0.0136135
0.0136127
0.0136119
0.0136111
0.0136101
0.0137066
0.0137056
0.0137047
0.0137038
0.013703
0.0137023
0.0137015
0.0137008
0.0137002
0.0136995
0.0136989
0.0136983
0.0136978
0.0136972
0.0136965
0.0137695
0.0137688
0.0137682
0.0137676
0.013767
0.0137665
0.0137659
0.0137654
0.013765
0.0137645
0.0137641
0.0137637
0.0137632
0.0137628
0.0137623
0.013818
0.0138175
0.013817
0.0138166
0.0138162
0.0138158
0.0138154
0.013815
0.0138147
0.0138144
0.0138141
0.0138138
0.0138135
0.0138132
0.0138128
0.0138555
0.0138552
0.0138548
0.0138545
0.0138542
0.013854
0.0138537
0.0138534
0.0138532
0.013853
0.0138527
0.0138525
0.0138523
0.0138521
0.0138519
0.0138849
0.0138846
0.0138844
0.0138842
0.013884
0.0138838
0.0138836
0.0138834
0.0138832
0.0138831
0.0138829
0.0138828
0.0138826
0.0138825
0.0138823
0.0139081
0.0139079
0.0139078
0.0139076
0.0139074
0.0139073
0.0139072
0.013907
0.0139069
0.0139068
0.0139067
0.0139066
0.0139065
0.0139064
0.0139063
0.0139265
0.0139264
0.0139263
0.0139261
0.013926
0.0139259
0.0139258
0.0139258
0.0139257
0.0139256
0.0139255
0.0139254
0.0139254
0.0139253
0.0139252
0.0139412
0.0139411
0.0139411
0.013941
0.0139409
0.0139408
0.0139408
0.0139407
0.0139406
0.0139406
0.0139405
0.0139405
0.0139404
0.0139404
0.0139403
0.0139531
0.013953
0.013953
0.0139529
0.0139529
0.0139528
0.0139528
0.0139527
0.0139527
0.0139527
0.0139526
0.0139526
0.0139525
0.0139525
0.0139525
0.0139627
0.0139627
0.0139627
0.0139626
0.0139626
0.0139626
0.0139625
0.0139625
0.0139625
0.0139624
0.0139624
0.0139624
0.0139623
0.0139623
0.0139623
0.0139706
0.0139706
0.0139706
0.0139706
0.0139705
0.0139705
0.0139705
0.0139705
0.0139704
0.0139704
0.0139704
0.0139704
0.0139704
0.0139703
0.0139703
0.0139771
0.0139771
0.0139771
0.0139771
0.0139771
0.013977
0.013977
0.013977
0.013977
0.013977
0.013977
0.013977
0.0139769
0.0139769
0.0139769
0.0139826
0.0139826
0.0139826
0.0139825
0.0139825
0.0139825
0.0139825
0.0139825
0.0139825
0.0139825
0.0139825
0.0139825
0.0139824
0.0139824
0.0139824
0.0139872
0.0139872
0.0139872
0.0139872
0.0139872
0.0139872
0.0139871
0.0139871
0.0139871
0.0139871
0.0139871
0.0139871
0.0139871
0.0139871
0.0139871
0.0139912
0.0139912
0.0139912
0.0139912
0.0139912
0.0139912
0.0139911
0.0139911
0.0139911
0.0139911
0.0139911
0.0139911
0.0139911
0.0139911
0.0139911
0.0139949
0.0139949
0.0139949
0.0139949
0.0139949
0.0139949
0.0139949
0.0139949
0.0139949
0.0139949
0.0139949
0.0139949
0.0139949
0.0139949
0.0139949
0.000631904
0.000634313
0.00063928
0.000645778
0.000652553
0.00065924
0.000665658
0.000671827
0.000678529
0.000687152
0.000698983
0.000715074
0.000736706
0.000765794
0.000804353
0.000851227
0.000899201
0.000934253
0.000940377
0.000909791
0.000851591
0.000797461
0.000764538
0.000755711
0.000763731
0.000768118
0.00076315
0.000764917
0.000765547
0.000761784
0.000761776
0.000765456
0.000764765
0.000763162
0.000768069
0.000763473
0.000755486
0.000764758
0.000798162
0.000852544
0.000910531
0.00094038
0.000933547
0.000898064
0.000849997
0.000803244
0.000764909
0.000736022
0.000714547
0.000698582
0.000686855
0.000678309
0.000671649
0.000665493
0.00065908
0.000652399
0.000645629
0.000639129
0.000634148
0.000631725
0.000554309
0.000555331
0.000558439
0.000563146
0.000569143
0.000576162
0.000583968
0.000592543
0.000601921
0.000612228
0.000623729
0.000636858
0.000652267
0.00067089
0.000693891
0.000722208
0.000755869
0.000793838
0.000835416
0.000882814
0.000942746
0.00102326
0.00112347
0.00122744
0.0013108
0.00136604
0.00139454
0.00139762
0.00137479
0.00132943
0.00132954
0.00137493
0.00139739
0.00139388
0.00136495
0.0013092
0.00122541
0.00112126
0.00102131
0.000941232
0.000881634
0.000834403
0.000792908
0.000755018
0.000721464
0.000693268
0.000670379
0.000651843
0.000636498
0.000623416
0.000611948
0.000601667
0.00059231
0.000583752
0.000575965
0.000568964
0.000562988
0.000558302
0.000555218
0.000554212
0.000945067
0.000943697
0.000939097
0.000931631
0.000921666
0.000909596
0.000895769
0.00088059
0.000864614
0.000848439
0.000832687
0.000818004
0.000805091
0.000794752
0.000787938
0.00078572
0.000789169
0.000799228
0.000816935
0.000844279
0.000885332
0.000946642
0.00103524
0.00115316
0.00129129
0.00142902
0.00153974
0.00160651
0.00163069
0.00162635
0.00162662
0.00163042
0.00160541
0.00153771
0.00142626
0.00128832
0.00115044
0.00103305
0.000945017
0.000884158
0.000843414
0.000816274
0.000798715
0.000788779
0.000785435
0.000787735
0.00079461
0.000804988
0.000817922
0.00083261
0.000848354
0.000864508
0.000880452
0.000895589
0.000909364
0.000921375
0.000931274
0.000938669
0.000943192
0.000944461
0.00127003
0.00126894
0.00126458
0.001257
0.00124627
0.00123244
0.00121558
0.00119567
0.00117296
0.00114777
0.00112053
0.00109175
0.00106207
0.00103225
0.00100323
0.000976105
0.000952184
0.000932943
0.000920106
0.000915934
0.000923847
0.000949229
0.00099977
0.00108383
0.00120513
0.00135414
0.00150416
0.00162219
0.00168632
0.0017007
0.00170067
0.00168538
0.00162011
0.00150122
0.00135093
0.00120226
0.00108164
0.00099826
0.00094826
0.000923255
0.000915595
0.00091994
0.0009329
0.000952229
0.000976211
0.00100337
0.00103241
0.00106223
0.00109189
0.00112064
0.00114784
0.00117299
0.00119565
0.0012155
0.0012323
0.00124607
0.00125673
0.00126423
0.00126853
0.00126956
0.00158957
0.00158807
0.0015831
0.00157479
0.00156322
0.00154838
0.00153026
0.00150878
0.00148386
0.00145556
0.00142397
0.00138929
0.00135183
0.00131199
0.00127039
0.00122781
0.0011853
0.00114423
0.00110631
0.00107384
0.00105
0.00103958
0.0010499
0.00109127
0.00117468
0.0013033
0.00145955
0.00160329
0.00169416
0.00172175
0.00172158
0.00169282
0.00160072
0.00145636
0.00130031
0.00117244
0.00108987
0.00104917
0.00103931
0.00105004
0.00107408
0.00110669
0.0011447
0.00118584
0.00122839
0.001271
0.00131262
0.00135246
0.00138992
0.00142459
0.00145617
0.00148445
0.00150935
0.00153081
0.00154891
0.0015637
0.00157523
0.00158349
0.0015884
0.00158983
0.00193169
0.00192899
0.00192241
0.00191223
0.00189855
0.0018814
0.00186074
0.00183651
0.00180855
0.00177684
0.00174137
0.00170213
0.0016592
0.00161271
0.00156291
0.00151022
0.00145526
0.00139892
0.00134252
0.00128792
0.00123782
0.00119635
0.00117009
0.00116941
0.00120882
0.00130159
0.00144367
0.0015974
0.0017061
0.00174146
0.00174125
0.00170452
0.00159461
0.00144062
0.0012992
0.00120743
0.00116888
0.00117016
0.0011968
0.00123852
0.00128879
0.00134352
0.00140001
0.00145641
0.00151144
0.00156418
0.00161402
0.00166055
0.00170351
0.00174278
0.00177827
0.00181
0.00183797
0.00186221
0.00188286
0.00189999
0.00191364
0.00192377
0.00193028
0.00193295
0.00235096
0.00234634
0.00233673
0.00232217
0.00230304
0.00227979
0.00225281
0.00222218
0.0021875
0.00214871
0.00210575
0.00205858
0.0020072
0.00195165
0.00189201
0.00182845
0.00176129
0.00169101
0.00161842
0.00154479
0.00147213
0.00140371
0.00134499
0.00130539
0.00130026
0.00134931
0.00146221
0.00161159
0.00173035
0.00176972
0.00176951
0.00172866
0.00160884
0.00145962
0.00134774
0.00129979
0.00130572
0.00134584
0.00140487
0.00147351
0.00154631
0.00162005
0.00169272
0.00176307
0.00183028
0.00189388
0.00195355
0.00200912
0.00206051
0.00210767
0.00215062
0.00218937
0.002224
0.00225456
0.00228143
0.00230457
0.0023236
0.00233808
0.00234771
0.00235227
0.00295121
0.00294419
0.00292971
0.00290789
0.00287905
0.00284352
0.0028017
0.00275407
0.0027011
0.00264376
0.0025827
0.00251771
0.00244853
0.00237509
0.0022974
0.00221556
0.00212973
0.00204018
0.00194735
0.001852
0.00175544
0.00166
0.00156988
0.00149294
0.0014436
0.00144459
0.00151707
0.00164848
0.00176874
0.00180831
0.00180816
0.00176705
0.00164597
0.00151516
0.00144393
0.00144405
0.0014941
0.00157146
0.00166183
0.00175744
0.00185411
0.00194953
0.00204241
0.00213198
0.00221782
0.00229965
0.00237731
0.00245071
0.00251981
0.0025847
0.00264561
0.00270277
0.00275558
0.00280308
0.00284478
0.00288019
0.00290892
0.00293063
0.00294506
0.00295197
0.00369163
0.00368147
0.00366183
0.00363291
0.00359484
0.00354797
0.00349261
0.00342916
0.00335793
0.00327944
0.00319436
0.00310349
0.00300833
0.0029095
0.00280636
0.00269868
0.00258655
0.0024702
0.00235001
0.0022265
0.00210059
0.00197389
0.0018495
0.00173363
0.00163884
0.0015882
0.0016111
0.00171134
0.00182328
0.00185835
0.00185829
0.00182171
0.00170928
0.00161003
0.00158851
0.00164017
0.00173556
0.00185176
0.00197634
0.00210314
0.00222911
0.00235264
0.00247284
0.00258916
0.00270124
0.00280884
0.00291188
0.00301056
0.00310549
0.00319619
0.00328113
0.00335948
0.00343059
0.00349393
0.00354917
0.00359593
0.00363389
0.00366277
0.00368234
0.00369238
0.0045461
0.00453241
0.00450751
0.00447159
0.00442484
0.00436734
0.00429946
0.00422149
0.00413361
0.00403618
0.00392963
0.00381453
0.00369165
0.00356203
0.00342759
0.00328894
0.00314518
0.00299616
0.0028422
0.00268384
0.00252188
0.00235762
0.00219343
0.00203417
0.00189038
0.00178381
0.00174872
0.00180474
0.00189708
0.00192149
0.00192157
0.00189574
0.00180329
0.00174857
0.00178506
0.00189254
0.00203681
0.0021963
0.00236061
0.00252492
0.00268688
0.0028452
0.00299911
0.00314804
0.00329169
0.00343016
0.00356432
0.00369375
0.00381647
0.00393143
0.00403784
0.00413515
0.00422291
0.00430076
0.00436852
0.00442589
0.00447263
0.00450852
0.00453334
0.0045469
0.00550078
0.00548312
0.00545269
0.00540967
0.00535423
0.00528643
0.00520656
0.00511485
0.00501135
0.0048963
0.00476997
0.00463268
0.00448488
0.00432718
0.00416055
0.00398643
0.00380735
0.00362234
0.00343072
0.00323279
0.00302931
0.00282149
0.00261135
0.00240288
0.00220486
0.00203698
0.00193568
0.00193447
0.00199419
0.00199983
0.00200009
0.00199321
0.00193376
0.0019365
0.00203915
0.00220778
0.00240615
0.00261476
0.00282494
0.00303275
0.00323617
0.00343401
0.00362551
0.00381036
0.00398916
0.004163
0.00432944
0.00448697
0.00463463
0.00477179
0.004898
0.00501292
0.0051163
0.00520789
0.00528764
0.00535532
0.00541074
0.00545371
0.00548406
0.00550159
0.00653614
0.00651418
0.00647815
0.00642821
0.00636451
0.00628708
0.00619621
0.00609182
0.00597401
0.00584286
0.00569849
0.00554103
0.00537067
0.0051877
0.00499256
0.00478602
0.00456952
0.00434589
0.00411485
0.0038751
0.00362693
0.00337136
0.00311021
0.00284692
0.00258894
0.00235381
0.00217818
0.00210685
0.00211972
0.0020965
0.00209699
0.00211922
0.00210699
0.00217997
0.00235683
0.00259255
0.00285075
0.00311409
0.00337521
0.0036307
0.00387875
0.00411835
0.00434918
0.0045724
0.00478863
0.00499496
0.00518992
0.00537275
0.00554296
0.00570029
0.00584453
0.00597555
0.00609324
0.0061975
0.00628825
0.00636556
0.00642923
0.00647911
0.00651505
0.00653688
0.00761799
0.00759179
0.00755068
0.00749479
0.00742419
0.00733885
0.00723895
0.0071243
0.00699483
0.00685049
0.00669119
0.00651685
0.00632741
0.00612286
0.00590325
0.00566883
0.00542016
0.00515861
0.00488723
0.00460576
0.00431241
0.00400753
0.00369257
0.00337047
0.00304764
0.0027396
0.00248202
0.00232838
0.00227887
0.00221414
0.00221491
0.00227895
0.00232944
0.00248476
0.00274339
0.00305185
0.00337478
0.00369684
0.00401169
0.00431642
0.00460958
0.00489079
0.00516168
0.00542291
0.00567135
0.00590558
0.00612502
0.00632943
0.00651872
0.00669292
0.0068521
0.00699632
0.00712567
0.00724022
0.00734001
0.00742524
0.00749581
0.00755166
0.0075927
0.00761879
0.00869663
0.00866696
0.00862221
0.00856245
0.00848765
0.00839777
0.00829254
0.00817177
0.0080352
0.00788255
0.00771348
0.00752766
0.00732473
0.00710433
0.00686613
0.0066099
0.00633556
0.00604344
0.00573483
0.00541317
0.00507693
0.00472423
0.00435564
0.00397339
0.00358286
0.00319764
0.00285169
0.00260475
0.00247718
0.00235619
0.00235729
0.00247792
0.00260674
0.00285531
0.00320211
0.00358756
0.00397807
0.00436018
0.00472858
0.00508104
0.00541697
0.00573807
0.00604629
0.00633815
0.00661228
0.00686832
0.00710634
0.00732658
0.00752937
0.00771505
0.00788398
0.00803652
0.00817298
0.00829364
0.00839877
0.00848856
0.00856334
0.00862306
0.00866775
0.00869734
0.00971655
0.00968482
0.00963865
0.00957796
0.00950261
0.0094124
0.00930687
0.0091856
0.00904811
0.00889383
0.00872213
0.00853234
0.00832373
0.00809555
0.00784703
0.00757742
0.00728601
0.00697232
0.00663632
0.00627928
0.00590482
0.00550915
0.00509065
0.00465036
0.00419236
0.00372821
0.00328951
0.00294015
0.00271961
0.00252622
0.00252769
0.00272108
0.00294306
0.0032939
0.00373321
0.00419743
0.00465527
0.0050953
0.0055135
0.00590882
0.00628269
0.00663924
0.00697491
0.00728834
0.00757952
0.00784893
0.00809726
0.00832526
0.00853371
0.00872335
0.00889491
0.00904906
0.00918643
0.00930758
0.00941301
0.00950313
0.00957844
0.00963908
0.0096852
0.00971685
0.010626
0.0105942
0.0105492
0.010491
0.0104193
0.0103335
0.0102332
0.0101177
0.00998614
0.00983777
0.0096716
0.00948658
0.00928159
0.0090554
0.00880674
0.00853425
0.00823658
0.00791241
0.00756065
0.00718082
0.00677433
0.00634363
0.0058827
0.00539042
0.00486903
0.00432766
0.00379489
0.00333673
0.00301007
0.00272757
0.00272946
0.0030123
0.00334049
0.00379994
0.00433307
0.00487432
0.00539541
0.00588733
0.00634787
0.00677804
0.0071838
0.00756321
0.00791466
0.00823856
0.008536
0.00880827
0.00905675
0.00928277
0.0094876
0.00967248
0.00983852
0.00998678
0.0101182
0.0102337
0.0103339
0.0104196
0.0104913
0.0105495
0.0105944
0.0106262
0.0113939
0.0113637
0.0113223
0.0112694
0.0112045
0.0111272
0.0110367
0.0109321
0.0108125
0.0106767
0.0105236
0.0103517
0.0101594
0.00994504
0.00970684
0.0094428
0.00915081
0.00882871
0.00847429
0.00808564
0.00766176
0.00720478
0.00671204
0.00617758
0.00560094
0.00498815
0.00436383
0.00379404
0.00335092
0.00296313
0.00296545
0.0033539
0.00379857
0.00436938
0.00499382
0.00560631
0.00618252
0.00671654
0.00720877
0.00766485
0.00808818
0.00847646
0.00883058
0.00915243
0.00944419
0.00970804
0.00994607
0.0101602
0.0103524
0.0105242
0.0106773
0.010813
0.0109325
0.011037
0.0111275
0.0112048
0.0112696
0.0113225
0.0113639
0.0113941
0.0120112
0.0119839
0.0119475
0.0119016
0.0118457
0.0117792
0.0117012
0.0116109
0.0115071
0.0113886
0.0112539
0.0111013
0.0109289
0.0107347
0.0105162
0.010271
0.00999604
0.00968841
0.00934477
0.00896176
0.00853633
0.00806685
0.00755502
0.0069916
0.00637183
0.00569772
0.00498875
0.00430877
0.00374253
0.00323487
0.00323764
0.00374622
0.00431393
0.00499463
0.00570345
0.00637707
0.00699626
0.00755908
0.00807008
0.0085389
0.00896389
0.00934657
0.00968994
0.00999735
0.0102721
0.0105172
0.0107355
0.0109297
0.011102
0.0112545
0.0113892
0.0115076
0.0116114
0.0117017
0.0117796
0.0118461
0.0119021
0.011948
0.0119844
0.0120117
0.0124911
0.0124674
0.0124364
0.0123978
0.0123511
0.0122958
0.012231
0.0121559
0.0120692
0.0119696
0.0118557
0.0117256
0.0115773
0.0114083
0.0112159
0.010997
0.0107482
0.0104656
0.0101447
0.00978087
0.00936912
0.00890491
0.00838595
0.00780934
0.00716203
0.0064408
0.00565863
0.00487464
0.00418306
0.00354363
0.00354683
0.00418739
0.00488029
0.00566468
0.00644644
0.00716704
0.00781371
0.00838965
0.00890759
0.00937125
0.00978262
0.0101462
0.0104668
0.0107493
0.0109979
0.0112166
0.0114089
0.0115778
0.0117261
0.0118561
0.01197
0.0120694
0.0121561
0.0122312
0.0122959
0.0123512
0.0123978
0.0124364
0.0124674
0.0124911
0.0128553
0.012835
0.0128092
0.0127775
0.0127394
0.0126945
0.0126421
0.0125811
0.0125107
0.0124296
0.0123363
0.0122289
0.0121055
0.0119635
0.0118
0.0116117
0.0113945
0.0111441
0.010855
0.0105214
0.0101364
0.00969317
0.0091851
0.00860956
0.00795147
0.00720001
0.00635996
0.0054828
0.00466845
0.00388887
0.00389248
0.00467334
0.00548877
0.006366
0.00720541
0.00795611
0.00861344
0.009188
0.00969535
0.0101382
0.0105228
0.0108561
0.011145
0.0113953
0.0116123
0.0118005
0.0119639
0.0121058
0.0122292
0.0123365
0.0124298
0.0125108
0.0125812
0.0126421
0.0126945
0.0127394
0.0127774
0.0128091
0.012835
0.0128552
0.0131285
0.0131114
0.0130901
0.0130643
0.0130336
0.0129977
0.0129558
0.0129072
0.012851
0.0127862
0.0127114
0.0126249
0.0125248
0.0124087
0.0122738
0.0121166
0.0119331
0.0117182
0.0114662
0.0111701
0.0108219
0.0104122
0.00993109
0.00936978
0.00871916
0.00795665
0.00707736
0.00612224
0.00519264
0.00426871
0.00427269
0.00519796
0.00612837
0.00708323
0.00796169
0.00872333
0.00937312
0.00993342
0.0104139
0.0108233
0.0111712
0.0114671
0.0117189
0.0119336
0.012117
0.0122741
0.0124089
0.0125249
0.012625
0.0127114
0.0127862
0.012851
0.0129071
0.0129556
0.0129975
0.0130334
0.0130641
0.0130898
0.0131111
0.0131282
0.013333
0.0133187
0.0133012
0.0132803
0.0132557
0.013227
0.0131937
0.0131553
0.0131109
0.0130596
0.0130003
0.0129317
0.0128519
0.0127589
0.01265
0.0125219
0.0123707
0.0121913
0.0119779
0.0117228
0.0114171
0.0110497
0.0106079
0.010078
0.00944902
0.00869386
0.00779536
0.00678074
0.00574795
0.00467996
0.00468424
0.00575358
0.00678688
0.00780093
0.00869845
0.00945266
0.0100806
0.0106097
0.011051
0.0114181
0.0117236
0.0119785
0.0121918
0.012371
0.0125221
0.0126501
0.012759
0.0128519
0.0129317
0.0130003
0.0130595
0.0131108
0.0131552
0.0131936
0.0132269
0.0132556
0.0132802
0.0133011
0.0133186
0.0133329
0.013487
0.013475
0.0134607
0.0134437
0.0134239
0.013401
0.0133745
0.013344
0.013309
0.0132685
0.0132218
0.0131677
0.0131047
0.013031
0.0129443
0.0128417
0.0127195
0.0125731
0.0123965
0.0121823
0.0119209
0.0116004
0.011206
0.01072
0.0101244
0.00939522
0.00849857
0.00744545
0.00632556
0.00511831
0.00512285
0.00633137
0.00745148
0.00850381
0.00939944
0.0101278
0.0107221
0.0112074
0.0116014
0.0119217
0.0121829
0.0123969
0.0125734
0.0127197
0.0128418
0.0129443
0.013031
0.0131047
0.0131676
0.0132217
0.0132684
0.0133088
0.0133439
0.0133744
0.0134008
0.0134237
0.0134435
0.0134605
0.0134748
0.0134868
0.0136023
0.0135924
0.0135806
0.0135669
0.013551
0.0135327
0.0135116
0.0134875
0.0134598
0.013428
0.0133912
0.0133487
0.0132991
0.0132411
0.0131727
0.0130913
0.0129939
0.0128763
0.0127329
0.0125568
0.0123383
0.0120655
0.0117221
0.0112881
0.0107392
0.0100496
0.00917398
0.00810406
0.00691612
0.00557866
0.00558338
0.00692201
0.00810986
0.00917875
0.0100532
0.0107417
0.0112897
0.0117232
0.0120662
0.0123389
0.0125571
0.0127332
0.0128764
0.012994
0.0130914
0.0131726
0.013241
0.013299
0.0133485
0.0133911
0.0134278
0.0134596
0.0134873
0.0135114
0.0135325
0.0135508
0.0135667
0.0135804
0.0135922
0.0136021
0.0136898
0.0136816
0.0136719
0.0136607
0.0136479
0.0136332
0.0136164
0.0135972
0.0135752
0.0135501
0.0135211
0.0134876
0.0134486
0.013403
0.0133492
0.0132851
0.0132081
0.0131146
0.0129997
0.0128572
0.0126781
0.0124505
0.0121583
0.0117798
0.0112867
0.0106477
0.0098104
0.00874522
0.00751025
0.00605537
0.00606021
0.00751611
0.0087507
0.00981471
0.0106509
0.0112887
0.011781
0.0121591
0.012451
0.0126784
0.0128574
0.0129999
0.0131146
0.0132081
0.0132851
0.0133491
0.0134029
0.0134485
0.0134875
0.0135209
0.0135499
0.0135751
0.013597
0.0136162
0.013633
0.0136477
0.0136606
0.0136718
0.0136814
0.0136897
0.0137567
0.0137498
0.0137418
0.0137327
0.0137223
0.0137104
0.0136969
0.0136816
0.0136641
0.0136441
0.0136211
0.0135947
0.0135639
0.013528
0.0134857
0.0134352
0.0133746
0.0133007
0.0132095
0.0130955
0.0129507
0.0127642
0.0125203
0.0121971
0.0117641
0.0111822
0.0103985
0.00935869
0.00809888
0.00654256
0.00654746
0.00810463
0.00936382
0.0104024
0.011185
0.0117656
0.012198
0.0125209
0.0127645
0.0129509
0.0130956
0.0132096
0.0133007
0.0133745
0.0134352
0.0134856
0.013528
0.0135639
0.0135946
0.0136211
0.013644
0.0136641
0.0136816
0.0136969
0.0137104
0.0137223
0.0137327
0.0137419
0.0137498
0.0137567
0.013808
0.0138023
0.0137957
0.0137883
0.0137798
0.0137702
0.0137593
0.013747
0.0137329
0.013717
0.0136987
0.0136777
0.0136533
0.013625
0.0135915
0.0135518
0.013504
0.0134457
0.0133737
0.0132831
0.0131673
0.0130164
0.0128161
0.0125452
0.0121726
0.0116546
0.0109334
0.00993658
0.0086738
0.00703438
0.00703929
0.00867935
0.00994129
0.0109368
0.0116567
0.0121737
0.0125459
0.0128165
0.0130167
0.0131675
0.0132832
0.0133737
0.0134457
0.013504
0.0135518
0.0135915
0.0136249
0.0136533
0.0136777
0.0136987
0.013717
0.013733
0.013747
0.0137593
0.0137702
0.0137798
0.0137883
0.0137958
0.0138023
0.0138081
0.0138478
0.013843
0.0138376
0.0138315
0.0138245
0.0138167
0.0138079
0.013798
0.0137867
0.0137739
0.0137592
0.0137425
0.0137231
0.0137005
0.013674
0.0136426
0.0136048
0.0135589
0.013502
0.0134304
0.0133383
0.0132174
0.013055
0.0128314
0.0125165
0.0120646
0.0114101
0.0104721
0.0092276
0.00752523
0.0075301
0.00923298
0.0104766
0.0114137
0.0120663
0.0125174
0.0128319
0.0130553
0.0132176
0.0133384
0.0134304
0.013502
0.0135589
0.0136049
0.0136426
0.0136741
0.0137006
0.0137231
0.0137425
0.0137593
0.013774
0.0137868
0.0137981
0.013808
0.0138169
0.0138247
0.0138316
0.0138378
0.0138432
0.013848
0.0138789
0.0138749
0.0138704
0.0138653
0.0138596
0.0138533
0.0138461
0.013838
0.0138289
0.0138186
0.0138068
0.0137933
0.0137778
0.0137598
0.0137387
0.0137137
0.0136838
0.0136474
0.0136024
0.0135458
0.0134729
0.0133766
0.0132461
0.0130639
0.0128018
0.0124147
0.0118316
0.0109621
0.00975443
0.00800997
0.00801476
0.00975954
0.0109661
0.0118343
0.0124159
0.0128025
0.0130643
0.0132464
0.0133768
0.013473
0.0135459
0.0136025
0.0136475
0.0136839
0.0137138
0.0137388
0.0137599
0.0137779
0.0137935
0.0138069
0.0138187
0.0138291
0.0138382
0.0138463
0.0138534
0.0138598
0.0138655
0.0138706
0.0138751
0.013879
0.0139034
0.0139
0.0138963
0.0138921
0.0138875
0.0138822
0.0138764
0.0138698
0.0138623
0.013854
0.0138444
0.0138336
0.0138211
0.0138066
0.0137897
0.0137697
0.0137459
0.013717
0.0136813
0.0136365
0.0135787
0.0135023
0.0133981
0.0132511
0.0130357
0.0127092
0.012199
0.0114047
0.0102497
0.00848403
0.00848871
0.0102545
0.0114082
0.012201
0.0127101
0.0130363
0.0132514
0.0133983
0.0135025
0.0135788
0.0136366
0.0136814
0.0137171
0.013746
0.0137699
0.0137898
0.0138068
0.0138212
0.0138337
0.0138446
0.0138541
0.0138625
0.0138699
0.0138765
0.0138824
0.0138876
0.0138923
0.0138965
0.0139002
0.0139035
0.0139228
0.01392
0.0139169
0.0139134
0.0139096
0.0139053
0.0139004
0.0138951
0.013889
0.0138822
0.0138744
0.0138656
0.0138555
0.0138438
0.0138302
0.0138142
0.0137951
0.013772
0.0137436
0.0137079
0.0136621
0.0136015
0.0135186
0.0134007
0.0132256
0.0129539
0.0125145
0.0117995
0.0107102
0.00894349
0.00894801
0.0107146
0.0118024
0.0125161
0.0129546
0.013226
0.0134009
0.0135188
0.0136017
0.0136623
0.0137081
0.0137437
0.0137721
0.0137952
0.0138143
0.0138304
0.013844
0.0138557
0.0138658
0.0138746
0.0138823
0.0138892
0.0138952
0.0139006
0.0139054
0.0139097
0.0139136
0.013917
0.0139201
0.0139229
0.0139382
0.0139359
0.0139333
0.0139305
0.0139273
0.0139237
0.0139198
0.0139153
0.0139104
0.0139048
0.0138985
0.0138913
0.0138831
0.0138736
0.0138626
0.0138496
0.0138342
0.0138157
0.0137929
0.0137645
0.013728
0.0136799
0.013614
0.0135198
0.0133786
0.013155
0.012782
0.0121449
0.0111329
0.00938494
0.00938932
0.0111372
0.0121484
0.0127832
0.0131556
0.0133789
0.0135201
0.0136142
0.0136801
0.0137282
0.0137647
0.0137931
0.0138158
0.0138344
0.0138498
0.0138627
0.0138737
0.0138832
0.0138914
0.0138986
0.0139049
0.0139105
0.0139155
0.0139199
0.0139238
0.0139274
0.0139306
0.0139335
0.013936
0.0139384
0.0139507
0.0139488
0.0139466
0.0139442
0.0139416
0.0139386
0.0139354
0.0139317
0.0139276
0.013923
0.0139179
0.013912
0.0139053
0.0138975
0.0138886
0.0138781
0.0138656
0.0138506
0.0138324
0.0138095
0.0137804
0.013742
0.0136896
0.0136145
0.0135012
0.0133189
0.0130062
0.0124491
0.0115181
0.00980586
0.00981006
0.0115219
0.0124514
0.0130071
0.0133194
0.0135015
0.0136148
0.0136897
0.0137422
0.0137806
0.0138097
0.0138325
0.0138508
0.0138658
0.0138782
0.0138887
0.0138977
0.0139054
0.0139121
0.013918
0.0139231
0.0139277
0.0139318
0.0139354
0.0139387
0.0139417
0.0139443
0.0139467
0.0139488
0.0139508
0.0139608
0.0139592
0.0139574
0.0139554
0.0139532
0.0139508
0.013948
0.013945
0.0139416
0.0139379
0.0139336
0.0139288
0.0139232
0.0139169
0.0139096
0.013901
0.0138909
0.0138788
0.013864
0.0138456
0.0138222
0.0137915
0.0137496
0.0136898
0.0135991
0.0134515
0.0131922
0.0127125
0.0118657
0.0102044
0.0102083
0.0118691
0.0127142
0.013193
0.0134519
0.0135994
0.01369
0.0137498
0.0137916
0.0138223
0.0138457
0.0138641
0.0138789
0.013891
0.0139011
0.0139097
0.013917
0.0139233
0.0139288
0.0139337
0.0139379
0.0139417
0.0139451
0.0139481
0.0139508
0.0139532
0.0139554
0.0139574
0.0139592
0.0139609
0.0139691
0.0139677
0.0139662
0.0139645
0.0139627
0.0139607
0.0139584
0.0139559
0.0139531
0.01395
0.0139464
0.0139425
0.0139379
0.0139327
0.0139267
0.0139197
0.0139114
0.0139015
0.0138895
0.0138746
0.0138557
0.013831
0.0137975
0.0137498
0.0136773
0.0135583
0.0133453
0.0129373
0.0121765
0.010579
0.0105828
0.0121794
0.0129388
0.0133462
0.0135587
0.0136775
0.0137499
0.0137977
0.0138312
0.0138558
0.0138747
0.0138896
0.0139016
0.0139115
0.0139197
0.0139268
0.0139328
0.013938
0.0139425
0.0139465
0.01395
0.0139531
0.0139559
0.0139584
0.0139607
0.0139627
0.0139646
0.0139662
0.0139677
0.0139691
0.0139759
0.0139747
0.0139735
0.0139721
0.0139705
0.0139688
0.013967
0.0139649
0.0139625
0.0139599
0.013957
0.0139537
0.0139499
0.0139456
0.0139407
0.0139349
0.0139281
0.01392
0.0139102
0.0138981
0.0138828
0.0138628
0.0138359
0.0137977
0.0137397
0.0136441
0.0134711
0.0131275
0.0124515
0.010929
0.0109325
0.0124541
0.0131287
0.0134719
0.0136444
0.0137399
0.0137978
0.013836
0.013863
0.0138829
0.0138982
0.0139103
0.0139201
0.0139282
0.013935
0.0139407
0.0139457
0.01395
0.0139537
0.013957
0.0139599
0.0139626
0.0139649
0.013967
0.0139689
0.0139706
0.0139721
0.0139735
0.0139748
0.0139759
0.0139816
0.0139806
0.0139795
0.0139784
0.0139771
0.0139756
0.0139741
0.0139723
0.0139704
0.0139682
0.0139657
0.013963
0.0139599
0.0139563
0.0139522
0.0139474
0.0139418
0.0139351
0.0139271
0.0139172
0.0139047
0.0138885
0.0138668
0.013836
0.0137896
0.013713
0.0135734
0.0132869
0.0126928
0.0112538
0.0112571
0.012695
0.0132879
0.013574
0.0137132
0.0137897
0.0138362
0.0138669
0.0138886
0.0139048
0.0139172
0.0139271
0.0139352
0.0139418
0.0139475
0.0139522
0.0139563
0.0139599
0.013963
0.0139658
0.0139682
0.0139704
0.0139723
0.0139741
0.0139757
0.0139771
0.0139784
0.0139796
0.0139806
0.0139816
0.0139864
0.0139855
0.0139846
0.0139837
0.0139826
0.0139814
0.01398
0.0139786
0.0139769
0.0139751
0.0139731
0.0139708
0.0139681
0.0139652
0.0139617
0.0139578
0.0139531
0.0139476
0.013941
0.0139328
0.0139226
0.0139094
0.0138917
0.0138669
0.0138296
0.0137682
0.0136561
0.0134193
0.0129024
0.0115533
0.0115564
0.0129043
0.0134201
0.0136565
0.0137684
0.0138297
0.013867
0.0138918
0.0139095
0.0139227
0.0139329
0.013941
0.0139476
0.0139532
0.0139578
0.0139618
0.0139652
0.0139682
0.0139708
0.0139731
0.0139751
0.013977
0.0139786
0.0139801
0.0139814
0.0139826
0.0139837
0.0139847
0.0139856
0.0139864
0.0139905
0.0139898
0.013989
0.0139882
0.0139873
0.0139863
0.0139851
0.0139839
0.0139825
0.013981
0.0139792
0.0139773
0.0139751
0.0139726
0.0139697
0.0139664
0.0139625
0.0139579
0.0139524
0.0139457
0.0139373
0.0139265
0.0139121
0.0138919
0.0138618
0.0138125
0.0137227
0.0135286
0.0130834
0.0118283
0.0118311
0.013085
0.0135292
0.013723
0.0138127
0.0138619
0.013892
0.0139121
0.0139265
0.0139373
0.0139457
0.0139525
0.013958
0.0139626
0.0139664
0.0139698
0.0139726
0.0139751
0.0139773
0.0139793
0.013981
0.0139825
0.0139839
0.0139852
0.0139863
0.0139873
0.0139882
0.0139891
0.0139898
0.0139905
0.0139944
0.0139938
0.0139931
0.0139924
0.0139916
0.0139907
0.0139897
0.0139887
0.0139875
0.0139861
0.0139847
0.013983
0.0139811
0.013979
0.0139765
0.0139737
0.0139705
0.0139666
0.013962
0.0139564
0.0139494
0.0139405
0.0139287
0.0139123
0.0138879
0.0138482
0.0137762
0.013618
0.013237
0.0120774
0.01208
0.0132384
0.0136185
0.0137764
0.0138483
0.013888
0.0139123
0.0139287
0.0139405
0.0139494
0.0139564
0.013962
0.0139666
0.0139705
0.0139737
0.0139766
0.013979
0.0139811
0.013983
0.0139847
0.0139862
0.0139875
0.0139887
0.0139898
0.0139907
0.0139916
0.0139924
0.0139931
0.0139938
0.0139944
0.000639658
0.000628712
0.000620712
0.000614262
0.000608628
0.000603448
0.000598464
0.00059344
0.000588132
0.000582284
0.000575705
0.000568029
0.000558045
0.000544138
0.000535
0.000551802
0.000548721
0.000542882
0.000540159
0.000538427
0.000537647
0.00053748
0.000537769
0.000538376
0.000539195
0.000539961
0.000540276
0.000539834
0.000541224
0.000533144
0.000941387
0.000933136
0.000925369
0.000919288
0.000914314
0.00091011
0.000906348
0.000902743
0.000899021
0.000894888
0.00088997
0.00088369
0.000875345
0.000865227
0.000848462
0.00126631
0.00125809
0.00124972
0.00124234
0.00123571
0.00122962
0.00122381
0.00121806
0.00121209
0.00120565
0.00119836
0.00118966
0.00117904
0.00116616
0.00114769
0.00158651
0.00157894
0.00157107
0.00156365
0.00155663
0.00154987
0.00154321
0.00153647
0.00152942
0.00152177
0.00151318
0.00150315
0.00149135
0.00147691
0.00145766
0.00193001
0.00192433
0.00191781
0.00191146
0.00190526
0.00189915
0.001893
0.00188666
0.00187989
0.00187238
0.00186375
0.00185352
0.00184142
0.00182637
0.00180679
0.00234891
0.00234317
0.00233672
0.00233049
0.00232455
0.00231885
0.00231328
0.00230768
0.00230182
0.00229537
0.00228786
0.00227883
0.00226776
0.0022535
0.00223444
0.0029487
0.00294415
0.00293838
0.00293252
0.00292672
0.00292094
0.00291514
0.00290922
0.00290302
0.00289632
0.00288884
0.0028802
0.00286988
0.00285722
0.00284127
0.00369024
0.0036881
0.00368437
0.00368038
0.00367629
0.0036721
0.00366777
0.00366321
0.00365832
0.00365292
0.00364679
0.00363962
0.00363104
0.00362054
0.00360749
0.00454645
0.00454681
0.00454532
0.00454344
0.0045414
0.0045392
0.00453679
0.00453413
0.00453112
0.00452764
0.00452352
0.00451853
0.00451242
0.00450483
0.00449536
0.00550342
0.00550626
0.00550707
0.00550746
0.00550768
0.00550778
0.00550771
0.00550744
0.0055069
0.00550601
0.00550465
0.00550267
0.00549989
0.00549611
0.00549105
0.00654168
0.00654688
0.00654998
0.00655266
0.00655526
0.00655782
0.00656034
0.00656278
0.00656511
0.00656727
0.0065692
0.00657081
0.00657199
0.00657262
0.00657256
0.00762712
0.00763434
0.00763949
0.00764427
0.00764906
0.00765395
0.00765894
0.00766403
0.0076692
0.00767443
0.00767969
0.00768493
0.00769012
0.00769519
0.00770007
0.00870926
0.00871777
0.00872435
0.0087306
0.00873695
0.00874351
0.0087503
0.00875733
0.00876461
0.00877213
0.00877988
0.00878786
0.00879606
0.00880447
0.00881306
0.00973181
0.00974073
0.0097479
0.0097548
0.00976185
0.00976916
0.00977679
0.00978475
0.00979305
0.0098017
0.00981071
0.0098201
0.00982987
0.00984003
0.00985059
0.010643
0.0106514
0.0106584
0.0106651
0.0106719
0.010679
0.0106865
0.0106943
0.0107024
0.010711
0.0107199
0.0107293
0.0107391
0.0107493
0.01076
0.0114115
0.0114188
0.0114249
0.0114308
0.0114368
0.0114431
0.0114497
0.0114566
0.0114639
0.0114714
0.0114794
0.0114877
0.0114965
0.0115057
0.0115153
0.0120286
0.0120345
0.0120395
0.0120443
0.0120492
0.0120544
0.0120598
0.0120654
0.0120714
0.0120776
0.0120842
0.012091
0.0120982
0.0121058
0.0121137
0.0125066
0.0125112
0.0125151
0.0125188
0.0125227
0.0125267
0.0125309
0.0125353
0.0125399
0.0125448
0.0125499
0.0125552
0.0125609
0.0125668
0.012573
0.0128689
0.0128723
0.0128752
0.012878
0.0128809
0.012884
0.0128871
0.0128905
0.0128939
0.0128976
0.0129015
0.0129055
0.0129098
0.0129142
0.0129189
0.0131403
0.0131428
0.0131449
0.013147
0.0131492
0.0131514
0.0131537
0.0131562
0.0131587
0.0131615
0.0131643
0.0131673
0.0131704
0.0131737
0.0131772
0.0133434
0.0133452
0.0133468
0.0133483
0.0133499
0.0133515
0.0133532
0.013355
0.0133569
0.0133588
0.0133609
0.0133631
0.0133654
0.0133678
0.0133703
0.0134959
0.0134972
0.0134983
0.0134994
0.0135005
0.0135017
0.0135029
0.0135042
0.0135055
0.0135069
0.0135084
0.0135099
0.0135116
0.0135133
0.0135151
0.0136099
0.0136108
0.0136116
0.0136124
0.0136132
0.0136141
0.0136149
0.0136159
0.0136168
0.0136178
0.0136189
0.01362
0.0136212
0.0136224
0.0136238
0.0136963
0.013697
0.0136976
0.0136982
0.0136987
0.0136993
0.0137
0.0137006
0.0137013
0.0137021
0.0137028
0.0137036
0.0137045
0.0137054
0.0137063
0.0137624
0.0137628
0.0137633
0.0137637
0.0137641
0.0137645
0.013765
0.0137654
0.0137659
0.0137664
0.013767
0.0137676
0.0137682
0.0137688
0.0137695
0.0138128
0.0138132
0.0138135
0.0138138
0.0138141
0.0138144
0.0138147
0.013815
0.0138154
0.0138158
0.0138161
0.0138166
0.013817
0.0138174
0.0138179
0.013852
0.0138523
0.0138525
0.0138527
0.0138529
0.0138531
0.0138533
0.0138536
0.0138538
0.0138541
0.0138544
0.0138546
0.013855
0.0138553
0.0138556
0.0138825
0.0138827
0.0138828
0.0138829
0.0138831
0.0138832
0.0138834
0.0138836
0.0138838
0.0138839
0.0138841
0.0138843
0.0138846
0.0138848
0.013885
0.0139064
0.0139066
0.0139067
0.0139068
0.0139069
0.013907
0.0139071
0.0139072
0.0139073
0.0139075
0.0139076
0.0139078
0.0139079
0.0139081
0.0139082
0.0139253
0.0139254
0.0139255
0.0139256
0.0139256
0.0139257
0.0139258
0.0139259
0.013926
0.0139261
0.0139262
0.0139263
0.0139264
0.0139265
0.0139266
0.0139404
0.0139405
0.0139405
0.0139406
0.0139406
0.0139407
0.0139407
0.0139408
0.0139409
0.0139409
0.013941
0.0139411
0.0139412
0.0139412
0.0139413
0.0139525
0.0139526
0.0139526
0.0139526
0.0139527
0.0139527
0.0139528
0.0139528
0.0139528
0.0139529
0.0139529
0.013953
0.013953
0.0139531
0.0139532
0.0139623
0.0139623
0.0139624
0.0139624
0.0139624
0.0139625
0.0139625
0.0139625
0.0139625
0.0139626
0.0139626
0.0139626
0.0139627
0.0139627
0.0139628
0.0139703
0.0139703
0.0139704
0.0139704
0.0139704
0.0139704
0.0139704
0.0139705
0.0139705
0.0139705
0.0139705
0.0139706
0.0139706
0.0139706
0.0139706
0.0139769
0.013977
0.013977
0.013977
0.013977
0.013977
0.013977
0.013977
0.0139771
0.0139771
0.0139771
0.0139771
0.0139771
0.0139772
0.0139772
0.0139825
0.0139825
0.0139825
0.0139825
0.0139825
0.0139825
0.0139825
0.0139825
0.0139825
0.0139825
0.0139826
0.0139826
0.0139826
0.0139826
0.0139826
0.0139871
0.0139871
0.0139871
0.0139871
0.0139871
0.0139871
0.0139871
0.0139872
0.0139872
0.0139872
0.0139872
0.0139872
0.0139872
0.0139872
0.0139872
0.0139911
0.0139911
0.0139911
0.0139911
0.0139911
0.0139912
0.0139912
0.0139912
0.0139912
0.0139912
0.0139912
0.0139912
0.0139912
0.0139912
0.0139912
0.0139949
0.0139949
0.0139949
0.0139949
0.0139949
0.0139949
0.0139949
0.0139949
0.0139949
0.0139949
0.0139949
0.0139949
0.0139949
0.0139949
0.0139949
0.000541678
0.000554328
0.0005618
0.000568289
0.000573628
0.000578316
0.000582416
0.000586033
0.000589196
0.000591926
0.000594227
0.000596085
0.000597487
0.000598416
0.000598854
0.000598793
0.000598242
0.000597219
0.000595771
0.00059395
0.000591648
0.000588818
0.000585693
0.000582874
0.0005813
0.000581381
0.000582554
0.000584555
0.000587571
0.000591996
0.000598518
0.00060831
0.00062259
0.000642977
0.000672082
0.000712016
0.00076223
0.000800622
0.000760026
0.000830145
0.000510314
0.000511608
0.000511019
0.00051077
0.000510402
0.000509896
0.000509237
0.000508391
0.000507336
0.000506038
0.000504465
0.000502576
0.000500335
0.000497699
0.000494638
0.000491144
0.00048727
0.00048302
0.000478352
0.000473257
0.000467535
0.000463007
0.000460692
0.000462472
0.000473892
0.00049749
0.000528042
0.000562664
0.000601751
0.000646552
0.000699148
0.000765002
0.000848892
0.000959369
0.00112078
0.0013586
0.00169156
0.00211697
0.00253855
0.00278505
0.000820674
0.000829358
0.000836278
0.00084119
0.000845044
0.000848102
0.000850628
0.000852748
0.000854563
0.000856137
0.00085753
0.000858786
0.000859944
0.000861061
0.000862208
0.000863537
0.000865223
0.00086756
0.000871395
0.000877764
0.000891006
0.000915917
0.000946439
0.000979988
0.00102419
0.00109042
0.00117217
0.00126223
0.00136138
0.00147249
0.00159753
0.00175352
0.00194537
0.00216744
0.00246791
0.00288424
0.00342073
0.00402198
0.00448164
0.00468871
0.0011211
0.00113014
0.001138
0.00114413
0.00114918
0.00115337
0.00115697
0.00116012
0.00116298
0.00116565
0.00116824
0.00117087
0.00117363
0.00117664
0.00118
0.00118399
0.00118873
0.00119583
0.0012076
0.00122565
0.00125715
0.00132028
0.00140652
0.00150021
0.00160106
0.00170992
0.00182638
0.00195163
0.00208775
0.00224072
0.002396
0.00260392
0.00288561
0.00325964
0.00374199
0.00433133
0.00499392
0.00565297
0.00616993
0.00636878
0.00143187
0.00144112
0.00144987
0.00145741
0.00146408
0.00147004
0.00147551
0.00148069
0.00148578
0.00149101
0.00149667
0.00150308
0.00151063
0.00151969
0.00153051
0.00154274
0.00155785
0.00158062
0.00162218
0.00169027
0.0017851
0.00190085
0.0020238
0.00215172
0.00228486
0.00242394
0.00256839
0.0027212
0.00288188
0.00309114
0.00336234
0.00371139
0.0041467
0.00466978
0.00527168
0.00593164
0.00659395
0.00718946
0.00762936
0.00780512
0.0017816
0.00179194
0.0018026
0.00181271
0.00182244
0.00183187
0.00184116
0.00185052
0.00186031
0.00187099
0.00188335
0.00189865
0.00191881
0.00194627
0.00198229
0.0020258
0.00207779
0.0021409
0.0022194
0.0023188
0.00244712
0.00259617
0.00274938
0.0029059
0.00306545
0.00323053
0.00339687
0.00360619
0.00386974
0.00419824
0.00459462
0.00505958
0.00559336
0.00618625
0.00681159
0.00745729
0.00804359
0.00852713
0.0088636
0.00900121
0.00220942
0.00222368
0.00224019
0.00225823
0.0022782
0.00230019
0.00232419
0.00234971
0.00237758
0.00240816
0.00244202
0.00247981
0.00252235
0.00257078
0.00262476
0.00268611
0.00275685
0.00284001
0.00293984
0.00306268
0.00321829
0.00339588
0.00357564
0.00375668
0.00393568
0.0041432
0.00439671
0.00470559
0.00507053
0.00548927
0.00595635
0.00646147
0.0070121
0.00760353
0.00820293
0.00877047
0.00926229
0.00963409
0.00987819
0.00997708
0.00282259
0.00284596
0.00287217
0.00290001
0.00292947
0.00296071
0.00299392
0.00302946
0.00306783
0.00310954
0.00315525
0.00320554
0.00326088
0.00332175
0.00338878
0.00346426
0.00355024
0.00364995
0.00376817
0.00391165
0.00409087
0.00429228
0.00449371
0.00469982
0.00494347
0.00523364
0.00557215
0.00595531
0.0063757
0.00682582
0.00730542
0.00782649
0.00837129
0.00891513
0.00942641
0.00987701
0.0102478
0.0105229
0.0106942
0.0107618
0.0035931
0.00361949
0.00364919
0.00368087
0.00371449
0.00375023
0.00378829
0.00382904
0.00387302
0.00392084
0.00397336
0.00403158
0.00409667
0.00416843
0.00424887
0.00433955
0.00444132
0.00455702
0.00469277
0.00485465
0.00505341
0.00527241
0.00550907
0.00578177
0.00609589
0.00644903
0.00683524
0.00724597
0.00766876
0.00812566
0.00860724
0.00909804
0.00957256
0.0100232
0.0104262
0.0107637
0.0110293
0.0112249
0.0113427
0.0113875
0.00448572
0.0045134
0.00454476
0.00457848
0.00461447
0.00465292
0.00469402
0.0047381
0.00478568
0.00483734
0.00489395
0.00495655
0.0050264
0.00510317
0.00518979
0.00528881
0.00540313
0.00553633
0.00569193
0.00587154
0.00608798
0.00634745
0.00663967
0.00696487
0.00731858
0.00769337
0.00808068
0.00847989
0.00890151
0.00933477
0.00975989
0.010175
0.0105634
0.0109118
0.0112096
0.0114534
0.0116393
0.0117756
0.0118558
0.0118849
0.0054868
0.00551523
0.00554757
0.00558252
0.00562003
0.0056603
0.00570348
0.00574993
0.00580011
0.00585457
0.00591416
0.00597987
0.00605115
0.00613045
0.00621992
0.00632239
0.00644135
0.00658143
0.00674824
0.00694825
0.00719859
0.00749855
0.00782304
0.00816579
0.0085193
0.00887554
0.00924278
0.00962077
0.00999832
0.0103677
0.0107232
0.011053
0.0113464
0.0116018
0.011813
0.011983
0.0121132
0.0122075
0.0122619
0.0122806
0.00657404
0.0066028
0.00663549
0.00667093
0.00670908
0.00675018
0.00679438
0.00684202
0.00689354
0.00694945
0.00701053
0.0070777
0.0071499
0.00723027
0.00732088
0.00742464
0.00754535
0.00768834
0.00786074
0.00807208
0.0083396
0.00865169
0.00897389
0.00929848
0.00961879
0.00994643
0.0102764
0.010598
0.0109113
0.0112081
0.011482
0.0117286
0.0119435
0.0121254
0.0122743
0.012392
0.0124826
0.0125477
0.0125846
0.0125965
0.00770703
0.00773529
0.00776744
0.00780237
0.00784002
0.00788064
0.00792442
0.00797168
0.00802285
0.00807839
0.00813901
0.00820373
0.00827455
0.00835333
0.00844199
0.0085433
0.00866091
0.00880001
0.00896773
0.00917391
0.00943294
0.00972577
0.010016
0.010297
0.0105813
0.0108625
0.0111315
0.0113919
0.0116359
0.0118621
0.012066
0.0122444
0.0123968
0.0125239
0.0126279
0.0127093
0.0127723
0.0128174
0.0128424
0.0128498
0.00882394
0.00885062
0.0088808
0.00891354
0.00894879
0.00898706
0.00902837
0.00907302
0.00912143
0.00917401
0.00923091
0.00929182
0.00935871
0.0094322
0.00951462
0.00960835
0.00971645
0.00984328
0.00999495
0.0101798
0.0104081
0.0106585
0.0109006
0.0111405
0.0113739
0.0115968
0.0118099
0.0120076
0.0121915
0.0123566
0.0125036
0.0126309
0.0127392
0.012828
0.0129006
0.0129572
0.0130012
0.0130325
0.0130496
0.0130541
0.0098634
0.00988732
0.0099141
0.00994318
0.00997444
0.0100083
0.0100448
0.0100841
0.0101267
0.0101729
0.0102217
0.010275
0.0103337
0.0103989
0.010472
0.0105547
0.0106492
0.0107575
0.0108855
0.0110393
0.0112257
0.0114277
0.0116255
0.0118154
0.0119959
0.012167
0.012327
0.0124745
0.0126091
0.0127291
0.0128338
0.0129234
0.0129991
0.013062
0.013113
0.0131527
0.0131836
0.0132055
0.0132172
0.0132196
0.0107727
0.0107929
0.0108155
0.01084
0.0108663
0.0108946
0.0109249
0.0109575
0.0109927
0.0110297
0.0110697
0.0111135
0.0111616
0.011215
0.0112747
0.0113423
0.0114193
0.0115082
0.0116117
0.0117337
0.0118808
0.0120404
0.0121925
0.0123367
0.0124729
0.0126003
0.0127179
0.0128257
0.0129223
0.0130082
0.0130831
0.0131462
0.0131994
0.0132439
0.01328
0.013308
0.0133299
0.0133453
0.0133534
0.0133544
0.0115266
0.0115429
0.0115611
0.0115808
0.0116019
0.0116245
0.0116485
0.0116742
0.0117015
0.0117305
0.0117619
0.0117963
0.011834
0.0118757
0.0119223
0.0119747
0.0120344
0.0121033
0.0121834
0.0122779
0.0123907
0.0125105
0.0126244
0.0127317
0.0128324
0.0129254
0.0130114
0.0130887
0.0131582
0.0132193
0.0132721
0.0133174
0.0133552
0.0133869
0.0134126
0.0134326
0.0134481
0.013459
0.0134648
0.0134647
0.012123
0.0121357
0.0121499
0.0121652
0.0121815
0.0121988
0.0122171
0.0122368
0.0122573
0.0122796
0.0123038
0.0123302
0.0123592
0.0123913
0.012427
0.0124666
0.0125115
0.0125631
0.012623
0.0126935
0.0127766
0.0128652
0.0129489
0.0130278
0.0131009
0.0131688
0.0132312
0.0132874
0.0133371
0.0133805
0.0134181
0.0134504
0.0134775
0.0135003
0.0135188
0.0135333
0.0135442
0.0135518
0.0135557
0.0135552
0.0125802
0.0125899
0.0126007
0.0126123
0.0126246
0.0126376
0.0126515
0.012666
0.0126815
0.0126982
0.0127163
0.012736
0.0127576
0.0127815
0.012808
0.0128379
0.0128716
0.0129101
0.012954
0.0130052
0.0130664
0.013131
0.0131923
0.0132493
0.0133027
0.0133521
0.0133969
0.0134375
0.0134735
0.0135046
0.0135316
0.0135549
0.0135745
0.013591
0.0136046
0.0136152
0.0136229
0.0136281
0.0136306
0.0136299
0.0129245
0.0129317
0.0129399
0.0129486
0.0129578
0.0129675
0.0129777
0.0129886
0.0130002
0.0130126
0.013026
0.0130406
0.0130566
0.0130741
0.0130936
0.0131155
0.0131402
0.0131684
0.0132009
0.0132389
0.0132833
0.0133305
0.0133747
0.0134165
0.0134554
0.013491
0.0135235
0.0135527
0.0135785
0.0136013
0.0136208
0.0136378
0.0136522
0.0136641
0.013674
0.0136819
0.0136876
0.013691
0.0136926
0.0136918
0.0131813
0.0131868
0.0131929
0.0131994
0.0132063
0.0132136
0.0132213
0.0132293
0.013238
0.0132472
0.0132573
0.0132682
0.0132802
0.0132933
0.0133078
0.0133241
0.0133421
0.0133627
0.0133865
0.013414
0.0134464
0.0134804
0.0135127
0.0135432
0.0135714
0.0135974
0.0136209
0.0136421
0.0136609
0.0136773
0.0136917
0.013704
0.0137147
0.0137236
0.0137308
0.0137365
0.0137407
0.0137431
0.013744
0.0137432
0.0133733
0.0133775
0.0133821
0.013387
0.0133922
0.0133976
0.0134033
0.0134094
0.0134159
0.0134228
0.0134304
0.0134385
0.0134473
0.0134569
0.0134676
0.0134795
0.0134929
0.0135082
0.0135257
0.0135459
0.0135694
0.0135943
0.0136176
0.0136397
0.0136603
0.0136792
0.0136963
0.0137117
0.0137255
0.0137375
0.0137481
0.0137573
0.0137653
0.013772
0.0137775
0.0137816
0.0137847
0.0137865
0.0137868
0.013786
0.0135173
0.0135204
0.0135239
0.0135277
0.0135316
0.0135357
0.0135401
0.0135446
0.0135495
0.0135548
0.0135605
0.0135666
0.0135732
0.0135803
0.0135882
0.013597
0.0136069
0.0136181
0.0136309
0.0136456
0.0136628
0.0136808
0.013698
0.0137141
0.0137291
0.0137429
0.0137555
0.0137668
0.0137769
0.0137859
0.0137938
0.0138007
0.0138066
0.0138117
0.0138158
0.013819
0.0138211
0.0138223
0.0138225
0.0138217
0.0136253
0.0136277
0.0136305
0.0136333
0.0136363
0.0136395
0.0136428
0.0136463
0.01365
0.013654
0.0136583
0.0136629
0.0136678
0.0136733
0.0136792
0.0136858
0.0136932
0.0137014
0.0137108
0.0137217
0.0137341
0.0137473
0.0137598
0.0137717
0.0137827
0.0137929
0.0138022
0.0138105
0.013818
0.0138248
0.0138308
0.013836
0.0138405
0.0138444
0.0138474
0.0138499
0.0138515
0.0138523
0.0138523
0.0138516
0.0137074
0.0137093
0.0137114
0.0137136
0.0137159
0.0137184
0.013721
0.0137237
0.0137265
0.0137296
0.0137328
0.0137364
0.0137402
0.0137442
0.0137487
0.0137536
0.0137591
0.0137653
0.0137723
0.0137803
0.0137894
0.013799
0.0138082
0.0138169
0.013825
0.0138325
0.0138394
0.0138456
0.0138513
0.0138564
0.0138609
0.0138649
0.0138684
0.0138714
0.0138738
0.0138756
0.0138767
0.0138773
0.0138772
0.0138766
0.0137703
0.0137718
0.0137734
0.0137751
0.0137769
0.0137789
0.0137808
0.0137829
0.0137852
0.0137875
0.01379
0.0137927
0.0137956
0.0137987
0.0138021
0.0138058
0.0138099
0.0138146
0.0138198
0.0138257
0.0138323
0.0138394
0.0138462
0.0138526
0.0138586
0.0138642
0.0138694
0.0138741
0.0138784
0.0138822
0.0138857
0.0138887
0.0138914
0.0138937
0.0138955
0.0138969
0.0138978
0.0138982
0.0138981
0.0138976
0.0138185
0.0138197
0.013821
0.0138223
0.0138237
0.0138252
0.0138268
0.0138285
0.0138302
0.0138321
0.013834
0.0138361
0.0138383
0.0138407
0.0138433
0.0138461
0.0138492
0.0138527
0.0138566
0.013861
0.0138659
0.0138711
0.0138761
0.0138809
0.0138854
0.0138896
0.0138935
0.0138971
0.0139004
0.0139034
0.0139061
0.0139084
0.0139105
0.0139123
0.0139136
0.0139147
0.0139154
0.0139157
0.0139157
0.0139152
0.013856
0.013857
0.013858
0.0138591
0.0138602
0.0138614
0.0138626
0.0138639
0.0138653
0.0138668
0.0138683
0.0138699
0.0138717
0.0138735
0.0138754
0.0138776
0.01388
0.0138826
0.0138855
0.0138888
0.0138925
0.0138963
0.0139001
0.0139036
0.013907
0.0139102
0.0139132
0.0139159
0.0139184
0.0139208
0.0139229
0.0139247
0.0139263
0.0139277
0.0139288
0.0139296
0.0139302
0.0139305
0.0139304
0.0139299
0.0138853
0.0138861
0.0138869
0.0138878
0.0138887
0.0138896
0.0138906
0.0138916
0.0138927
0.0138939
0.0138951
0.0138964
0.0138977
0.0138991
0.0139006
0.0139023
0.0139041
0.0139061
0.0139083
0.0139108
0.0139135
0.0139164
0.0139193
0.0139219
0.0139245
0.0139269
0.0139292
0.0139313
0.0139333
0.0139351
0.0139367
0.0139382
0.0139394
0.0139405
0.0139414
0.0139421
0.0139426
0.0139428
0.0139427
0.0139424
0.0139085
0.0139091
0.0139097
0.0139104
0.0139112
0.0139119
0.0139127
0.0139135
0.0139144
0.0139153
0.0139163
0.0139173
0.0139183
0.0139194
0.0139206
0.0139219
0.0139233
0.0139249
0.0139265
0.0139284
0.0139304
0.0139326
0.0139347
0.0139368
0.0139387
0.0139406
0.0139424
0.013944
0.0139455
0.013947
0.0139482
0.0139494
0.0139504
0.0139513
0.0139521
0.0139527
0.013953
0.0139532
0.0139531
0.0139528
0.0139268
0.0139273
0.0139278
0.0139284
0.013929
0.0139296
0.0139302
0.0139309
0.0139316
0.0139323
0.0139331
0.0139339
0.0139347
0.0139356
0.0139366
0.0139376
0.0139387
0.0139398
0.0139411
0.0139425
0.0139441
0.0139457
0.0139473
0.0139489
0.0139504
0.0139518
0.0139532
0.0139545
0.0139557
0.0139568
0.0139579
0.0139588
0.0139597
0.0139604
0.013961
0.0139615
0.0139618
0.0139619
0.0139619
0.0139616
0.0139414
0.0139418
0.0139423
0.0139427
0.0139432
0.0139437
0.0139442
0.0139448
0.0139453
0.0139459
0.0139465
0.0139472
0.0139479
0.0139486
0.0139493
0.0139501
0.013951
0.0139519
0.0139529
0.013954
0.0139552
0.0139564
0.0139576
0.0139588
0.01396
0.0139611
0.0139622
0.0139632
0.0139642
0.0139651
0.0139659
0.0139667
0.0139674
0.013968
0.0139685
0.0139689
0.0139692
0.0139693
0.0139692
0.013969
0.0139532
0.0139536
0.0139539
0.0139543
0.0139547
0.0139551
0.0139555
0.013956
0.0139564
0.0139569
0.0139574
0.0139579
0.0139585
0.0139591
0.0139597
0.0139603
0.013961
0.0139617
0.0139625
0.0139633
0.0139642
0.0139652
0.0139661
0.013967
0.0139679
0.0139688
0.0139697
0.0139705
0.0139713
0.013972
0.0139727
0.0139733
0.0139739
0.0139744
0.0139748
0.0139751
0.0139753
0.0139754
0.0139754
0.0139752
0.0139628
0.0139631
0.0139634
0.0139637
0.013964
0.0139644
0.0139647
0.0139651
0.0139654
0.0139658
0.0139662
0.0139667
0.0139671
0.0139676
0.0139681
0.0139686
0.0139692
0.0139697
0.0139703
0.013971
0.0139717
0.0139724
0.0139731
0.0139738
0.0139746
0.0139753
0.0139759
0.0139766
0.0139772
0.0139778
0.0139784
0.0139789
0.0139794
0.0139798
0.0139801
0.0139804
0.0139805
0.0139806
0.0139806
0.0139805
0.0139707
0.0139709
0.0139712
0.0139714
0.0139717
0.0139719
0.0139722
0.0139725
0.0139728
0.0139732
0.0139735
0.0139738
0.0139742
0.0139746
0.013975
0.0139754
0.0139758
0.0139763
0.0139768
0.0139773
0.0139778
0.0139784
0.013979
0.0139795
0.0139801
0.0139807
0.0139812
0.0139817
0.0139822
0.0139827
0.0139832
0.0139836
0.013984
0.0139843
0.0139846
0.0139848
0.0139849
0.013985
0.013985
0.0139849
0.0139772
0.0139774
0.0139776
0.0139778
0.013978
0.0139782
0.0139785
0.0139787
0.013979
0.0139793
0.0139795
0.0139798
0.0139801
0.0139804
0.0139807
0.0139811
0.0139814
0.0139818
0.0139822
0.0139826
0.013983
0.0139834
0.0139839
0.0139843
0.0139848
0.0139852
0.0139856
0.0139861
0.0139865
0.0139868
0.0139872
0.0139875
0.0139878
0.0139881
0.0139883
0.0139885
0.0139886
0.0139887
0.0139887
0.0139886
0.0139826
0.0139828
0.013983
0.0139831
0.0139833
0.0139835
0.0139837
0.0139839
0.0139841
0.0139843
0.0139846
0.0139848
0.013985
0.0139853
0.0139855
0.0139858
0.0139861
0.0139864
0.0139867
0.013987
0.0139873
0.0139877
0.013988
0.0139884
0.0139887
0.013989
0.0139894
0.0139897
0.01399
0.0139903
0.0139906
0.0139909
0.0139911
0.0139913
0.0139915
0.0139916
0.0139917
0.0139918
0.0139918
0.0139917
0.0139872
0.0139874
0.0139875
0.0139876
0.0139878
0.013988
0.0139881
0.0139883
0.0139885
0.0139886
0.0139888
0.013989
0.0139892
0.0139894
0.0139896
0.0139898
0.0139901
0.0139903
0.0139905
0.0139908
0.013991
0.0139913
0.0139915
0.0139918
0.0139921
0.0139923
0.0139926
0.0139928
0.0139931
0.0139933
0.0139935
0.0139937
0.0139939
0.013994
0.0139942
0.0139943
0.0139943
0.0139944
0.0139944
0.0139943
0.0139912
0.0139913
0.0139914
0.0139916
0.0139917
0.0139918
0.0139919
0.0139921
0.0139922
0.0139924
0.0139925
0.0139927
0.0139928
0.013993
0.0139931
0.0139933
0.0139935
0.0139937
0.0139938
0.013994
0.0139942
0.0139944
0.0139946
0.0139948
0.013995
0.0139951
0.0139953
0.0139955
0.0139957
0.0139958
0.013996
0.0139961
0.0139962
0.0139963
0.0139964
0.0139965
0.0139966
0.0139966
0.0139966
0.0139966
0.0139949
0.013995
0.0139951
0.0139952
0.0139953
0.0139954
0.0139955
0.0139956
0.0139957
0.0139958
0.013996
0.0139961
0.0139962
0.0139963
0.0139964
0.0139965
0.0139966
0.0139967
0.0139969
0.013997
0.0139971
0.0139972
0.0139973
0.0139974
0.0139975
0.0139977
0.0139978
0.0139978
0.0139979
0.013998
0.0139981
0.0139982
0.0139982
0.0139983
0.0139983
0.0139984
0.0139984
0.0139984
0.0139984
0.0139984
1.46941e-06
8.40289e-05
0.000152388
0.000191547
0.000207859
0.000205411
0.000189676
0.00017514
0.000176105
0.000189985
0.00020644
0.000219145
0.000226356
0.000229212
0.000231118
0.000237451
0.000243776
0.000240476
0.000226191
0.000208983
0.000187602
0.000171042
0.000165534
0.000170489
0.000181217
0.000192937
0.000203482
0.000212578
0.000218877
0.000221695
0.000221659
0.000218771
0.000212412
0.000203286
0.00019271
0.000180975
0.000170291
0.000165492
0.000171217
0.000187919
0.000209273
0.000226312
0.000240437
0.000243477
0.000237035
0.00023081
0.000228962
0.000226038
0.000218698
0.000205869
0.000189398
0.000175732
0.000175274
0.000190169
0.000205819
0.000208055
0.000191617
0.000152366
8.39077e-05
1.46944e-06
1.35232e-05
0.000165372
0.000254161
0.000302616
0.000327865
0.000334808
0.00032681
0.000316257
0.000317579
0.000331129
0.000349136
0.000365676
0.00037925
0.000390791
0.000401892
0.000414071
0.000422894
0.00041499
0.000389043
0.000366968
0.000336737
0.000311435
0.000301064
0.000305889
0.000319469
0.00033407
0.000346271
0.000357042
0.000364347
0.000367137
0.000367099
0.000364217
0.000356837
0.000346041
0.000333792
0.000319153
0.000305635
0.000301045
0.000311723
0.000337207
0.000367364
0.000389212
0.000415073
0.000422533
0.000413491
0.000401468
0.000390357
0.000378773
0.000365125
0.000348519
0.000330548
0.000317252
0.00031635
0.000327164
0.000334994
0.000327853
0.000302482
0.000253958
0.000165143
1.36247e-05
1.542e-09
1.60633e-08
4.10345e-08
5.38264e-08
5.34526e-08
5.14399e-08
7.04898e-08
8.74275e-08
1.1403e-07
1.68197e-07
2.34066e-07
2.97283e-07
3.48066e-07
3.87059e-07
4.19611e-07
4.51277e-07
4.49986e-07
4.00581e-07
3.3069e-07
2.59851e-07
1.88012e-07
1.1482e-07
5.76662e-08
5.63118e-08
5.59183e-08
5.98266e-08
7.09521e-08
8.173e-08
8.98628e-08
9.53745e-08
9.53158e-08
8.96919e-08
8.15371e-08
7.0736e-08
5.96332e-08
5.59736e-08
5.63476e-08
5.78006e-08
1.16287e-07
1.89036e-07
2.5964e-07
3.29239e-07
3.97962e-07
4.45718e-07
4.45485e-07
4.13763e-07
3.81684e-07
3.4312e-07
2.92778e-07
2.302e-07
1.65344e-07
1.12069e-07
8.64025e-08
6.89611e-08
5.09707e-08
5.32417e-08
5.38387e-08
4.11616e-08
1.61697e-08
1.56217e-09
1.4442e-07
1.56249e-06
4.87362e-06
8.95932e-06
1.09504e-05
1.03072e-05
8.00475e-06
6.46358e-06
6.07759e-06
7.22975e-06
9.34705e-06
1.16056e-05
1.35551e-05
1.53035e-05
1.74072e-05
2.03683e-05
2.2427e-05
2.20841e-05
1.92651e-05
1.54109e-05
1.18152e-05
9.71074e-06
9.06361e-06
1.00433e-05
1.19672e-05
1.43549e-05
1.68456e-05
1.92281e-05
2.10687e-05
2.20372e-05
2.20255e-05
2.10377e-05
1.91839e-05
1.67968e-05
1.4307e-05
1.19226e-05
1.00097e-05
9.05065e-06
9.68168e-06
1.18809e-05
1.55365e-05
1.93897e-05
2.21751e-05
2.24776e-05
2.04124e-05
1.74725e-05
1.54211e-05
1.36922e-05
1.17404e-05
9.46686e-06
7.33285e-06
6.16292e-06
6.54736e-06
8.08904e-06
1.0394e-05
1.10028e-05
9.00706e-06
4.89862e-06
1.56945e-06
1.46759e-07
5.07641e-07
2.03514e-05
5.33119e-05
8.00499e-05
9.12179e-05
8.77433e-05
7.5669e-05
6.45382e-05
6.35395e-05
7.19383e-05
8.40038e-05
9.4606e-05
0.000101858
0.00010663
0.0001114
0.00011817
0.00012315
0.000121119
0.000111655
9.86755e-05
8.39502e-05
7.36984e-05
7.10414e-05
7.50667e-05
8.28398e-05
9.1559e-05
9.98124e-05
0.000107015
0.000112133
0.000114589
0.000114559
0.000112047
0.000106885
9.96569e-05
9.13855e-05
8.26643e-05
7.49214e-05
7.09881e-05
7.37788e-05
8.41585e-05
9.88918e-05
0.000111751
0.000121069
0.000122916
0.000117836
0.000111095
0.000106382
0.000101593
9.42837e-05
8.36406e-05
7.16397e-05
6.34282e-05
6.47232e-05
7.60736e-05
8.80978e-05
9.14378e-05
8.0259e-05
5.33682e-05
2.03284e-05
5.09924e-07
)
;

boundaryField
{
    inOut
    {
        type            calculated;
        value           nonuniform List<scalar> 
170
(
0.014
0.014
0.014
0.014
0.014
0.014
0.014
0.014
0.014
0.014
0.014
0.014
0.014
0.014
0.014
0.014
0.014
0.014
0.014
0.014
0.014
0.014
0.014
0.014
0.014
0.014
0.014
0.014
0.014
0.014
0.014
0.014
0.014
0.014
0.014
0.014
0.014
0.014
0.014
0.014
0.014
0.014
0.014
0.014
0.014
0.014
0.014
0.014
0.014
0.014
0.014
0.014
0.014
0.014
0.014
0.014
0.014
0.014
0.014
0.014
0.014
0.014
0.014
0.014
0.014
0.014
0.014
0.014
0.014
0.014
0.014
0.014
0.014
0.014
0.014
0.014
0.014
0.014
0.014
0.014
0.0139944
0.0139938
0.0139931
0.0139924
0.0139916
0.0139907
0.0139897
0.0139887
0.0139875
0.0139861
0.0139847
0.013983
0.0139811
0.013979
0.0139765
0.0139737
0.0139705
0.0139666
0.013962
0.0139564
0.0139494
0.0139405
0.0139287
0.0139123
0.0138879
0.0138482
0.0137762
0.013618
0.013237
0.0120774
0.01208
0.0132384
0.0136185
0.0137764
0.0138483
0.013888
0.0139123
0.0139287
0.0139405
0.0139494
0.0139564
0.013962
0.0139666
0.0139705
0.0139737
0.0139766
0.013979
0.0139811
0.013983
0.0139847
0.0139862
0.0139875
0.0139887
0.0139898
0.0139907
0.0139916
0.0139924
0.0139931
0.0139938
0.0139944
0.0139949
0.0139949
0.0139949
0.0139949
0.0139949
0.0139949
0.0139949
0.0139949
0.0139949
0.0139949
0.0139949
0.0139949
0.0139949
0.0139949
0.0139949
0.0139949
0.0139949
0.0139949
0.0139949
0.0139949
0.0139949
0.0139949
0.0139949
0.0139949
0.0139949
0.0139949
0.0139949
0.0139949
0.0139949
0.0139949
)
;
    }
    coandaUpper
    {
        type            calculated;
        value           nonuniform List<scalar> 3(1.54201e-09 1.44421e-07 5.07645e-07);
    }
    coandaLower
    {
        type            calculated;
        value           nonuniform List<scalar> 3(1.56217e-09 1.46759e-07 5.09924e-07);
    }
    surface
    {
        type            calculated;
        value           uniform 0;
    }
    defaultFaces
    {
        type            empty;
    }
}


// ************************************************************************* //
