/*--------------------------------*- C++ -*----------------------------------*\
  =========                 |
  \\      /  F ield         | OpenFOAM: The Open Source CFD Toolbox
   \\    /   O peration     | Website:  https://openfoam.org
    \\  /    A nd           | Version:  9
     \\/     M anipulation  |
\*---------------------------------------------------------------------------*/
FoamFile
{
    format      ascii;
    class       volScalarField;
    location    "0.0075";
    object      nuTilda;
}
// * * * * * * * * * * * * * * * * * * * * * * * * * * * * * * * * * * * * * //

dimensions      [0 2 -1 0 0 0 0];

internalField   nonuniform List<scalar> 
5373
(
2.37826e-05
2.16638e-05
7.39588e-05
7.17961e-05
8.67729e-05
0.000102457
2.04965e-05
2.45488e-05
2.61415e-05
2.66444e-05
2.81443e-05
2.89521e-05
2.87734e-05
2.78425e-05
2.67033e-05
2.51118e-05
2.30179e-05
2.06529e-05
1.84363e-05
1.67084e-05
1.5459e-05
1.44545e-05
1.35221e-05
1.29508e-05
1.24348e-05
1.17255e-05
7.07439e-05
7.71168e-05
8.04407e-05
8.42974e-05
8.75321e-05
8.97089e-05
9.03874e-05
8.97942e-05
8.7985e-05
8.46025e-05
7.89727e-05
7.25613e-05
6.62606e-05
6.00514e-05
5.40525e-05
4.83713e-05
4.2909e-05
3.79288e-05
3.34129e-05
2.90933e-05
9.02124e-05
9.27624e-05
9.722e-05
0.000100393
0.000103205
0.000105349
0.000106624
0.000107115
0.000106935
0.000105934
0.000103698
9.97745e-05
9.40077e-05
8.77608e-05
8.11181e-05
7.41853e-05
6.7071e-05
5.97238e-05
5.23291e-05
4.49507e-05
0.000103578
0.000105547
0.000107314
0.000109732
0.00011152
0.000112946
0.00011388
0.000114336
0.000114402
0.000113986
0.000113062
0.000111393
0.000108285
0.000103301
9.75592e-05
9.11886e-05
8.41451e-05
7.62974e-05
6.79131e-05
5.93243e-05
0.000112573
0.000113609
0.000114791
0.000115666
0.000116596
0.000117119
0.000117354
0.000117335
0.000117085
0.000116615
0.000115947
0.000115027
0.000113492
0.000110581
0.000106146
0.000101019
9.50066e-05
8.78842e-05
7.97848e-05
7.09865e-05
0.000119532
0.00011928
0.000119477
0.000119487
0.000119265
0.000118953
0.00011835
0.000117661
0.000116891
0.000116114
0.000115328
0.000114493
0.000113393
0.000111748
0.000108938
0.000105393
0.000100799
9.50463e-05
8.79147e-05
7.96774e-05
0.000122922
0.000121914
0.00012094
0.000119719
0.000118451
0.000117191
0.000115899
0.000114622
0.000113436
0.000112389
0.000111488
0.000110602
0.000109479
0.000107671
0.000105348
0.000102409
9.83969e-05
9.27694e-05
8.5747e-05
0.000121794
0.000119868
0.00011805
0.000116071
0.000114109
0.000112142
0.000110248
0.000108562
0.000107132
0.000105927
0.000104986
0.000104282
0.000103539
0.000102524
0.000100991
9.85435e-05
9.47431e-05
8.93627e-05
0.000117015
0.000114366
0.000111727
0.000109063
0.000106362
0.0001039
0.000101856
0.000100221
9.89852e-05
9.81865e-05
9.77682e-05
9.76453e-05
9.76141e-05
9.73725e-05
9.64443e-05
9.43264e-05
9.07892e-05
0.000112182
0.000108653
0.000105499
0.000102662
0.000100094
9.78382e-05
9.59227e-05
9.43394e-05
9.30546e-05
9.21415e-05
9.16916e-05
9.16789e-05
9.19522e-05
9.23936e-05
9.26684e-05
9.20715e-05
9.05404e-05
0.000102829
9.98235e-05
9.72213e-05
9.49922e-05
9.31145e-05
9.14854e-05
9.00108e-05
8.86924e-05
8.76236e-05
8.69385e-05
8.65935e-05
8.66759e-05
8.72113e-05
8.79479e-05
8.84042e-05
8.85905e-05
9.78143e-05
9.54154e-05
9.33947e-05
9.16821e-05
9.02877e-05
8.9039e-05
8.7796e-05
8.64688e-05
8.51017e-05
8.38037e-05
8.28368e-05
8.23706e-05
8.24937e-05
8.30538e-05
8.38929e-05
8.48255e-05
9.27737e-05
9.15569e-05
9.0449e-05
8.93894e-05
8.83537e-05
8.72698e-05
8.59515e-05
8.43365e-05
8.22624e-05
8.04206e-05
7.90722e-05
7.82856e-05
7.82504e-05
7.89827e-05
8.0182e-05
9.00037e-05
8.90214e-05
8.79807e-05
8.68909e-05
8.57305e-05
8.44467e-05
8.29689e-05
8.11071e-05
7.88672e-05
7.59429e-05
7.40378e-05
7.32854e-05
7.36988e-05
7.48394e-05
8.7508e-05
8.64866e-05
8.54466e-05
8.43623e-05
8.31745e-05
8.18496e-05
8.03286e-05
7.8195e-05
7.49694e-05
7.11622e-05
6.86698e-05
6.75531e-05
6.77591e-05
6.8706e-05
8.41903e-05
8.3158e-05
8.20445e-05
8.08511e-05
7.93672e-05
7.7531e-05
7.52925e-05
7.23706e-05
6.80753e-05
6.43466e-05
6.19488e-05
6.08529e-05
6.08164e-05
6.13918e-05
7.76619e-05
7.60551e-05
7.43512e-05
7.24878e-05
7.02754e-05
6.77203e-05
6.47247e-05
6.10269e-05
5.76903e-05
5.52353e-05
5.36091e-05
5.26454e-05
5.2545e-05
6.86379e-05
6.71263e-05
6.57537e-05
6.46384e-05
6.31037e-05
6.14583e-05
5.9582e-05
5.72511e-05
5.45261e-05
4.98857e-05
4.53457e-05
4.27422e-05
4.1595e-05
5.76903e-05
5.60889e-05
5.60143e-05
5.43222e-05
5.24947e-05
5.04799e-05
4.80954e-05
4.5192e-05
3.97006e-05
3.30305e-05
2.93717e-05
2.74589e-05
1.38111e-05
1.30883e-05
1.9489e-05
2.07432e-05
2.08839e-05
2.06159e-05
2.01762e-05
1.95084e-05
1.1587e-05
1.00241e-05
1.03849e-05
9.41369e-06
1.15512e-05
1.14425e-05
1.13889e-05
1.13477e-05
1.13416e-05
1.14922e-05
1.1701e-05
1.19265e-05
1.21607e-05
1.24102e-05
1.26802e-05
1.29905e-05
1.33003e-05
1.36582e-05
1.41396e-05
1.49108e-05
1.61355e-05
1.77908e-05
2.02474e-05
2.10338e-05
2.82058e-05
2.71119e-05
2.59189e-05
2.51906e-05
2.48514e-05
2.4587e-05
2.42903e-05
2.39389e-05
2.3481e-05
2.29483e-05
2.23948e-05
2.18675e-05
2.14043e-05
2.10693e-05
2.099e-05
2.14125e-05
2.27212e-05
2.46967e-05
2.78474e-05
3.11321e-05
4.28822e-05
4.08903e-05
3.91401e-05
3.75772e-05
3.62191e-05
3.48059e-05
3.33413e-05
3.18675e-05
3.03876e-05
2.89069e-05
2.74348e-05
2.59878e-05
2.45818e-05
2.32426e-05
2.19911e-05
2.11472e-05
2.20087e-05
2.30987e-05
2.52656e-05
2.7195e-05
5.70455e-05
5.46261e-05
5.22552e-05
4.99442e-05
4.77549e-05
4.57411e-05
4.39192e-05
4.2099e-05
4.02117e-05
3.82759e-05
3.63057e-05
3.43181e-05
3.23263e-05
3.03557e-05
2.84119e-05
2.66215e-05
2.51913e-05
2.4288e-05
2.40038e-05
2.50486e-05
6.87137e-05
6.62603e-05
6.37246e-05
6.11268e-05
5.85237e-05
5.60028e-05
5.36313e-05
5.14321e-05
4.93659e-05
4.72047e-05
4.49661e-05
4.26677e-05
4.03209e-05
3.79542e-05
3.55679e-05
3.32602e-05
3.09699e-05
2.9138e-05
2.73497e-05
2.79203e-05
7.73585e-05
7.50181e-05
7.26218e-05
7.00762e-05
6.74234e-05
6.47364e-05
6.20888e-05
5.95452e-05
5.71513e-05
5.48862e-05
5.25092e-05
5.00352e-05
4.74731e-05
4.48481e-05
4.21628e-05
3.95089e-05
3.68045e-05
3.4462e-05
3.19594e-05
3.22002e-05
8.35349e-05
8.12839e-05
7.89927e-05
7.66491e-05
7.41507e-05
7.15419e-05
6.88771e-05
6.62154e-05
6.3619e-05
6.11338e-05
5.8709e-05
5.61519e-05
5.3467e-05
5.06745e-05
4.77815e-05
4.48748e-05
4.18985e-05
3.92266e-05
3.6419e-05
3.64874e-05
8.73434e-05
8.52804e-05
8.31512e-05
8.09722e-05
7.87251e-05
7.63292e-05
7.38138e-05
7.12191e-05
6.85954e-05
6.59986e-05
6.34639e-05
6.08919e-05
5.81494e-05
5.5253e-05
5.22167e-05
4.91219e-05
4.5959e-05
4.30448e-05
4.02234e-05
4.03477e-05
8.89769e-05
8.71676e-05
8.52871e-05
8.33364e-05
8.1309e-05
7.91815e-05
7.68984e-05
7.44792e-05
7.19529e-05
6.93641e-05
6.67672e-05
6.41696e-05
6.14033e-05
5.84411e-05
5.53056e-05
5.20724e-05
4.8789e-05
4.56913e-05
4.32045e-05
4.22129e-05
8.89829e-05
8.73891e-05
8.57182e-05
8.39554e-05
8.21205e-05
8.02115e-05
7.81727e-05
7.59665e-05
7.35915e-05
7.10826e-05
6.85003e-05
6.58497e-05
6.30742e-05
6.00662e-05
5.68628e-05
5.35379e-05
5.01949e-05
4.697e-05
4.44963e-05
4.16819e-05
8.71822e-05
8.57598e-05
8.43118e-05
8.27813e-05
8.11626e-05
7.945e-05
7.76267e-05
7.56162e-05
7.34314e-05
7.10746e-05
6.85456e-05
6.58518e-05
6.29593e-05
5.98723e-05
5.66322e-05
5.32774e-05
4.9946e-05
4.66741e-05
4.39998e-05
4.03799e-05
8.36581e-05
8.24284e-05
8.11421e-05
7.97888e-05
7.83323e-05
7.67559e-05
7.50407e-05
7.3157e-05
7.10877e-05
6.88221e-05
6.6354e-05
6.36876e-05
6.08252e-05
5.77773e-05
5.45863e-05
5.12878e-05
4.80488e-05
4.48338e-05
4.21972e-05
3.80929e-05
7.90185e-05
7.78077e-05
7.65582e-05
7.52533e-05
7.38567e-05
7.23478e-05
7.07037e-05
6.89013e-05
6.69217e-05
6.47499e-05
6.23744e-05
5.97968e-05
5.70277e-05
5.4085e-05
5.10157e-05
4.78526e-05
4.4779e-05
4.17172e-05
3.92033e-05
3.49757e-05
7.35962e-05
7.23193e-05
7.10218e-05
6.9663e-05
6.8226e-05
6.66931e-05
6.50426e-05
6.32544e-05
6.13145e-05
5.92073e-05
5.69188e-05
5.44512e-05
5.18161e-05
4.90339e-05
4.61521e-05
4.32009e-05
4.03676e-05
3.75569e-05
3.52433e-05
3.13036e-05
6.73315e-05
6.5945e-05
6.45321e-05
6.30671e-05
6.15345e-05
5.99228e-05
5.82158e-05
5.63978e-05
5.44633e-05
5.24031e-05
5.02006e-05
4.78626e-05
4.54007e-05
4.28353e-05
4.02108e-05
3.75546e-05
3.50557e-05
3.26187e-05
3.06326e-05
2.74692e-05
5.98797e-05
5.8379e-05
5.6848e-05
5.5273e-05
5.36351e-05
5.19395e-05
5.01766e-05
4.83361e-05
4.64232e-05
4.44357e-05
4.23599e-05
4.02049e-05
3.7985e-05
3.57194e-05
3.3448e-05
3.12017e-05
2.92021e-05
2.73363e-05
2.59565e-05
2.40623e-05
5.08727e-05
4.92343e-05
4.7597e-05
4.59342e-05
4.42399e-05
4.25228e-05
4.0779e-05
3.90021e-05
3.72081e-05
3.53994e-05
3.35716e-05
3.17313e-05
2.9897e-05
2.8087e-05
2.6338e-05
2.47144e-05
2.36415e-05
2.27195e-05
2.26162e-05
2.20334e-05
3.98057e-05
3.80601e-05
3.63498e-05
3.46825e-05
3.3063e-05
3.15054e-05
3.0005e-05
2.85465e-05
2.71432e-05
2.58016e-05
2.45215e-05
2.33092e-05
2.21823e-05
2.11498e-05
2.02618e-05
1.97401e-05
2.09523e-05
2.13493e-05
2.37488e-05
2.28172e-05
2.59813e-05
2.44055e-05
2.29709e-05
2.16659e-05
2.0626e-05
2.00264e-05
1.96683e-05
1.94393e-05
1.92792e-05
1.91556e-05
1.90688e-05
1.90337e-05
1.90882e-05
1.92823e-05
1.9677e-05
2.04919e-05
2.20179e-05
2.24502e-05
2.65228e-05
2.85639e-05
1.05488e-05
1.09832e-05
1.10918e-05
1.10257e-05
1.08786e-05
1.07386e-05
1.0661e-05
1.06765e-05
1.07895e-05
1.10111e-05
1.13435e-05
1.17443e-05
1.22421e-05
1.28862e-05
1.36964e-05
1.47955e-05
1.60885e-05
1.80527e-05
2.02137e-05
2.2533e-05
0.0140177
0.0140176
0.0140176
0.0140175
0.0140174
0.0140173
0.0140173
0.0140172
0.0140171
0.0140078
0.0140078
0.0140078
0.0140078
0.0140078
0.0140078
0.0140078
0.0140078
0.0140078
0.0139888
0.0139886
0.0139885
0.0139884
0.0139882
0.0139881
0.013988
0.0139879
0.0139877
0.0139716
0.0139716
0.0139717
0.0139718
0.0139719
0.013972
0.013972
0.0139721
0.0139722
0.0139504
0.0139506
0.0139507
0.0139508
0.013951
0.0139511
0.0139512
0.0139513
0.0139515
0.0139231
0.0139232
0.0139233
0.0139234
0.0139235
0.0139236
0.0139237
0.0139238
0.0139239
0.0138674
0.013867
0.0138666
0.0138662
0.0138657
0.0138653
0.0138649
0.0138645
0.0138642
0.0138306
0.0138301
0.0138295
0.0138289
0.0138283
0.0138278
0.0138272
0.0138266
0.0138262
0.0137864
0.0137856
0.0137848
0.013784
0.0137832
0.0137825
0.0137817
0.013781
0.013733
0.0137319
0.0137308
0.0137297
0.0137287
0.0137276
0.0137266
0.0137257
0.0136674
0.013666
0.0136645
0.013663
0.0136615
0.0136601
0.0136587
0.0136574
0.0135861
0.013584
0.013582
0.01358
0.0135779
0.0135759
0.013574
0.0135723
0.0134839
0.0134811
0.0134782
0.0134754
0.0134725
0.0134698
0.0134671
0.0134648
0.013353
0.013349
0.0133449
0.0133409
0.0133369
0.013333
0.0133293
0.0133262
0.0131803
0.0131744
0.0131685
0.0131626
0.0131568
0.013151
0.0131456
0.013141
0.0129412
0.0129323
0.0129234
0.0129145
0.0129056
0.0128969
0.0128887
0.0128821
0.012592
0.0125783
0.0125647
0.0125513
0.0125381
0.0125252
0.0125132
0.0125039
0.0120798
0.0120624
0.0120455
0.0120293
0.0120137
0.0119989
0.0119856
0.0119756
0.0114659
0.01146
0.0114554
0.0114522
0.0114502
0.0114495
0.01145
0.0114517
0.0110883
0.0111212
0.0111576
0.0111974
0.0112423
0.0112912
0.0113404
0.0113839
0.0120127
0.012175
0.0123395
0.0125055
0.0126718
0.0128345
0.0129878
0.0131147
0.015419
0.0157638
0.0161102
0.016456
0.0167967
0.0171255
0.0174266
0.0176642
0.0213162
0.0217734
0.0222107
0.0226246
0.0230089
0.0233525
0.0236354
0.0238156
0.0265201
0.0269137
0.0272798
0.0276124
0.0279034
0.0281411
0.0283075
0.0283811
0.0294678
0.0297193
0.0299345
0.0301142
0.0302573
0.0303606
0.0304198
0.0304301
0.0303273
0.0304608
0.0305666
0.0306447
0.0306947
0.0307165
0.0307101
0.0306761
0.0297665
0.0298126
0.029836
0.0298375
0.0298182
0.0297798
0.0297247
0.0296561
0.0282403
0.0282097
0.0281602
0.0280932
0.0280105
0.0279154
0.0278123
0.0277069
0.026047
0.0259365
0.025809
0.0256659
0.0255095
0.0253431
0.0251722
0.0250068
0.023388
0.0231805
0.0229571
0.0227192
0.0224701
0.0222092
0.0219334
0.021666
0.0204297
0.0200988
0.019759
0.0194172
0.019113
0.0188719
0.018668
0.0185013
0.0174306
0.0170146
0.0166857
0.0164156
0.0161902
0.0160104
0.0158743
0.0157928
0.0148231
0.0144032
0.0141031
0.0138752
0.0136981
0.0135687
0.0134941
0.0134891
0.0128166
0.0123295
0.0119988
0.0117676
0.0116031
0.011498
0.0114629
0.0115094
0.011383
0.0108846
0.0104333
0.0101184
0.0099039
0.00977461
0.00972719
0.00978305
0.0102912
0.0098572
0.00943795
0.00904847
0.00866832
0.00843621
0.00830366
0.008293
0.00939392
0.00903358
0.00867032
0.00830788
0.00794401
0.00761208
0.00726842
0.00710833
0.00860016
0.00831416
0.00801261
0.00769445
0.00735972
0.00701877
0.00665997
0.00633395
0.00784282
0.00762942
0.00739196
0.00712481
0.00682682
0.0065005
0.00614217
0.0057737
0.00708798
0.00693593
0.00675592
0.00654246
0.00628734
0.00598902
0.00564487
0.00526009
0.00631699
0.0062199
0.00609215
0.00592548
0.00571073
0.00544405
0.00512387
0.00475062
0.00551761
0.0054686
0.00538817
0.00526656
0.00509357
0.00486396
0.00457661
0.00423428
0.0046865
0.00467932
0.0046416
0.00456281
0.00443202
0.00424345
0.00399808
0.0037025
0.00382326
0.00385259
0.00385416
0.00381688
0.00372934
0.00358592
0.00339112
0.00315853
0.00292631
0.00298574
0.00302395
0.00302892
0.00298789
0.00289533
0.0027613
0.00261053
0.00200768
0.00207545
0.00213906
0.00218567
0.00219708
0.00216347
0.00210261
0.0020573
0.00125407
0.00129412
0.00132896
0.00135076
0.00135222
0.00133993
0.00136038
0.00148153
0.000687464
0.000708465
0.000726564
0.000738972
0.000744932
0.0007519
0.00078375
0.000880437
0.000301847
0.000313803
0.000332959
0.000373072
0.000425459
0.000468507
0.000510615
0.000568323
7.42981e-05
7.0676e-05
6.92913e-05
7.40018e-05
8.95748e-05
0.000128967
0.000174273
0.000237503
0.0140171
0.0140347
0.0140227
0.0139567
0.0139283
0.0139024
0.0138674
0.0138329
0.013799
0.0137644
0.0137289
0.0136927
0.013656
0.013619
0.0135822
0.0135458
0.0135103
0.0134762
0.0134442
0.0134149
0.0133888
0.0133661
0.0133472
0.013332
0.0133202
0.0133116
0.0133058
0.0133024
0.0133011
0.0133014
0.0133032
0.0133061
0.0133099
0.0133143
0.0133193
0.0133245
0.0133298
0.0133351
0.0133404
0.0133454
0.0133502
0.0133548
0.0133589
0.0133628
0.0133663
0.0133695
0.0133723
0.0133749
0.0133772
0.0133792
0.0140153
0.0140322
0.0140225
0.013951
0.0139275
0.0139015
0.0138626
0.0138247
0.013787
0.0137482
0.0137081
0.0136666
0.0136238
0.0135802
0.013536
0.0134917
0.0134479
0.0134057
0.0133663
0.0133309
0.0133007
0.0132764
0.0132582
0.0132462
0.0132399
0.0132388
0.013242
0.0132489
0.0132587
0.0132707
0.0132844
0.0132993
0.0133149
0.0133308
0.0133469
0.0133629
0.0133784
0.0133934
0.0134077
0.0134211
0.0134336
0.0134452
0.0134559
0.0134655
0.0134743
0.0134821
0.0134891
0.0134954
0.0135009
0.0135058
0.014015
0.0140316
0.0140193
0.0139488
0.0139292
0.0139024
0.013859
0.013816
0.0137745
0.0137317
0.0136869
0.0136399
0.0135909
0.0135402
0.0134878
0.0134343
0.0133807
0.0133288
0.0132811
0.0132398
0.0132072
0.0131847
0.013173
0.0131726
0.0131821
0.0132003
0.0132255
0.013256
0.0132905
0.0133275
0.0133663
0.0134059
0.0134456
0.0134847
0.0135229
0.0135596
0.0135947
0.0136279
0.0136591
0.013688
0.0137147
0.0137391
0.0137613
0.0137814
0.0137994
0.0138155
0.0138298
0.0138425
0.0138537
0.0138635
0.0140153
0.0140322
0.014017
0.0139486
0.0139319
0.0139039
0.0138559
0.0138078
0.013763
0.0137164
0.0136672
0.0136149
0.0135596
0.0135016
0.0134409
0.0133781
0.0133147
0.0132534
0.0131979
0.0131526
0.013122
0.0131091
0.0131158
0.0131415
0.0131844
0.0132415
0.0133097
0.0133861
0.0134679
0.0135524
0.0136376
0.0137219
0.0138042
0.0138836
0.0139593
0.0140309
0.014098
0.0141605
0.0142182
0.0142711
0.0143193
0.014363
0.0144023
0.0144376
0.0144691
0.0144971
0.0145218
0.0145437
0.0145628
0.0145796
0.0140147
0.0140352
0.014014
0.013949
0.0139352
0.013906
0.0138535
0.0138009
0.013753
0.013703
0.0136495
0.0135923
0.013531
0.0134659
0.0133968
0.0133242
0.0132499
0.0131777
0.013114
0.0130671
0.0130453
0.0130549
0.0130985
0.0131752
0.0132812
0.01341
0.0135551
0.0137104
0.0138705
0.0140311
0.0141889
0.0143415
0.0144871
0.0146246
0.0147532
0.0148726
0.0149826
0.0150834
0.0151752
0.0152582
0.0153331
0.0154002
0.0154601
0.0155134
0.0155605
0.0156022
0.0156388
0.015671
0.0156991
0.0157236
0.0140137
0.0140351
0.014011
0.01395
0.0139387
0.0139084
0.0138517
0.0137962
0.0137451
0.013692
0.0136352
0.0135741
0.0135077
0.0134355
0.0133572
0.0132732
0.013186
0.0131014
0.0130298
0.0129852
0.0129834
0.0130346
0.0131436
0.0133065
0.0135139
0.0137545
0.0140161
0.0142875
0.0145596
0.0148254
0.0150799
0.0153201
0.0155439
0.0157507
0.0159402
0.0161128
0.0162691
0.01641
0.0165364
0.0166493
0.0167498
0.016839
0.0169179
0.0169874
0.0170486
0.0171022
0.0171492
0.0171901
0.0172258
0.0172568
0.0140127
0.0140343
0.014008
0.0139514
0.0139425
0.0139112
0.0138505
0.0137933
0.0137399
0.0136849
0.0136255
0.0135602
0.013488
0.013408
0.0133199
0.0132237
0.0131224
0.0130244
0.0129458
0.0129096
0.0129419
0.0130614
0.013271
0.013562
0.0139172
0.0143146
0.0147326
0.0151527
0.0155612
0.0159485
0.0163092
0.0166404
0.0169416
0.0172133
0.0174569
0.0176745
0.0178679
0.0180393
0.0181909
0.0183245
0.0184421
0.0185453
0.0186358
0.0187149
0.018784
0.0188442
0.0188966
0.0189421
0.0189816
0.0190158
0.0140116
0.0140331
0.0140051
0.0139532
0.0139463
0.0139142
0.0138497
0.0137916
0.0137373
0.0136806
0.0136184
0.0135488
0.0134707
0.0133832
0.013285
0.0131762
0.0130599
0.0129475
0.0128625
0.0128419
0.0129265
0.0131442
0.0134955
0.0139623
0.014511
0.0151031
0.0157038
0.0162866
0.016834
0.0173363
0.0177897
0.0181943
0.0185523
0.0188673
0.0191436
0.0193851
0.0195958
0.0197795
0.0199394
0.0200785
0.0201994
0.0203045
0.0203956
0.0204748
0.0205434
0.0206028
0.0206543
0.0206988
0.0207373
0.0207705
0.014011
0.0140317
0.0140024
0.013955
0.0139501
0.0139172
0.0138493
0.0137909
0.0137361
0.013678
0.0136131
0.0135396
0.013456
0.0133611
0.013253
0.0131312
0.0129991
0.0128712
0.0127804
0.0127826
0.012941
0.0132888
0.0138251
0.0145117
0.0152886
0.0160946
0.0168805
0.017614
0.0182775
0.0188651
0.0193781
0.0198217
0.0202029
0.0205295
0.0208088
0.0210475
0.0212515
0.021426
0.0215753
0.0217033
0.0218131
0.0219073
0.0219883
0.0220579
0.0221177
0.0221693
0.0222136
0.0222519
0.0222848
0.0223131
0.0140106
0.01403
0.0139998
0.013957
0.0139537
0.0139204
0.0138492
0.013791
0.013736
0.0136768
0.0136096
0.0135325
0.0134439
0.0133418
0.0132242
0.0130894
0.0129407
0.0127962
0.0127002
0.0127305
0.0129808
0.0134929
0.0142544
0.0151939
0.0162149
0.0172303
0.0181794
0.019029
0.0197675
0.0203969
0.0209264
0.0213685
0.021736
0.022041
0.022294
0.0225043
0.0226793
0.0228254
0.0229477
0.0230503
0.0231368
0.0232097
0.0232715
0.023324
0.0233686
0.0234066
0.023439
0.0234668
0.0234906
0.023511
0.0140106
0.0140282
0.0139975
0.0139589
0.013957
0.0139234
0.0138495
0.0137918
0.0137369
0.0136767
0.0136076
0.0135273
0.0134341
0.0133256
0.0131988
0.013051
0.0128854
0.0127232
0.0126215
0.0126855
0.0130446
0.0137507
0.0147681
0.0159773
0.0172376
0.0184371
0.0195098
0.0204288
0.0211938
0.0218182
0.0223216
0.0227242
0.0230447
0.0232996
0.0235022
0.0236635
0.0237924
0.0238956
0.0239787
0.0240458
0.0241004
0.024145
0.0241816
0.0242118
0.0242369
0.0242578
0.0242753
0.0242901
0.0243026
0.0243133
0.0140117
0.0140263
0.0139954
0.0139609
0.0139588
0.0139264
0.0138499
0.0137931
0.0137384
0.0136776
0.0136069
0.0135239
0.0134267
0.0133121
0.0131767
0.0130164
0.0128336
0.0126526
0.0125444
0.0126456
0.0131268
0.0140497
0.0153421
0.0168221
0.0183006
0.0196463
0.0207956
0.0217351
0.0224798
0.0230572
0.0234978
0.0238298
0.0240776
0.024261
0.0243958
0.0244942
0.0245656
0.024617
0.0246537
0.0246796
0.0246977
0.0247102
0.0247186
0.0247242
0.0247278
0.02473
0.0247312
0.0247317
0.0247317
0.0247316
0.0140128
0.0140245
0.0139937
0.0139628
0.0139597
0.0139291
0.0138504
0.0137948
0.0137405
0.0136793
0.0136073
0.0135221
0.0134213
0.0133015
0.0131581
0.0129858
0.0127859
0.0125852
0.0124688
0.0126093
0.0132197
0.0143741
0.0159496
0.0176891
0.0193553
0.020805
0.0219851
0.0229006
0.0235852
0.0240815
0.0244309
0.0246695
0.0248264
0.0249244
0.0249808
0.0250082
0.025016
0.025011
0.0249978
0.0249799
0.0249599
0.0249394
0.0249194
0.0249005
0.0248829
0.024867
0.0248526
0.0248399
0.0248287
0.0248189
0.0140138
0.0140227
0.0139921
0.0139646
0.01396
0.0139316
0.0138511
0.0137967
0.0137429
0.0136815
0.0136086
0.0135217
0.0134179
0.0132934
0.0131427
0.0129592
0.0127425
0.0125213
0.0123948
0.012574
0.0133144
0.0147088
0.0165663
0.0185464
0.0203669
0.0218804
0.0230509
0.0239058
0.024499
0.0248887
0.0251273
0.0252576
0.025313
0.0253131
0.0252854
0.0252389
0.0251829
0.025123
0.025063
0.0250052
0.024951
0.0249014
0.0248564
0.0248161
0.0247801
0.0247484
0.0247207
0.0246964
0.0246754
0.0246573
0.0140146
0.014021
0.0139909
0.0139662
0.0139601
0.0139329
0.0138518
0.0137988
0.0137456
0.0136841
0.0136105
0.0135223
0.0134161
0.0132875
0.0131304
0.0129364
0.0127034
0.0124614
0.0123226
0.0125327
0.0134027
0.0150404
0.0171726
0.0193711
0.0213142
0.022857
0.0239851
0.024751
0.0252296
0.0254946
0.025609
0.0256177
0.0255645
0.0254744
0.0253656
0.0252499
0.0251348
0.0250249
0.024923
0.0248302
0.0247469
0.0246728
0.0246075
0.0245504
0.0245009
0.0244579
0.0244206
0.0243884
0.0243606
0.0243367
0.0140149
0.0140193
0.0139899
0.0139678
0.01396
0.0139331
0.0138525
0.013801
0.0137483
0.013687
0.013613
0.0135238
0.0134157
0.0132837
0.0131209
0.0129173
0.0126688
0.0124058
0.0122532
0.0124864
0.0134803
0.0153606
0.0177563
0.0201509
0.0221889
0.0237332
0.024794
0.0254498
0.025797
0.0259251
0.0259049
0.025795
0.0256367
0.0254563
0.0252713
0.0250925
0.024926
0.024775
0.0246427
0.0245253
0.0244211
0.0243288
0.0242472
0.0241753
0.0241121
0.0240568
0.0240084
0.0239663
0.0239298
0.0238983
0.014015
0.0140178
0.0139891
0.0139692
0.0139597
0.013933
0.0138533
0.0138032
0.0137511
0.0136899
0.0136158
0.013526
0.0134164
0.0132817
0.0131139
0.0129017
0.0126384
0.0123546
0.0121878
0.0124361
0.0135522
0.0156658
0.0183102
0.0208805
0.0229909
0.0245153
0.0254903
0.0260213
0.0262266
0.0262063
0.0260512
0.0258233
0.025564
0.0253008
0.0250507
0.0248228
0.0246191
0.0244355
0.0242702
0.0241216
0.0239885
0.0238696
0.0237639
0.0236702
0.0235876
0.0235149
0.0234511
0.0233955
0.023347
0.0233049
0.0140151
0.0140163
0.0139885
0.0139705
0.0139593
0.0139327
0.0138541
0.0138053
0.0137538
0.0136929
0.0136188
0.0135286
0.0134179
0.013281
0.0131091
0.0128892
0.0126121
0.0123078
0.0121273
0.0123808
0.013613
0.0159506
0.0188299
0.0215584
0.0237236
0.0252124
0.0260884
0.0264838
0.0265367
0.0263679
0.0260767
0.0257293
0.0253708
0.0250294
0.0247318
0.0244602
0.0242116
0.0239843
0.0237774
0.0235899
0.0234209
0.0232693
0.023134
0.0230138
0.0229074
0.0228137
0.0227313
0.0226593
0.0225965
0.0225418
0.0140151
0.014015
0.013988
0.0139717
0.0139589
0.0139322
0.013855
0.0138073
0.0137564
0.0136959
0.0136219
0.0135315
0.0134201
0.0132815
0.0131061
0.0128795
0.0125897
0.0122653
0.0120729
0.0123387
0.0136629
0.0162135
0.0193153
0.0221875
0.0243937
0.025836
0.0266051
0.0268603
0.0267558
0.0264392
0.0260155
0.0255569
0.0251124
0.0247266
0.02437
0.0240391
0.0237326
0.0234503
0.0231918
0.0229568
0.0227444
0.0225535
0.0223831
0.0222315
0.0220972
0.0219789
0.0218749
0.0217838
0.0217043
0.0216351
0.0140152
0.0140138
0.0139876
0.0139728
0.0139584
0.0139317
0.0138558
0.0138092
0.0137588
0.0136987
0.0136249
0.0135346
0.0134227
0.0132829
0.0131047
0.0128722
0.0125708
0.0122271
0.0120246
0.012281
0.013696
0.016454
0.0197674
0.0227705
0.0250072
0.0263953
0.0270519
0.0271618
0.0269042
0.0264422
0.0258891
0.0253254
0.0248355
0.0243797
0.0239521
0.0235514
0.0231782
0.0228332
0.0225168
0.0222288
0.0219684
0.0217346
0.0215257
0.02134
0.0211757
0.0210308
0.0209036
0.0207921
0.0206948
0.0206101
0.0140152
0.0140126
0.0139872
0.0139737
0.0139579
0.0139312
0.0138565
0.0138109
0.0137611
0.0137013
0.0136279
0.0135377
0.0134255
0.0132848
0.0131044
0.0128669
0.0125551
0.0121925
0.0119706
0.0122186
0.0137165
0.0166758
0.0201909
0.0233129
0.0255706
0.0268993
0.0274433
0.0274002
0.026994
0.0263963
0.0257344
0.0251028
0.0245271
0.0239872
0.0234783
0.0230003
0.0225545
0.0221431
0.0217663
0.0214238
0.0211146
0.0208372
0.0205897
0.0203698
0.0201753
0.0200039
0.0198534
0.0197216
0.0196066
0.0195063
0.0140153
0.0140116
0.013987
0.0139745
0.0139573
0.0139306
0.0138573
0.0138126
0.0137632
0.0137038
0.0136307
0.0135407
0.0134285
0.0132872
0.0131051
0.0128634
0.0125423
0.0121618
0.0119189
0.0121551
0.0137262
0.0168801
0.0205878
0.0238182
0.0260886
0.0273528
0.02778
0.0275905
0.0270232
0.0262646
0.0254551
0.024769
0.0241248
0.0235107
0.0229294
0.0223822
0.0218715
0.021399
0.0209659
0.0205721
0.0202166
0.0198978
0.0196134
0.019361
0.0191379
0.0189414
0.0187688
0.0186178
0.0184859
0.018371
0.0140154
0.0140107
0.0139868
0.0139747
0.0139568
0.0139301
0.013858
0.0138141
0.0137651
0.0137061
0.0136334
0.0135437
0.0134316
0.0132899
0.0131064
0.0128613
0.012532
0.0121348
0.0118703
0.0120917
0.0137257
0.0170679
0.0209594
0.0242887
0.026565
0.0277628
0.0280768
0.0277496
0.0270405
0.02615
0.0252327
0.0244691
0.0237426
0.0230512
0.022394
0.021774
0.0211948
0.0206592
0.0201686
0.019723
0.0193215
0.0189619
0.0186416
0.0183577
0.0181072
0.0178867
0.0176934
0.0175242
0.0173767
0.0172482
0.0140154
0.01401
0.0139867
0.0139747
0.0139563
0.0139295
0.0138586
0.0138154
0.0137669
0.0137082
0.0136359
0.0135465
0.0134346
0.0132927
0.0131081
0.0128603
0.0125238
0.0121113
0.0118249
0.0120292
0.0137166
0.0172398
0.021307
0.024726
0.0270017
0.0281308
0.0283325
0.0278756
0.0270436
0.0260486
0.0250699
0.0241962
0.023377
0.0225989
0.0218608
0.0211659
0.0205181
0.0199204
0.0193742
0.0188794
0.0184345
0.018037
0.0176839
0.0173715
0.0170962
0.0168545
0.0166429
0.016458
0.0162968
0.0161566
0.0140155
0.0140094
0.0139866
0.0139747
0.0139559
0.013929
0.0138592
0.0138166
0.0137685
0.0137102
0.0136382
0.0135492
0.0134374
0.0132955
0.0131102
0.0128601
0.0125174
0.0120909
0.011783
0.0119685
0.0136996
0.0173954
0.0216309
0.0251317
0.0274009
0.028458
0.0285372
0.027949
0.0269805
0.0258573
0.0247963
0.0238434
0.0229488
0.0220984
0.0212913
0.0205316
0.0198241
0.019172
0.0185772
0.0180392
0.0175565
0.0171261
0.0167444
0.0164076
0.0161114
0.0158518
0.0156248
0.0154269
0.0152546
0.0151048
0.0140156
0.014009
0.0139865
0.0139746
0.0139554
0.0139285
0.0138597
0.0138177
0.0137699
0.0137119
0.0136403
0.0135516
0.0134402
0.0132983
0.0131125
0.0128605
0.0125124
0.0120734
0.0117447
0.0119103
0.0136759
0.0175337
0.0219305
0.0255062
0.0277652
0.0287536
0.0287075
0.027977
0.0268499
0.0255633
0.0244354
0.0234263
0.0224757
0.0215689
0.0207061
0.0198928
0.0191347
0.0184361
0.017799
0.0172234
0.0167076
0.0162484
0.0158419
0.0154838
0.0151695
0.0148944
0.0146544
0.0144453
0.0142636
0.0141058
0.0140157
0.0140087
0.0139865
0.0139744
0.013955
0.0139281
0.0138602
0.0138187
0.0137712
0.0137135
0.0136422
0.0135539
0.0134427
0.013301
0.0131148
0.0128613
0.0125087
0.0120584
0.01171
0.0118551
0.0136469
0.0176534
0.022204
0.025849
0.0280934
0.0290091
0.0288526
0.0279769
0.0266706
0.0251809
0.0240132
0.022971
0.021984
0.0210366
0.0201307
0.0192737
0.0184732
0.0177345
0.0170607
0.016452
0.0159069
0.0154222
0.0149938
0.0146169
0.0142867
0.0139983
0.013747
0.0135285
0.0133388
0.0131744
0.0140159
0.0140084
0.0139865
0.0139743
0.0139547
0.0139277
0.0138607
0.0138196
0.0137724
0.0137149
0.013644
0.0135559
0.013445
0.0133035
0.0131171
0.0128624
0.012506
0.0120457
0.0116788
0.0118032
0.013614
0.0177536
0.0224502
0.0261598
0.0283882
0.0292338
0.0289745
0.0279711
0.026517
0.0248807
0.0236391
0.022548
0.0215168
0.0205299
0.0195864
0.018691
0.0178526
0.0170779
0.0163707
0.0157317
0.0151596
0.0146514
0.0142026
0.0138084
0.0134636
0.013163
0.0129015
0.0126746
0.0124779
0.0123076
0.014016
0.0140082
0.0139865
0.0139741
0.0139543
0.0139273
0.0138611
0.0138204
0.0137734
0.0137162
0.0136455
0.0135578
0.0134472
0.0133059
0.0131194
0.0128637
0.0125041
0.0120349
0.0116509
0.0117546
0.0135784
0.0178343
0.022669
0.0264392
0.0286509
0.0294304
0.0290759
0.0279559
0.0263662
0.0245863
0.0232568
0.0221266
0.0210612
0.020039
0.0190609
0.0181345
0.0172648
0.0164592
0.0157225
0.0150563
0.0144597
0.0139296
0.0134619
0.0130515
0.0126929
0.0123807
0.0121097
0.0118748
0.0116716
0.0114959
0.0140162
0.0140081
0.0139865
0.013974
0.013954
0.0139269
0.0138614
0.0138211
0.0137743
0.0137173
0.0136469
0.0135595
0.0134492
0.0133081
0.0131215
0.0128651
0.0125027
0.0120257
0.0116261
0.0117094
0.0135415
0.0178961
0.0228608
0.0266883
0.0288834
0.029601
0.0291572
0.0279251
0.0262006
0.0242648
0.0228181
0.0216736
0.0205945
0.0195537
0.0185516
0.017598
0.0167035
0.0158731
0.0151114
0.0144212
0.0138021
0.0132517
0.0127659
0.0123397
0.0119676
0.011644
0.0113634
0.0111205
0.0109108
0.0107297
0.0140163
0.014008
0.0139865
0.0139738
0.0139537
0.0139266
0.0138618
0.0138217
0.0137751
0.0137183
0.0136482
0.013561
0.013451
0.0133101
0.0131236
0.0128666
0.0125018
0.012018
0.011604
0.011668
0.0135045
0.0179402
0.023027
0.0269092
0.029088
0.0297479
0.0292212
0.0278826
0.0260245
0.0239226
0.0223252
0.0211974
0.0201229
0.0190762
0.0180605
0.0170876
0.0161699
0.0153175
0.0145345
0.0138226
0.0131826
0.0126126
0.0121089
0.0116669
0.0112809
0.0109453
0.0106545
0.0104032
0.0101862
0.00999927
0.0140164
0.0140079
0.0139866
0.0139737
0.0139535
0.0139263
0.0138621
0.0138222
0.0137759
0.0137192
0.0136493
0.0135624
0.0134526
0.0133119
0.0131254
0.012868
0.0125013
0.0120115
0.0115844
0.0116308
0.0134682
0.0179686
0.0231695
0.0271039
0.0292677
0.029874
0.0292719
0.0278365
0.025856
0.0236066
0.0219035
0.0207506
0.0196686
0.0186133
0.0175859
0.0165974
0.0156609
0.0147869
0.0139831
0.0132519
0.0125923
0.0120034
0.011482
0.0110237
0.0106232
0.010275
0.00997317
0.00971241
0.00948754
0.00929389
0.0140165
0.0140078
0.0139867
0.0139735
0.0139532
0.013926
0.0138623
0.0138227
0.0137765
0.01372
0.0136503
0.0135636
0.0134541
0.0133136
0.0131272
0.0128694
0.012501
0.012006
0.0115673
0.0115976
0.0134334
0.0179831
0.0232906
0.0272748
0.0294253
0.0299819
0.0293125
0.0277891
0.0256975
0.0233113
0.0215084
0.0203041
0.0192097
0.0181473
0.0171113
0.0161114
0.0151599
0.0142683
0.0134445
0.0126934
0.0120163
0.0114101
0.0108718
0.0103976
0.00998249
0.00962104
0.00930761
0.0090367
0.0088031
0.00860199
0.0140166
0.0140078
0.0139868
0.0139734
0.013953
0.0139257
0.0138626
0.0138232
0.0137771
0.0137207
0.0136512
0.0135646
0.0134554
0.0133151
0.0131288
0.0128707
0.0125009
0.0120014
0.0115522
0.011568
0.0134007
0.0179859
0.0233925
0.0274243
0.029564
0.0300735
0.0293456
0.0277418
0.0255459
0.0230304
0.0211163
0.0198278
0.018723
0.0176589
0.0166191
0.0156117
0.0146495
0.0137439
0.0129036
0.0121343
0.0114385
0.0108159
0.0102626
0.00977357
0.00934444
0.00897
0.0086448
0.0083634
0.00812058
0.00791145
0.0140167
0.0140078
0.0139869
0.0139733
0.0139528
0.0139255
0.0138628
0.0138236
0.0137776
0.0137214
0.013652
0.0135656
0.0134565
0.0133165
0.0131302
0.012872
0.0125009
0.0119975
0.011539
0.0115418
0.0133701
0.0179813
0.0234776
0.0275548
0.0296864
0.0301531
0.0293736
0.0276965
0.0254029
0.0227587
0.0207195
0.0193025
0.018197
0.017138
0.0160984
0.0150863
0.0141151
0.0131973
0.0123426
0.0115571
0.0108441
0.0102036
0.00963383
0.00913132
0.0086902
0.0083045
0.00796871
0.00767759
0.00742601
0.00720907
0.0140167
0.0140077
0.0139871
0.0139732
0.0139527
0.0139253
0.0138629
0.0138239
0.013778
0.0137219
0.0136527
0.0135664
0.0134576
0.0133177
0.0131315
0.0128731
0.012501
0.0119941
0.0115274
0.0115186
0.0133416
0.0179709
0.0235481
0.0276684
0.0297938
0.0302241
0.0293982
0.027656
0.0252718
0.0225026
0.020329
0.0187568
0.017636
0.0165787
0.0155403
0.0145224
0.0135414
0.0126109
0.0117418
0.0109411
0.0102121
0.00955569
0.0089703
0.00845286
0.00799892
0.00760344
0.00726042
0.00696377
0.00670779
0.00648722
0.0140168
0.0140077
0.0139871
0.013973
0.0139525
0.0139251
0.0138631
0.0138242
0.0137784
0.0137224
0.0136533
0.0135672
0.0134585
0.0133188
0.0131327
0.0128742
0.0125012
0.0119913
0.011517
0.0114978
0.0133151
0.0179558
0.0236058
0.0277673
0.0298878
0.0302872
0.0294212
0.0276226
0.0251568
0.0222708
0.0199709
0.018274
0.0170812
0.0159958
0.0149415
0.0139118
0.0129159
0.0119661
0.0110763
0.0102551
0.00950753
0.00883457
0.00823552
0.00770754
0.00724601
0.00684562
0.00650035
0.0062041
0.00595097
0.00573526
0.0140168
0.0140077
0.0139872
0.0139729
0.0139524
0.013925
0.0138633
0.0138245
0.0137788
0.0137229
0.0136539
0.0135679
0.0134593
0.0133198
0.0131338
0.0128752
0.0125014
0.0119889
0.0115078
0.0114791
0.0132908
0.017937
0.0236526
0.0278534
0.0299699
0.0303429
0.0294433
0.0275973
0.0250609
0.0220679
0.0196521
0.0178399
0.0165344
0.0154089
0.0143209
0.0132531
0.0122166
0.0112281
0.0103
0.00944127
0.00865945
0.00795833
0.00733959
0.00680094
0.00633809
0.00594454
0.00561369
0.00533821
0.0051108
0.00492416
0.0140169
0.0140077
0.0139873
0.0139729
0.0139522
0.0139248
0.0138634
0.0138247
0.0137791
0.0137233
0.0136543
0.0135685
0.0134601
0.0133207
0.0131348
0.0128761
0.0125016
0.0119867
0.0114997
0.0114626
0.0132685
0.0179159
0.0236903
0.0279285
0.0300414
0.0303919
0.0294646
0.0275816
0.024983
0.0218956
0.0193742
0.0174498
0.016012
0.0148284
0.0136926
0.0125767
0.0114851
0.0104355
0.0094446
0.00852785
0.00769583
0.00695425
0.00631815
0.00578664
0.00534723
0.00498767
0.00469756
0.00446649
0.00428477
0.00414323
0.0140169
0.0140077
0.0139874
0.0139728
0.0139521
0.0139247
0.0138635
0.0138249
0.0137794
0.0137236
0.0136548
0.013569
0.0134607
0.0133214
0.0131356
0.0128769
0.0125018
0.0119849
0.0114925
0.0114482
0.0132482
0.0178935
0.0237204
0.0279939
0.0301037
0.0304349
0.0294852
0.0275739
0.0249241
0.0217547
0.0191386
0.0171072
0.0155431
0.0142715
0.013071
0.0118905
0.0107299
0.00960639
0.0085488
0.0075986
0.0067726
0.00606448
0.00547248
0.00499011
0.00460439
0.00430023
0.00406435
0.00388483
0.00374043
0.00362053
0.014017
0.0140077
0.0139874
0.0139727
0.013952
0.0139246
0.0138636
0.0138251
0.0137796
0.0137239
0.0136552
0.0135695
0.0134613
0.0133221
0.0131364
0.0128776
0.012502
0.0119833
0.0114862
0.0114358
0.0132299
0.0178704
0.0237443
0.0280512
0.0301578
0.0304723
0.0295048
0.0275749
0.0248836
0.0216426
0.0189438
0.0168128
0.0151325
0.0137562
0.0124761
0.0112197
0.00998862
0.00881945
0.00776126
0.00682947
0.00603564
0.00538371
0.00486768
0.00447686
0.0041862
0.00394481
0.00374232
0.00357263
0.00342964
0.00330866
0.014017
0.0140077
0.0139875
0.0139726
0.013952
0.0139245
0.0138637
0.0138252
0.0137798
0.0137242
0.0136555
0.0135699
0.0134618
0.0133227
0.0131371
0.0128782
0.0125023
0.011982
0.0114806
0.0114255
0.0132134
0.0178475
0.0237629
0.0281013
0.0302046
0.0305048
0.0295233
0.0275796
0.0248613
0.0215591
0.0187852
0.0165648
0.0147832
0.0133033
0.011938
0.0106149
0.00934315
0.00816624
0.00711695
0.00621614
0.00548461
0.00492426
0.00452931
0.00420034
0.00392244
0.00368629
0.00348579
0.00331615
0.00317269
0.00305168
0.014017
0.0140077
0.0139875
0.0139726
0.0139519
0.0139244
0.0138638
0.0138254
0.01378
0.0137244
0.0136558
0.0135703
0.0134623
0.0133233
0.0131377
0.0128788
0.0125025
0.0119809
0.0114757
0.0114178
0.0131986
0.0178251
0.0237774
0.0281453
0.0302447
0.0305329
0.0295406
0.0275873
0.0248568
0.0215034
0.0186606
0.0163588
0.0144895
0.012918
0.011479
0.0101035
0.00880934
0.00762902
0.00659883
0.00575625
0.00512401
0.00467874
0.00430351
0.00397908
0.00369865
0.00345818
0.00325365
0.00308119
0.00293645
0.0028162
0.014017
0.0140077
0.0139876
0.0139725
0.0139518
0.0139243
0.0138638
0.0138255
0.0137802
0.0137246
0.0136561
0.0135706
0.0134627
0.0133237
0.0131382
0.0128794
0.0125027
0.01198
0.0114715
0.0114117
0.0131853
0.0178036
0.0237885
0.028184
0.030279
0.030557
0.0295564
0.027597
0.0248609
0.0214744
0.0185672
0.0161915
0.0142454
0.01259
0.011095
0.00967946
0.00836682
0.00719043
0.00619838
0.00544174
0.00492741
0.00449637
0.0041174
0.00378322
0.0034906
0.00323773
0.00302169
0.00283887
0.00268546
0.00255833
0.0140171
0.0140077
0.0139876
0.0139725
0.0139517
0.0139242
0.0138639
0.0138256
0.0137803
0.0137248
0.0136563
0.0135709
0.013463
0.0133241
0.0131387
0.0128798
0.0125029
0.0119791
0.0114677
0.0114066
0.0131734
0.0177832
0.0237969
0.0282181
0.0303084
0.0305778
0.0295708
0.027608
0.0248692
0.0214717
0.0185014
0.0160593
0.0140463
0.0123235
0.0107723
0.00932548
0.00800019
0.00683715
0.00591123
0.00527735
0.00478209
0.00434618
0.0039541
0.00360218
0.00328972
0.00301614
0.00277894
0.00257446
0.00239888
0.00224919
0.0140171
0.0140077
0.0139876
0.0139724
0.0139517
0.0139241
0.0138639
0.0138257
0.0137804
0.0137249
0.0136565
0.0135712
0.0134633
0.0133245
0.0131391
0.0128802
0.0125031
0.0119784
0.0114644
0.0114023
0.0131628
0.0177642
0.0238031
0.0282482
0.0303336
0.0305955
0.0295839
0.0276196
0.0248806
0.0214793
0.0184594
0.0159583
0.0138876
0.0121093
0.0105133
0.00903742
0.00770659
0.0065724
0.00571767
0.00515519
0.00466555
0.00421916
0.00380904
0.00343453
0.00309641
0.00279446
0.00252597
0.0022871
0.00207364
0.00188397
0.0140171
0.0140078
0.0139876
0.0139724
0.0139516
0.0139241
0.013864
0.0138258
0.0137806
0.0137251
0.0136567
0.0135714
0.0134636
0.0133248
0.0131395
0.0128806
0.0125032
0.0119778
0.0114615
0.0113986
0.0131533
0.0177464
0.0238076
0.0282747
0.0303553
0.0306107
0.0295956
0.0276314
0.0248943
0.0214938
0.0184383
0.0158848
0.0137647
0.0119401
0.0103081
0.00881053
0.00747954
0.00638357
0.00561913
0.00506921
0.0045739
0.00411242
0.00368129
0.00328115
0.00291276
0.00257477
0.00226278
0.00197062
0.001692
0.00142648
0.0140171
0.0140078
0.0139877
0.0139723
0.0139516
0.013924
0.013864
0.0138259
0.0137807
0.0137252
0.0136568
0.0135716
0.0134639
0.0133251
0.0131398
0.0128809
0.0125034
0.0119772
0.011459
0.0113953
0.0131449
0.0177301
0.0238108
0.0282981
0.0303739
0.0306236
0.029606
0.0276431
0.0249095
0.0215132
0.0184359
0.0158348
0.0136734
0.0118097
0.0101488
0.00863715
0.00731237
0.00625739
0.00556217
0.00501428
0.00450678
0.00402602
0.00357168
0.0031447
0.00274447
0.0023669
0.00200372
0.00164485
0.00128277
0.000989616
0.0140171
0.0140078
0.0139877
0.0139723
0.0139516
0.013924
0.0138641
0.0138259
0.0137807
0.0137253
0.013657
0.0135718
0.0134641
0.0133254
0.0131401
0.0128812
0.0125035
0.0119767
0.0114567
0.0113925
0.0131374
0.0177151
0.0238129
0.0283188
0.0303899
0.0306345
0.0296154
0.0276543
0.0249254
0.0215355
0.0184408
0.0158045
0.0136096
0.0117128
0.0100292
0.00851152
0.00720126
0.00619186
0.00554497
0.00499839
0.00447375
0.00396698
0.00348594
0.00302987
0.00259646
0.00217799
0.00176226
0.00133592
0.000956073
0.000650781
0.0140171
0.0140078
0.0139877
0.0139723
0.0139515
0.013924
0.0138641
0.013826
0.0137808
0.0137254
0.0136571
0.0135719
0.0134643
0.0133256
0.0131404
0.0128815
0.0125036
0.0119763
0.0114547
0.01139
0.0131307
0.0177014
0.0238141
0.028337
0.0304036
0.0306434
0.0296236
0.027665
0.0249414
0.0215592
0.0184499
0.0157909
0.0135699
0.0116444
0.00994397
0.00842915
0.0071438
0.00619201
0.00555795
0.00501444
0.00448411
0.00396159
0.00345064
0.00296096
0.00249296
0.00203734
0.00158166
0.00110902
0.000731163
0.00040696
0.0134688
0.0136622
0.0139622
0.0143984
0.0149997
0.0157861
0.0167595
0.01788
0.019077
0.0202534
0.0213009
0.0221233
0.02266
0.0229036
0.0229098
0.022786
0.0225445
0.0220176
0.0210748
0.0196494
0.0179193
0.0161314
0.014563
0.0134238
0.0127571
0.0136872
0.0140359
0.0145231
0.0151705
0.0159872
0.0169626
0.0180596
0.0192128
0.0203359
0.0213356
0.0221299
0.0226661
0.0229352
0.0229824
0.0229131
0.0227705
0.0224188
0.0217417
0.0206611
0.0191657
0.0174585
0.0157518
0.0142842
0.0132255
0.0126027
0.0141753
0.014723
0.0154201
0.0162664
0.0172442
0.0183146
0.0194185
0.0204822
0.021429
0.0221921
0.0227267
0.0230201
0.0230987
0.0230268
0.0229053
0.0226491
0.0221553
0.0213426
0.020166
0.0186437
0.0169752
0.0153534
0.0139846
0.0130059
0.01243
0.0121686
0.015035
0.015787
0.0166646
0.0176454
0.0186899
0.0197443
0.0207457
0.0216307
0.0223451
0.0228525
0.0231415
0.0232313
0.0231719
0.0230456
0.0228314
0.0224407
0.0217974
0.0208489
0.0195756
0.0180418
0.0164254
0.0149011
0.0136428
0.0127558
0.0122373
0.0120031
0.0162951
0.0171994
0.0181763
0.0191868
0.0201828
0.0211111
0.0219209
0.0225694
0.0230291
0.0232915
0.0233723
0.0233109
0.0231733
0.0229755
0.0226442
0.0221127
0.0213292
0.0202649
0.0189208
0.0173965
0.015847
0.0144283
0.0132843
0.012491
0.0120323
0.0118282
0.0178794
0.0188358
0.019797
0.0207209
0.0215642
0.0222868
0.0228565
0.0232534
0.0234729
0.0235287
0.0234536
0.0233012
0.0231041
0.0228024
0.0223389
0.0216667
0.0207547
0.0195934
0.0182013
0.016708
0.0152404
0.013936
0.0129101
0.0122125
0.0118157
0.011644
0.0196097
0.0205018
0.0213379
0.0220833
0.0227077
0.0231878
0.0235107
0.0236756
0.0236951
0.023598
0.0234287
0.0232228
0.022931
0.0225057
0.0219058
0.0211012
0.0200772
0.0188389
0.0174367
0.0159931
0.0146204
0.0134366
0.0125299
0.0119269
0.0115913
0.0114522
0.0212705
0.0220035
0.0226402
0.0231581
0.0235416
0.023783
0.0238859
0.0238619
0.0237377
0.0235503
0.0233297
0.0230355
0.0226284
0.0220731
0.0213426
0.0204209
0.0193065
0.0180167
0.0166353
0.015261
0.013996
0.012938
0.0121497
0.0116385
0.0113619
0.0112545
0.022683
0.0232032
0.0236102
0.023894
0.0240518
0.0240881
0.024017
0.0238629
0.023657
0.0234185
0.0231144
0.022712
0.022182
0.0215008
0.0206529
0.0196339
0.0184527
0.0171483
0.0158119
0.0145253
0.0133788
0.0124492
0.0117764
0.0113519
0.0111301
0.0110524
0.023742
0.0240371
0.0242213
0.0242956
0.024266
0.0241479
0.0239629
0.0237389
0.0234813
0.0231628
0.0227568
0.022239
0.0215893
0.020794
0.0198475
0.0187545
0.0175331
0.0162532
0.0149837
0.0138006
0.01278
0.0119783
0.0114152
0.0110706
0.0108986
0.0108474
0.0244163
0.0245058
0.0244997
0.0244075
0.0242447
0.0240296
0.0237883
0.0235112
0.0231761
0.0227612
0.0222466
0.0216158
0.020857
0.0199646
0.0189409
0.0177984
0.016581
0.0153502
0.0141675
0.0131007
0.01221
0.0115322
0.0110706
0.0107975
0.0106691
0.0106407
0.0247284
0.02465
0.024504
0.0243021
0.0240621
0.0238027
0.0235051
0.0231511
0.0227233
0.0222057
0.0215847
0.0208508
0.0199988
0.0190302
0.0179539
0.0167991
0.0156178
0.0144592
0.0133805
0.0124386
0.0116774
0.0111164
0.010746
0.010535
0.0104434
0.0104336
0.0247384
0.0245464
0.0243141
0.024059
0.0237785
0.0234581
0.023083
0.0226393
0.0221141
0.0214967
0.0207792
0.0199576
0.0190328
0.0180117
0.0169163
0.0157886
0.0146678
0.0136012
0.0126391
0.0118258
0.0111894
0.0107345
0.0104434
0.0102843
0.0102225
0.0102271
0.0102743
0.0245288
0.0242746
0.0240029
0.0237014
0.0233585
0.0229624
0.022502
0.0219673
0.0213499
0.0206436
0.0198455
0.0189564
0.017982
0.0169421
0.0158687
0.0147933
0.0137547
0.0127957
0.0119575
0.011271
0.0107501
0.0103882
0.0101635
0.0100464
0.0100075
0.0100221
0.0100715
0.0241887
0.0238965
0.0235716
0.0232047
0.0227867
0.0223088
0.0217633
0.0211436
0.0204454
0.0196664
0.0188077
0.017874
0.0168862
0.0158665
0.0148405
0.0138398
0.0129007
0.0120593
0.0113462
0.0107794
0.0103609
0.0100775
0.00990636
0.00982154
0.00979915
0.00981976
0.00986884
0.0237254
0.0233761
0.0229854
0.0225462
0.0220517
0.0214959
0.020874
0.0201828
0.0194208
0.0185895
0.0176959
0.0167577
0.0157908
0.0148162
0.0138599
0.0129523
0.0121245
0.0114045
0.0108114
0.0103522
0.0100208
0.00980089
0.00967116
0.00960996
0.00959836
0.00962136
0.00966785
0.023101
0.022689
0.0222315
0.0217234
0.0211601
0.0205382
0.0198554
0.019111
0.0183068
0.0174551
0.0165653
0.0156507
0.0147289
0.0138217
0.0129541
0.0121524
0.0114409
0.0108383
0.0103541
0.00998698
0.00972646
0.00955594
0.00945687
0.00941184
0.0094062
0.00942856
0.00947046
0.0223066
0.0218363
0.0213198
0.0207537
0.0201356
0.0194641
0.0187398
0.0179702
0.0171608
0.0163198
0.0154584
0.0145911
0.013736
0.0129136
0.0121461
0.0114543
0.0108555
0.01036
0.00996968
0.00967816
0.00947325
0.00933977
0.00926241
0.00922754
0.00922405
0.00924335
0.00927906
0.00932657
0.02137
0.0208493
0.0202848
0.019675
0.0190214
0.0183269
0.0175945
0.0168287
0.0160368
0.0152281
0.014415
0.0136126
0.012838
0.0121096
0.0114454
0.0108606
0.0103652
0.00996273
0.00965007
0.00941847
0.00925593
0.00914945
0.00908683
0.00905765
0.00905353
0.00906808
0.00909651
0.00913532
0.0203203
0.0197647
0.0191727
0.0185448
0.0178824
0.0171882
0.0164664
0.0157232
0.0149668
0.0142075
0.013458
0.0127327
0.0120467
0.0114153
0.0108516
0.0103651
0.00996008
0.00963542
0.00938515
0.00919999
0.00906921
0.00898216
0.00892932
0.00890279
0.00889633
0.00890519
0.00892579
0.00895551
0.0192009
0.0186331
0.0180348
0.0174075
0.0167539
0.0160775
0.0153839
0.0146799
0.0139744
0.0132778
0.0126021
0.0119602
0.0113647
0.010827
0.0103558
0.0099556
0.00962675
0.00936532
0.00916427
0.00901486
0.00890797
0.00883506
0.00878882
0.00876327
0.00875377
0.00875678
0.00876965
0.00879041
0.00881758
0.0180583
0.0174946
0.0169065
0.0162963
0.0156672
0.015024
0.0143725
0.0137202
0.0130758
0.0124493
0.0118516
0.0112934
0.0107845
0.0103328
0.00994284
0.00961596
0.00934977
0.00913908
0.00897683
0.0088553
0.0087669
0.00870491
0.00866365
0.0086386
0.00862628
0.00862406
0.00862996
0.00864254
0.00866069
0.0169345
0.0163876
0.0158221
0.0152409
0.014648
0.0140482
0.0134478
0.0128541
0.0122755
0.0117211
0.0112001
0.0107211
0.0102911
0.00991487
0.00959436
0.00932842
0.00911333
0.00894352
0.00881244
0.00871341
0.00864024
0.00858755
0.00855093
0.0085269
0.00851282
0.0085067
0.00850708
0.0085129
0.00852333
0.0158491
0.0153307
0.0147987
0.0142562
0.0137074
0.0131574
0.0126125
0.0120797
0.0115668
0.0110818
0.0106323
0.0102249
0.0098642
0.00955281
0.00929067
0.00907525
0.0089022
0.00876604
0.00866089
0.00858106
0.00852143
0.00847767
0.00844628
0.00842454
0.00841039
0.00840231
0.0083992
0.00840027
0.00840493
0.00841278
0.0148089
0.0143262
0.0138334
0.0133341
0.0128329
0.012335
0.0118466
0.0113744
0.0109253
0.0105061
0.0101228
0.0097801
0.00948077
0.00922553
0.00901303
0.00884018
0.00870252
0.00859498
0.00851236
0.00844984
0.00840315
0.00836873
0.00834376
0.00832604
0.00831392
0.00830621
0.00830206
0.00830086
0.0083022
0.00830579
0.0138236
0.0133801
0.0129298
0.0124764
0.0120244
0.011579
0.0111461
0.0107318
0.0103421
0.00998263
0.00965809
0.00937169
0.00912489
0.00891731
0.00874687
0.00861007
0.00850264
0.00841999
0.00835759
0.00831129
0.00827749
0.00825322
0.0082361
0.00822431
0.00821648
0.00821163
0.00820907
0.00820833
0.0082091
0.00821117
0.00821442
0.0129072
0.0125036
0.0120956
0.0116869
0.0112821
0.0108861
0.0105043
0.0101422
0.00980519
0.00949788
0.00922386
0.0089853
0.00878274
0.00861514
0.00848001
0.00837375
0.00829239
0.00823175
0.00818786
0.0081571
0.00813638
0.0081231
0.00811524
0.00811121
0.00810983
0.00811024
0.00811186
0.0081143
0.00811729
0.00812069
0.00812443
0.0120556
0.0116906
0.0113228
0.0109559
0.0105944
0.010243
0.00990664
0.00959044
0.00929903
0.00903629
0.00880505
0.00860672
0.00844127
0.00830727
0.00820184
0.00812166
0.00806301
0.00802211
0.00799539
0.00797964
0.00797218
0.00797045
0.00797309
0.0079784
0.00798531
0.00799307
0.00800115
0.0080092
0.00801699
0.0080244
0.00803139
0.00803793
0.0112585
0.0109297
0.010599
0.0102703
0.00994757
0.00963552
0.00933885
0.00906215
0.00880959
0.00858454
0.00838924
0.00822464
0.00809036
0.00798445
0.00790423
0.00784653
0.00780787
0.00778477
0.00777409
0.00777176
0.00777791
0.00778874
0.00780263
0.00781831
0.00783482
0.00785148
0.00786778
0.00788338
0.00789808
0.00791174
0.00792432
0.00793581
0.00794625
0.0105056
0.01021
0.00991296
0.00961812
0.0093296
0.00905178
0.00878917
0.00854608
0.00832631
0.00813286
0.00796763
0.00783124
0.00772298
0.00764074
0.00758202
0.00754381
0.00752285
0.00751478
0.00751681
0.00753049
0.00754975
0.0075728
0.00759818
0.00762473
0.00765159
0.00767808
0.00770373
0.00772821
0.00775128
0.00777282
0.00779275
0.00781105
0.00782775
0.00978696
0.00952137
0.00925433
0.00898944
0.0087307
0.00848241
0.00824889
0.00803427
0.00784211
0.00767517
0.00753509
0.00742233
0.00733556
0.0072731
0.00723252
0.00721107
0.00720238
0.00720748
0.00722705
0.00725352
0.00728492
0.00731954
0.00735604
0.00739335
0.00743063
0.00746725
0.00750274
0.00753673
0.00756899
0.00759936
0.00762774
0.00765409
0.00767839
0.00770069
0.0090918
0.00885358
0.00861358
0.00837534
0.00814281
0.00792019
0.00771174
0.00752143
0.0073527
0.00720814
0.00708925
0.00699602
0.00692738
0.0068817
0.00685548
0.00684367
0.00684633
0.00686996
0.00690187
0.00693994
0.00698235
0.00702758
0.00707438
0.00712177
0.00716897
0.00721536
0.00726047
0.00730394
0.00734549
0.00738493
0.00742212
0.007457
0.00748951
0.00751966
0.00754747
0.00840906
0.00819658
0.00798172
0.00776797
0.00755923
0.00735967
0.00717345
0.00700449
0.00685613
0.00673085
0.00663005
0.00655327
0.0064999
0.0064659
0.00644792
0.00644477
0.00646626
0.00650129
0.00654375
0.00659171
0.00664353
0.00669785
0.00675358
0.00680979
0.00686577
0.00692092
0.00697478
0.00702696
0.00707717
0.00712518
0.00717082
0.00721395
0.0072545
0.00729243
0.00732773
0.00772731
0.00754025
0.00735001
0.00716002
0.00697414
0.00679648
0.00663116
0.00648202
0.00635234
0.0062445
0.00615918
0.00609677
0.00605281
0.00602604
0.00601561
0.00602552
0.00606122
0.00610569
0.00615668
0.0062125
0.00627174
0.00633322
0.00639599
0.00645924
0.00652229
0.00658459
0.00664567
0.00670515
0.00676269
0.00681804
0.00687097
0.00692132
0.00696893
0.00701376
0.00705575
0.00709487
0.00703437
0.0068736
0.00670887
0.00654351
0.00638128
0.00622614
0.00608207
0.0059528
0.00584153
0.00575046
0.00567866
0.00562438
0.00558789
0.0055687
0.00556574
0.00559073
0.00563621
0.00568844
0.00574597
0.00580749
0.00587191
0.00593829
0.00600583
0.00607386
0.00614178
0.00620909
0.00627531
0.00634005
0.00640296
0.00646373
0.00652209
0.00657782
0.00663075
0.00668076
0.00672771
0.00677158
0.00681277
0.00632699
0.00618717
0.00604635
0.00590683
0.00577119
0.00564222
0.00552272
0.00541536
0.00532189
0.00524351
0.00518167
0.00513706
0.00510969
0.00509892
0.00510894
0.00514565
0.00519872
0.00525662
0.00531839
0.0053832
0.00545032
0.00551905
0.00558882
0.00565908
0.00572934
0.00579911
0.00586795
0.00593546
0.00600126
0.00606499
0.00612633
0.00618505
0.00624088
0.00629365
0.00634319
0.00639098
0.00643657
0.00560213
0.00548407
0.00536661
0.00525155
0.00514098
0.00503678
0.00494071
0.00485433
0.00477961
0.0047184
0.004672
0.00464107
0.0046256
0.00462486
0.0046514
0.00469689
0.00475482
0.00481657
0.00488047
0.00494629
0.00501367
0.00508225
0.00515165
0.00522149
0.00529138
0.00536088
0.00542957
0.00549705
0.0055629
0.00562674
0.00568819
0.00574697
0.00580282
0.0058563
0.00590828
0.00595794
0.00600476
0.00604833
0.00482938
0.00474387
0.00465992
0.0045769
0.00449599
0.00441907
0.00434811
0.0042852
0.0042322
0.00419071
0.00416179
0.00414599
0.00414311
0.00416202
0.00419967
0.00425012
0.00430923
0.00437326
0.00443766
0.00450263
0.00456824
0.00463451
0.00470124
0.00476822
0.00483517
0.00490173
0.00496751
0.00503209
0.00509505
0.00515595
0.00521447
0.00527022
0.00532486
0.00537804
0.00542893
0.00547691
0.00552144
0.00556216
0.00559874
0.00408166
0.00401767
0.00395345
0.00389251
0.00383802
0.00379241
0.00375112
0.00371539
0.00368687
0.00366693
0.00365651
0.00365596
0.00367493
0.00370898
0.00375413
0.00380708
0.00386553
0.0039278
0.00399241
0.00405585
0.00411867
0.00418125
0.00424369
0.00430597
0.00436795
0.00442935
0.00448982
0.00454896
0.00460633
0.0046615
0.00471418
0.00476684
0.00481816
0.00486728
0.00491342
0.00495609
0.00499478
0.00502917
0.00505887
0.00508368
0.00356836
0.00351495
0.00345402
0.00338807
0.00332389
0.00326752
0.00322195
0.00318918
0.00317087
0.00316354
0.0031656
0.00318401
0.00321657
0.00325981
0.00330989
0.00336426
0.00342174
0.00348145
0.00354286
0.00360536
0.00366595
0.00372481
0.00378254
0.00383935
0.0038953
0.00395025
0.00400389
0.00405584
0.00410567
0.00415344
0.00420139
0.00424822
0.00429286
0.00433463
0.00437284
0.00440709
0.00443686
0.0044619
0.00448181
0.00449647
0.00450735
0.00324731
0.00319355
0.00313647
0.00307632
0.00301399
0.00295014
0.00288611
0.00282814
0.00278363
0.00275333
0.00273703
0.002735
0.00275819
0.00280427
0.00285846
0.00291355
0.00296964
0.0030272
0.00308638
0.0031463
0.00320582
0.0032626
0.00331656
0.00336846
0.00341877
0.00346747
0.00351434
0.00355899
0.00360104
0.00364356
0.00368498
0.00372432
0.00376071
0.00379368
0.00382266
0.00384736
0.0038674
0.00388269
0.00389389
0.00390318
0.00391045
0.00391441
0.00298888
0.0029414
0.00289558
0.00285027
0.0028049
0.00275929
0.00271338
0.00266753
0.0026223
0.00257757
0.00253463
0.00249514
0.00246353
0.00245128
0.00245531
0.00247805
0.002512
0.00255566
0.00260916
0.00267085
0.00273011
0.00278553
0.00283712
0.00288541
0.00293157
0.00297585
0.00301796
0.0030573
0.00309576
0.00313347
0.00316891
0.00320139
0.00323022
0.00325514
0.00327585
0.00329214
0.0033047
0.00331596
0.00332701
0.00333629
0.00334355
0.00334804
0.0027551
0.00271913
0.0026934
0.00267301
0.00265297
0.00263019
0.002604
0.00257487
0.00254331
0.00250785
0.00246858
0.00242778
0.0023876
0.00234987
0.00231583
0.00228602
0.00226234
0.00224595
0.00224606
0.00226342
0.00228796
0.00231719
0.00235051
0.00238605
0.00242326
0.00246194
0.00250147
0.00254018
0.00257834
0.00261525
0.00264906
0.00267955
0.00270607
0.00272814
0.00274697
0.00276442
0.00278251
0.00279956
0.00281437
0.00282631
0.0028341
0.00283681
0.0028317
0.0024909
0.00246889
0.0024717
0.00249181
0.00251
0.00251934
0.00251839
0.00251075
0.00249592
0.00247519
0.00244849
0.00241545
0.00237771
0.00233751
0.00229708
0.00225784
0.0022208
0.00218632
0.00215591
0.0021292
0.00210414
0.0020814
0.00206287
0.00205344
0.00206126
0.00207596
0.00209376
0.00211458
0.00213821
0.00216359
0.00218913
0.00221404
0.00223876
0.00226363
0.00228861
0.00231181
0.00233218
0.0023491
0.00236186
0.00236971
0.00237217
0.00236695
0.00235274
0.00233008
0.00229862
0.00216303
0.00215238
0.00219631
0.00225621
0.00231236
0.00235827
0.00239239
0.00241502
0.00242642
0.00242688
0.0024203
0.00240706
0.00238768
0.0023621
0.00233075
0.00229435
0.00225398
0.00221233
0.00217113
0.00213103
0.00209279
0.00205643
0.00202259
0.0019919
0.00196441
0.00193899
0.00191514
0.00189334
0.00187539
0.00186979
0.00187851
0.00189105
0.00190585
0.00192102
0.00193515
0.00194755
0.00195773
0.00196501
0.0019683
0.00196694
0.00195889
0.00194392
0.00192169
0.00189182
0.00185344
0.00180521
0.0017643
0.00176026
0.00183406
0.00192321
0.00200858
0.00208434
0.00214925
0.00220354
0.00224751
0.00228134
0.0023054
0.00232006
0.00232597
0.00232403
0.00231617
0.00230288
0.00228407
0.00225923
0.00222864
0.00219469
0.00215905
0.00212293
0.00208711
0.00205281
0.00201979
0.00198804
0.00195788
0.00192996
0.00190503
0.0018842
0.00186687
0.00185072
0.00183551
0.00182157
0.00180728
0.00179206
0.00177533
0.00175652
0.00173503
0.00171057
0.00168289
0.00165219
0.00161657
0.00157562
0.00152889
0.00147038
0.00139953
0.00128726
0.00128522
0.00137378
0.00147718
0.00157845
0.00167255
0.00175775
0.00183406
0.00190291
0.00196442
0.00201857
0.002065
0.00210284
0.00213287
0.00215562
0.00217114
0.00217892
0.00217852
0.00217221
0.00216133
0.00214555
0.00212474
0.00210139
0.00207521
0.00204706
0.002017
0.00198359
0.00194881
0.00191377
0.00187891
0.00184456
0.00181174
0.00178021
0.00175044
0.00172144
0.00169282
0.00166452
0.00163469
0.00160211
0.00156553
0.00152399
0.00147678
0.00142386
0.00136472
0.0012956
0.00121416
0.00112039
0.00101637
0.000901289
0.00077241
0.000785086
0.000774072
0.000837738
0.000921272
0.00101175
0.0011087
0.00120361
0.00128458
0.00135847
0.00142888
0.00149887
0.00156604
0.00162571
0.0016807
0.00173036
0.00177519
0.00181536
0.0018499
0.00187754
0.00189735
0.00190974
0.00191611
0.00191786
0.00191656
0.0019114
0.00190119
0.00188512
0.00186346
0.00183605
0.00180236
0.00176346
0.00172553
0.00169004
0.00165875
0.00162951
0.00159758
0.00156233
0.00152305
0.00147959
0.00143071
0.00137506
0.00131097
0.00123737
0.00115364
0.00106023
0.000959561
0.000851931
0.000736394
0.000615845
0.000491687
0.000430302
0.000405388
0.000434633
0.000477558
0.000522261
0.000565283
0.000607422
0.000629954
0.000639915
0.0006685
0.000703102
0.000740683
0.000781659
0.000827513
0.000877514
0.000932575
0.000993477
0.00106133
0.00113829
0.00120394
0.00125153
0.00128883
0.00131836
0.00134221
0.00136048
0.00137293
0.0013798
0.00137687
0.00136673
0.00134993
0.00132867
0.00130191
0.0012722
0.00124202
0.0012122
0.00118039
0.00114243
0.00109727
0.00104572
0.000989435
0.000928306
0.000862121
0.000789616
0.000709069
0.000623197
0.000535651
0.000449043
0.00036593
0.00028774
0.000217647
0.000213845
0.000196262
0.00020108
0.000212169
0.000222251
0.000231626
0.000239395
0.000246056
0.000253434
0.000261168
0.000269092
0.000276957
0.000284657
0.000291747
0.000297896
0.000302569
0.000303375
0.000297501
0.000283301
0.000267817
0.000254622
0.00024678
0.000246586
0.0002473
0.000247505
0.000247014
0.000245825
0.000244236
0.000242947
0.000241976
0.000241455
0.000241695
0.000241651
0.000240715
0.000238778
0.000236016
0.000232244
0.000226887
0.000218957
0.000207614
0.000192401
0.000173496
0.000152877
0.000134739
0.000118763
0.000103581
8.98632e-05
7.77946e-05
6.68838e-05
5.59913e-05
0.000643041
0.000637596
0.000381183
0.000380952
0.000386748
0.000394458
0.000402819
0.00041121
0.000419522
0.000428045
0.000436951
0.000446326
0.000456193
0.000466525
0.000167713
0.000173994
0.000183216
0.000193679
0.000204804
0.00021636
0.000228198
0.000240197
0.000252224
0.000264108
0.000275621
0.000286476
0.000296373
0.000305156
0.000313397
0.000322098
0.000331606
0.000341825
0.000351885
0.000361111
4.90387e-05
5.18211e-05
5.48298e-05
5.86709e-05
6.32772e-05
6.82117e-05
7.33189e-05
7.86277e-05
8.42527e-05
9.05334e-05
9.79575e-05
0.000106772
0.000116942
0.000128767
0.000142147
0.000156543
0.000172337
0.000188975
0.000205155
0.00021891
0.000238111
0.00021937
)
;

boundaryField
{
    down
    {
        type            freestream;
        freestreamValue uniform 0.014;
        value           nonuniform List<scalar> 
59
(
0.0140177
0.0140176
0.0140176
0.0140175
0.0140174
0.0140173
0.0140173
0.0140172
0.0140171
0.0140171
0.0140153
0.014015
0.0140153
0.0140147
0.0140137
0.0140127
0.0140116
0.014011
0.0140106
0.0140106
0.0140117
0.0140128
0.0140138
0.0140146
0.0140149
0.014015
0.0140151
0.0140151
0.0140152
0.0140152
0.0140153
0.0140154
0.0140154
0.0140155
0.0140156
0.0140157
0.0140159
0.014016
0.0140162
0.0140163
0.0140164
0.0140165
0.0140166
0.0140167
0.0140167
0.0140168
0.0140168
0.0140169
0.0140169
0.014017
0.014017
0.014017
0.014017
0.0140171
0.0140171
0.0140171
0.0140171
0.0140171
0.0140171
)
;
    }
    right
    {
        type            freestream;
        freestreamValue uniform 0.014;
        value           nonuniform List<scalar> 
75
(
0.0140171
0.0140347
0.0140227
0.0139567
0.0139283
0.0139024
0.0138674
0.0138329
0.013799
0.0137644
0.0137289
0.0136927
0.013656
0.013619
0.0135822
0.0135458
0.0135103
0.0134762
0.0134442
0.0134149
0.0133888
0.0133661
0.0133472
0.013332
0.0133202
0.0133116
0.0133058
0.0133024
0.0133011
0.0133014
0.0133032
0.0133061
0.0133099
0.0133143
0.0133193
0.0133245
0.0133298
0.0133351
0.0133404
0.0133454
0.0133502
0.0133548
0.0133589
0.0133628
0.0133663
0.0133695
0.0133723
0.0133749
0.0133772
0.0133792
0.0134688
0.0136622
0.0139622
0.0143984
0.0149997
0.0157861
0.0167595
0.01788
0.019077
0.0202534
0.0213009
0.0221233
0.02266
0.0229036
0.0229098
0.022786
0.0225445
0.0220176
0.0210748
0.0196494
0.0179193
0.0161314
0.014563
0.0134238
0.0127571
)
;
    }
    up
    {
        type            freestream;
        freestreamValue nonuniform List<scalar> 0();
        value           nonuniform List<scalar> 0();
    }
    meanFlow
    {
        type            freestream;
        freestreamValue nonuniform List<scalar> 0();
        value           nonuniform List<scalar> 0();
    }
    surface
    {
        type            fixedValue;
        value           uniform 0;
    }
    surfaceInner
    {
        type            fixedValue;
        value           uniform 0;
    }
    coandaInlet
    {
        type            freestream;
        freestreamValue nonuniform List<scalar> 0();
        value           nonuniform List<scalar> 0();
    }
    defaultFaces
    {
        type            empty;
    }
    procBoundary1to0
    {
        type            processor;
        value           nonuniform List<scalar> 
81
(
1.91564e-05
7.67971e-05
8.71024e-05
8.71024e-05
0.000104001
0.000112419
0.000112419
0.000119676
0.000123657
0.000123657
0.000123646
0.000123646
0.000119656
0.000119656
0.000115593
0.000106217
0.000106217
0.000100722
9.42353e-05
9.42353e-05
9.10319e-05
9.10319e-05
8.85683e-05
8.51736e-05
7.90216e-05
7.90216e-05
6.96409e-05
5.87745e-05
5.87745e-05
1.37719e-05
0.0140178
0.0140078
0.0139889
0.0139715
0.0139503
0.013923
0.0138678
0.0138312
0.0137872
0.0137872
0.013734
0.0136689
0.0135881
0.0134867
0.013357
0.0131861
0.0129501
0.0126058
0.0120979
0.0114733
0.0110586
0.011853
0.0150771
0.0208409
0.0261016
0.0291798
0.0301662
0.0296972
0.0282512
0.0261396
0.023578
0.0207463
0.0178841
0.0153549
0.0133813
0.0118968
0.0107255
0.00974508
0.00886989
0.00803565
0.00721707
0.00639018
0.00554299
0.00467142
0.00377467
0.00285416
0.0019413
0.0012131
0.000664993
0.000288891
6.18798e-05
)
;
    }
    procBoundary1to3
    {
        type            processor;
        value           nonuniform List<scalar> 
97
(
0.0124611
0.0123221
0.0123221
0.0121051
0.0119492
0.0117861
0.0116155
0.0114381
0.0112546
0.0110659
0.0108726
0.0106757
0.010476
0.010476
0.0103473
0.0101424
0.00993611
0.00972986
0.00952579
0.00952579
0.00938249
0.0091819
0.00899234
0.00899234
0.00885
0.00868355
0.00853778
0.00853778
0.00842346
0.00831142
0.00831142
0.00821879
0.00812848
0.00812848
0.00804408
0.00804408
0.0079557
0.00784291
0.00784291
0.00772104
0.00772104
0.007573
0.00736043
0.00736043
0.00713112
0.00713112
0.00685196
0.00647948
0.00647948
0.0060883
0.0060883
0.00563093
0.00563093
0.00510328
0.00510328
0.00451616
0.00451616
0.00391497
0.00334852
0.00334852
0.0028169
0.0028169
0.0027933
0.00225749
0.00225749
0.00174667
0.00174667
0.0013147
0.0013147
0.00121567
0.00110334
0.00099384
0.000987966
0.000635626
0.000635626
0.000636313
0.000640587
0.000646428
0.000653494
0.000661587
0.000670501
0.000680021
0.000689933
0.000700078
0.000477196
0.000477196
0.000487889
0.00049842
0.000508637
0.000518349
0.000527242
0.000535608
0.000543291
0.000375971
0.000375971
0.000392446
0.000215589
)
;
    }
}


// ************************************************************************* //
