/*--------------------------------*- C++ -*----------------------------------*\
  =========                 |
  \\      /  F ield         | OpenFOAM: The Open Source CFD Toolbox
   \\    /   O peration     | Website:  https://openfoam.org
    \\  /    A nd           | Version:  9
     \\/     M anipulation  |
\*---------------------------------------------------------------------------*/
FoamFile
{
    format      ascii;
    class       volScalarField;
    location    "0.0425";
    object      T;
}
// * * * * * * * * * * * * * * * * * * * * * * * * * * * * * * * * * * * * * //

dimensions      [0 0 0 1 0 0 0];

internalField   nonuniform List<scalar> 
12072
(
297.954
297.955
297.956
297.956
297.957
297.958
297.958
297.959
297.96
297.96
297.961
297.961
297.962
297.963
297.963
297.964
297.964
297.965
297.965
297.966
297.966
297.967
297.967
297.968
297.968
297.968
297.969
297.969
297.97
297.97
297.97
297.971
297.971
297.972
297.972
297.972
297.973
297.973
297.973
297.974
297.974
297.974
297.975
297.975
297.975
297.976
297.976
297.976
297.976
297.977
297.977
297.977
297.977
297.978
297.978
297.978
297.978
297.979
297.979
297.979
297.979
298.012
298.012
298.012
298.012
298.012
298.012
298.013
298.013
298.013
298.013
298.013
298.013
298.013
298.013
298.014
298.014
298.014
298.014
298.014
298.014
298.014
298.014
298.014
298.014
298.014
298.014
298.014
298.014
298.015
298.015
298.015
298.015
298.015
298.015
298.015
298.015
298.015
298.015
298.015
298.015
298.015
298.015
298.015
298.015
298.015
298.015
298.015
298.015
298.015
298.015
298.015
298.015
298.015
298.015
298.015
298.015
298.015
298.015
298.015
298.015
298.015
298.012
298.011
298.011
298.011
298.011
298.011
298.011
298.01
298.01
298.01
298.01
298.01
298.01
298.01
298.01
298.01
298.01
298.009
298.009
298.009
298.009
298.009
298.009
298.009
298.009
298.009
298.009
298.009
298.009
298.009
298.009
298.009
298.009
298.009
298.008
298.008
298.008
298.008
298.008
298.008
298.008
298.008
298.008
298.008
298.008
298.008
298.008
298.008
298.008
298.008
298.008
298.008
298.008
298.008
298.008
298.008
298.008
298.008
298.008
298.008
298.008
298.013
298.013
298.013
298.013
298.013
298.013
298.013
298.013
298.014
298.014
298.014
298.014
298.014
298.014
298.014
298.014
298.014
298.014
298.014
298.014
298.015
298.015
298.015
298.015
298.015
298.015
298.015
298.015
298.015
298.015
298.015
298.015
298.015
298.015
298.015
298.015
298.016
298.016
298.016
298.016
298.016
298.016
298.016
298.016
298.016
298.016
298.016
298.016
298.016
298.016
298.016
298.016
298.016
298.016
298.016
298.016
298.016
298.016
298.016
298.016
298.016
298.021
298.021
298.021
298.021
298.021
298.021
298.021
298.021
298.021
298.021
298.021
298.021
298.021
298.021
298.021
298.021
298.021
298.02
298.02
298.02
298.02
298.02
298.02
298.02
298.02
298.02
298.02
298.02
298.02
298.02
298.02
298.02
298.02
298.02
298.02
298.02
298.02
298.02
298.02
298.02
298.02
298.019
298.019
298.019
298.019
298.019
298.019
298.019
298.019
298.019
298.019
298.019
298.019
298.019
298.019
298.019
298.019
298.019
298.019
298.019
298.019
298.021
298.021
298.021
298.021
298.021
298.021
298.021
298.021
298.021
298.021
298.021
298.021
298.021
298.022
298.022
298.022
298.022
298.022
298.022
298.022
298.022
298.022
298.022
298.022
298.022
298.022
298.022
298.022
298.022
298.022
298.022
298.022
298.022
298.022
298.022
298.022
298.022
298.022
298.022
298.022
298.023
298.023
298.023
298.023
298.023
298.023
298.023
298.023
298.023
298.023
298.023
298.023
298.023
298.023
298.023
298.023
298.023
298.023
298.023
298.023
298.023
298.028
298.028
298.028
298.028
298.028
298.028
298.028
298.028
298.028
298.028
298.028
298.028
298.028
298.028
298.028
298.028
298.028
298.028
298.028
298.028
298.028
298.028
298.028
298.028
298.028
298.028
298.028
298.028
298.028
298.028
298.028
298.028
298.028
298.028
298.028
298.028
298.028
298.028
298.028
298.028
298.028
298.028
298.028
298.028
298.028
298.028
298.028
298.028
298.028
298.028
298.028
298.028
298.028
298.028
298.028
298.028
298.028
298.028
298.028
298.028
298.028
298.03
298.03
298.03
298.03
298.03
298.03
298.03
298.03
298.03
298.03
298.03
298.03
298.03
298.03
298.03
298.03
298.03
298.03
298.03
298.03
298.03
298.031
298.031
298.031
298.031
298.031
298.031
298.031
298.031
298.031
298.031
298.031
298.031
298.031
298.031
298.031
298.031
298.031
298.031
298.031
298.031
298.031
298.031
298.031
298.031
298.031
298.031
298.031
298.031
298.031
298.031
298.031
298.031
298.031
298.031
298.031
298.031
298.031
298.031
298.031
298.031
298.035
298.035
298.035
298.035
298.035
298.035
298.035
298.035
298.035
298.035
298.035
298.035
298.035
298.035
298.035
298.036
298.036
298.036
298.036
298.036
298.036
298.036
298.036
298.036
298.036
298.036
298.036
298.036
298.036
298.036
298.036
298.036
298.036
298.036
298.036
298.036
298.036
298.036
298.036
298.036
298.036
298.036
298.036
298.036
298.036
298.036
298.036
298.036
298.036
298.036
298.036
298.036
298.036
298.036
298.036
298.036
298.036
298.036
298.036
298.036
298.036
298.038
298.038
298.038
298.038
298.038
298.038
298.038
298.038
298.038
298.038
298.038
298.038
298.038
298.038
298.038
298.038
298.038
298.038
298.038
298.038
298.039
298.039
298.039
298.039
298.039
298.039
298.039
298.039
298.039
298.039
298.039
298.039
298.039
298.039
298.039
298.039
298.039
298.039
298.039
298.039
298.039
298.039
298.039
298.039
298.039
298.039
298.039
298.039
298.039
298.039
298.039
298.039
298.039
298.039
298.039
298.039
298.039
298.039
298.039
298.039
298.039
298.042
298.042
298.042
298.042
298.042
298.042
298.042
298.042
298.042
298.042
298.042
298.043
298.043
298.043
298.043
298.043
298.043
298.043
298.043
298.043
298.043
298.043
298.043
298.043
298.043
298.043
298.043
298.043
298.043
298.043
298.043
298.043
298.043
298.043
298.043
298.043
298.043
298.043
298.043
298.043
298.043
298.044
298.044
298.044
298.044
298.044
298.044
298.044
298.044
298.044
298.044
298.044
298.044
298.043
298.043
298.043
298.043
298.043
298.043
298.043
298.043
298.045
298.045
298.045
298.045
298.045
298.045
298.045
298.046
298.046
298.046
298.046
298.046
298.046
298.046
298.046
298.046
298.046
298.046
298.046
298.046
298.046
298.046
298.047
298.047
298.047
298.047
298.047
298.047
298.047
298.047
298.047
298.047
298.047
298.047
298.047
298.047
298.047
298.047
298.047
298.047
298.047
298.047
298.047
298.047
298.047
298.047
298.047
298.047
298.047
298.047
298.047
298.047
298.047
298.047
298.047
298.047
298.047
298.047
298.047
298.047
298.047
298.049
298.049
298.049
298.049
298.049
298.049
298.05
298.05
298.05
298.05
298.05
298.05
298.05
298.05
298.05
298.05
298.05
298.05
298.05
298.051
298.051
298.051
298.051
298.051
298.051
298.051
298.051
298.051
298.051
298.051
298.051
298.051
298.051
298.051
298.051
298.051
298.051
298.051
298.051
298.051
298.051
298.052
298.052
298.052
298.052
298.052
298.052
298.052
298.052
298.052
298.052
298.052
298.052
298.052
298.052
298.052
298.052
298.052
298.052
298.051
298.051
298.052
298.052
298.053
298.053
298.053
298.053
298.053
298.053
298.053
298.053
298.053
298.054
298.054
298.054
298.054
298.054
298.054
298.054
298.054
298.054
298.054
298.054
298.055
298.055
298.055
298.055
298.055
298.055
298.055
298.055
298.055
298.055
298.055
298.055
298.055
298.055
298.055
298.055
298.055
298.055
298.056
298.056
298.056
298.056
298.056
298.056
298.056
298.056
298.056
298.056
298.056
298.056
298.056
298.056
298.056
298.056
298.056
298.056
298.056
298.056
298.056
298.056
298.056
298.056
298.057
298.057
298.057
298.057
298.057
298.057
298.057
298.057
298.058
298.058
298.058
298.058
298.058
298.058
298.058
298.058
298.058
298.059
298.059
298.059
298.059
298.059
298.059
298.059
298.059
298.059
298.059
298.059
298.059
298.059
298.06
298.06
298.06
298.06
298.06
298.06
298.06
298.06
298.06
298.06
298.06
298.06
298.06
298.06
298.06
298.06
298.06
298.06
298.06
298.06
298.06
298.06
298.06
298.06
298.06
298.06
298.06
298.06
298.06
298.06
298.06
298.06
298.06
298.06
298.061
298.061
298.061
298.061
298.061
298.061
298.062
298.062
298.062
298.062
298.062
298.062
298.062
298.062
298.063
298.063
298.063
298.063
298.063
298.063
298.063
298.063
298.063
298.063
298.064
298.064
298.064
298.064
298.064
298.064
298.064
298.064
298.064
298.064
298.064
298.064
298.064
298.064
298.064
298.064
298.064
298.064
298.064
298.064
298.064
298.064
298.064
298.064
298.064
298.064
298.064
298.064
298.064
298.064
298.064
298.063
298.064
298.064
298.064
298.064
298.064
298.064
298.065
298.065
298.065
298.065
298.065
298.066
298.066
298.066
298.066
298.066
298.066
298.066
298.067
298.067
298.067
298.067
298.067
298.067
298.067
298.067
298.068
298.068
298.068
298.068
298.068
298.068
298.068
298.068
298.068
298.068
298.068
298.069
298.069
298.069
298.069
298.069
298.069
298.069
298.069
298.069
298.069
298.069
298.069
298.069
298.069
298.069
298.069
298.069
298.069
298.069
298.069
298.069
298.069
298.069
298.067
298.067
298.067
298.068
298.068
298.068
298.068
298.068
298.069
298.069
298.069
298.069
298.069
298.07
298.07
298.07
298.07
298.07
298.071
298.071
298.071
298.071
298.071
298.071
298.072
298.072
298.072
298.072
298.072
298.072
298.072
298.072
298.072
298.073
298.073
298.073
298.073
298.073
298.073
298.073
298.073
298.073
298.073
298.073
298.073
298.073
298.073
298.074
298.074
298.074
298.074
298.074
298.074
298.074
298.074
298.074
298.074
298.074
298.074
298.073
298.073
298.071
298.071
298.071
298.071
298.072
298.072
298.072
298.072
298.073
298.073
298.073
298.073
298.074
298.074
298.074
298.074
298.074
298.075
298.075
298.075
298.075
298.075
298.076
298.076
298.076
298.076
298.076
298.076
298.076
298.077
298.077
298.077
298.077
298.077
298.077
298.077
298.077
298.078
298.078
298.078
298.078
298.078
298.078
298.078
298.078
298.078
298.078
298.078
298.078
298.078
298.078
298.078
298.078
298.078
298.078
298.078
298.078
298.078
298.078
298.078
298.078
298.074
298.074
298.075
298.075
298.075
298.076
298.076
298.076
298.076
298.077
298.077
298.077
298.077
298.078
298.078
298.078
298.078
298.079
298.079
298.079
298.079
298.08
298.08
298.08
298.08
298.08
298.081
298.081
298.081
298.081
298.081
298.081
298.082
298.082
298.082
298.082
298.082
298.082
298.082
298.082
298.082
298.083
298.083
298.083
298.083
298.083
298.083
298.083
298.083
298.083
298.083
298.083
298.083
298.083
298.083
298.083
298.083
298.083
298.083
298.083
298.083
298.078
298.078
298.078
298.079
298.079
298.079
298.08
298.08
298.08
298.081
298.081
298.081
298.081
298.082
298.082
298.082
298.083
298.083
298.083
298.083
298.084
298.084
298.084
298.084
298.085
298.085
298.085
298.085
298.085
298.086
298.086
298.086
298.086
298.086
298.086
298.086
298.087
298.087
298.087
298.087
298.087
298.087
298.087
298.087
298.087
298.088
298.088
298.088
298.088
298.088
298.088
298.088
298.088
298.088
298.088
298.088
298.088
298.088
298.088
298.088
298.088
298.081
298.081
298.082
298.082
298.083
298.083
298.083
298.084
298.084
298.084
298.085
298.085
298.085
298.086
298.086
298.086
298.087
298.087
298.087
298.088
298.088
298.088
298.088
298.089
298.089
298.089
298.089
298.09
298.09
298.09
298.09
298.09
298.091
298.091
298.091
298.091
298.091
298.091
298.092
298.092
298.092
298.092
298.092
298.092
298.092
298.092
298.092
298.092
298.093
298.093
298.093
298.093
298.093
298.093
298.093
298.093
298.093
298.093
298.093
298.093
298.093
298.084
298.085
298.085
298.086
298.086
298.087
298.087
298.087
298.088
298.088
298.089
298.089
298.089
298.09
298.09
298.09
298.091
298.091
298.091
298.092
298.092
298.092
298.093
298.093
298.093
298.093
298.094
298.094
298.094
298.094
298.095
298.095
298.095
298.095
298.095
298.096
298.096
298.096
298.096
298.096
298.096
298.097
298.097
298.097
298.097
298.097
298.097
298.097
298.097
298.097
298.097
298.097
298.097
298.097
298.098
298.098
298.098
298.098
298.097
298.097
298.097
298.088
298.088
298.089
298.089
298.09
298.09
298.091
298.091
298.091
298.092
298.092
298.093
298.093
298.094
298.094
298.094
298.095
298.095
298.095
298.096
298.096
298.096
298.097
298.097
298.097
298.098
298.098
298.098
298.098
298.099
298.099
298.099
298.099
298.1
298.1
298.1
298.1
298.101
298.101
298.101
298.101
298.101
298.101
298.101
298.102
298.102
298.102
298.102
298.102
298.102
298.102
298.102
298.102
298.102
298.102
298.102
298.102
298.102
298.102
298.102
298.102
298.091
298.092
298.092
298.093
298.093
298.094
298.094
298.095
298.095
298.096
298.096
298.096
298.097
298.097
298.098
298.098
298.099
298.099
298.099
298.1
298.1
298.1
298.101
298.101
298.102
298.102
298.102
298.102
298.103
298.103
298.103
298.104
298.104
298.104
298.104
298.105
298.105
298.105
298.105
298.105
298.106
298.106
298.106
298.106
298.106
298.106
298.106
298.106
298.107
298.107
298.107
298.107
298.107
298.107
298.107
298.107
298.107
298.107
298.107
298.107
298.107
298.094
298.095
298.095
298.096
298.096
298.097
298.098
298.098
298.099
298.099
298.1
298.1
298.101
298.101
298.102
298.102
298.102
298.103
298.103
298.104
298.104
298.104
298.105
298.105
298.106
298.106
298.106
298.107
298.107
298.107
298.107
298.108
298.108
298.108
298.109
298.109
298.109
298.109
298.109
298.11
298.11
298.11
298.11
298.11
298.111
298.111
298.111
298.111
298.111
298.111
298.111
298.111
298.111
298.112
298.112
298.112
298.112
298.112
298.112
298.112
298.112
298.097
298.098
298.098
298.099
298.1
298.1
298.101
298.101
298.102
298.103
298.103
298.104
298.104
298.105
298.105
298.106
298.106
298.107
298.107
298.108
298.108
298.108
298.109
298.109
298.11
298.11
298.11
298.111
298.111
298.111
298.112
298.112
298.112
298.112
298.113
298.113
298.113
298.113
298.114
298.114
298.114
298.114
298.115
298.115
298.115
298.115
298.115
298.115
298.115
298.116
298.116
298.116
298.116
298.116
298.116
298.116
298.116
298.116
298.116
298.116
298.116
298.1
298.101
298.102
298.102
298.103
298.104
298.104
298.105
298.105
298.106
298.107
298.107
298.108
298.108
298.109
298.109
298.11
298.11
298.111
298.111
298.112
298.112
298.113
298.113
298.113
298.114
298.114
298.114
298.115
298.115
298.116
298.116
298.116
298.116
298.117
298.117
298.117
298.118
298.118
298.118
298.118
298.118
298.119
298.119
298.119
298.119
298.119
298.12
298.12
298.12
298.12
298.12
298.12
298.12
298.12
298.12
298.121
298.121
298.121
298.121
298.121
298.103
298.104
298.105
298.105
298.106
298.107
298.108
298.108
298.109
298.109
298.11
298.111
298.111
298.112
298.112
298.113
298.113
298.114
298.114
298.115
298.115
298.116
298.116
298.117
298.117
298.118
298.118
298.118
298.119
298.119
298.119
298.12
298.12
298.12
298.121
298.121
298.121
298.121
298.122
298.122
298.122
298.122
298.123
298.123
298.123
298.123
298.123
298.124
298.124
298.124
298.124
298.124
298.124
298.124
298.124
298.125
298.125
298.125
298.125
298.125
298.125
298.106
298.107
298.108
298.109
298.109
298.11
298.111
298.111
298.112
298.113
298.113
298.114
298.115
298.115
298.116
298.116
298.117
298.118
298.118
298.118
298.119
298.119
298.12
298.12
298.121
298.121
298.121
298.122
298.122
298.123
298.123
298.123
298.124
298.124
298.124
298.124
298.125
298.125
298.125
298.126
298.126
298.126
298.126
298.126
298.127
298.127
298.127
298.127
298.127
298.128
298.128
298.128
298.128
298.128
298.128
298.129
298.129
298.129
298.129
298.129
298.129
298.109
298.11
298.111
298.112
298.112
298.113
298.114
298.115
298.115
298.116
298.117
298.117
298.118
298.119
298.119
298.12
298.12
298.121
298.121
298.122
298.122
298.123
298.123
298.124
298.124
298.125
298.125
298.125
298.126
298.126
298.126
298.127
298.127
298.127
298.128
298.128
298.128
298.128
298.129
298.129
298.129
298.129
298.13
298.13
298.13
298.13
298.131
298.131
298.131
298.131
298.131
298.132
298.132
298.132
298.132
298.132
298.132
298.132
298.133
298.133
298.133
298.112
298.113
298.114
298.115
298.115
298.116
298.117
298.118
298.119
298.119
298.12
298.121
298.121
298.122
298.123
298.123
298.124
298.124
298.125
298.125
298.126
298.126
298.127
298.127
298.127
298.128
298.128
298.129
298.129
298.129
298.13
298.13
298.13
298.131
298.131
298.131
298.131
298.132
298.132
298.132
298.132
298.133
298.133
298.133
298.133
298.134
298.134
298.134
298.134
298.134
298.135
298.135
298.135
298.135
298.135
298.136
298.136
298.136
298.136
298.136
298.136
298.115
298.116
298.117
298.118
298.119
298.119
298.12
298.121
298.122
298.123
298.123
298.124
298.125
298.125
298.126
298.127
298.127
298.128
298.128
298.129
298.129
298.129
298.13
298.13
298.131
298.131
298.131
298.132
298.132
298.132
298.133
298.133
298.133
298.134
298.134
298.134
298.134
298.135
298.135
298.135
298.135
298.136
298.136
298.136
298.136
298.137
298.137
298.137
298.137
298.137
298.138
298.138
298.138
298.138
298.139
298.139
298.139
298.139
298.139
298.14
298.14
298.118
298.119
298.12
298.121
298.122
298.123
298.123
298.124
298.125
298.126
298.127
298.127
298.128
298.129
298.129
298.13
298.13
298.131
298.131
298.132
298.132
298.133
298.133
298.133
298.134
298.134
298.134
298.135
298.135
298.135
298.136
298.136
298.136
298.136
298.137
298.137
298.137
298.137
298.138
298.138
298.138
298.138
298.139
298.139
298.139
298.139
298.14
298.14
298.14
298.14
298.14
298.141
298.141
298.141
298.141
298.142
298.142
298.142
298.142
298.143
298.143
298.121
298.122
298.123
298.124
298.125
298.126
298.127
298.128
298.128
298.129
298.13
298.131
298.131
298.132
298.132
298.133
298.133
298.134
298.134
298.135
298.135
298.135
298.136
298.136
298.137
298.137
298.137
298.137
298.138
298.138
298.138
298.138
298.139
298.139
298.139
298.139
298.14
298.14
298.14
298.14
298.141
298.141
298.141
298.141
298.142
298.142
298.142
298.142
298.142
298.143
298.143
298.143
298.143
298.144
298.144
298.144
298.145
298.145
298.145
298.145
298.146
298.123
298.125
298.126
298.127
298.128
298.129
298.13
298.131
298.132
298.132
298.133
298.134
298.134
298.135
298.135
298.136
298.136
298.137
298.137
298.138
298.138
298.138
298.139
298.139
298.139
298.139
298.14
298.14
298.14
298.14
298.141
298.141
298.141
298.141
298.141
298.142
298.142
298.142
298.142
298.143
298.143
298.143
298.143
298.143
298.144
298.144
298.144
298.144
298.145
298.145
298.145
298.146
298.146
298.146
298.146
298.147
298.147
298.147
298.148
298.148
298.148
298.126
298.128
298.129
298.13
298.131
298.132
298.133
298.134
298.135
298.136
298.136
298.137
298.137
298.138
298.138
298.139
298.139
298.14
298.14
298.14
298.141
298.141
298.141
298.141
298.142
298.142
298.142
298.142
298.143
298.143
298.143
298.143
298.143
298.143
298.144
298.144
298.144
298.144
298.144
298.145
298.145
298.145
298.145
298.145
298.146
298.146
298.146
298.146
298.147
298.147
298.147
298.148
298.148
298.148
298.148
298.149
298.149
298.149
298.15
298.15
298.15
298.129
298.131
298.132
298.133
298.134
298.135
298.136
298.137
298.138
298.139
298.139
298.14
298.141
298.141
298.141
298.142
298.142
298.142
298.143
298.143
298.143
298.143
298.144
298.144
298.144
298.144
298.144
298.145
298.145
298.145
298.145
298.145
298.145
298.145
298.146
298.146
298.146
298.146
298.146
298.146
298.147
298.147
298.147
298.147
298.147
298.148
298.148
298.148
298.148
298.149
298.149
298.149
298.15
298.15
298.15
298.151
298.151
298.151
298.152
298.152
298.152
298.132
298.134
298.135
298.136
298.138
298.139
298.14
298.14
298.141
298.142
298.142
298.143
298.144
298.144
298.144
298.145
298.145
298.145
298.145
298.146
298.146
298.146
298.146
298.146
298.146
298.146
298.146
298.146
298.147
298.147
298.147
298.147
298.147
298.147
298.147
298.147
298.147
298.148
298.148
298.148
298.148
298.148
298.148
298.149
298.149
298.149
298.149
298.15
298.15
298.15
298.151
298.151
298.151
298.151
298.152
298.152
298.153
298.153
298.153
298.154
298.154
298.136
298.137
298.139
298.14
298.141
298.142
298.143
298.144
298.144
298.145
298.146
298.146
298.146
298.147
298.147
298.147
298.147
298.148
298.148
298.148
298.148
298.148
298.148
298.148
298.148
298.148
298.148
298.148
298.148
298.148
298.148
298.148
298.149
298.149
298.149
298.149
298.149
298.149
298.149
298.149
298.149
298.15
298.15
298.15
298.15
298.15
298.151
298.151
298.151
298.152
298.152
298.152
298.152
298.153
298.153
298.154
298.154
298.154
298.155
298.155
298.156
298.139
298.14
298.142
298.143
298.144
298.145
298.146
298.147
298.148
298.148
298.149
298.149
298.149
298.15
298.15
298.15
298.15
298.15
298.15
298.15
298.15
298.15
298.15
298.15
298.15
298.15
298.15
298.15
298.15
298.15
298.15
298.15
298.15
298.15
298.15
298.15
298.15
298.15
298.15
298.15
298.151
298.151
298.151
298.151
298.151
298.152
298.152
298.152
298.152
298.153
298.153
298.153
298.154
298.154
298.154
298.155
298.155
298.156
298.156
298.156
298.157
298.142
298.144
298.145
298.147
298.148
298.149
298.149
298.15
298.151
298.151
298.152
298.152
298.152
298.152
298.152
298.152
298.152
298.152
298.152
298.152
298.152
298.152
298.152
298.152
298.152
298.151
298.151
298.151
298.151
298.151
298.151
298.151
298.151
298.151
298.151
298.151
298.151
298.151
298.151
298.151
298.152
298.152
298.152
298.152
298.152
298.152
298.153
298.153
298.153
298.154
298.154
298.154
298.155
298.155
298.155
298.156
298.156
298.157
298.157
298.158
298.158
298.145
298.147
298.149
298.15
298.151
298.152
298.153
298.153
298.154
298.154
298.154
298.155
298.155
298.155
298.155
298.155
298.154
298.154
298.154
298.154
298.154
298.154
298.153
298.153
298.153
298.153
298.153
298.152
298.152
298.152
298.152
298.152
298.152
298.152
298.152
298.152
298.152
298.152
298.152
298.152
298.152
298.152
298.153
298.153
298.153
298.153
298.153
298.154
298.154
298.154
298.155
298.155
298.155
298.156
298.156
298.156
298.157
298.157
298.158
298.158
298.159
298.149
298.151
298.152
298.153
298.154
298.155
298.156
298.156
298.157
298.157
298.157
298.157
298.157
298.157
298.157
298.157
298.156
298.156
298.156
298.156
298.155
298.155
298.155
298.154
298.154
298.154
298.154
298.154
298.153
298.153
298.153
298.153
298.153
298.153
298.153
298.153
298.153
298.153
298.153
298.153
298.153
298.153
298.153
298.153
298.153
298.154
298.154
298.154
298.154
298.155
298.155
298.155
298.156
298.156
298.157
298.157
298.158
298.158
298.159
298.159
298.16
298.152
298.154
298.156
298.157
298.158
298.159
298.159
298.16
298.16
298.16
298.16
298.16
298.159
298.159
298.159
298.158
298.158
298.158
298.157
298.157
298.157
298.156
298.156
298.156
298.155
298.155
298.155
298.154
298.154
298.154
298.154
298.154
298.153
298.153
298.153
298.153
298.153
298.153
298.153
298.153
298.153
298.153
298.154
298.154
298.154
298.154
298.154
298.155
298.155
298.155
298.156
298.156
298.156
298.157
298.157
298.158
298.158
298.158
298.159
298.16
298.16
298.156
298.158
298.159
298.16
298.161
298.162
298.162
298.163
298.163
298.162
298.162
298.162
298.162
298.161
298.161
298.16
298.16
298.159
298.159
298.158
298.158
298.157
298.157
298.156
298.156
298.156
298.155
298.155
298.155
298.155
298.154
298.154
298.154
298.154
298.154
298.154
298.154
298.154
298.154
298.154
298.154
298.154
298.154
298.154
298.154
298.154
298.155
298.155
298.155
298.155
298.156
298.156
298.157
298.157
298.157
298.158
298.158
298.159
298.159
298.16
298.161
298.16
298.161
298.163
298.164
298.165
298.165
298.165
298.165
298.165
298.165
298.165
298.164
298.164
298.163
298.162
298.162
298.161
298.16
298.16
298.159
298.159
298.158
298.158
298.157
298.157
298.156
298.156
298.156
298.155
298.155
298.155
298.154
298.154
298.154
298.154
298.154
298.154
298.154
298.154
298.154
298.154
298.154
298.154
298.154
298.154
298.154
298.155
298.155
298.155
298.156
298.156
298.156
298.157
298.157
298.157
298.158
298.158
298.159
298.16
298.16
298.161
298.163
298.165
298.167
298.168
298.168
298.168
298.168
298.168
298.168
298.167
298.167
298.166
298.165
298.165
298.164
298.163
298.162
298.162
298.161
298.16
298.16
298.159
298.158
298.158
298.157
298.157
298.156
298.156
298.156
298.155
298.155
298.155
298.154
298.154
298.154
298.154
298.154
298.154
298.154
298.154
298.154
298.154
298.154
298.154
298.154
298.154
298.155
298.155
298.155
298.156
298.156
298.156
298.157
298.157
298.158
298.158
298.158
298.159
298.16
298.16
298.161
298.167
298.169
298.17
298.171
298.171
298.171
298.171
298.171
298.17
298.169
298.169
298.168
298.167
298.166
298.165
298.164
298.163
298.162
298.162
298.161
298.16
298.159
298.159
298.158
298.158
298.157
298.157
298.156
298.156
298.155
298.155
298.155
298.154
298.154
298.154
298.154
298.154
298.154
298.154
298.154
298.154
298.154
298.154
298.154
298.154
298.154
298.155
298.155
298.155
298.155
298.156
298.156
298.157
298.157
298.157
298.158
298.158
298.159
298.16
298.16
298.161
298.171
298.173
298.174
298.174
298.175
298.174
298.174
298.173
298.172
298.171
298.17
298.169
298.168
298.167
298.166
298.165
298.164
298.163
298.162
298.161
298.161
298.16
298.159
298.158
298.158
298.157
298.157
298.156
298.156
298.155
298.155
298.155
298.154
298.154
298.154
298.154
298.154
298.154
298.154
298.154
298.154
298.154
298.154
298.154
298.154
298.154
298.154
298.155
298.155
298.155
298.156
298.156
298.156
298.157
298.157
298.158
298.158
298.159
298.159
298.16
298.161
298.175
298.176
298.177
298.178
298.178
298.177
298.176
298.175
298.174
298.173
298.172
298.171
298.169
298.168
298.167
298.166
298.165
298.164
298.163
298.162
298.161
298.16
298.159
298.158
298.158
298.157
298.157
298.156
298.156
298.155
298.155
298.155
298.154
298.154
298.154
298.154
298.153
298.153
298.153
298.153
298.153
298.153
298.153
298.154
298.154
298.154
298.154
298.154
298.155
298.155
298.155
298.156
298.156
298.156
298.157
298.157
298.158
298.158
298.159
298.16
298.16
298.179
298.18
298.181
298.181
298.181
298.18
298.179
298.177
298.176
298.175
298.173
298.172
298.17
298.169
298.168
298.166
298.165
298.164
298.163
298.162
298.161
298.16
298.159
298.158
298.158
298.157
298.156
298.156
298.155
298.155
298.155
298.154
298.154
298.154
298.153
298.153
298.153
298.153
298.153
298.153
298.153
298.153
298.153
298.153
298.153
298.153
298.154
298.154
298.154
298.154
298.155
298.155
298.156
298.156
298.156
298.157
298.158
298.158
298.159
298.159
298.16
298.182
298.184
298.184
298.184
298.183
298.182
298.181
298.179
298.177
298.176
298.174
298.172
298.171
298.169
298.168
298.167
298.165
298.164
298.163
298.162
298.161
298.16
298.159
298.158
298.157
298.157
298.156
298.156
298.155
298.155
298.154
298.154
298.153
298.153
298.153
298.153
298.153
298.152
298.152
298.152
298.152
298.152
298.152
298.153
298.153
298.153
298.153
298.153
298.154
298.154
298.154
298.155
298.155
298.156
298.156
298.157
298.157
298.158
298.158
298.159
298.16
298.186
298.188
298.188
298.187
298.186
298.184
298.183
298.181
298.179
298.177
298.175
298.173
298.171
298.17
298.168
298.167
298.165
298.164
298.163
298.162
298.161
298.16
298.159
298.158
298.157
298.156
298.156
298.155
298.155
298.154
298.154
298.153
298.153
298.153
298.152
298.152
298.152
298.152
298.152
298.152
298.152
298.152
298.152
298.152
298.152
298.152
298.153
298.153
298.153
298.153
298.154
298.154
298.155
298.155
298.156
298.156
298.157
298.157
298.158
298.158
298.159
298.19
298.191
298.191
298.19
298.188
298.186
298.184
298.182
298.18
298.178
298.175
298.173
298.172
298.17
298.168
298.167
298.165
298.164
298.163
298.161
298.16
298.159
298.158
298.157
298.157
298.156
298.155
298.155
298.154
298.154
298.153
298.153
298.152
298.152
298.152
298.152
298.151
298.151
298.151
298.151
298.151
298.151
298.151
298.151
298.152
298.152
298.152
298.152
298.152
298.153
298.153
298.154
298.154
298.154
298.155
298.155
298.156
298.157
298.157
298.158
298.159
298.194
298.195
298.194
298.192
298.19
298.188
298.185
298.183
298.18
298.178
298.176
298.174
298.172
298.17
298.168
298.166
298.165
298.163
298.162
298.161
298.16
298.159
298.158
298.157
298.156
298.155
298.155
298.154
298.153
298.153
298.152
298.152
298.152
298.151
298.151
298.151
298.151
298.151
298.151
298.15
298.15
298.151
298.151
298.151
298.151
298.151
298.151
298.152
298.152
298.152
298.153
298.153
298.153
298.154
298.154
298.155
298.155
298.156
298.157
298.157
298.158
298.198
298.198
298.197
298.194
298.192
298.189
298.186
298.184
298.181
298.178
298.176
298.174
298.172
298.17
298.168
298.166
298.164
298.163
298.162
298.16
298.159
298.158
298.157
298.156
298.155
298.155
298.154
298.153
298.153
298.152
298.152
298.151
298.151
298.151
298.15
298.15
298.15
298.15
298.15
298.15
298.15
298.15
298.15
298.15
298.15
298.15
298.151
298.151
298.151
298.151
298.152
298.152
298.153
298.153
298.154
298.154
298.155
298.156
298.156
298.157
298.158
298.201
298.201
298.199
298.196
298.193
298.19
298.187
298.184
298.181
298.178
298.176
298.173
298.171
298.169
298.167
298.165
298.164
298.162
298.161
298.16
298.158
298.157
298.156
298.155
298.155
298.154
298.153
298.152
298.152
298.151
298.151
298.15
298.15
298.15
298.15
298.149
298.149
298.149
298.149
298.149
298.149
298.149
298.149
298.149
298.149
298.15
298.15
298.15
298.15
298.151
298.151
298.152
298.152
298.153
298.153
298.154
298.154
298.155
298.156
298.157
298.157
298.205
298.204
298.201
298.198
298.195
298.191
298.187
298.184
298.181
298.178
298.175
298.173
298.171
298.169
298.167
298.165
298.163
298.162
298.16
298.159
298.158
298.157
298.155
298.155
298.154
298.153
298.152
298.152
298.151
298.15
298.15
298.15
298.149
298.149
298.149
298.149
298.148
298.148
298.148
298.148
298.148
298.148
298.148
298.148
298.149
298.149
298.149
298.149
298.15
298.15
298.151
298.151
298.152
298.152
298.153
298.153
298.154
298.155
298.155
298.156
298.157
298.208
298.206
298.203
298.199
298.195
298.191
298.188
298.184
298.181
298.178
298.175
298.172
298.17
298.168
298.166
298.164
298.162
298.161
298.159
298.158
298.157
298.156
298.155
298.154
298.153
298.152
298.151
298.151
298.15
298.15
298.149
298.149
298.148
298.148
298.148
298.148
298.148
298.147
298.147
298.147
298.147
298.147
298.148
298.148
298.148
298.148
298.149
298.149
298.149
298.15
298.15
298.151
298.151
298.152
298.152
298.153
298.154
298.154
298.155
298.156
298.157
298.158
298.211
298.209
298.205
298.2
298.196
298.192
298.188
298.184
298.18
298.177
298.174
298.172
298.169
298.167
298.165
298.163
298.161
298.16
298.158
298.157
298.156
298.155
298.154
298.153
298.152
298.151
298.15
298.15
298.149
298.149
298.148
298.148
298.147
298.147
298.147
298.147
298.147
298.147
298.147
298.147
298.147
298.147
298.147
298.147
298.147
298.148
298.148
298.148
298.149
298.149
298.15
298.15
298.151
298.151
298.152
298.153
298.153
298.154
298.155
298.156
298.157
298.158
298.214
298.211
298.206
298.201
298.196
298.192
298.187
298.183
298.18
298.176
298.174
298.171
298.168
298.166
298.164
298.162
298.16
298.159
298.157
298.156
298.155
298.154
298.153
298.152
298.151
298.15
298.149
298.149
298.148
298.148
298.147
298.147
298.147
298.146
298.146
298.146
298.146
298.146
298.146
298.146
298.146
298.146
298.146
298.147
298.147
298.147
298.147
298.148
298.148
298.149
298.149
298.15
298.151
298.151
298.152
298.153
298.153
298.154
298.155
298.156
298.157
298.158
298.217
298.212
298.207
298.202
298.196
298.191
298.187
298.183
298.179
298.176
298.173
298.17
298.167
298.165
298.163
298.161
298.159
298.158
298.156
298.155
298.154
298.153
298.152
298.151
298.15
298.149
298.148
298.148
298.147
298.147
298.146
298.146
298.146
298.146
298.145
298.145
298.145
298.145
298.145
298.145
298.145
298.146
298.146
298.146
298.146
298.147
298.147
298.148
298.148
298.149
298.149
298.15
298.151
298.151
298.152
298.153
298.154
298.155
298.156
298.157
298.158
298.159
298.219
298.214
298.208
298.202
298.196
298.191
298.186
298.182
298.178
298.175
298.172
298.169
298.166
298.164
298.162
298.16
298.158
298.157
298.155
298.154
298.153
298.152
298.151
298.15
298.149
298.148
298.147
298.147
298.146
298.146
298.146
298.145
298.145
298.145
298.145
298.145
298.145
298.145
298.145
298.145
298.145
298.145
298.146
298.146
298.146
298.147
298.147
298.148
298.148
298.149
298.149
298.15
298.151
298.152
298.153
298.153
298.154
298.155
298.156
298.157
298.158
298.16
298.221
298.215
298.208
298.201
298.195
298.19
298.185
298.181
298.177
298.173
298.17
298.168
298.165
298.163
298.161
298.159
298.157
298.155
298.154
298.153
298.152
298.15
298.15
298.149
298.148
298.147
298.147
298.146
298.146
298.145
298.145
298.145
298.144
298.144
298.144
298.144
298.144
298.144
298.145
298.145
298.145
298.145
298.146
298.146
298.146
298.147
298.147
298.148
298.149
298.149
298.15
298.151
298.152
298.152
298.153
298.154
298.155
298.156
298.158
298.159
298.16
298.161
298.223
298.215
298.208
298.201
298.195
298.189
298.184
298.179
298.176
298.172
298.169
298.166
298.164
298.162
298.159
298.158
298.156
298.154
298.153
298.152
298.15
298.149
298.149
298.148
298.147
298.146
298.146
298.145
298.145
298.145
298.144
298.144
298.144
298.144
298.144
298.144
298.144
298.144
298.145
298.145
298.145
298.146
298.146
298.146
298.147
298.147
298.148
298.149
298.149
298.15
298.151
298.152
298.153
298.154
298.155
298.156
298.157
298.158
298.159
298.16
298.162
298.163
298.224
298.216
298.208
298.2
298.194
298.188
298.183
298.178
298.174
298.171
298.168
298.165
298.163
298.16
298.158
298.156
298.155
298.153
298.152
298.151
298.15
298.149
298.148
298.147
298.146
298.146
298.145
298.145
298.144
298.144
298.144
298.144
298.144
298.144
298.144
298.144
298.144
298.145
298.145
298.145
298.146
298.146
298.147
298.147
298.148
298.149
298.149
298.15
298.151
298.152
298.153
298.154
298.155
298.156
298.157
298.158
298.159
298.16
298.161
298.163
298.164
298.166
298.225
298.216
298.207
298.199
298.192
298.186
298.181
298.177
298.173
298.169
298.166
298.164
298.161
298.159
298.157
298.155
298.154
298.152
298.151
298.15
298.149
298.148
298.147
298.146
298.146
298.145
298.145
298.145
298.144
298.144
298.144
298.144
298.144
298.144
298.144
298.145
298.145
298.145
298.146
298.146
298.147
298.147
298.148
298.149
298.149
298.15
298.151
298.152
298.153
298.154
298.155
298.156
298.157
298.158
298.159
298.16
298.161
298.163
298.164
298.165
298.167
298.168
298.226
298.215
298.206
298.198
298.191
298.185
298.18
298.175
298.171
298.168
298.165
298.162
298.16
298.158
298.156
298.154
298.153
298.151
298.15
298.149
298.148
298.147
298.147
298.146
298.145
298.145
298.145
298.145
298.144
298.144
298.144
298.145
298.145
298.145
298.145
298.146
298.146
298.147
298.147
298.148
298.148
298.149
298.15
298.151
298.151
298.152
298.153
298.154
298.155
298.156
298.157
298.158
298.159
298.161
298.162
298.163
298.164
298.166
298.167
298.168
298.17
298.171
298.226
298.214
298.205
298.196
298.189
298.183
298.178
298.174
298.17
298.167
298.164
298.161
298.159
298.157
298.155
298.153
298.152
298.151
298.149
298.148
298.148
298.147
298.146
298.146
298.146
298.145
298.145
298.145
298.145
298.145
298.145
298.146
298.146
298.146
298.147
298.147
298.148
298.148
298.149
298.15
298.151
298.151
298.152
298.153
298.154
298.155
298.156
298.157
298.158
298.159
298.16
298.161
298.162
298.164
298.165
298.166
298.167
298.168
298.17
298.171
298.172
298.174
298.225
298.213
298.203
298.195
298.188
298.182
298.177
298.172
298.168
298.165
298.162
298.16
298.158
298.156
298.154
298.153
298.151
298.15
298.149
298.148
298.148
298.147
298.147
298.146
298.146
298.146
298.146
298.146
298.146
298.147
298.147
298.147
298.148
298.148
298.149
298.15
298.15
298.151
298.152
298.153
298.153
298.154
298.155
298.156
298.157
298.158
298.159
298.16
298.161
298.162
298.163
298.164
298.165
298.166
298.168
298.169
298.17
298.171
298.172
298.174
298.175
298.176
298.225
298.212
298.202
298.193
298.186
298.18
298.175
298.171
298.167
298.164
298.161
298.159
298.157
298.155
298.154
298.152
298.151
298.15
298.149
298.149
298.148
298.148
298.148
298.148
298.148
298.148
298.148
298.148
298.149
298.149
298.149
298.15
298.151
298.151
298.152
298.153
298.153
298.154
298.155
298.156
298.157
298.158
298.158
298.159
298.16
298.161
298.162
298.163
298.164
298.165
298.166
298.167
298.168
298.169
298.17
298.172
298.173
298.174
298.175
298.176
298.177
298.179
298.223
298.21
298.2
298.191
298.184
298.179
298.174
298.169
298.166
298.163
298.16
298.158
298.156
298.155
298.153
298.152
298.151
298.151
298.15
298.15
298.15
298.149
298.15
298.15
298.15
298.15
298.151
298.151
298.151
298.152
298.153
298.153
298.154
298.155
298.155
298.156
298.157
298.158
298.158
298.159
298.16
298.161
298.162
298.163
298.163
298.164
298.165
298.166
298.167
298.168
298.169
298.17
298.171
298.172
298.173
298.174
298.175
298.176
298.177
298.178
298.179
298.181
298.222
298.208
298.198
298.19
298.183
298.177
298.172
298.168
298.165
298.162
298.16
298.158
298.156
298.155
298.154
298.153
298.153
298.152
298.152
298.152
298.152
298.152
298.152
298.153
298.153
298.153
298.154
298.155
298.155
298.156
298.156
298.157
298.158
298.158
298.159
298.16
298.16
298.161
298.162
298.163
298.163
298.164
298.165
298.166
298.166
298.167
298.168
298.169
298.17
298.17
298.171
298.172
298.173
298.174
298.175
298.176
298.177
298.178
298.179
298.18
298.181
298.182
298.22
298.206
298.196
298.188
298.181
298.176
298.171
298.168
298.164
298.162
298.16
298.159
298.157
298.156
298.156
298.155
298.155
298.155
298.155
298.155
298.155
298.156
298.156
298.157
298.157
298.157
298.158
298.159
298.159
298.16
298.16
298.161
298.161
298.162
298.162
298.163
298.164
298.164
298.165
298.166
298.166
298.167
298.167
298.168
298.169
298.17
298.17
298.171
298.172
298.172
298.173
298.174
298.175
298.176
298.176
298.177
298.178
298.179
298.18
298.181
298.182
298.183
298.217
298.204
298.194
298.187
298.18
298.175
298.171
298.168
298.165
298.163
298.161
298.16
298.16
298.159
298.159
298.159
298.159
298.159
298.159
298.16
298.16
298.16
298.161
298.161
298.161
298.162
298.162
298.163
298.163
298.163
298.164
298.164
298.165
298.165
298.166
298.166
298.167
298.167
298.168
298.168
298.169
298.169
298.17
298.17
298.171
298.171
298.172
298.173
298.173
298.174
298.175
298.175
298.176
298.177
298.178
298.178
298.179
298.18
298.181
298.182
298.183
298.184
298.215
298.202
298.193
298.186
298.18
298.176
298.172
298.169
298.166
298.165
298.164
298.164
298.164
298.164
298.164
298.164
298.164
298.164
298.164
298.165
298.165
298.165
298.165
298.165
298.165
298.166
298.166
298.166
298.166
298.167
298.167
298.167
298.167
298.168
298.168
298.168
298.169
298.169
298.17
298.17
298.17
298.171
298.171
298.172
298.172
298.173
298.173
298.174
298.174
298.175
298.176
298.176
298.177
298.178
298.178
298.179
298.18
298.18
298.181
298.182
298.183
298.184
298.212
298.201
298.193
298.187
298.182
298.178
298.174
298.172
298.17
298.17
298.17
298.171
298.171
298.171
298.17
298.17
298.17
298.17
298.169
298.169
298.169
298.169
298.169
298.169
298.169
298.169
298.169
298.169
298.169
298.169
298.169
298.169
298.17
298.17
298.17
298.17
298.17
298.171
298.171
298.171
298.172
298.172
298.172
298.173
298.173
298.174
298.174
298.174
298.175
298.175
298.176
298.177
298.177
298.178
298.178
298.179
298.18
298.18
298.181
298.182
298.183
298.184
298.211
298.202
298.196
298.191
298.188
298.185
298.182
298.181
298.18
298.18
298.18
298.179
298.178
298.177
298.176
298.175
298.174
298.174
298.173
298.173
298.172
298.172
298.172
298.172
298.171
298.171
298.171
298.171
298.171
298.171
298.171
298.171
298.171
298.171
298.171
298.171
298.171
298.171
298.172
298.172
298.172
298.172
298.173
298.173
298.173
298.174
298.174
298.175
298.175
298.176
298.176
298.177
298.177
298.178
298.178
298.179
298.179
298.18
298.181
298.182
298.182
298.183
298.214
298.212
298.21
298.208
298.206
298.205
298.203
298.2
298.196
298.192
298.188
298.184
298.182
298.18
298.179
298.178
298.177
298.176
298.176
298.175
298.174
298.174
298.173
298.173
298.173
298.172
298.172
298.172
298.172
298.171
298.171
298.171
298.171
298.171
298.171
298.171
298.172
298.172
298.172
298.172
298.172
298.172
298.173
298.173
298.173
298.174
298.174
298.174
298.175
298.175
298.176
298.176
298.177
298.177
298.178
298.178
298.179
298.179
298.18
298.181
298.181
298.182
298.006
298.006
298.006
298.006
298.007
298.007
298.007
298.007
298.008
298.008
298.008
298.008
298.009
298.009
298.009
298.009
298.008
298.009
298.008
298.01
298.008
298.01
298.008
298.01
298.008
298.01
298.008
298.01
298.008
298.01
298.006
298.008
298.01
298.006
298.008
298.01
298.005
298.007
298.01
298.005
298.007
298.009
298.002
298.005
298.007
298.009
298.002
298.004
298.006
298.009
298.001
298.003
298.006
298.008
298
298.003
298.005
298.008
297.996
297.999
298.002
298.005
298.007
297.995
297.998
298.001
298.004
298.007
297.994
297.997
298
298.003
298.006
297.989
297.992
297.995
297.999
298.002
298.005
297.987
297.99
297.994
297.997
298.001
298.004
297.981
297.985
297.988
297.992
297.996
297.999
298.003
297.978
297.982
297.986
297.99
297.994
297.998
298.001
297.971
297.975
297.98
297.984
297.988
297.992
297.996
298
297.968
297.972
297.976
297.981
297.985
297.989
297.994
297.998
297.959
297.964
297.968
297.973
297.978
297.982
297.987
297.991
297.996
297.954
297.959
297.964
297.969
297.974
297.979
297.984
297.989
297.993
297.944
297.949
297.954
297.96
297.965
297.97
297.975
297.98
297.985
297.99
297.932
297.937
297.943
297.949
297.954
297.96
297.966
297.971
297.977
297.982
297.987
297.918
297.924
297.93
297.937
297.943
297.949
297.955
297.961
297.966
297.972
297.978
297.984
297.91
297.916
297.923
297.929
297.936
297.942
297.949
297.955
297.961
297.967
297.974
297.98
297.893
297.9
297.907
297.914
297.921
297.928
297.935
297.942
297.948
297.955
297.962
297.968
297.975
297.874
297.882
297.889
297.897
297.904
297.912
297.919
297.927
297.934
297.941
297.948
297.956
297.963
297.97
297.853
297.861
297.869
297.877
297.885
297.894
297.902
297.91
297.917
297.925
297.933
297.941
297.949
297.956
297.964
297.829
297.838
297.846
297.855
297.864
297.873
297.881
297.89
297.899
297.907
297.916
297.924
297.932
297.941
297.949
297.957
297.802
297.811
297.821
297.83
297.84
297.849
297.859
297.868
297.877
297.887
297.896
297.905
297.914
297.923
297.932
297.94
297.949
297.772
297.782
297.792
297.802
297.813
297.823
297.833
297.843
297.853
297.863
297.873
297.883
297.893
297.902
297.912
297.922
297.931
297.94
297.738
297.749
297.76
297.771
297.782
297.793
297.804
297.815
297.826
297.837
297.847
297.858
297.869
297.879
297.89
297.9
297.91
297.92
297.93
297.688
297.7
297.712
297.723
297.735
297.747
297.759
297.771
297.783
297.795
297.806
297.818
297.83
297.841
297.853
297.864
297.875
297.887
297.898
297.909
297.919
297.645
297.657
297.67
297.683
297.696
297.708
297.721
297.734
297.747
297.76
297.772
297.785
297.798
297.81
297.823
297.835
297.847
297.86
297.872
297.883
297.895
297.907
297.597
297.61
297.624
297.638
297.651
297.665
297.679
297.693
297.707
297.72
297.734
297.748
297.762
297.775
297.789
297.802
297.815
297.829
297.842
297.855
297.868
297.88
297.893
297.53
297.544
297.558
297.573
297.588
297.602
297.617
297.632
297.647
297.662
297.676
297.691
297.706
297.721
297.736
297.75
297.765
297.779
297.794
297.808
297.822
297.836
297.85
297.864
297.877
297.47
297.485
297.501
297.516
297.532
297.548
297.564
297.579
297.595
297.611
297.627
297.643
297.659
297.675
297.691
297.707
297.723
297.739
297.754
297.77
297.785
297.8
297.816
297.831
297.845
297.86
297.389
297.405
297.421
297.438
297.454
297.471
297.487
297.504
297.521
297.538
297.556
297.573
297.59
297.607
297.625
297.642
297.659
297.676
297.693
297.71
297.727
297.744
297.76
297.777
297.793
297.809
297.825
297.84
297.301
297.317
297.334
297.351
297.368
297.386
297.403
297.421
297.439
297.457
297.476
297.494
297.512
297.531
297.55
297.568
297.587
297.605
297.624
297.642
297.66
297.679
297.697
297.715
297.733
297.75
297.768
297.785
297.802
297.819
297.222
297.239
297.257
297.274
297.293
297.311
297.33
297.349
297.368
297.387
297.407
297.426
297.446
297.466
297.486
297.505
297.525
297.545
297.565
297.585
297.605
297.625
297.644
297.664
297.683
297.702
297.721
297.74
297.759
297.777
297.795
297.119
297.136
297.154
297.172
297.191
297.21
297.23
297.249
297.269
297.29
297.31
297.331
297.352
297.373
297.394
297.415
297.436
297.458
297.479
297.501
297.522
297.544
297.565
297.586
297.607
297.628
297.649
297.67
297.69
297.71
297.73
297.75
297.77
297.008
297.026
297.044
297.062
297.081
297.101
297.121
297.141
297.162
297.183
297.204
297.226
297.248
297.27
297.293
297.315
297.338
297.361
297.384
297.406
297.429
297.453
297.476
297.498
297.521
297.544
297.567
297.589
297.612
297.634
297.656
297.678
297.699
297.72
297.741
296.89
296.907
296.925
296.944
296.963
296.983
297.003
297.024
297.045
297.067
297.089
297.112
297.135
297.158
297.181
297.205
297.229
297.253
297.278
297.302
297.327
297.351
297.376
297.401
297.425
297.45
297.475
297.499
297.523
297.548
297.572
297.595
297.619
297.642
297.665
297.688
297.711
296.767
296.783
296.8
296.819
296.838
296.857
296.878
296.899
296.92
296.942
296.965
296.988
297.012
297.036
297.06
297.085
297.11
297.136
297.161
297.187
297.213
297.24
297.266
297.292
297.319
297.345
297.372
297.398
297.424
297.451
297.477
297.503
297.528
297.554
297.579
297.604
297.629
297.653
297.677
296.642
296.658
296.674
296.692
296.71
296.729
296.749
296.769
296.791
296.812
296.835
296.859
296.883
296.907
296.932
296.958
296.984
297.01
297.037
297.064
297.091
297.119
297.147
297.174
297.203
297.231
297.259
297.287
297.316
297.344
297.372
297.4
297.428
297.456
297.484
297.511
297.538
297.565
297.592
297.618
297.643
296.518
296.53
296.544
296.558
296.574
296.591
296.609
296.628
296.647
296.668
296.689
296.712
296.735
296.759
296.783
296.808
296.834
296.86
296.887
296.914
296.942
296.97
296.998
297.027
297.056
297.085
297.114
297.144
297.173
297.203
297.233
297.262
297.292
297.322
297.351
297.381
297.41
297.44
297.469
297.498
297.526
297.554
297.582
297.609
296.561
296.566
296.572
296.58
296.59
296.6
296.612
296.625
296.639
296.655
296.671
296.689
296.707
296.727
296.747
296.768
296.79
296.813
296.837
296.861
296.886
296.912
296.938
296.965
296.992
297.019
297.047
297.076
297.104
297.133
297.162
297.191
297.221
297.25
297.28
297.309
297.339
297.368
297.396
297.425
297.454
297.482
297.511
297.539
297.567
297.595
298.003
298.003
298.004
298.004
298.005
298.005
298.006
298.006
298.007
298.007
298.007
298.008
298.008
298.009
298.009
298.009
298.01
298.01
298.011
298.011
298.012
298.012
298.012
298.013
298.013
298.014
298.014
298.015
298.015
298.016
298.016
298.017
298.017
298.018
298.018
298.019
298.019
298.02
298.02
298.02
298.021
298.021
298.022
298.022
298.023
298.023
298.023
298.024
298.024
298.024
298.025
298.025
298.025
298.025
298.026
298.026
298.026
298.026
298.026
298.026
298.025
298.025
298.025
298.024
298.023
298.022
298.021
298.02
298.018
298.016
298.014
298.011
298.008
298.004
297.999
297.993
297.987
297.979
297.971
297.955
298.004
298.005
298.005
298.005
298.005
298.006
298.006
298.006
298.006
298.007
298.007
298.007
298.007
298.008
298.008
298.008
298.008
298.009
298.009
298.009
298.009
298.01
298.01
298.01
298.01
298.01
298.01
298.01
298.01
298.01
298.01
298.011
298.011
298.011
298.011
298.011
298.011
298.011
298.011
298.011
298.011
298.011
298.011
298.011
298.011
298.011
298.011
298.011
298.01
298.01
298.01
298.01
298.01
298.01
298.009
298.009
298.009
298.009
298.008
298.008
298.008
298.007
298.007
298.006
298.006
298.006
298.005
298.005
298.005
298.004
298.004
298.004
298.004
298.005
298.005
298.006
298.007
298.008
298.009
298.011
298.004
298.004
298.004
298.004
298.005
298.005
298.005
298.005
298.006
298.006
298.006
298.006
298.007
298.007
298.007
298.007
298.008
298.008
298.008
298.008
298.008
298.009
298.009
298.009
298.01
298.01
298.01
298.01
298.011
298.011
298.011
298.011
298.011
298.011
298.012
298.012
298.012
298.012
298.012
298.012
298.013
298.013
298.013
298.013
298.013
298.014
298.014
298.014
298.014
298.014
298.014
298.015
298.015
298.015
298.015
298.015
298.016
298.016
298.016
298.016
298.016
298.017
298.017
298.017
298.017
298.017
298.017
298.018
298.018
298.018
298.017
298.017
298.017
298.017
298.016
298.015
298.015
298.014
298.013
298.012
298.004
298.004
298.004
298.004
298.005
298.005
298.005
298.006
298.006
298.006
298.007
298.007
298.007
298.008
298.008
298.008
298.008
298.009
298.009
298.009
298.01
298.01
298.01
298.011
298.011
298.011
298.012
298.012
298.012
298.012
298.013
298.013
298.013
298.013
298.014
298.014
298.014
298.014
298.014
298.015
298.015
298.015
298.015
298.015
298.016
298.016
298.016
298.016
298.016
298.016
298.016
298.016
298.016
298.016
298.016
298.016
298.016
298.016
298.016
298.016
298.016
298.016
298.016
298.016
298.015
298.015
298.015
298.015
298.015
298.014
298.014
298.014
298.013
298.013
298.013
298.013
298.013
298.013
298.013
298.013
298.004
298.004
298.005
298.005
298.005
298.006
298.006
298.006
298.007
298.007
298.007
298.008
298.008
298.008
298.009
298.009
298.009
298.01
298.01
298.01
298.011
298.011
298.011
298.012
298.012
298.012
298.012
298.013
298.013
298.013
298.014
298.014
298.014
298.015
298.015
298.015
298.015
298.015
298.016
298.016
298.016
298.016
298.016
298.017
298.017
298.017
298.017
298.017
298.018
298.018
298.018
298.018
298.018
298.018
298.018
298.018
298.019
298.019
298.019
298.019
298.019
298.019
298.019
298.019
298.019
298.019
298.019
298.019
298.019
298.02
298.02
298.02
298.02
298.02
298.02
298.021
298.021
298.021
298.021
298.021
298.004
298.005
298.005
298.005
298.006
298.006
298.006
298.007
298.007
298.008
298.008
298.008
298.009
298.009
298.009
298.01
298.01
298.01
298.011
298.011
298.011
298.012
298.012
298.012
298.013
298.013
298.013
298.014
298.014
298.014
298.015
298.015
298.015
298.016
298.016
298.016
298.017
298.017
298.017
298.017
298.018
298.018
298.018
298.018
298.019
298.019
298.019
298.019
298.02
298.02
298.02
298.02
298.02
298.021
298.021
298.021
298.021
298.021
298.021
298.021
298.022
298.022
298.022
298.022
298.022
298.022
298.022
298.022
298.022
298.022
298.022
298.022
298.022
298.021
298.021
298.021
298.021
298.021
298.021
298.021
298.005
298.005
298.005
298.006
298.006
298.006
298.007
298.007
298.008
298.008
298.008
298.009
298.009
298.01
298.01
298.01
298.011
298.011
298.012
298.012
298.012
298.013
298.013
298.013
298.014
298.014
298.014
298.015
298.015
298.016
298.016
298.016
298.017
298.017
298.017
298.018
298.018
298.018
298.019
298.019
298.019
298.02
298.02
298.02
298.02
298.021
298.021
298.021
298.022
298.022
298.022
298.022
298.022
298.023
298.023
298.023
298.023
298.024
298.024
298.024
298.024
298.024
298.025
298.025
298.025
298.025
298.025
298.025
298.026
298.026
298.026
298.026
298.026
298.027
298.027
298.027
298.027
298.028
298.028
298.028
298.005
298.005
298.006
298.006
298.006
298.007
298.007
298.008
298.008
298.009
298.009
298.009
298.01
298.01
298.011
298.011
298.012
298.012
298.012
298.013
298.013
298.014
298.014
298.014
298.015
298.015
298.016
298.016
298.016
298.017
298.017
298.018
298.018
298.018
298.019
298.019
298.02
298.02
298.02
298.021
298.021
298.021
298.022
298.022
298.022
298.023
298.023
298.023
298.024
298.024
298.024
298.024
298.025
298.025
298.025
298.026
298.026
298.026
298.026
298.027
298.027
298.027
298.027
298.027
298.028
298.028
298.028
298.028
298.028
298.029
298.029
298.029
298.029
298.029
298.029
298.029
298.03
298.03
298.03
298.03
298.005
298.005
298.006
298.006
298.007
298.007
298.008
298.008
298.009
298.009
298.01
298.01
298.011
298.011
298.012
298.012
298.012
298.013
298.013
298.014
298.014
298.015
298.015
298.016
298.016
298.016
298.017
298.017
298.018
298.018
298.019
298.019
298.019
298.02
298.02
298.021
298.021
298.021
298.022
298.022
298.023
298.023
298.023
298.024
298.024
298.025
298.025
298.025
298.026
298.026
298.026
298.027
298.027
298.027
298.028
298.028
298.028
298.029
298.029
298.029
298.029
298.03
298.03
298.03
298.031
298.031
298.031
298.031
298.032
298.032
298.032
298.033
298.033
298.033
298.033
298.034
298.034
298.034
298.035
298.035
298.005
298.006
298.006
298.007
298.007
298.008
298.008
298.009
298.009
298.01
298.01
298.011
298.011
298.012
298.012
298.013
298.013
298.014
298.014
298.015
298.015
298.016
298.016
298.017
298.017
298.018
298.018
298.019
298.019
298.02
298.02
298.02
298.021
298.021
298.022
298.022
298.023
298.023
298.024
298.024
298.024
298.025
298.025
298.026
298.026
298.027
298.027
298.027
298.028
298.028
298.029
298.029
298.029
298.03
298.03
298.03
298.031
298.031
298.031
298.032
298.032
298.032
298.033
298.033
298.033
298.034
298.034
298.034
298.035
298.035
298.035
298.036
298.036
298.036
298.036
298.037
298.037
298.037
298.037
298.037
298.006
298.006
298.007
298.007
298.008
298.008
298.009
298.009
298.01
298.01
298.011
298.012
298.012
298.013
298.013
298.014
298.014
298.015
298.015
298.016
298.016
298.017
298.017
298.018
298.018
298.019
298.019
298.02
298.02
298.021
298.021
298.022
298.022
298.023
298.023
298.024
298.024
298.025
298.025
298.026
298.026
298.027
298.027
298.028
298.028
298.029
298.029
298.029
298.03
298.03
298.031
298.031
298.032
298.032
298.032
298.033
298.033
298.034
298.034
298.034
298.035
298.035
298.036
298.036
298.036
298.037
298.037
298.037
298.038
298.038
298.039
298.039
298.039
298.04
298.04
298.04
298.041
298.041
298.041
298.042
298.006
298.006
298.007
298.008
298.008
298.009
298.009
298.01
298.011
298.011
298.012
298.012
298.013
298.013
298.014
298.015
298.015
298.016
298.016
298.017
298.017
298.018
298.019
298.019
298.02
298.02
298.021
298.021
298.022
298.022
298.023
298.023
298.024
298.025
298.025
298.026
298.026
298.027
298.027
298.028
298.028
298.029
298.029
298.03
298.03
298.031
298.031
298.032
298.032
298.033
298.033
298.034
298.034
298.034
298.035
298.035
298.036
298.036
298.037
298.037
298.038
298.038
298.038
298.039
298.039
298.04
298.04
298.04
298.041
298.041
298.042
298.042
298.042
298.043
298.043
298.043
298.044
298.044
298.044
298.045
298.006
298.007
298.007
298.008
298.009
298.009
298.01
298.011
298.011
298.012
298.012
298.013
298.014
298.014
298.015
298.016
298.016
298.017
298.017
298.018
298.019
298.019
298.02
298.02
298.021
298.022
298.022
298.023
298.023
298.024
298.025
298.025
298.026
298.026
298.027
298.027
298.028
298.028
298.029
298.03
298.03
298.031
298.031
298.032
298.032
298.033
298.033
298.034
298.034
298.035
298.035
298.036
298.036
298.037
298.037
298.038
298.038
298.039
298.039
298.04
298.04
298.041
298.041
298.042
298.042
298.043
298.043
298.044
298.044
298.044
298.045
298.045
298.046
298.046
298.047
298.047
298.047
298.048
298.048
298.049
298.006
298.007
298.008
298.009
298.009
298.01
298.011
298.011
298.012
298.013
298.013
298.014
298.015
298.015
298.016
298.016
298.017
298.018
298.018
298.019
298.02
298.02
298.021
298.022
298.022
298.023
298.024
298.024
298.025
298.025
298.026
298.027
298.027
298.028
298.029
298.029
298.03
298.03
298.031
298.031
298.032
298.033
298.033
298.034
298.034
298.035
298.035
298.036
298.037
298.037
298.038
298.038
298.039
298.039
298.04
298.04
298.041
298.042
298.042
298.043
298.043
298.044
298.044
298.045
298.045
298.046
298.046
298.047
298.047
298.048
298.048
298.048
298.049
298.049
298.05
298.05
298.051
298.051
298.052
298.052
298.007
298.008
298.008
298.009
298.01
298.01
298.011
298.012
298.013
298.013
298.014
298.015
298.015
298.016
298.017
298.017
298.018
298.019
298.02
298.02
298.021
298.022
298.022
298.023
298.024
298.024
298.025
298.026
298.026
298.027
298.028
298.028
298.029
298.03
298.03
298.031
298.032
298.032
298.033
298.033
298.034
298.035
298.035
298.036
298.037
298.037
298.038
298.038
298.039
298.04
298.04
298.041
298.041
298.042
298.042
298.043
298.044
298.044
298.045
298.045
298.046
298.046
298.047
298.048
298.048
298.049
298.049
298.05
298.05
298.051
298.051
298.052
298.052
298.053
298.053
298.054
298.054
298.055
298.055
298.056
298.007
298.008
298.009
298.009
298.01
298.011
298.012
298.012
298.013
298.014
298.015
298.015
298.016
298.017
298.018
298.018
298.019
298.02
298.021
298.021
298.022
298.023
298.024
298.024
298.025
298.026
298.026
298.027
298.028
298.029
298.029
298.03
298.031
298.031
298.032
298.033
298.033
298.034
298.035
298.035
298.036
298.037
298.037
298.038
298.039
298.039
298.04
298.041
298.041
298.042
298.043
298.043
298.044
298.044
298.045
298.046
298.046
298.047
298.047
298.048
298.049
298.049
298.05
298.05
298.051
298.052
298.052
298.053
298.053
298.054
298.054
298.055
298.056
298.056
298.057
298.057
298.058
298.058
298.059
298.059
298.007
298.008
298.009
298.01
298.011
298.011
298.012
298.013
298.014
298.015
298.015
298.016
298.017
298.018
298.019
298.019
298.02
298.021
298.022
298.023
298.023
298.024
298.025
298.026
298.026
298.027
298.028
298.029
298.029
298.03
298.031
298.032
298.032
298.033
298.034
298.035
298.035
298.036
298.037
298.037
298.038
298.039
298.04
298.04
298.041
298.042
298.042
298.043
298.044
298.044
298.045
298.046
298.046
298.047
298.048
298.048
298.049
298.05
298.05
298.051
298.051
298.052
298.053
298.053
298.054
298.055
298.055
298.056
298.056
298.057
298.058
298.058
298.059
298.059
298.06
298.061
298.061
298.062
298.062
298.063
298.008
298.009
298.009
298.01
298.011
298.012
298.013
298.014
298.015
298.015
298.016
298.017
298.018
298.019
298.02
298.02
298.021
298.022
298.023
298.024
298.025
298.025
298.026
298.027
298.028
298.029
298.029
298.03
298.031
298.032
298.033
298.033
298.034
298.035
298.036
298.036
298.037
298.038
298.039
298.039
298.04
298.041
298.042
298.042
298.043
298.044
298.045
298.045
298.046
298.047
298.047
298.048
298.049
298.05
298.05
298.051
298.052
298.052
298.053
298.054
298.054
298.055
298.056
298.056
298.057
298.058
298.058
298.059
298.06
298.06
298.061
298.062
298.062
298.063
298.063
298.064
298.065
298.065
298.066
298.066
298.008
298.009
298.01
298.011
298.012
298.013
298.014
298.014
298.015
298.016
298.017
298.018
298.019
298.02
298.021
298.021
298.022
298.023
298.024
298.025
298.026
298.027
298.027
298.028
298.029
298.03
298.031
298.032
298.033
298.033
298.034
298.035
298.036
298.037
298.037
298.038
298.039
298.04
298.041
298.041
298.042
298.043
298.044
298.045
298.045
298.046
298.047
298.048
298.048
298.049
298.05
298.051
298.051
298.052
298.053
298.054
298.054
298.055
298.056
298.056
298.057
298.058
298.059
298.059
298.06
298.061
298.061
298.062
298.063
298.063
298.064
298.065
298.065
298.066
298.067
298.067
298.068
298.069
298.069
298.07
298.008
298.009
298.01
298.011
298.012
298.013
298.014
298.015
298.016
298.017
298.018
298.019
298.02
298.021
298.022
298.022
298.023
298.024
298.025
298.026
298.027
298.028
298.029
298.03
298.031
298.031
298.032
298.033
298.034
298.035
298.036
298.037
298.038
298.038
298.039
298.04
298.041
298.042
298.043
298.043
298.044
298.045
298.046
298.047
298.048
298.048
298.049
298.05
298.051
298.052
298.052
298.053
298.054
298.055
298.055
298.056
298.057
298.058
298.058
298.059
298.06
298.061
298.061
298.062
298.063
298.064
298.064
298.065
298.066
298.067
298.067
298.068
298.069
298.069
298.07
298.071
298.072
298.072
298.073
298.074
298.009
298.01
298.011
298.012
298.013
298.014
298.015
298.016
298.017
298.018
298.019
298.02
298.021
298.022
298.023
298.023
298.024
298.025
298.026
298.027
298.028
298.029
298.03
298.031
298.032
298.033
298.034
298.035
298.036
298.037
298.038
298.038
298.039
298.04
298.041
298.042
298.043
298.044
298.045
298.045
298.046
298.047
298.048
298.049
298.05
298.051
298.051
298.052
298.053
298.054
298.055
298.056
298.056
298.057
298.058
298.059
298.06
298.06
298.061
298.062
298.063
298.064
298.064
298.065
298.066
298.067
298.067
298.068
298.069
298.07
298.07
298.071
298.072
298.073
298.073
298.074
298.075
298.076
298.076
298.077
298.009
298.01
298.011
298.012
298.013
298.014
298.015
298.016
298.017
298.018
298.019
298.02
298.022
298.023
298.024
298.025
298.026
298.027
298.028
298.029
298.03
298.03
298.031
298.032
298.033
298.034
298.035
298.036
298.037
298.038
298.039
298.04
298.041
298.042
298.043
298.044
298.045
298.046
298.047
298.048
298.048
298.049
298.05
298.051
298.052
298.053
298.054
298.055
298.055
298.056
298.057
298.058
298.059
298.06
298.061
298.061
298.062
298.063
298.064
298.065
298.066
298.066
298.067
298.068
298.069
298.07
298.07
298.071
298.072
298.073
298.074
298.074
298.075
298.076
298.077
298.077
298.078
298.079
298.08
298.08
298.009
298.01
298.012
298.013
298.014
298.015
298.016
298.017
298.018
298.019
298.02
298.021
298.022
298.023
298.025
298.026
298.027
298.028
298.029
298.03
298.031
298.032
298.033
298.034
298.035
298.036
298.037
298.038
298.039
298.04
298.041
298.042
298.043
298.044
298.045
298.046
298.047
298.048
298.049
298.05
298.051
298.051
298.052
298.053
298.054
298.055
298.056
298.057
298.058
298.059
298.06
298.061
298.061
298.062
298.063
298.064
298.065
298.066
298.067
298.067
298.068
298.069
298.07
298.071
298.072
298.073
298.073
298.074
298.075
298.076
298.077
298.077
298.078
298.079
298.08
298.081
298.081
298.082
298.083
298.084
298.01
298.011
298.012
298.013
298.014
298.015
298.017
298.018
298.019
298.02
298.021
298.022
298.023
298.024
298.026
298.027
298.028
298.029
298.03
298.031
298.032
298.033
298.034
298.035
298.036
298.037
298.038
298.039
298.04
298.042
298.043
298.044
298.045
298.046
298.047
298.048
298.049
298.05
298.051
298.052
298.053
298.054
298.055
298.055
298.056
298.057
298.058
298.059
298.06
298.061
298.062
298.063
298.064
298.065
298.066
298.067
298.068
298.068
298.069
298.07
298.071
298.072
298.073
298.074
298.075
298.075
298.076
298.077
298.078
298.079
298.08
298.08
298.081
298.082
298.083
298.084
298.085
298.085
298.086
298.087
298.01
298.011
298.012
298.014
298.015
298.016
298.017
298.018
298.02
298.021
298.022
298.023
298.024
298.025
298.027
298.028
298.029
298.03
298.031
298.032
298.033
298.034
298.036
298.037
298.038
298.039
298.04
298.041
298.042
298.043
298.044
298.045
298.046
298.047
298.048
298.05
298.051
298.052
298.053
298.054
298.055
298.056
298.057
298.058
298.059
298.06
298.061
298.062
298.063
298.064
298.064
298.065
298.066
298.067
298.068
298.069
298.07
298.071
298.072
298.073
298.074
298.075
298.076
298.076
298.077
298.078
298.079
298.08
298.081
298.082
298.083
298.083
298.084
298.085
298.086
298.087
298.088
298.089
298.089
298.09
298.01
298.011
298.013
298.014
298.015
298.016
298.018
298.019
298.02
298.021
298.023
298.024
298.025
298.026
298.027
298.029
298.03
298.031
298.032
298.033
298.035
298.036
298.037
298.038
298.039
298.04
298.041
298.043
298.044
298.045
298.046
298.047
298.048
298.049
298.05
298.051
298.053
298.054
298.055
298.056
298.057
298.058
298.059
298.06
298.061
298.062
298.063
298.064
298.065
298.066
298.067
298.068
298.069
298.07
298.071
298.072
298.073
298.074
298.075
298.076
298.076
298.077
298.078
298.079
298.08
298.081
298.082
298.083
298.084
298.085
298.086
298.086
298.087
298.088
298.089
298.09
298.091
298.092
298.093
298.093
298.01
298.012
298.013
298.014
298.016
298.017
298.018
298.02
298.021
298.022
298.023
298.025
298.026
298.027
298.028
298.03
298.031
298.032
298.033
298.035
298.036
298.037
298.038
298.039
298.041
298.042
298.043
298.044
298.045
298.047
298.048
298.049
298.05
298.051
298.052
298.053
298.054
298.056
298.057
298.058
298.059
298.06
298.061
298.062
298.063
298.064
298.065
298.066
298.067
298.068
298.069
298.07
298.071
298.072
298.073
298.074
298.075
298.076
298.077
298.078
298.079
298.08
298.081
298.082
298.083
298.084
298.085
298.086
298.087
298.088
298.088
298.089
298.09
298.091
298.092
298.093
298.094
298.095
298.096
298.096
298.011
298.012
298.013
298.015
298.016
298.018
298.019
298.02
298.022
298.023
298.024
298.026
298.027
298.028
298.029
298.031
298.032
298.033
298.035
298.036
298.037
298.038
298.04
298.041
298.042
298.043
298.045
298.046
298.047
298.048
298.049
298.051
298.052
298.053
298.054
298.055
298.056
298.058
298.059
298.06
298.061
298.062
298.063
298.064
298.065
298.066
298.068
298.069
298.07
298.071
298.072
298.073
298.074
298.075
298.076
298.077
298.078
298.079
298.08
298.081
298.082
298.083
298.084
298.085
298.086
298.087
298.088
298.089
298.089
298.09
298.091
298.092
298.093
298.094
298.095
298.096
298.097
298.098
298.099
298.099
298.011
298.012
298.014
298.015
298.017
298.018
298.019
298.021
298.022
298.024
298.025
298.026
298.028
298.029
298.03
298.032
298.033
298.035
298.036
298.037
298.038
298.04
298.041
298.042
298.044
298.045
298.046
298.047
298.049
298.05
298.051
298.052
298.054
298.055
298.056
298.057
298.058
298.06
298.061
298.062
298.063
298.064
298.065
298.066
298.068
298.069
298.07
298.071
298.072
298.073
298.074
298.075
298.076
298.077
298.078
298.079
298.08
298.082
298.083
298.084
298.085
298.086
298.087
298.087
298.088
298.089
298.09
298.091
298.092
298.093
298.094
298.095
298.096
298.097
298.098
298.099
298.1
298.101
298.101
298.102
298.011
298.013
298.014
298.016
298.017
298.019
298.02
298.021
298.023
298.024
298.026
298.027
298.029
298.03
298.031
298.033
298.034
298.036
298.037
298.038
298.04
298.041
298.042
298.044
298.045
298.046
298.048
298.049
298.05
298.052
298.053
298.054
298.055
298.057
298.058
298.059
298.06
298.062
298.063
298.064
298.065
298.066
298.068
298.069
298.07
298.071
298.072
298.073
298.074
298.076
298.077
298.078
298.079
298.08
298.081
298.082
298.083
298.084
298.085
298.086
298.087
298.088
298.089
298.09
298.091
298.092
298.093
298.094
298.095
298.096
298.097
298.098
298.099
298.1
298.101
298.102
298.103
298.103
298.104
298.105
298.011
298.013
298.014
298.016
298.017
298.019
298.021
298.022
298.024
298.025
298.027
298.028
298.03
298.031
298.032
298.034
298.035
298.037
298.038
298.04
298.041
298.042
298.044
298.045
298.047
298.048
298.049
298.051
298.052
298.053
298.055
298.056
298.057
298.059
298.06
298.061
298.062
298.064
298.065
298.066
298.067
298.069
298.07
298.071
298.072
298.073
298.075
298.076
298.077
298.078
298.079
298.08
298.081
298.082
298.084
298.085
298.086
298.087
298.088
298.089
298.09
298.091
298.092
298.093
298.094
298.095
298.096
298.097
298.098
298.099
298.1
298.101
298.102
298.103
298.104
298.104
298.105
298.106
298.107
298.108
298.011
298.013
298.015
298.016
298.018
298.019
298.021
298.023
298.024
298.026
298.027
298.029
298.03
298.032
298.034
298.035
298.037
298.038
298.039
298.041
298.042
298.044
298.045
298.047
298.048
298.05
298.051
298.052
298.054
298.055
298.057
298.058
298.059
298.061
298.062
298.063
298.064
298.066
298.067
298.068
298.07
298.071
298.072
298.073
298.074
298.076
298.077
298.078
298.079
298.08
298.082
298.083
298.084
298.085
298.086
298.087
298.088
298.089
298.09
298.092
298.093
298.094
298.095
298.096
298.097
298.098
298.099
298.1
298.101
298.102
298.103
298.104
298.105
298.105
298.106
298.107
298.108
298.109
298.11
298.111
298.012
298.013
298.015
298.017
298.018
298.02
298.022
298.023
298.025
298.027
298.028
298.03
298.031
298.033
298.035
298.036
298.038
298.039
298.041
298.042
298.044
298.045
298.047
298.048
298.05
298.051
298.053
298.054
298.056
298.057
298.058
298.06
298.061
298.062
298.064
298.065
298.067
298.068
298.069
298.07
298.072
298.073
298.074
298.076
298.077
298.078
298.079
298.081
298.082
298.083
298.084
298.085
298.086
298.088
298.089
298.09
298.091
298.092
298.093
298.094
298.095
298.096
298.097
298.098
298.099
298.1
298.101
298.102
298.103
298.104
298.105
298.106
298.107
298.108
298.109
298.11
298.111
298.112
298.113
298.114
298.012
298.013
298.015
298.017
298.019
298.02
298.022
298.024
298.026
298.027
298.029
298.031
298.032
298.034
298.036
298.037
298.039
298.04
298.042
298.044
298.045
298.047
298.048
298.05
298.051
298.053
298.054
298.056
298.057
298.059
298.06
298.062
298.063
298.064
298.066
298.067
298.069
298.07
298.071
298.073
298.074
298.075
298.077
298.078
298.079
298.08
298.082
298.083
298.084
298.085
298.087
298.088
298.089
298.09
298.091
298.092
298.094
298.095
298.096
298.097
298.098
298.099
298.1
298.101
298.102
298.103
298.104
298.105
298.106
298.107
298.108
298.109
298.11
298.111
298.112
298.113
298.114
298.115
298.116
298.117
298.012
298.014
298.015
298.017
298.019
298.021
298.023
298.024
298.026
298.028
298.03
298.031
298.033
298.035
298.037
298.038
298.04
298.042
298.043
298.045
298.047
298.048
298.05
298.051
298.053
298.054
298.056
298.058
298.059
298.061
298.062
298.064
298.065
298.067
298.068
298.069
298.071
298.072
298.074
298.075
298.076
298.078
298.079
298.08
298.082
298.083
298.084
298.086
298.087
298.088
298.089
298.09
298.092
298.093
298.094
298.095
298.096
298.097
298.099
298.1
298.101
298.102
298.103
298.104
298.105
298.106
298.107
298.108
298.109
298.11
298.111
298.112
298.113
298.114
298.115
298.116
298.117
298.118
298.119
298.119
298.012
298.014
298.016
298.017
298.019
298.021
298.023
298.025
298.027
298.029
298.03
298.032
298.034
298.036
298.038
298.039
298.041
298.043
298.045
298.046
298.048
298.05
298.051
298.053
298.055
298.056
298.058
298.059
298.061
298.062
298.064
298.066
298.067
298.069
298.07
298.072
298.073
298.074
298.076
298.077
298.079
298.08
298.081
298.083
298.084
298.085
298.087
298.088
298.089
298.091
298.092
298.093
298.094
298.096
298.097
298.098
298.099
298.1
298.101
298.103
298.104
298.105
298.106
298.107
298.108
298.109
298.11
298.111
298.112
298.113
298.114
298.115
298.116
298.117
298.118
298.119
298.12
298.121
298.121
298.122
298.012
298.014
298.016
298.018
298.02
298.022
298.024
298.025
298.027
298.029
298.031
298.033
298.035
298.037
298.039
298.04
298.042
298.044
298.046
298.048
298.049
298.051
298.053
298.055
298.056
298.058
298.06
298.061
298.063
298.064
298.066
298.068
298.069
298.071
298.072
298.074
298.075
298.077
298.078
298.08
298.081
298.083
298.084
298.085
298.087
298.088
298.089
298.091
298.092
298.093
298.095
298.096
298.097
298.098
298.1
298.101
298.102
298.103
298.104
298.105
298.107
298.108
298.109
298.11
298.111
298.112
298.113
298.114
298.115
298.116
298.117
298.118
298.119
298.12
298.121
298.122
298.123
298.124
298.124
298.125
298.012
298.014
298.016
298.018
298.02
298.022
298.024
298.026
298.028
298.03
298.032
298.034
298.036
298.038
298.04
298.042
298.043
298.045
298.047
298.049
298.051
298.053
298.054
298.056
298.058
298.06
298.061
298.063
298.065
298.066
298.068
298.07
298.071
298.073
298.074
298.076
298.078
298.079
298.081
298.082
298.084
298.085
298.086
298.088
298.089
298.091
298.092
298.093
298.095
298.096
298.097
298.099
298.1
298.101
298.102
298.104
298.105
298.106
298.107
298.108
298.109
298.111
298.112
298.113
298.114
298.115
298.116
298.117
298.118
298.119
298.12
298.121
298.122
298.123
298.124
298.125
298.126
298.127
298.127
298.128
298.012
298.014
298.016
298.018
298.02
298.022
298.024
298.027
298.029
298.031
298.033
298.035
298.037
298.039
298.041
298.043
298.045
298.047
298.049
298.05
298.052
298.054
298.056
298.058
298.06
298.061
298.063
298.065
298.067
298.068
298.07
298.072
298.073
298.075
298.077
298.078
298.08
298.082
298.083
298.085
298.086
298.088
298.089
298.091
298.092
298.093
298.095
298.096
298.098
298.099
298.1
298.102
298.103
298.104
298.105
298.107
298.108
298.109
298.11
298.111
298.112
298.114
298.115
298.116
298.117
298.118
298.119
298.12
298.121
298.122
298.123
298.124
298.125
298.126
298.127
298.128
298.129
298.13
298.13
298.131
298.011
298.014
298.016
298.018
298.02
298.023
298.025
298.027
298.029
298.031
298.033
298.036
298.038
298.04
298.042
298.044
298.046
298.048
298.05
298.052
298.054
298.056
298.058
298.06
298.061
298.063
298.065
298.067
298.069
298.071
298.072
298.074
298.076
298.077
298.079
298.081
298.082
298.084
298.086
298.087
298.089
298.09
298.092
298.093
298.095
298.096
298.098
298.099
298.1
298.102
298.103
298.104
298.106
298.107
298.108
298.11
298.111
298.112
298.113
298.114
298.116
298.117
298.118
298.119
298.12
298.121
298.122
298.123
298.124
298.125
298.126
298.127
298.128
298.129
298.13
298.131
298.132
298.133
298.134
298.134
298.011
298.014
298.016
298.018
298.021
298.023
298.025
298.027
298.03
298.032
298.034
298.036
298.039
298.041
298.043
298.045
298.047
298.049
298.051
298.053
298.055
298.057
298.059
298.061
298.063
298.065
298.067
298.069
298.071
298.073
298.075
298.076
298.078
298.08
298.082
298.083
298.085
298.087
298.088
298.09
298.091
298.093
298.095
298.096
298.098
298.099
298.101
298.102
298.103
298.105
298.106
298.108
298.109
298.11
298.111
298.113
298.114
298.115
298.116
298.118
298.119
298.12
298.121
298.122
298.123
298.124
298.125
298.126
298.127
298.128
298.129
298.13
298.131
298.132
298.133
298.134
298.135
298.136
298.137
298.138
298.011
298.013
298.016
298.018
298.021
298.023
298.026
298.028
298.03
298.033
298.035
298.037
298.04
298.042
298.044
298.046
298.048
298.051
298.053
298.055
298.057
298.059
298.061
298.063
298.065
298.067
298.069
298.071
298.073
298.075
298.077
298.079
298.08
298.082
298.084
298.086
298.088
298.089
298.091
298.093
298.094
298.096
298.097
298.099
298.101
298.102
298.104
298.105
298.106
298.108
298.109
298.111
298.112
298.113
298.115
298.116
298.117
298.118
298.12
298.121
298.122
298.123
298.124
298.125
298.127
298.128
298.129
298.13
298.131
298.132
298.133
298.134
298.135
298.136
298.136
298.137
298.138
298.139
298.14
298.141
298.011
298.013
298.016
298.018
298.021
298.023
298.026
298.028
298.031
298.033
298.036
298.038
298.04
298.043
298.045
298.047
298.05
298.052
298.054
298.056
298.059
298.061
298.063
298.065
298.067
298.069
298.071
298.073
298.075
298.077
298.079
298.081
298.083
298.085
298.087
298.088
298.09
298.092
298.094
298.095
298.097
298.099
298.1
298.102
298.104
298.105
298.107
298.108
298.11
298.111
298.112
298.114
298.115
298.117
298.118
298.119
298.121
298.122
298.123
298.124
298.125
298.127
298.128
298.129
298.13
298.131
298.132
298.133
298.134
298.135
298.136
298.137
298.138
298.139
298.14
298.141
298.142
298.142
298.143
298.144
298.01
298.013
298.016
298.018
298.021
298.024
298.026
298.029
298.031
298.034
298.036
298.039
298.041
298.044
298.046
298.049
298.051
298.053
298.056
298.058
298.06
298.063
298.065
298.067
298.069
298.071
298.073
298.076
298.078
298.08
298.082
298.084
298.086
298.087
298.089
298.091
298.093
298.095
298.097
298.098
298.1
298.102
298.103
298.105
298.107
298.108
298.11
298.111
298.113
298.114
298.116
298.117
298.119
298.12
298.121
298.123
298.124
298.125
298.126
298.128
298.129
298.13
298.131
298.132
298.133
298.135
298.136
298.137
298.138
298.139
298.14
298.141
298.141
298.142
298.143
298.144
298.145
298.146
298.147
298.147
298.01
298.012
298.015
298.018
298.021
298.024
298.026
298.029
298.032
298.034
298.037
298.04
298.042
298.045
298.047
298.05
298.052
298.055
298.057
298.06
298.062
298.064
298.067
298.069
298.071
298.074
298.076
298.078
298.08
298.082
298.084
298.086
298.088
298.09
298.092
298.094
298.096
298.098
298.1
298.101
298.103
298.105
298.107
298.108
298.11
298.112
298.113
298.115
298.116
298.118
298.119
298.121
298.122
298.124
298.125
298.126
298.128
298.129
298.13
298.131
298.132
298.134
298.135
298.136
298.137
298.138
298.139
298.14
298.141
298.142
298.143
298.144
298.145
298.146
298.147
298.148
298.148
298.149
298.15
298.151
298.009
298.012
298.015
298.018
298.021
298.024
298.027
298.029
298.032
298.035
298.038
298.041
298.043
298.046
298.049
298.051
298.054
298.056
298.059
298.061
298.064
298.066
298.069
298.071
298.073
298.076
298.078
298.08
298.082
298.085
298.087
298.089
298.091
298.093
298.095
298.097
298.099
298.101
298.103
298.105
298.106
298.108
298.11
298.112
298.113
298.115
298.117
298.118
298.12
298.121
298.123
298.124
298.126
298.127
298.129
298.13
298.131
298.132
298.134
298.135
298.136
298.137
298.139
298.14
298.141
298.142
298.143
298.144
298.145
298.146
298.147
298.148
298.149
298.15
298.15
298.151
298.152
298.153
298.154
298.154
298.008
298.011
298.014
298.018
298.021
298.024
298.027
298.03
298.033
298.036
298.038
298.041
298.044
298.047
298.05
298.053
298.055
298.058
298.061
298.063
298.066
298.068
298.071
298.073
298.076
298.078
298.08
298.083
298.085
298.087
298.09
298.092
298.094
298.096
298.098
298.1
298.102
298.104
298.106
298.108
298.11
298.112
298.113
298.115
298.117
298.119
298.12
298.122
298.123
298.125
298.127
298.128
298.129
298.131
298.132
298.134
298.135
298.136
298.138
298.139
298.14
298.141
298.142
298.143
298.145
298.146
298.147
298.148
298.149
298.15
298.151
298.152
298.152
298.153
298.154
298.155
298.156
298.157
298.157
298.158
298.007
298.011
298.014
298.017
298.02
298.024
298.027
298.03
298.033
298.036
298.039
298.042
298.045
298.048
298.051
298.054
298.057
298.059
298.062
298.065
298.068
298.07
298.073
298.075
298.078
298.081
298.083
298.085
298.088
298.09
298.092
298.095
298.097
298.099
298.101
298.103
298.105
298.107
298.109
298.111
298.113
298.115
298.117
298.119
298.121
298.122
298.124
298.126
298.127
298.129
298.13
298.132
298.133
298.135
298.136
298.138
298.139
298.14
298.141
298.143
298.144
298.145
298.146
298.147
298.148
298.15
298.151
298.152
298.153
298.154
298.154
298.155
298.156
298.157
298.158
298.159
298.16
298.16
298.161
298.162
298.006
298.01
298.013
298.017
298.02
298.023
298.027
298.03
298.033
298.037
298.04
298.043
298.046
298.049
298.052
298.055
298.058
298.061
298.064
298.067
298.07
298.072
298.075
298.078
298.08
298.083
298.086
298.088
298.091
298.093
298.095
298.098
298.1
298.102
298.105
298.107
298.109
298.111
298.113
298.115
298.117
298.119
298.121
298.123
298.124
298.126
298.128
298.13
298.131
298.133
298.134
298.136
298.137
298.139
298.14
298.142
298.143
298.144
298.146
298.147
298.148
298.149
298.15
298.151
298.153
298.154
298.155
298.156
298.157
298.158
298.158
298.159
298.16
298.161
298.162
298.163
298.163
298.164
298.165
298.165
298.005
298.009
298.012
298.016
298.02
298.023
298.027
298.03
298.034
298.037
298.04
298.044
298.047
298.05
298.053
298.057
298.06
298.063
298.066
298.069
298.072
298.075
298.077
298.08
298.083
298.086
298.088
298.091
298.093
298.096
298.098
298.101
298.103
298.106
298.108
298.11
298.112
298.115
298.117
298.119
298.121
298.123
298.125
298.126
298.128
298.13
298.132
298.134
298.135
298.137
298.138
298.14
298.141
298.143
298.144
298.146
298.147
298.148
298.15
298.151
298.152
298.153
298.155
298.156
298.157
298.158
298.159
298.16
298.161
298.162
298.162
298.163
298.164
298.165
298.166
298.167
298.167
298.168
298.169
298.169
298.004
298.007
298.011
298.015
298.019
298.023
298.026
298.03
298.034
298.037
298.041
298.044
298.048
298.051
298.055
298.058
298.061
298.064
298.068
298.071
298.074
298.077
298.08
298.083
298.086
298.088
298.091
298.094
298.097
298.099
298.102
298.104
298.107
298.109
298.111
298.114
298.116
298.118
298.12
298.123
298.125
298.127
298.129
298.131
298.132
298.134
298.136
298.138
298.139
298.141
298.143
298.144
298.146
298.147
298.149
298.15
298.151
298.153
298.154
298.155
298.156
298.158
298.159
298.16
298.161
298.162
298.163
298.164
298.165
298.166
298.167
298.167
298.168
298.169
298.17
298.171
298.171
298.172
298.173
298.173
298.002
298.006
298.01
298.014
298.018
298.022
298.026
298.03
298.034
298.038
298.041
298.045
298.049
298.052
298.056
298.059
298.063
298.066
298.069
298.073
298.076
298.079
298.082
298.085
298.088
298.091
298.094
298.097
298.1
298.102
298.105
298.108
298.11
298.113
298.115
298.118
298.12
298.122
298.124
298.127
298.129
298.131
298.133
298.135
298.137
298.139
298.14
298.142
298.144
298.145
298.147
298.149
298.15
298.152
298.153
298.155
298.156
298.157
298.158
298.16
298.161
298.162
298.163
298.164
298.165
298.166
298.167
298.168
298.169
298.17
298.171
298.172
298.172
298.173
298.174
298.175
298.175
298.176
298.176
298.177
298
298.004
298.009
298.013
298.017
298.022
298.026
298.03
298.034
298.038
298.042
298.046
298.05
298.053
298.057
298.061
298.064
298.068
298.071
298.075
298.078
298.081
298.085
298.088
298.091
298.094
298.097
298.1
298.103
298.106
298.109
298.111
298.114
298.116
298.119
298.121
298.124
298.126
298.129
298.131
298.133
298.135
298.137
298.139
298.141
298.143
298.145
298.147
298.148
298.15
298.152
298.153
298.155
298.156
298.158
298.159
298.16
298.162
298.163
298.164
298.165
298.167
298.168
298.169
298.17
298.171
298.172
298.173
298.173
298.174
298.175
298.176
298.177
298.177
298.178
298.179
298.179
298.18
298.18
298.181
297.998
298.003
298.007
298.012
298.016
298.021
298.025
298.029
298.034
298.038
298.042
298.046
298.05
298.054
298.058
298.062
298.066
298.07
298.073
298.077
298.08
298.084
298.087
298.091
298.094
298.097
298.1
298.103
298.106
298.109
298.112
298.115
298.118
298.12
298.123
298.126
298.128
298.13
298.133
298.135
298.137
298.139
298.142
298.144
298.146
298.148
298.149
298.151
298.153
298.155
298.156
298.158
298.16
298.161
298.162
298.164
298.165
298.167
298.168
298.169
298.17
298.171
298.172
298.173
298.174
298.175
298.176
298.177
298.178
298.179
298.18
298.18
298.181
298.182
298.182
298.183
298.183
298.184
298.184
298.185
297.995
298
298.005
298.01
298.015
298.02
298.024
298.029
298.033
298.038
298.042
298.047
298.051
298.055
298.059
298.063
298.067
298.071
298.075
298.079
298.083
298.086
298.09
298.093
298.097
298.1
298.103
298.107
298.11
298.113
298.116
298.119
298.122
298.124
298.127
298.13
298.132
298.135
298.137
298.14
298.142
298.144
298.146
298.148
298.15
298.152
298.154
298.156
298.158
298.16
298.161
298.163
298.164
298.166
298.167
298.169
298.17
298.171
298.173
298.174
298.175
298.176
298.177
298.178
298.179
298.18
298.181
298.182
298.182
298.183
298.184
298.185
298.185
298.186
298.186
298.187
298.188
298.188
298.188
298.189
297.993
297.998
298.003
298.008
298.013
298.018
298.023
298.028
298.033
298.038
298.042
298.047
298.052
298.056
298.06
298.065
298.069
298.073
298.077
298.081
298.085
298.089
298.093
298.096
298.1
298.103
298.107
298.11
298.113
298.117
298.12
298.123
298.126
298.129
298.131
298.134
298.137
298.139
298.142
298.144
298.147
298.149
298.151
298.153
298.155
298.157
298.159
298.161
298.163
298.165
298.166
298.168
298.169
298.171
298.172
298.174
298.175
298.176
298.177
298.179
298.18
298.181
298.182
298.183
298.184
298.185
298.185
298.186
298.187
298.188
298.188
298.189
298.19
298.19
298.191
298.191
298.192
298.192
298.192
298.193
297.989
297.995
298.001
298.006
298.011
298.017
298.022
298.027
298.032
298.037
298.042
298.047
298.052
298.057
298.061
298.066
298.07
298.075
298.079
298.083
298.087
298.091
298.095
298.099
298.103
298.107
298.11
298.114
298.117
298.121
298.124
298.127
298.13
298.133
298.136
298.139
298.141
298.144
298.147
298.149
298.152
298.154
298.156
298.158
298.16
298.162
298.164
298.166
298.168
298.17
298.171
298.173
298.175
298.176
298.177
298.179
298.18
298.181
298.183
298.184
298.185
298.186
298.187
298.188
298.188
298.189
298.19
298.191
298.192
298.192
298.193
298.193
298.194
298.194
298.195
298.195
298.196
298.196
298.196
298.197
297.986
297.992
297.998
298.003
298.009
298.015
298.02
298.026
298.031
298.037
298.042
298.047
298.052
298.057
298.062
298.067
298.072
298.076
298.081
298.085
298.09
298.094
298.098
298.102
298.106
298.11
298.114
298.118
298.121
298.125
298.128
298.131
298.134
298.137
298.14
298.143
298.146
298.149
298.152
298.154
298.157
298.159
298.161
298.163
298.166
298.168
298.17
298.171
298.173
298.175
298.177
298.178
298.18
298.181
298.183
298.184
298.185
298.186
298.188
298.189
298.19
298.191
298.192
298.192
298.193
298.194
298.195
298.196
298.196
298.197
298.197
298.198
298.198
298.199
298.199
298.2
298.2
298.2
298.2
298.201
297.981
297.988
297.994
298
298.007
298.013
298.019
298.024
298.03
298.036
298.042
298.047
298.053
298.058
298.063
298.068
298.073
298.078
298.083
298.088
298.092
298.097
298.101
298.105
298.109
298.114
298.117
298.121
298.125
298.129
298.132
298.136
298.139
298.142
298.145
298.148
298.151
298.154
298.157
298.159
298.162
298.164
298.166
298.169
298.171
298.173
298.175
298.177
298.179
298.18
298.182
298.184
298.185
298.187
298.188
298.189
298.19
298.192
298.193
298.194
298.195
298.196
298.197
298.197
298.198
298.199
298.2
298.2
298.201
298.201
298.202
298.202
298.203
298.203
298.203
298.204
298.204
298.204
298.204
298.204
297.977
297.983
297.99
297.997
298.003
298.01
298.016
298.023
298.029
298.035
298.041
298.047
298.053
298.058
298.064
298.069
298.074
298.08
298.085
298.09
298.095
298.099
298.104
298.108
298.113
298.117
298.121
298.125
298.129
298.133
298.137
298.14
298.143
298.147
298.15
298.153
298.156
298.159
298.162
298.164
298.167
298.17
298.172
298.174
298.176
298.178
298.18
298.182
298.184
298.186
298.188
298.189
298.191
298.192
298.193
298.195
298.196
298.197
298.198
298.199
298.2
298.201
298.202
298.202
298.203
298.204
298.204
298.205
298.205
298.206
298.206
298.207
298.207
298.207
298.207
298.208
298.208
298.208
298.208
298.208
297.971
297.978
297.986
297.993
298
298.007
298.014
298.02
298.027
298.033
298.04
298.046
298.052
298.058
298.064
298.07
298.076
298.081
298.086
298.092
298.097
298.102
298.107
298.111
298.116
298.121
298.125
298.129
298.133
298.137
298.141
298.145
298.148
298.152
298.155
298.158
298.161
298.164
298.167
298.17
298.172
298.175
298.177
298.18
298.182
298.184
298.186
298.188
298.19
298.191
298.193
298.195
298.196
298.197
298.199
298.2
298.201
298.202
298.203
298.204
298.205
298.206
298.207
298.207
298.208
298.208
298.209
298.209
298.21
298.21
298.21
298.211
298.211
298.211
298.211
298.211
298.212
298.212
298.212
298.212
297.965
297.973
297.98
297.988
297.996
298.003
298.01
298.018
298.025
298.032
298.038
298.045
298.052
298.058
298.064
298.07
298.076
298.082
298.088
298.094
298.099
298.104
298.109
298.114
298.119
298.124
298.129
298.133
298.137
298.141
298.145
298.149
298.153
298.157
298.16
298.163
298.167
298.17
298.173
298.175
298.178
298.181
298.183
298.185
298.188
298.19
298.192
298.194
298.195
298.197
298.199
298.2
298.202
298.203
298.204
298.205
298.206
298.207
298.208
298.209
298.21
298.211
298.211
298.212
298.213
298.213
298.213
298.214
298.214
298.214
298.215
298.215
298.215
298.215
298.215
298.215
298.215
298.215
298.215
298.215
297.958
297.966
297.974
297.983
297.991
297.999
298.007
298.014
298.022
298.029
298.037
298.044
298.051
298.058
298.064
298.071
298.077
298.083
298.089
298.095
298.101
298.107
298.112
298.117
298.123
298.128
298.132
298.137
298.141
298.146
298.15
298.154
298.158
298.162
298.165
298.169
298.172
298.175
298.178
298.181
298.184
298.186
298.189
298.191
298.193
298.195
298.197
298.199
298.201
298.203
298.204
298.206
298.207
298.208
298.21
298.211
298.212
298.213
298.214
298.214
298.215
298.216
298.216
298.217
298.217
298.218
298.218
298.218
298.218
298.219
298.219
298.219
298.219
298.219
298.219
298.219
298.219
298.219
298.218
298.218
297.95
297.959
297.968
297.976
297.985
297.994
298.002
298.01
298.018
298.026
298.034
298.042
298.049
298.057
298.064
298.071
298.078
298.084
298.091
298.097
298.103
298.109
298.115
298.12
298.126
298.131
298.136
298.141
298.146
298.15
298.154
298.159
298.163
298.167
298.17
298.174
298.177
298.18
298.184
298.187
298.189
298.192
298.194
298.197
298.199
298.201
298.203
298.205
298.207
298.209
298.21
298.211
298.213
298.214
298.215
298.216
298.217
298.218
298.219
298.219
298.22
298.221
298.221
298.221
298.222
298.222
298.222
298.222
298.223
298.223
298.223
298.223
298.223
298.223
298.222
298.222
298.222
298.222
298.221
298.221
297.94
297.95
297.96
297.969
297.979
297.988
297.997
298.006
298.014
298.023
298.031
298.039
298.047
298.055
298.063
298.07
298.078
298.085
298.092
298.098
298.105
298.111
298.117
298.123
298.129
298.134
298.14
298.145
298.15
298.154
298.159
298.163
298.168
298.172
298.175
298.179
298.183
298.186
298.189
298.192
298.195
298.198
298.2
298.203
298.205
298.207
298.209
298.211
298.213
298.214
298.216
298.217
298.218
298.219
298.22
298.221
298.222
298.223
298.224
298.224
298.225
298.225
298.226
298.226
298.226
298.226
298.226
298.227
298.227
298.226
298.226
298.226
298.226
298.226
298.226
298.225
298.225
298.225
298.224
298.224
297.93
297.941
297.951
297.961
297.971
297.981
297.991
298
298.01
298.019
298.028
298.036
298.045
298.053
298.062
298.07
298.077
298.085
298.092
298.099
298.106
298.113
298.119
298.125
298.132
298.137
298.143
298.148
298.154
298.159
298.163
298.168
298.172
298.177
298.181
298.184
298.188
298.191
298.195
298.198
298.201
298.203
298.206
298.208
298.211
298.213
298.215
298.217
298.218
298.22
298.221
298.223
298.224
298.225
298.226
298.227
298.227
298.228
298.229
298.229
298.229
298.23
298.23
298.23
298.23
298.23
298.23
298.23
298.23
298.23
298.23
298.23
298.229
298.229
298.229
298.228
298.228
298.227
298.227
298.226
297.918
297.93
297.941
297.952
297.963
297.973
297.984
297.994
298.004
298.014
298.023
298.033
298.042
298.051
298.06
298.068
298.076
298.084
298.092
298.1
298.107
298.114
298.121
298.128
298.134
298.14
298.146
298.152
298.157
298.163
298.168
298.172
298.177
298.181
298.186
298.19
298.193
298.197
298.2
298.203
298.206
298.209
298.212
298.214
298.216
298.218
298.22
298.222
298.224
298.225
298.227
298.228
298.229
298.23
298.231
298.232
298.232
298.233
298.233
298.234
298.234
298.234
298.234
298.234
298.234
298.234
298.234
298.234
298.234
298.233
298.233
298.233
298.232
298.232
298.231
298.231
298.23
298.23
298.229
298.228
297.905
297.917
297.929
297.941
297.953
297.964
297.976
297.987
297.997
298.008
298.018
298.028
298.038
298.048
298.057
298.066
298.075
298.084
298.092
298.1
298.108
298.115
298.123
298.13
298.136
298.143
298.149
298.155
298.161
298.166
298.172
298.177
298.182
298.186
298.19
298.195
298.198
298.202
298.205
298.209
298.212
298.215
298.217
298.22
298.222
298.224
298.226
298.228
298.229
298.231
298.232
298.233
298.234
298.235
298.236
298.236
298.237
298.237
298.238
298.238
298.238
298.238
298.238
298.238
298.238
298.238
298.237
298.237
298.237
298.236
298.236
298.235
298.235
298.234
298.234
298.233
298.232
298.232
298.231
298.23
297.891
297.904
297.917
297.929
297.942
297.954
297.966
297.978
297.99
298.001
298.012
298.023
298.033
298.044
298.054
298.063
298.073
298.082
298.091
298.1
298.108
298.116
298.124
298.131
298.138
298.145
298.152
298.158
298.164
298.17
298.176
298.181
298.186
298.191
298.195
298.199
298.203
298.207
298.211
298.214
298.217
298.22
298.223
298.225
298.227
298.229
298.231
298.233
298.234
298.236
298.237
298.238
298.239
298.24
298.24
298.241
298.241
298.242
298.242
298.242
298.242
298.242
298.242
298.241
298.241
298.241
298.24
298.24
298.239
298.239
298.238
298.238
298.237
298.236
298.236
298.235
298.234
298.233
298.232
298.232
297.874
297.888
297.902
297.916
297.929
297.943
297.956
297.968
297.981
297.993
298.005
298.016
298.028
298.039
298.049
298.06
298.07
298.08
298.089
298.098
298.107
298.116
298.124
298.132
298.14
298.147
298.154
298.161
298.167
298.173
298.179
298.185
298.19
298.195
298.199
298.204
298.208
298.212
298.216
298.219
298.222
298.225
298.228
298.23
298.232
298.234
298.236
298.238
298.239
298.241
298.242
298.243
298.243
298.244
298.245
298.245
298.245
298.245
298.246
298.245
298.245
298.245
298.245
298.244
298.244
298.243
298.243
298.242
298.242
298.241
298.24
298.239
298.239
298.238
298.237
298.236
298.235
298.234
298.233
298.233
297.856
297.871
297.886
297.901
297.915
297.93
297.944
297.957
297.971
297.984
297.996
298.009
298.021
298.033
298.044
298.055
298.066
298.077
298.087
298.097
298.106
298.115
298.124
298.132
298.141
298.148
298.156
298.163
298.17
298.176
298.182
298.188
298.193
298.199
298.203
298.208
298.212
298.216
298.22
298.224
298.227
298.23
298.232
298.235
298.237
298.239
298.241
298.243
298.244
298.245
298.246
298.247
298.248
298.248
298.249
298.249
298.249
298.249
298.249
298.249
298.248
298.248
298.247
298.247
298.246
298.246
298.245
298.244
298.243
298.243
298.242
298.241
298.24
298.239
298.238
298.237
298.236
298.235
298.234
298.233
297.836
297.852
297.868
297.884
297.9
297.915
297.93
297.945
297.959
297.973
297.987
298
298.013
298.026
298.038
298.05
298.061
298.073
298.084
298.094
298.104
298.114
298.123
298.132
298.141
298.149
298.157
298.164
298.171
298.178
298.185
298.191
298.197
298.202
298.207
298.212
298.216
298.22
298.224
298.228
298.231
298.234
298.237
298.239
298.242
298.244
298.245
298.247
298.248
298.249
298.25
298.251
298.251
298.252
298.252
298.252
298.252
298.252
298.252
298.251
298.251
298.25
298.25
298.249
298.248
298.247
298.246
298.245
298.245
298.244
298.243
298.242
298.24
298.239
298.238
298.237
298.236
298.235
298.234
298.233
297.813
297.831
297.848
297.865
297.882
297.899
297.915
297.93
297.946
297.961
297.976
297.99
298.004
298.017
298.031
298.043
298.056
298.068
298.079
298.09
298.101
298.111
298.121
298.131
298.14
298.149
298.157
298.165
298.173
298.18
298.187
298.193
298.199
298.205
298.21
298.215
298.22
298.224
298.228
298.232
298.235
298.238
298.241
298.243
298.245
298.247
298.249
298.251
298.252
298.253
298.254
298.254
298.255
298.255
298.255
298.255
298.255
298.254
298.254
298.253
298.253
298.252
298.251
298.25
298.249
298.248
298.247
298.246
298.245
298.244
298.243
298.242
298.241
298.239
298.238
298.237
298.236
298.235
298.234
298.233
297.789
297.808
297.826
297.845
297.863
297.88
297.898
297.915
297.931
297.947
297.963
297.978
297.993
298.008
298.022
298.036
298.049
298.062
298.074
298.086
298.097
298.108
298.119
298.129
298.139
298.148
298.157
298.165
298.173
298.181
298.188
298.195
298.201
298.207
298.213
298.218
298.223
298.227
298.231
298.235
298.238
298.241
298.244
298.247
298.249
298.251
298.253
298.254
298.255
298.256
298.257
298.257
298.257
298.258
298.257
298.257
298.257
298.256
298.256
298.255
298.254
298.253
298.252
298.251
298.25
298.249
298.248
298.246
298.245
298.244
298.242
298.241
298.24
298.239
298.237
298.236
298.235
298.234
298.233
298.232
297.762
297.782
297.802
297.822
297.841
297.86
297.879
297.897
297.915
297.932
297.949
297.965
297.981
297.997
298.012
298.026
298.041
298.054
298.067
298.08
298.092
298.104
298.115
298.126
298.136
298.146
298.156
298.165
298.173
298.181
298.189
298.196
298.202
298.209
298.214
298.22
298.225
298.23
298.234
298.238
298.241
298.244
298.247
298.25
298.252
298.254
298.255
298.257
298.258
298.259
298.259
298.259
298.26
298.26
298.259
298.259
298.258
298.258
298.257
298.256
298.255
298.254
298.252
298.251
298.25
298.248
298.247
298.246
298.244
298.243
298.241
298.24
298.238
298.237
298.236
298.235
298.233
298.232
298.231
298.23
297.733
297.754
297.776
297.797
297.818
297.838
297.858
297.877
297.896
297.915
297.933
297.95
297.968
297.984
298
298.016
298.031
298.046
298.06
298.073
298.086
298.099
298.111
298.122
298.133
298.144
298.154
298.163
298.172
298.181
298.189
298.196
298.203
298.21
298.216
298.221
298.227
298.231
298.236
298.24
298.243
298.247
298.249
298.252
298.254
298.256
298.258
298.259
298.26
298.26
298.261
298.261
298.261
298.261
298.26
298.26
298.259
298.258
298.257
298.256
298.255
298.253
298.252
298.25
298.249
298.247
298.246
298.244
298.242
298.241
298.239
298.238
298.236
298.235
298.233
298.232
298.231
298.23
298.228
298.227
297.701
297.724
297.747
297.77
297.792
297.814
297.835
297.856
297.876
297.896
297.915
297.934
297.952
297.97
297.987
298.004
298.02
298.036
298.051
298.065
298.079
298.093
298.105
298.117
298.129
298.14
298.151
298.161
298.17
298.179
298.188
298.196
298.203
298.21
298.216
298.222
298.228
298.233
298.237
298.241
298.245
298.248
298.251
298.254
298.256
298.258
298.259
298.26
298.261
298.262
298.262
298.262
298.262
298.261
298.261
298.26
298.259
298.258
298.257
298.255
298.254
298.252
298.251
298.249
298.247
298.245
298.244
298.242
298.24
298.238
298.236
298.235
298.233
298.232
298.23
298.229
298.228
298.226
298.225
298.224
297.668
297.693
297.717
297.742
297.765
297.788
297.811
297.833
297.855
297.876
297.897
297.917
297.936
297.955
297.974
297.991
298.009
298.025
298.041
298.057
298.071
298.085
298.099
298.112
298.124
298.136
298.147
298.158
298.168
298.177
298.186
298.195
298.202
298.209
298.216
298.222
298.228
298.233
298.238
298.242
298.246
298.249
298.252
298.255
298.257
298.259
298.26
298.261
298.262
298.262
298.263
298.262
298.262
298.261
298.261
298.26
298.258
298.257
298.256
298.254
298.252
298.25
298.248
298.247
298.245
298.243
298.24
298.238
298.236
298.235
298.233
298.231
298.229
298.228
298.226
298.225
298.223
298.222
298.221
298.221
297.636
297.663
297.689
297.715
297.741
297.765
297.789
297.812
297.835
297.857
297.879
297.9
297.921
297.941
297.96
297.979
297.997
298.015
298.032
298.048
298.064
298.079
298.093
298.107
298.12
298.132
298.144
298.155
298.165
298.175
298.185
298.193
298.201
298.209
298.216
298.222
298.228
298.234
298.238
298.243
298.247
298.25
298.253
298.255
298.258
298.259
298.261
298.262
298.262
298.262
298.262
298.262
298.262
298.261
298.26
298.259
298.257
298.255
298.254
298.252
298.25
298.248
298.246
298.243
298.241
298.239
298.237
298.234
298.232
298.23
298.228
298.226
298.224
298.223
298.221
298.22
298.219
298.218
298.217
298.216
297.623
297.65
297.676
297.702
297.727
297.753
297.777
297.802
297.825
297.848
297.871
297.893
297.914
297.935
297.955
297.974
297.993
298.011
298.028
298.045
298.061
298.076
298.091
298.105
298.118
298.131
298.143
298.155
298.166
298.176
298.185
298.194
298.202
298.21
298.217
298.224
298.23
298.235
298.24
298.244
298.248
298.251
298.254
298.256
298.258
298.26
298.261
298.262
298.262
298.262
298.262
298.261
298.261
298.26
298.258
298.257
298.255
298.253
298.251
298.249
298.247
298.245
298.242
298.24
298.237
298.235
298.232
298.23
298.228
298.226
298.223
298.222
298.22
298.218
298.217
298.215
298.214
298.214
298.213
298.214
)
;

boundaryField
{
    down
    {
        type            zeroGradient;
    }
    right
    {
        type            zeroGradient;
    }
    up
    {
        type            zeroGradient;
    }
    meanFlow
    {
        type            inletOutlet;
        inletValue      uniform 298;
        value           uniform 298;
    }
    surface
    {
        type            zeroGradient;
    }
    surfaceInner
    {
        type            zeroGradient;
    }
    coandaInlet
    {
        type            inletOutlet;
        inletValue      nonuniform List<scalar> 0();
        value           nonuniform List<scalar> 0();
    }
    defaultFaces
    {
        type            empty;
    }
    procBoundary0to1
    {
        type            processor;
        value           nonuniform List<scalar> 
81
(
297.98
298.015
298.008
298.016
298.019
298.023
298.028
298.031
298.036
298.039
298.043
298.047
298.051
298.056
298.06
298.064
298.069
298.073
298.078
298.083
298.088
298.093
298.097
298.102
298.107
298.112
298.116
298.121
298.125
298.129
298.133
298.137
298.14
298.143
298.146
298.148
298.151
298.153
298.155
298.156
298.157
298.159
298.159
298.16
298.161
298.161
298.161
298.161
298.161
298.161
298.161
298.161
298.16
298.16
298.159
298.159
298.159
298.158
298.158
298.158
298.159
298.159
298.159
298.16
298.161
298.162
298.165
298.167
298.17
298.173
298.175
298.178
298.18
298.182
298.183
298.184
298.184
298.185
298.184
298.184
298.183
)
;
    }
    procBoundary0to3
    {
        type            processor;
        value           nonuniform List<scalar> 
126
(
298.003
298.004
298.003
298.003
298.004
298.004
298.004
298.004
298.005
298.005
298.005
298.005
298.005
298.005
298.005
298.005
298.006
298.006
298.006
298.006
298.006
298.007
298.007
298.007
298.007
298.007
298.008
298.008
298.008
298.008
298.007
298.007
298.007
298.007
298.006
298.006
298.006
298.006
298.004
298.004
298.003
298.003
298.003
298
297.999
297.998
297.997
297.997
297.993
297.992
297.99
297.99
297.985
297.983
297.983
297.977
297.974
297.974
297.967
297.963
297.963
297.954
297.949
297.949
297.938
297.938
297.926
297.926
297.912
297.903
297.903
297.886
297.886
297.866
297.866
297.844
297.844
297.82
297.82
297.792
297.792
297.761
297.761
297.716
297.727
297.727
297.676
297.676
297.632
297.632
297.57
297.583
297.583
297.515
297.515
297.44
297.455
297.455
297.358
297.374
297.374
297.285
297.285
297.189
297.205
297.205
297.085
297.102
297.102
296.975
296.991
296.991
296.858
296.874
296.874
296.737
296.751
296.751
296.601
296.613
296.627
296.627
296.498
296.507
296.507
296.558
)
;
    }
}


// ************************************************************************* //
