/*--------------------------------*- C++ -*----------------------------------*\
  =========                 |
  \\      /  F ield         | OpenFOAM: The Open Source CFD Toolbox
   \\    /   O peration     | Website:  https://openfoam.org
    \\  /    A nd           | Version:  10
     \\/     M anipulation  |
\*---------------------------------------------------------------------------*/
FoamFile
{
    format      ascii;
    class       volScalarField;
    location    "207";
    object      alphat;
}
// * * * * * * * * * * * * * * * * * * * * * * * * * * * * * * * * * * * * * //

dimensions      [1 -1 -1 0 0 0 0];

internalField   nonuniform List<scalar> 
6580
(
2.02211e-06
5.26633e-06
5.7672e-06
4.57904e-06
5.67677e-06
9.36572e-06
1.86362e-05
4.32648e-05
9.18965e-05
0.000132827
0.000149567
0.000149466
0.000142223
0.000133575
0.000124612
0.000114795
0.000102825
9.46467e-05
8.94855e-05
8.14777e-05
7.56209e-05
7.26565e-05
7.13068e-05
7.06001e-05
7.0426e-05
7.06864e-05
7.11444e-05
7.16416e-05
7.20901e-05
7.26192e-05
7.34268e-05
7.45397e-05
7.59665e-05
7.77772e-05
8.01247e-05
8.31088e-05
8.71398e-05
9.22111e-05
0.000100117
0.000116438
2.75316e-06
3.00977e-06
2.73765e-06
2.87195e-06
3.19196e-06
3.80582e-06
5.05255e-06
7.96423e-06
1.12983e-05
1.35511e-05
1.6566e-05
1.915e-05
2.05342e-05
2.96429e-05
4.59887e-05
7.87861e-05
0.000132971
0.000183947
0.00022433
0.00025553
0.000278084
0.000295355
0.000310262
0.000322978
0.000333764
0.000342961
0.000350845
0.000357545
0.000362977
0.000367265
0.000370732
0.000373596
0.000375947
0.000377828
0.000379274
0.000380264
0.000380768
0.000380524
0.000378718
0.00037767
3.20327e-06
3.14894e-06
3.11861e-06
3.07509e-06
3.02038e-06
3.10911e-06
3.23806e-06
3.44274e-06
3.81585e-06
4.28473e-06
4.74223e-06
4.9634e-06
5.84542e-06
7.61409e-06
1.16531e-05
2.13095e-05
4.61751e-05
9.52244e-05
0.000160904
0.000227785
0.000282637
0.000323342
0.000354849
0.000380056
0.000400684
0.000417926
0.000432508
0.000444837
0.000455352
0.000464308
0.000471963
0.000478543
0.00048418
0.000488972
0.000493002
0.000496296
0.000498788
0.000500395
0.000500324
0.000499655
3.32926e-06
3.27383e-06
3.29827e-06
3.31791e-06
3.30904e-06
3.30891e-06
3.32687e-06
3.36935e-06
3.43952e-06
3.54097e-06
3.68096e-06
3.84747e-06
4.07337e-06
4.22924e-06
4.39275e-06
5.29989e-06
7.71828e-06
1.48571e-05
3.59872e-05
8.43329e-05
0.000148869
0.000207527
0.000257168
0.000298773
0.0003337
0.000363475
0.000388447
0.000410019
0.000428804
0.0004453
0.00045993
0.000472988
0.000484644
0.000495047
0.000504325
0.000512581
0.000519842
0.000526172
0.000531336
0.000535408
3.37599e-06
3.31421e-06
3.31243e-06
3.31715e-06
3.29916e-06
3.26074e-06
3.22545e-06
3.21206e-06
3.22257e-06
3.24508e-06
3.27716e-06
3.32169e-06
3.37458e-06
3.4595e-06
3.5277e-06
3.56488e-06
3.76671e-06
4.15038e-06
5.13834e-06
8.59821e-06
1.81092e-05
3.75354e-05
6.71047e-05
0.000102903
0.000139775
0.000175921
0.000209371
0.000239961
0.000267731
0.000292966
0.000315986
0.000336982
0.000356204
0.000373896
0.000390315
0.00040564
0.000419998
0.00043356
0.000446447
0.000458187
3.37426e-06
3.32731e-06
3.31785e-06
3.32068e-06
3.32509e-06
3.32235e-06
3.31087e-06
3.29245e-06
3.28461e-06
3.28437e-06
3.29167e-06
3.30696e-06
3.32928e-06
3.35903e-06
3.39498e-06
3.43228e-06
3.48021e-06
3.54352e-06
3.64422e-06
3.86147e-06
4.31965e-06
5.08782e-06
6.33278e-06
8.33319e-06
1.15123e-05
1.64409e-05
2.37303e-05
3.38906e-05
4.70223e-05
6.28404e-05
8.05284e-05
9.92101e-05
0.000118268
0.000137379
0.000156655
0.000176016
0.00019539
0.000214792
0.00023418
0.000252679
3.36754e-06
3.33214e-06
3.31465e-06
3.31583e-06
3.319e-06
3.31916e-06
3.31074e-06
3.29037e-06
3.26915e-06
3.2472e-06
3.22509e-06
3.20399e-06
3.18506e-06
3.1686e-06
3.18629e-06
3.16957e-06
3.18096e-06
3.18815e-06
3.18357e-06
3.16771e-06
3.16139e-06
3.16553e-06
3.18333e-06
3.22444e-06
3.30581e-06
3.45106e-06
3.68958e-06
4.05533e-06
4.60952e-06
5.40345e-06
6.52437e-06
8.07723e-06
1.01728e-05
1.29569e-05
1.66272e-05
2.14372e-05
2.76164e-05
3.53755e-05
4.49261e-05
5.57401e-05
3.3601e-06
3.33367e-06
3.31866e-06
3.31525e-06
3.31604e-06
3.31789e-06
3.31689e-06
3.31226e-06
3.29881e-06
3.28288e-06
3.26736e-06
3.26109e-06
3.25859e-06
3.25899e-06
3.2624e-06
3.28141e-06
3.29665e-06
3.3049e-06
3.31492e-06
3.3268e-06
3.33852e-06
3.34841e-06
3.35696e-06
3.36522e-06
3.374e-06
3.38368e-06
3.39609e-06
3.41538e-06
3.44546e-06
3.49513e-06
3.57121e-06
3.68272e-06
3.83831e-06
4.04892e-06
4.33268e-06
4.71265e-06
5.21424e-06
5.87141e-06
6.73032e-06
7.7935e-06
3.35278e-06
3.33358e-06
3.31963e-06
3.31253e-06
3.31183e-06
3.31249e-06
3.3124e-06
3.30981e-06
3.3018e-06
3.29089e-06
3.27969e-06
3.26803e-06
3.25578e-06
3.24299e-06
3.23004e-06
3.21819e-06
3.20728e-06
3.19669e-06
3.18506e-06
3.17266e-06
3.16142e-06
3.15239e-06
3.14488e-06
3.13826e-06
3.132e-06
3.12658e-06
3.12342e-06
3.1225e-06
3.12368e-06
3.1274e-06
3.13878e-06
3.15495e-06
3.17564e-06
3.20202e-06
3.23336e-06
3.27621e-06
3.33327e-06
3.40788e-06
3.50388e-06
3.6203e-06
3.34584e-06
3.33005e-06
3.31865e-06
3.31187e-06
3.30953e-06
3.30911e-06
3.30954e-06
3.30892e-06
3.30633e-06
3.30159e-06
3.29249e-06
3.28393e-06
3.2753e-06
3.2664e-06
3.25724e-06
3.248e-06
3.24606e-06
3.24647e-06
3.24877e-06
3.25206e-06
3.25609e-06
3.25999e-06
3.26331e-06
3.2662e-06
3.26894e-06
3.27166e-06
3.27322e-06
3.27413e-06
3.27354e-06
3.27323e-06
3.27359e-06
3.27397e-06
3.2741e-06
3.27397e-06
3.27371e-06
3.27441e-06
3.2767e-06
3.2811e-06
3.28823e-06
3.29741e-06
3.33935e-06
3.32579e-06
3.31691e-06
3.3114e-06
3.30737e-06
3.30662e-06
3.30634e-06
3.3062e-06
3.30488e-06
3.30199e-06
3.29483e-06
3.28803e-06
3.28171e-06
3.27526e-06
3.26857e-06
3.2616e-06
3.25446e-06
3.2473e-06
3.24042e-06
3.2343e-06
3.22943e-06
3.22575e-06
3.22258e-06
3.21963e-06
3.21682e-06
3.21409e-06
3.21171e-06
3.21e-06
3.21038e-06
3.21234e-06
3.21502e-06
3.21814e-06
3.22147e-06
3.22494e-06
3.22822e-06
3.23107e-06
3.2334e-06
3.23532e-06
3.23725e-06
3.2391e-06
3.33337e-06
3.32168e-06
3.315e-06
3.31044e-06
3.30693e-06
3.30522e-06
3.30426e-06
3.3039e-06
3.30327e-06
3.30168e-06
3.29892e-06
3.29315e-06
3.28782e-06
3.28283e-06
3.27797e-06
3.27304e-06
3.26803e-06
3.26299e-06
3.258e-06
3.25339e-06
3.25472e-06
3.25671e-06
3.25846e-06
3.2599e-06
3.26116e-06
3.26221e-06
3.26353e-06
3.26314e-06
3.26298e-06
3.26319e-06
3.26355e-06
3.26399e-06
3.26447e-06
3.26499e-06
3.2655e-06
3.2658e-06
3.26576e-06
3.26539e-06
3.26493e-06
3.26399e-06
3.32792e-06
3.31789e-06
3.31318e-06
3.30905e-06
3.30613e-06
3.30371e-06
3.30259e-06
3.30197e-06
3.30159e-06
3.30069e-06
3.29897e-06
3.29621e-06
3.29157e-06
3.28734e-06
3.28338e-06
3.27969e-06
3.27607e-06
3.27247e-06
3.26884e-06
3.26526e-06
3.26252e-06
3.26202e-06
3.2615e-06
3.26047e-06
3.25946e-06
3.25854e-06
3.25778e-06
3.25702e-06
3.25684e-06
3.25724e-06
3.25777e-06
3.25832e-06
3.2589e-06
3.25947e-06
3.26002e-06
3.26051e-06
3.26094e-06
3.26131e-06
3.26166e-06
3.26151e-06
3.32302e-06
3.31449e-06
3.31078e-06
3.30733e-06
3.30501e-06
3.30311e-06
3.30145e-06
3.30083e-06
3.30031e-06
3.29978e-06
3.29873e-06
3.29703e-06
3.29439e-06
3.29061e-06
3.28725e-06
3.28416e-06
3.28137e-06
3.27878e-06
3.27628e-06
3.2738e-06
3.27197e-06
3.27296e-06
3.27402e-06
3.27494e-06
3.27574e-06
3.27646e-06
3.27711e-06
3.27766e-06
3.27809e-06
3.27837e-06
3.27852e-06
3.27853e-06
3.27841e-06
3.27814e-06
3.2777e-06
3.27727e-06
3.27685e-06
3.27646e-06
3.2761e-06
3.27574e-06
3.31867e-06
3.31148e-06
3.30842e-06
3.30563e-06
3.30379e-06
3.30233e-06
3.301e-06
3.30013e-06
3.29949e-06
3.29895e-06
3.29824e-06
3.29711e-06
3.29547e-06
3.29224e-06
3.28936e-06
3.28682e-06
3.28454e-06
3.28255e-06
3.28089e-06
3.27931e-06
3.2781e-06
3.27891e-06
3.27991e-06
3.28075e-06
3.28144e-06
3.28204e-06
3.28256e-06
3.28306e-06
3.28348e-06
3.28386e-06
3.2842e-06
3.28449e-06
3.28473e-06
3.28493e-06
3.28509e-06
3.28521e-06
3.28529e-06
3.28533e-06
3.28538e-06
3.28519e-06
3.31486e-06
3.30884e-06
3.30631e-06
3.30407e-06
3.30262e-06
3.30149e-06
3.30047e-06
3.29944e-06
3.29883e-06
3.29829e-06
3.29777e-06
3.29699e-06
3.29589e-06
3.29435e-06
3.29168e-06
3.28944e-06
3.28751e-06
3.286e-06
3.28572e-06
3.28479e-06
3.28388e-06
3.28453e-06
3.28541e-06
3.28623e-06
3.28692e-06
3.2875e-06
3.28803e-06
3.28849e-06
3.28888e-06
3.2892e-06
3.28939e-06
3.28943e-06
3.28943e-06
3.28942e-06
3.2894e-06
3.28936e-06
3.28932e-06
3.28928e-06
3.28923e-06
3.28924e-06
3.31155e-06
3.30655e-06
3.30447e-06
3.30268e-06
3.30154e-06
3.30067e-06
3.2999e-06
3.29913e-06
3.2983e-06
3.29786e-06
3.2974e-06
3.29688e-06
3.29609e-06
3.29505e-06
3.29362e-06
3.29151e-06
3.28978e-06
3.28832e-06
3.288e-06
3.28793e-06
3.2872e-06
3.28764e-06
3.28833e-06
3.28911e-06
3.28979e-06
3.29037e-06
3.29088e-06
3.29136e-06
3.29178e-06
3.29214e-06
3.29246e-06
3.29273e-06
3.29295e-06
3.29313e-06
3.29329e-06
3.29341e-06
3.29352e-06
3.29359e-06
3.29368e-06
3.29365e-06
3.30872e-06
3.3046e-06
3.30289e-06
3.30147e-06
3.30057e-06
3.2999e-06
3.29932e-06
3.29874e-06
3.29812e-06
3.29765e-06
3.29722e-06
3.29678e-06
3.29621e-06
3.29546e-06
3.2945e-06
3.29323e-06
3.29159e-06
3.29025e-06
3.28969e-06
3.28949e-06
3.28889e-06
3.2891e-06
3.28963e-06
3.29031e-06
3.29097e-06
3.29154e-06
3.29204e-06
3.29249e-06
3.2929e-06
3.29327e-06
3.29359e-06
3.29386e-06
3.29409e-06
3.29427e-06
3.2944e-06
3.29446e-06
3.29452e-06
3.29456e-06
3.29461e-06
3.29464e-06
3.30632e-06
3.30296e-06
3.30156e-06
3.30044e-06
3.29974e-06
3.29923e-06
3.29879e-06
3.29836e-06
3.2979e-06
3.29739e-06
3.29703e-06
3.29666e-06
3.29625e-06
3.2957e-06
3.29501e-06
3.29415e-06
3.29295e-06
3.29171e-06
3.29096e-06
3.29063e-06
3.29012e-06
3.29002e-06
3.29037e-06
3.29086e-06
3.29143e-06
3.29194e-06
3.29238e-06
3.29277e-06
3.29312e-06
3.29344e-06
3.29371e-06
3.29396e-06
3.29417e-06
3.29436e-06
3.29453e-06
3.29467e-06
3.2948e-06
3.2949e-06
3.29501e-06
3.29504e-06
3.30433e-06
3.30161e-06
3.30045e-06
3.29958e-06
3.29904e-06
3.29866e-06
3.29833e-06
3.29801e-06
3.29767e-06
3.29729e-06
3.29689e-06
3.29661e-06
3.29628e-06
3.29589e-06
3.29539e-06
3.29478e-06
3.29404e-06
3.29296e-06
3.29207e-06
3.2914e-06
3.29097e-06
3.29094e-06
3.29116e-06
3.29151e-06
3.29196e-06
3.29241e-06
3.2928e-06
3.29315e-06
3.29346e-06
3.29373e-06
3.29397e-06
3.29419e-06
3.29438e-06
3.29454e-06
3.29469e-06
3.29481e-06
3.29491e-06
3.295e-06
3.29505e-06
3.29512e-06
3.30271e-06
3.3005e-06
3.29955e-06
3.29888e-06
3.29848e-06
3.29819e-06
3.29795e-06
3.29771e-06
3.29745e-06
3.29718e-06
3.29686e-06
3.29661e-06
3.29635e-06
3.29605e-06
3.29568e-06
3.29524e-06
3.29472e-06
3.2941e-06
3.29329e-06
3.29267e-06
3.29226e-06
3.29214e-06
3.29224e-06
3.29245e-06
3.29275e-06
3.2931e-06
3.29342e-06
3.2937e-06
3.29395e-06
3.29417e-06
3.29437e-06
3.29454e-06
3.2947e-06
3.29484e-06
3.29496e-06
3.29507e-06
3.29516e-06
3.29525e-06
3.29532e-06
3.2954e-06
3.30139e-06
3.29961e-06
3.29882e-06
3.29834e-06
3.29804e-06
3.29783e-06
3.29764e-06
3.29746e-06
3.29727e-06
3.29707e-06
3.29683e-06
3.29656e-06
3.29637e-06
3.29615e-06
3.29588e-06
3.29556e-06
3.29518e-06
3.29474e-06
3.29426e-06
3.29367e-06
3.29329e-06
3.29311e-06
3.29315e-06
3.29327e-06
3.29344e-06
3.29367e-06
3.29391e-06
3.29413e-06
3.29432e-06
3.2945e-06
3.29465e-06
3.29479e-06
3.29492e-06
3.29503e-06
3.29512e-06
3.29521e-06
3.29528e-06
3.29535e-06
3.29539e-06
3.29547e-06
3.30033e-06
3.29891e-06
3.29825e-06
3.29792e-06
3.29771e-06
3.29755e-06
3.29741e-06
3.29727e-06
3.29712e-06
3.29697e-06
3.29679e-06
3.29659e-06
3.29642e-06
3.29625e-06
3.29605e-06
3.29582e-06
3.29554e-06
3.29523e-06
3.29489e-06
3.29443e-06
3.29408e-06
3.2939e-06
3.29392e-06
3.29398e-06
3.29408e-06
3.29422e-06
3.29438e-06
3.29454e-06
3.29468e-06
3.29481e-06
3.29493e-06
3.29503e-06
3.29512e-06
3.29521e-06
3.29528e-06
3.29535e-06
3.29541e-06
3.29547e-06
3.2955e-06
3.29557e-06
3.29949e-06
3.29835e-06
3.29786e-06
3.29762e-06
3.29746e-06
3.29734e-06
3.29723e-06
3.29712e-06
3.29701e-06
3.29689e-06
3.29676e-06
3.29661e-06
3.29645e-06
3.29631e-06
3.29617e-06
3.296e-06
3.2958e-06
3.29558e-06
3.29534e-06
3.29505e-06
3.29475e-06
3.29458e-06
3.29456e-06
3.29458e-06
3.29463e-06
3.2947e-06
3.2948e-06
3.2949e-06
3.295e-06
3.29508e-06
3.29517e-06
3.29524e-06
3.29531e-06
3.29537e-06
3.29542e-06
3.29547e-06
3.29551e-06
3.29555e-06
3.29558e-06
3.29565e-06
3.29882e-06
3.29792e-06
3.29757e-06
3.2974e-06
3.29728e-06
3.29718e-06
3.2971e-06
3.29701e-06
3.29692e-06
3.29683e-06
3.29673e-06
3.29662e-06
3.29649e-06
3.29638e-06
3.29627e-06
3.29614e-06
3.296e-06
3.29584e-06
3.29567e-06
3.29547e-06
3.29524e-06
3.29508e-06
3.29502e-06
3.29503e-06
3.29505e-06
3.29509e-06
3.29514e-06
3.29521e-06
3.29527e-06
3.29532e-06
3.29538e-06
3.29543e-06
3.29547e-06
3.29551e-06
3.29555e-06
3.29558e-06
3.29561e-06
3.29564e-06
3.29567e-06
3.29572e-06
3.2983e-06
3.29759e-06
3.29736e-06
3.29723e-06
3.29714e-06
3.29707e-06
3.297e-06
3.29693e-06
3.29686e-06
3.29679e-06
3.29671e-06
3.29662e-06
3.29653e-06
3.29643e-06
3.29634e-06
3.29625e-06
3.29615e-06
3.29604e-06
3.29592e-06
3.29577e-06
3.29559e-06
3.29547e-06
3.29539e-06
3.29539e-06
3.2954e-06
3.29542e-06
3.29544e-06
3.29548e-06
3.29552e-06
3.29555e-06
3.29558e-06
3.29561e-06
3.29564e-06
3.29567e-06
3.29569e-06
3.29572e-06
3.29573e-06
3.29575e-06
3.29577e-06
3.29582e-06
3.2979e-06
3.29736e-06
3.29721e-06
3.29711e-06
3.29704e-06
3.29698e-06
3.29692e-06
3.29687e-06
3.29681e-06
3.29675e-06
3.29669e-06
3.29663e-06
3.29656e-06
3.29649e-06
3.29641e-06
3.29634e-06
3.29627e-06
3.29619e-06
3.2961e-06
3.29597e-06
3.29585e-06
3.29576e-06
3.2957e-06
3.29568e-06
3.29569e-06
3.2957e-06
3.29571e-06
3.29572e-06
3.29574e-06
3.29577e-06
3.29578e-06
3.2958e-06
3.29582e-06
3.29583e-06
3.29585e-06
3.29586e-06
3.29586e-06
3.29588e-06
3.29589e-06
3.29593e-06
3.2976e-06
3.29721e-06
3.29711e-06
3.29703e-06
3.29696e-06
3.29691e-06
3.29686e-06
3.29682e-06
3.29678e-06
3.29673e-06
3.29669e-06
3.29664e-06
3.29659e-06
3.29653e-06
3.29647e-06
3.29642e-06
3.29636e-06
3.2963e-06
3.29624e-06
3.29615e-06
3.29606e-06
3.296e-06
3.29595e-06
3.29592e-06
3.29592e-06
3.29592e-06
3.29592e-06
3.29593e-06
3.29594e-06
3.29595e-06
3.29596e-06
3.29597e-06
3.29598e-06
3.29598e-06
3.29599e-06
3.29599e-06
3.29599e-06
3.296e-06
3.29601e-06
3.29603e-06
3.29736e-06
3.2971e-06
3.29704e-06
3.29696e-06
3.2969e-06
3.29686e-06
3.29682e-06
3.29679e-06
3.29675e-06
3.29672e-06
3.29669e-06
3.29665e-06
3.29661e-06
3.29657e-06
3.29653e-06
3.29648e-06
3.29643e-06
3.29638e-06
3.29633e-06
3.29627e-06
3.29622e-06
3.29617e-06
3.29614e-06
3.29612e-06
3.2961e-06
3.2961e-06
3.2961e-06
3.2961e-06
3.2961e-06
3.2961e-06
3.2961e-06
3.2961e-06
3.2961e-06
3.2961e-06
3.2961e-06
3.2961e-06
3.2961e-06
3.2961e-06
3.29611e-06
3.29613e-06
3.29719e-06
3.29703e-06
3.29698e-06
3.2969e-06
3.29685e-06
3.29682e-06
3.29679e-06
3.29676e-06
3.29674e-06
3.29672e-06
3.29669e-06
3.29667e-06
3.29664e-06
3.29661e-06
3.29658e-06
3.29654e-06
3.29651e-06
3.29647e-06
3.29643e-06
3.29639e-06
3.29636e-06
3.29633e-06
3.29631e-06
3.29629e-06
3.29628e-06
3.29627e-06
3.29626e-06
3.29626e-06
3.29626e-06
3.29625e-06
3.29625e-06
3.29625e-06
3.29625e-06
3.29625e-06
3.29625e-06
3.29625e-06
3.29625e-06
3.29625e-06
3.29625e-06
3.29626e-06
3.29707e-06
3.29696e-06
3.29692e-06
3.29685e-06
3.29682e-06
3.29679e-06
3.29677e-06
3.29675e-06
3.29673e-06
3.29672e-06
3.2967e-06
3.29668e-06
3.29666e-06
3.29664e-06
3.29662e-06
3.2966e-06
3.29657e-06
3.29655e-06
3.29652e-06
3.29649e-06
3.29647e-06
3.29645e-06
3.29643e-06
3.29642e-06
3.29641e-06
3.29641e-06
3.2964e-06
3.2964e-06
3.29639e-06
3.29639e-06
3.29639e-06
3.29639e-06
3.29638e-06
3.29638e-06
3.29638e-06
3.29638e-06
3.29638e-06
3.29638e-06
3.29638e-06
3.29639e-06
3.29697e-06
3.2969e-06
3.29686e-06
3.29682e-06
3.29679e-06
3.29677e-06
3.29676e-06
3.29675e-06
3.29674e-06
3.29673e-06
3.29671e-06
3.2967e-06
3.29669e-06
3.29667e-06
3.29666e-06
3.29664e-06
3.29662e-06
3.29661e-06
3.29659e-06
3.29657e-06
3.29656e-06
3.29654e-06
3.29653e-06
3.29652e-06
3.29652e-06
3.29651e-06
3.29651e-06
3.2965e-06
3.2965e-06
3.2965e-06
3.29649e-06
3.29649e-06
3.29649e-06
3.29649e-06
3.29649e-06
3.29649e-06
3.29649e-06
3.29649e-06
3.29649e-06
3.29649e-06
3.29691e-06
3.29686e-06
3.29682e-06
3.29679e-06
3.29678e-06
3.29677e-06
3.29676e-06
3.29675e-06
3.29675e-06
3.29674e-06
3.29673e-06
3.29672e-06
3.29671e-06
3.2967e-06
3.29669e-06
3.29668e-06
3.29666e-06
3.29665e-06
3.29664e-06
3.29663e-06
3.29662e-06
3.29661e-06
3.2966e-06
3.2966e-06
3.29659e-06
3.29659e-06
3.29659e-06
3.29658e-06
3.29658e-06
3.29658e-06
3.29658e-06
3.29658e-06
3.29658e-06
3.29657e-06
3.29657e-06
3.29657e-06
3.29657e-06
3.29657e-06
3.29657e-06
3.29657e-06
3.29685e-06
3.29682e-06
3.29678e-06
3.29678e-06
3.29677e-06
3.29677e-06
3.29676e-06
3.29676e-06
3.29676e-06
3.29676e-06
3.29675e-06
3.29674e-06
3.29673e-06
3.29672e-06
3.29671e-06
3.2967e-06
3.29669e-06
3.29668e-06
3.29668e-06
3.29667e-06
3.29667e-06
3.29666e-06
3.29666e-06
3.29666e-06
3.29666e-06
3.29666e-06
3.29666e-06
3.29666e-06
3.29667e-06
3.29667e-06
3.29667e-06
3.29667e-06
3.29667e-06
3.29667e-06
3.29667e-06
3.29667e-06
3.29667e-06
3.29668e-06
3.29667e-06
3.29668e-06
3.29681e-06
3.29678e-06
3.29677e-06
3.29677e-06
3.29677e-06
3.29677e-06
3.29677e-06
3.29677e-06
3.29676e-06
3.29676e-06
3.29675e-06
3.29674e-06
3.29673e-06
3.29673e-06
3.29672e-06
3.29672e-06
3.29672e-06
3.29672e-06
3.29672e-06
3.29673e-06
3.29673e-06
3.29673e-06
3.29674e-06
3.29674e-06
3.29675e-06
3.29675e-06
3.29675e-06
3.29676e-06
3.29676e-06
3.29676e-06
3.29677e-06
3.29677e-06
3.29677e-06
3.29677e-06
3.29677e-06
3.29677e-06
3.29678e-06
3.29678e-06
3.29678e-06
3.29678e-06
3.29678e-06
3.29675e-06
3.29677e-06
3.29676e-06
3.29677e-06
3.29677e-06
3.29676e-06
3.29676e-06
3.29675e-06
3.29674e-06
3.29674e-06
3.29674e-06
3.29674e-06
3.29675e-06
3.29675e-06
3.29676e-06
3.29676e-06
3.29677e-06
3.29677e-06
3.29678e-06
3.29679e-06
3.29679e-06
3.2968e-06
3.2968e-06
3.29681e-06
3.29681e-06
3.29681e-06
3.29682e-06
3.29682e-06
3.29682e-06
3.29682e-06
3.29683e-06
3.29683e-06
3.29683e-06
3.29683e-06
3.29683e-06
3.29684e-06
3.29684e-06
3.29684e-06
3.29684e-06
3.29675e-06
3.29673e-06
3.29676e-06
3.29677e-06
3.29677e-06
3.29676e-06
3.29675e-06
3.29674e-06
3.29674e-06
3.29674e-06
3.29675e-06
3.29675e-06
3.29676e-06
3.29677e-06
3.29678e-06
3.29679e-06
3.29679e-06
3.2968e-06
3.2968e-06
3.29681e-06
3.29681e-06
3.29682e-06
3.29682e-06
3.29683e-06
3.29683e-06
3.29683e-06
3.29683e-06
3.29683e-06
3.29684e-06
3.29684e-06
3.29684e-06
3.29684e-06
3.29684e-06
3.29684e-06
3.29684e-06
3.29684e-06
3.29685e-06
3.29685e-06
3.29685e-06
3.29685e-06
3.29673e-06
3.29673e-06
3.29676e-06
3.29676e-06
3.29675e-06
3.29674e-06
3.29674e-06
3.29673e-06
3.29674e-06
3.29674e-06
3.29675e-06
3.29676e-06
3.29677e-06
3.29678e-06
3.29678e-06
3.29679e-06
3.2968e-06
3.2968e-06
3.29681e-06
3.29681e-06
3.29681e-06
3.29682e-06
3.29682e-06
3.29682e-06
3.29682e-06
3.29682e-06
3.29682e-06
3.29682e-06
3.29682e-06
3.29682e-06
3.29683e-06
3.29683e-06
3.29683e-06
3.29683e-06
3.29683e-06
3.29683e-06
3.29683e-06
3.29683e-06
3.29683e-06
3.29684e-06
3.29673e-06
3.29673e-06
3.29677e-06
3.29676e-06
3.29675e-06
3.29675e-06
3.29674e-06
3.29673e-06
3.29673e-06
3.29674e-06
3.29675e-06
3.29675e-06
3.29676e-06
3.29677e-06
3.29679e-06
3.2968e-06
3.29681e-06
3.29681e-06
3.29682e-06
3.29683e-06
3.29683e-06
3.29683e-06
3.29683e-06
3.29683e-06
3.29684e-06
3.29684e-06
3.29684e-06
3.29684e-06
3.29684e-06
3.29684e-06
3.29684e-06
3.29684e-06
3.29684e-06
3.29684e-06
3.29685e-06
3.29685e-06
3.29685e-06
3.29686e-06
3.29686e-06
3.29686e-06
3.2967e-06
3.2967e-06
3.2967e-06
3.2967e-06
3.2967e-06
3.2967e-06
3.2967e-06
3.29671e-06
3.29672e-06
3.29674e-06
3.29676e-06
3.29678e-06
3.29681e-06
3.29683e-06
3.29684e-06
3.29685e-06
3.29685e-06
3.29685e-06
3.29685e-06
3.29684e-06
3.29684e-06
3.29683e-06
3.29683e-06
3.29682e-06
3.29682e-06
3.29682e-06
3.29681e-06
3.29681e-06
3.29681e-06
3.29681e-06
3.29681e-06
3.29681e-06
3.29681e-06
3.29681e-06
3.29681e-06
3.29681e-06
3.29681e-06
3.29681e-06
3.29681e-06
3.29681e-06
0.000141801
0.000115724
8.63806e-05
6.60341e-05
4.85549e-05
3.6374e-05
3.127e-05
2.96257e-05
0.000110171
7.86488e-05
0.000401155
0.000410459
0.000413511
0.000414354
0.000413957
0.000412885
0.000411727
0.000410204
0.00041461
0.000373733
0.000509948
0.000516705
0.000521067
0.000523826
0.000525355
0.000525795
0.000525178
0.000523262
0.000520109
0.000510577
0.000532119
0.000530144
0.000528544
0.000526872
0.000524857
0.000522124
0.00051805
0.000511799
0.000502252
0.000487036
0.000445531
0.00043614
0.000428611
0.000421968
0.000415604
0.000408954
0.000401246
0.000391633
0.000379199
0.000363038
0.0002435
0.000235999
0.000229586
0.000223734
0.000218038
0.000212044
0.000205373
0.000197696
0.000188656
0.000178239
5.26832e-05
5.00675e-05
4.77549e-05
4.56256e-05
4.36519e-05
4.17363e-05
3.98079e-05
3.77526e-05
3.56172e-05
3.33692e-05
7.55249e-06
7.3403e-06
7.15052e-06
6.97639e-06
6.81489e-06
6.66071e-06
6.51123e-06
6.35784e-06
6.21098e-06
6.06325e-06
3.6059e-06
3.59249e-06
3.57995e-06
3.56815e-06
3.55693e-06
3.54611e-06
3.5357e-06
3.5255e-06
3.51551e-06
3.50576e-06
3.2954e-06
3.29331e-06
3.29135e-06
3.28957e-06
3.28795e-06
3.28614e-06
3.28518e-06
3.28412e-06
3.28307e-06
3.282e-06
3.24033e-06
3.24138e-06
3.24234e-06
3.24326e-06
3.24402e-06
3.24516e-06
3.24601e-06
3.24678e-06
3.24753e-06
3.2482e-06
3.26412e-06
3.26413e-06
3.26411e-06
3.26409e-06
3.26409e-06
3.26398e-06
3.26433e-06
3.26446e-06
3.26456e-06
3.26421e-06
3.26206e-06
3.26248e-06
3.26287e-06
3.26323e-06
3.26357e-06
3.26389e-06
3.2642e-06
3.26449e-06
3.26478e-06
3.26484e-06
3.27604e-06
3.27612e-06
3.27614e-06
3.27615e-06
3.27617e-06
3.27617e-06
3.27618e-06
3.27617e-06
3.27623e-06
3.27621e-06
3.28544e-06
3.28559e-06
3.2857e-06
3.2858e-06
3.28588e-06
3.28595e-06
3.286e-06
3.286e-06
3.28609e-06
3.28605e-06
3.28944e-06
3.28953e-06
3.28955e-06
3.28957e-06
3.28958e-06
3.28959e-06
3.2896e-06
3.2896e-06
3.28961e-06
3.2896e-06
3.29382e-06
3.29391e-06
3.29392e-06
3.29394e-06
3.29395e-06
3.29396e-06
3.29397e-06
3.29397e-06
3.29398e-06
3.29399e-06
3.29479e-06
3.29486e-06
3.29492e-06
3.29494e-06
3.29496e-06
3.29498e-06
3.29499e-06
3.29501e-06
3.29506e-06
3.29511e-06
3.29518e-06
3.29525e-06
3.29529e-06
3.29532e-06
3.29534e-06
3.29536e-06
3.29538e-06
3.2954e-06
3.29545e-06
3.29551e-06
3.29524e-06
3.2953e-06
3.29535e-06
3.29539e-06
3.29544e-06
3.29548e-06
3.29552e-06
3.29555e-06
3.2956e-06
3.29565e-06
3.29551e-06
3.29556e-06
3.2956e-06
3.29563e-06
3.29567e-06
3.2957e-06
3.29573e-06
3.29576e-06
3.2958e-06
3.29584e-06
3.29556e-06
3.2956e-06
3.29563e-06
3.29566e-06
3.29569e-06
3.29572e-06
3.29575e-06
3.29577e-06
3.2958e-06
3.29584e-06
3.29565e-06
3.29568e-06
3.2957e-06
3.29573e-06
3.29575e-06
3.29577e-06
3.29579e-06
3.2958e-06
3.29582e-06
3.29587e-06
3.29571e-06
3.29573e-06
3.29575e-06
3.29577e-06
3.29578e-06
3.2958e-06
3.29581e-06
3.29583e-06
3.29585e-06
3.29587e-06
3.29577e-06
3.29579e-06
3.2958e-06
3.29581e-06
3.29582e-06
3.29583e-06
3.29584e-06
3.29585e-06
3.29586e-06
3.29587e-06
3.29585e-06
3.29586e-06
3.29587e-06
3.29587e-06
3.29588e-06
3.29589e-06
3.29589e-06
3.2959e-06
3.2959e-06
3.29591e-06
3.29595e-06
3.29595e-06
3.29596e-06
3.29596e-06
3.29597e-06
3.29597e-06
3.29597e-06
3.29597e-06
3.29598e-06
3.29599e-06
3.29605e-06
3.29605e-06
3.29606e-06
3.29606e-06
3.29606e-06
3.29606e-06
3.29606e-06
3.29606e-06
3.29606e-06
3.29607e-06
3.29614e-06
3.29614e-06
3.29614e-06
3.29614e-06
3.29614e-06
3.29614e-06
3.29614e-06
3.29614e-06
3.29614e-06
3.29615e-06
3.29627e-06
3.29627e-06
3.29627e-06
3.29627e-06
3.29627e-06
3.29627e-06
3.29627e-06
3.29627e-06
3.29627e-06
3.29627e-06
3.29639e-06
3.29639e-06
3.29639e-06
3.29639e-06
3.29639e-06
3.29639e-06
3.29639e-06
3.29639e-06
3.29639e-06
3.29639e-06
3.29649e-06
3.29649e-06
3.29649e-06
3.29649e-06
3.29649e-06
3.29649e-06
3.29649e-06
3.29649e-06
3.29649e-06
3.29649e-06
3.29657e-06
3.29657e-06
3.29657e-06
3.29657e-06
3.29657e-06
3.29657e-06
3.29657e-06
3.29657e-06
3.29657e-06
3.29657e-06
3.29668e-06
3.29668e-06
3.29668e-06
3.29668e-06
3.29668e-06
3.29668e-06
3.29668e-06
3.29668e-06
3.29668e-06
3.29668e-06
3.29678e-06
3.29678e-06
3.29678e-06
3.29678e-06
3.29678e-06
3.29678e-06
3.29678e-06
3.29678e-06
3.29678e-06
3.29678e-06
3.29684e-06
3.29684e-06
3.29684e-06
3.29684e-06
3.29684e-06
3.29684e-06
3.29684e-06
3.29684e-06
3.29684e-06
3.29684e-06
3.29685e-06
3.29685e-06
3.29685e-06
3.29685e-06
3.29685e-06
3.29685e-06
3.29685e-06
3.29685e-06
3.29685e-06
3.29685e-06
3.29684e-06
3.29684e-06
3.29684e-06
3.29684e-06
3.29684e-06
3.29684e-06
3.29684e-06
3.29684e-06
3.29684e-06
3.29684e-06
3.29686e-06
3.29686e-06
3.29687e-06
3.29687e-06
3.29687e-06
3.29687e-06
3.29687e-06
3.29687e-06
3.29687e-06
3.29687e-06
3.29681e-06
3.29681e-06
3.29681e-06
3.29681e-06
3.29681e-06
3.29681e-06
3.29681e-06
3.29681e-06
3.29681e-06
3.29681e-06
8.41624e-05
9.56776e-05
0.000105322
0.000111961
0.000114949
0.000114961
0.000114911
0.000116829
0.000117373
0.000116451
0.000115334
0.000114036
0.000112454
0.000110504
0.000108013
0.000105091
0.000103961
0.000100974
9.57563e-05
8.88488e-05
8.10988e-05
7.21084e-05
6.25031e-05
5.19866e-05
4.7572e-05
4.92064e-05
5.39109e-05
6.92217e-05
0.000110944
0.00014813
0.000148128
0.000110774
6.91304e-05
5.38971e-05
4.91995e-05
4.75846e-05
5.2025e-05
6.25606e-05
7.21528e-05
8.1138e-05
8.88787e-05
9.578e-05
0.00010099
0.000103968
0.000105098
0.000108019
0.00011051
0.00011246
0.000114042
0.00011534
0.000116456
0.000117378
0.000116832
0.000114913
0.000114963
0.000114951
0.000111962
0.000105323
9.56781e-05
8.41626e-05
0.000378837
0.000383263
0.000386529
0.000388645
0.000390063
0.000391279
0.000390709
0.000387986
0.000383495
0.00037749
0.000370366
0.000362613
0.000354557
0.000346423
0.00033858
0.000331157
0.000323888
0.000315729
0.000303927
0.000287722
0.000267821
0.000243173
0.000216896
0.000191304
0.000165947
0.000142859
0.000122955
0.000113388
0.000128829
0.000149151
0.000149138
0.000128736
0.000113369
0.000122993
0.000142916
0.000166011
0.000191368
0.000216951
0.000243219
0.00026785
0.000287721
0.000303927
0.000315711
0.000323864
0.000331133
0.000338558
0.000346404
0.000354539
0.000362596
0.000370349
0.000377473
0.000383478
0.00038797
0.000390693
0.000391263
0.000390047
0.00038863
0.000386515
0.00038325
0.000378824
0.00050892
0.000507971
0.000507502
0.000507364
0.000506939
0.000505535
0.000503282
0.000500295
0.000496665
0.000492467
0.000487491
0.00048163
0.000474889
0.000467333
0.000459071
0.000450252
0.000441022
0.000431348
0.000420822
0.000408336
0.000392101
0.000368291
0.000340277
0.000309747
0.00027967
0.000247201
0.000212693
0.000174041
0.000159931
0.000162622
0.000162622
0.000159885
0.000174089
0.000212788
0.000247305
0.000279769
0.000309849
0.000340389
0.00036839
0.000392109
0.000408316
0.000420794
0.000431317
0.000440989
0.000450219
0.000459037
0.000467298
0.000474854
0.000481594
0.000487455
0.00049243
0.000496629
0.000500259
0.000503246
0.000505501
0.000506905
0.00050733
0.000507469
0.000507939
0.000508889
0.000483
0.000481091
0.000480966
0.000481788
0.000482856
0.000484129
0.000485461
0.000486788
0.000488065
0.000489214
0.000490087
0.000490506
0.000490292
0.00048932
0.000487536
0.000484881
0.00048134
0.000476921
0.000471605
0.000465135
0.000456626
0.000443964
0.000423882
0.000391631
0.000361516
0.000332794
0.000298072
0.000250254
0.000200316
0.000180789
0.000180804
0.00020035
0.000250365
0.000298186
0.000332883
0.000361589
0.000391721
0.000423928
0.000443964
0.000456595
0.000465095
0.000471561
0.000476875
0.000481293
0.000484833
0.000487487
0.00048927
0.000490241
0.000490454
0.000490034
0.000489161
0.000488012
0.000486735
0.000485408
0.000484077
0.000482805
0.000481737
0.000480916
0.000481043
0.000482953
0.000358219
0.000356217
0.000356791
0.000358547
0.000361751
0.00036633
0.000372168
0.000379127
0.00038704
0.000395708
0.000404901
0.000414363
0.000423821
0.000433003
0.000441648
0.000449506
0.00045636
0.000462035
0.000466416
0.000469396
0.000470695
0.000469446
0.000463408
0.000448057
0.000421111
0.000390907
0.00036509
0.000322052
0.000252262
0.000205007
0.000205064
0.000252371
0.000322179
0.000365169
0.000390955
0.000421175
0.000448081
0.00046339
0.000469403
0.000470642
0.000469339
0.000466357
0.000461974
0.000456297
0.000449442
0.000441583
0.000432938
0.000423755
0.000414297
0.000404835
0.000395643
0.000386975
0.000379063
0.000372105
0.000366269
0.000361691
0.000358489
0.000356735
0.000356162
0.000358166
0.000174729
0.000173528
0.000174353
0.000177254
0.000182636
0.000190405
0.000200423
0.000212518
0.000226483
0.000242093
0.000259106
0.000277259
0.000296273
0.000315848
0.00033566
0.000355369
0.000374617
0.000393046
0.000410318
0.000426132
0.000440201
0.000452094
0.000460727
0.000463225
0.000454439
0.000430388
0.000406642
0.000379959
0.000313324
0.000236339
0.00023637
0.000313474
0.00038005
0.000406667
0.000430442
0.000454451
0.000463192
0.000460671
0.000452027
0.00044013
0.000426059
0.000410245
0.000392972
0.000374543
0.000355295
0.000335587
0.000315776
0.000296203
0.000277191
0.00025904
0.00024203
0.000226421
0.000212459
0.000200367
0.000190351
0.000182584
0.000177204
0.000174306
0.000173482
0.000174684
3.252e-05
3.22987e-05
3.26483e-05
3.44787e-05
3.7935e-05
4.32636e-05
5.07849e-05
6.08401e-05
7.37127e-05
8.95438e-05
0.000108274
0.000129645
0.000153263
0.000178681
0.000205468
0.00023323
0.000261603
0.000290222
0.000318707
0.00034665
0.000373621
0.000399146
0.000422529
0.000442136
0.000453908
0.00045049
0.000432977
0.000420752
0.000368825
0.000271072
0.000271209
0.000368952
0.000420726
0.000432957
0.000450495
0.000453868
0.000442068
0.00042245
0.000399064
0.000373538
0.000346568
0.000318627
0.000290145
0.000261527
0.000233158
0.000205399
0.000178615
0.000153201
0.000129588
0.000108223
8.94988e-05
7.36739e-05
6.08071e-05
5.07572e-05
4.32403e-05
3.79151e-05
3.44613e-05
3.26326e-05
3.22841e-05
3.25057e-05
5.99907e-06
5.98346e-06
6.05644e-06
6.3352e-06
6.86364e-06
7.72466e-06
9.05636e-06
1.108e-05
1.41344e-05
1.87159e-05
2.55095e-05
3.53568e-05
4.91133e-05
6.73899e-05
9.02899e-05
0.000117341
0.000147697
0.000180456
0.000214866
0.000250353
0.00028645
0.000322696
0.000358524
0.000392927
0.000423303
0.000442854
0.000441732
0.000433046
0.000409279
0.00030811
0.000308261
0.000409404
0.000433085
0.000441733
0.000442811
0.000423226
0.000392839
0.000358434
0.000322607
0.000286365
0.000250272
0.000214789
0.000180384
0.000147631
0.000117282
9.02399e-05
6.73495e-05
4.90824e-05
3.53344e-05
2.5494e-05
1.87053e-05
1.41272e-05
1.10752e-05
9.05297e-06
7.72225e-06
6.86186e-06
6.33382e-06
6.05532e-06
5.98248e-06
5.99811e-06
3.50103e-06
3.50003e-06
3.51536e-06
3.56261e-06
3.65114e-06
3.79775e-06
4.02987e-06
4.39142e-06
4.95271e-06
5.82797e-06
7.20591e-06
9.4001e-06
1.29252e-05
1.85894e-05
2.75601e-05
4.12303e-05
6.08321e-05
8.68435e-05
0.000118695
0.000155122
0.000194839
0.000236922
0.000280778
0.00032582
0.000370666
0.000410603
0.000433752
0.00043797
0.000436607
0.000342982
0.000343129
0.000436681
0.000437939
0.00043372
0.000410524
0.000370569
0.000325723
0.000280685
0.000236835
0.000194759
0.00015505
0.000118631
8.67912e-05
6.07921e-05
4.12021e-05
2.75416e-05
1.85779e-05
1.29182e-05
9.39589e-06
7.20337e-06
5.82644e-06
4.95179e-06
4.39088e-06
4.02956e-06
3.79758e-06
3.65108e-06
3.5626e-06
3.51539e-06
3.50008e-06
3.50108e-06
3.2816e-06
3.28169e-06
3.28402e-06
3.29035e-06
3.30297e-06
3.32596e-06
3.36678e-06
3.43713e-06
3.55558e-06
3.75168e-06
4.07306e-06
4.59843e-06
5.46116e-06
6.89309e-06
9.30681e-06
1.3425e-05
2.04454e-05
3.21356e-05
5.05534e-05
7.7174e-05
0.000111975
0.000153554
0.000200257
0.000251028
0.000305155
0.000360235
0.000406382
0.000427109
0.000442776
0.000370747
0.000370865
0.000442717
0.000427088
0.000406315
0.000360135
0.000305052
0.000250932
0.00020017
0.000153477
0.00011191
7.7123e-05
5.05174e-05
3.21125e-05
2.04316e-05
1.34171e-05
9.30242e-06
6.89065e-06
5.45981e-06
4.59771e-06
4.07275e-06
3.7516e-06
3.55563e-06
3.43728e-06
3.36698e-06
3.32619e-06
3.30321e-06
3.2906e-06
3.28427e-06
3.28194e-06
3.28185e-06
3.24872e-06
3.24893e-06
3.24953e-06
3.25078e-06
3.25303e-06
3.25705e-06
3.26437e-06
3.27789e-06
3.30278e-06
3.34797e-06
3.42842e-06
3.56897e-06
3.81083e-06
4.22323e-06
4.92875e-06
6.15035e-06
8.30247e-06
1.21686e-05
1.91697e-05
3.15874e-05
5.23741e-05
8.37681e-05
0.000125822
0.000176779
0.000235022
0.000299319
0.000363488
0.000407113
0.000432862
0.000389174
0.000389258
0.000432839
0.000407077
0.000363395
0.000299211
0.000234922
0.000176691
0.000125748
8.37112e-05
5.23351e-05
3.15637e-05
1.91565e-05
1.21615e-05
8.29875e-06
6.14841e-06
4.92776e-06
4.22276e-06
3.81066e-06
3.56896e-06
3.42851e-06
3.34811e-06
3.30295e-06
3.27807e-06
3.26456e-06
3.25723e-06
3.25321e-06
3.25096e-06
3.2497e-06
3.2491e-06
3.24889e-06
3.26409e-06
3.26414e-06
3.26394e-06
3.26335e-06
3.26269e-06
3.26214e-06
3.26205e-06
3.26306e-06
3.26651e-06
3.27512e-06
3.29331e-06
3.32936e-06
3.39787e-06
3.52389e-06
3.75086e-06
4.15532e-06
4.87659e-06
6.18433e-06
8.61268e-06
1.32385e-05
2.21445e-05
3.87811e-05
6.73501e-05
0.000110267
0.000166669
0.000234613
0.000310524
0.000376624
0.000417477
0.000398042
0.000398088
0.000417407
0.000376563
0.000310417
0.000234507
0.000166579
0.000110195
6.72997e-05
3.87506e-05
2.21281e-05
1.32302e-05
8.6086e-06
6.18233e-06
4.87563e-06
4.15491e-06
3.75075e-06
3.52394e-06
3.39801e-06
3.32956e-06
3.29353e-06
3.27537e-06
3.26677e-06
3.2633e-06
3.26229e-06
3.26239e-06
3.26294e-06
3.2636e-06
3.2642e-06
3.26439e-06
3.26434e-06
3.26484e-06
3.26486e-06
3.26495e-06
3.26505e-06
3.26512e-06
3.26515e-06
3.26514e-06
3.26518e-06
3.26552e-06
3.26676e-06
3.27019e-06
3.27836e-06
3.29628e-06
3.33326e-06
3.40625e-06
3.5457e-06
3.80644e-06
4.29061e-06
5.19629e-06
6.93586e-06
1.03965e-05
1.74952e-05
3.20181e-05
5.98106e-05
0.000106022
0.000171323
0.000252761
0.000336511
0.00039072
0.000397484
0.000397498
0.000390669
0.00033643
0.000252651
0.000171227
0.000105949
5.97633e-05
3.19924e-05
1.74827e-05
1.03907e-05
6.9332e-06
5.19508e-06
4.29012e-06
3.80631e-06
3.54576e-06
3.40643e-06
3.3335e-06
3.29656e-06
3.27866e-06
3.27049e-06
3.26708e-06
3.26584e-06
3.26551e-06
3.26548e-06
3.26549e-06
3.26546e-06
3.26539e-06
3.2653e-06
3.26521e-06
3.26518e-06
3.27619e-06
3.27603e-06
3.27572e-06
3.27525e-06
3.27466e-06
3.27397e-06
3.27321e-06
3.27238e-06
3.27155e-06
3.27084e-06
3.27058e-06
3.27146e-06
3.27524e-06
3.28491e-06
3.30687e-06
3.35349e-06
3.44811e-06
3.63458e-06
3.9965e-06
4.70152e-06
6.10808e-06
9.03941e-06
1.54464e-05
2.97235e-05
5.98219e-05
0.000114196
0.000194588
0.000290028
0.000363323
0.00039286
0.00039287
0.000363274
0.000289935
0.000194484
0.000114117
5.97731e-05
2.96993e-05
1.54356e-05
9.03481e-06
6.1061e-06
4.70072e-06
3.99624e-06
3.63459e-06
3.44826e-06
3.35371e-06
3.30712e-06
3.28518e-06
3.27551e-06
3.27173e-06
3.27083e-06
3.27109e-06
3.27178e-06
3.2726e-06
3.27342e-06
3.27418e-06
3.27486e-06
3.27544e-06
3.2759e-06
3.27621e-06
3.27637e-06
3.28598e-06
3.28586e-06
3.28577e-06
3.28556e-06
3.28522e-06
3.28473e-06
3.28408e-06
3.28325e-06
3.28227e-06
3.28115e-06
3.27996e-06
3.2789e-06
3.27844e-06
3.27962e-06
3.28469e-06
3.29847e-06
3.33075e-06
3.40102e-06
3.54761e-06
3.84678e-06
4.45689e-06
5.73184e-06
8.5438e-06
1.51608e-05
3.13233e-05
6.86694e-05
0.000139751
0.000240428
0.000332777
0.000381677
0.000381656
0.000332722
0.000240331
0.000139659
6.8613e-05
3.12971e-05
1.51503e-05
8.53965e-06
5.73023e-06
4.45628e-06
3.84663e-06
3.54767e-06
3.40119e-06
3.33096e-06
3.2987e-06
3.28492e-06
3.27983e-06
3.27864e-06
3.27909e-06
3.28013e-06
3.28131e-06
3.28242e-06
3.28339e-06
3.2842e-06
3.28485e-06
3.28533e-06
3.28567e-06
3.28587e-06
3.28596e-06
3.28608e-06
3.28958e-06
3.28951e-06
3.28938e-06
3.28919e-06
3.28894e-06
3.28862e-06
3.28821e-06
3.2877e-06
3.28706e-06
3.28629e-06
3.28537e-06
3.28434e-06
3.2834e-06
3.28277e-06
3.28316e-06
3.28629e-06
3.29604e-06
3.32087e-06
3.37848e-06
3.50554e-06
3.77862e-06
4.3647e-06
5.66199e-06
8.73346e-06
1.667e-05
3.82419e-05
9.22919e-05
0.00019052
0.000298748
0.000369264
0.00036922
0.000298686
0.000190425
9.22198e-05
3.82089e-05
1.66578e-05
8.72909e-06
5.66041e-06
4.36415e-06
3.7785e-06
3.50562e-06
3.37863e-06
3.32105e-06
3.29623e-06
3.28646e-06
3.28332e-06
3.28291e-06
3.28351e-06
3.28443e-06
3.28545e-06
3.28635e-06
3.28711e-06
3.28774e-06
3.28824e-06
3.28864e-06
3.28895e-06
3.2892e-06
3.28939e-06
3.28952e-06
3.28959e-06
3.29408e-06
3.29404e-06
3.29403e-06
3.29398e-06
3.29387e-06
3.29369e-06
3.29342e-06
3.29305e-06
3.29257e-06
3.29196e-06
3.29121e-06
3.29032e-06
3.2893e-06
3.28824e-06
3.28734e-06
3.28717e-06
3.28917e-06
3.29678e-06
3.31789e-06
3.37006e-06
3.49168e-06
3.76751e-06
4.39514e-06
5.88546e-06
9.76579e-06
2.1126e-05
5.61706e-05
0.0001417
0.000261626
0.000354066
0.000354017
0.000261559
0.000141616
5.61219e-05
2.11092e-05
9.76041e-06
5.88368e-06
4.39457e-06
3.76739e-06
3.49174e-06
3.37019e-06
3.31804e-06
3.29692e-06
3.2893e-06
3.28729e-06
3.28744e-06
3.28832e-06
3.28937e-06
3.29038e-06
3.29126e-06
3.29201e-06
3.29261e-06
3.29309e-06
3.29346e-06
3.29373e-06
3.29391e-06
3.29402e-06
3.29407e-06
3.29407e-06
3.29412e-06
3.29522e-06
3.29522e-06
3.29518e-06
3.29513e-06
3.29505e-06
3.29494e-06
3.29479e-06
3.29459e-06
3.29433e-06
3.29399e-06
3.29356e-06
3.29302e-06
3.29245e-06
3.29175e-06
3.29095e-06
3.29021e-06
3.29002e-06
3.29168e-06
3.29854e-06
3.31871e-06
3.37124e-06
3.50037e-06
3.8106e-06
4.56608e-06
6.53255e-06
1.23927e-05
3.26574e-05
9.89202e-05
0.000222973
0.000335685
0.000335634
0.000222907
9.88516e-05
3.26293e-05
1.23847e-05
6.53021e-06
4.56536e-06
3.81044e-06
3.50041e-06
3.37135e-06
3.31883e-06
3.29867e-06
3.29179e-06
3.29011e-06
3.29029e-06
3.29102e-06
3.29181e-06
3.29251e-06
3.29307e-06
3.29361e-06
3.29403e-06
3.29437e-06
3.29463e-06
3.29483e-06
3.29497e-06
3.29508e-06
3.29516e-06
3.29522e-06
3.29525e-06
3.29525e-06
3.29564e-06
3.29567e-06
3.29577e-06
3.29587e-06
3.29595e-06
3.29601e-06
3.29604e-06
3.29603e-06
3.29596e-06
3.29582e-06
3.29561e-06
3.29531e-06
3.29492e-06
3.29442e-06
3.29381e-06
3.29311e-06
3.29246e-06
3.29231e-06
3.29399e-06
3.30104e-06
3.32262e-06
3.38158e-06
3.53457e-06
3.9264e-06
4.96608e-06
8.05702e-06
1.9236e-05
6.49553e-05
0.000184459
0.000314478
0.000314426
0.000184395
6.49054e-05
1.92212e-05
8.05324e-06
4.96506e-06
3.92615e-06
3.53457e-06
3.38167e-06
3.32273e-06
3.30115e-06
3.29408e-06
3.2924e-06
3.29253e-06
3.29318e-06
3.29387e-06
3.29447e-06
3.29496e-06
3.29535e-06
3.29565e-06
3.29586e-06
3.29599e-06
3.29606e-06
3.29607e-06
3.29604e-06
3.29598e-06
3.2959e-06
3.2958e-06
3.2957e-06
3.29567e-06
3.29578e-06
3.29583e-06
3.29586e-06
3.29589e-06
3.2959e-06
3.29591e-06
3.29592e-06
3.29591e-06
3.2959e-06
3.29591e-06
3.2959e-06
3.29586e-06
3.29575e-06
3.29556e-06
3.29528e-06
3.29488e-06
3.29438e-06
3.29393e-06
3.29399e-06
3.29606e-06
3.30432e-06
3.33023e-06
3.40432e-06
3.6081e-06
4.17283e-06
5.86153e-06
1.20203e-05
4.08528e-05
0.000146759
0.000290846
0.000290794
0.000146695
4.08208e-05
1.20128e-05
5.85977e-06
4.17241e-06
3.60805e-06
3.40439e-06
3.33033e-06
3.30442e-06
3.29615e-06
3.29407e-06
3.294e-06
3.29444e-06
3.29493e-06
3.29533e-06
3.29561e-06
3.29579e-06
3.2959e-06
3.29594e-06
3.29594e-06
3.29593e-06
3.29594e-06
3.29594e-06
3.29594e-06
3.29593e-06
3.29591e-06
3.29589e-06
3.29586e-06
3.29581e-06
3.29599e-06
3.29605e-06
3.29616e-06
3.29627e-06
3.29638e-06
3.29647e-06
3.29654e-06
3.29659e-06
3.29662e-06
3.29662e-06
3.29661e-06
3.29657e-06
3.29651e-06
3.2964e-06
3.29625e-06
3.29602e-06
3.2957e-06
3.29533e-06
3.29503e-06
3.29539e-06
3.29823e-06
3.30909e-06
3.344e-06
3.44881e-06
3.7586e-06
4.71244e-06
8.18587e-06
2.54688e-05
0.000111022
0.000265391
0.000265337
0.000110965
2.54498e-05
8.18203e-06
4.71162e-06
3.75845e-06
3.44885e-06
3.34409e-06
3.30918e-06
3.29832e-06
3.29546e-06
3.2951e-06
3.29538e-06
3.29576e-06
3.29606e-06
3.29629e-06
3.29645e-06
3.29655e-06
3.29661e-06
3.29664e-06
3.29666e-06
3.29665e-06
3.29662e-06
3.29657e-06
3.2965e-06
3.2964e-06
3.2963e-06
3.29619e-06
3.29607e-06
3.29602e-06
3.29599e-06
3.29605e-06
3.29611e-06
3.29618e-06
3.29626e-06
3.29634e-06
3.29641e-06
3.29649e-06
3.29657e-06
3.29664e-06
3.29669e-06
3.29674e-06
3.29676e-06
3.29676e-06
3.29672e-06
3.29664e-06
3.29649e-06
3.29627e-06
3.29601e-06
3.2959e-06
3.29671e-06
3.30099e-06
3.31693e-06
3.36984e-06
3.53921e-06
4.08895e-06
6.10914e-06
1.63112e-05
8.02224e-05
0.000238765
0.000238711
8.01767e-05
1.63005e-05
6.10715e-06
4.08858e-06
3.53919e-06
3.36991e-06
3.31702e-06
3.30107e-06
3.29679e-06
3.29597e-06
3.29606e-06
3.29632e-06
3.29653e-06
3.29668e-06
3.29676e-06
3.2968e-06
3.2968e-06
3.29677e-06
3.29673e-06
3.29667e-06
3.2966e-06
3.29652e-06
3.29644e-06
3.29636e-06
3.29628e-06
3.2962e-06
3.29612e-06
3.29606e-06
3.296e-06
3.29601e-06
3.29607e-06
3.29618e-06
3.29629e-06
3.29639e-06
3.29649e-06
3.29658e-06
3.29666e-06
3.29674e-06
3.2968e-06
3.29686e-06
3.29692e-06
3.29696e-06
3.29699e-06
3.297e-06
3.29699e-06
3.29694e-06
3.29684e-06
3.29669e-06
3.29655e-06
3.29669e-06
3.29826e-06
3.30528e-06
3.33143e-06
3.42296e-06
3.74226e-06
4.94825e-06
1.10401e-05
5.59483e-05
0.000211706
0.000211652
5.59147e-05
1.10342e-05
4.94721e-06
3.74213e-06
3.42301e-06
3.33152e-06
3.30536e-06
3.29833e-06
3.29675e-06
3.2966e-06
3.29674e-06
3.29689e-06
3.29698e-06
3.29703e-06
3.29704e-06
3.29702e-06
3.29699e-06
3.29694e-06
3.29689e-06
3.29683e-06
3.29676e-06
3.29668e-06
3.29659e-06
3.2965e-06
3.2964e-06
3.2963e-06
3.29619e-06
3.29608e-06
3.29602e-06
3.29599e-06
3.29604e-06
3.29612e-06
3.2962e-06
3.29628e-06
3.29636e-06
3.29644e-06
3.29653e-06
3.29661e-06
3.29669e-06
3.29678e-06
3.29686e-06
3.29693e-06
3.297e-06
3.29706e-06
3.29711e-06
3.29713e-06
3.29713e-06
3.29709e-06
3.29702e-06
3.29701e-06
3.29755e-06
3.30055e-06
3.31322e-06
3.36193e-06
3.54712e-06
4.27948e-06
8.00319e-06
3.82685e-05
0.000184833
0.000184777
3.82455e-05
7.99996e-06
4.27893e-06
3.5471e-06
3.362e-06
3.31331e-06
3.30063e-06
3.29761e-06
3.29707e-06
3.29707e-06
3.29713e-06
3.29717e-06
3.29717e-06
3.29714e-06
3.29709e-06
3.29703e-06
3.29696e-06
3.29688e-06
3.2968e-06
3.29671e-06
3.29663e-06
3.29654e-06
3.29646e-06
3.29638e-06
3.29629e-06
3.29621e-06
3.29613e-06
3.29605e-06
3.296e-06
3.29598e-06
3.29602e-06
3.2961e-06
3.29618e-06
3.29625e-06
3.29633e-06
3.29641e-06
3.29648e-06
3.29656e-06
3.29663e-06
3.2967e-06
3.29678e-06
3.29685e-06
3.29693e-06
3.29701e-06
3.29708e-06
3.29715e-06
3.29721e-06
3.29725e-06
3.29726e-06
3.29728e-06
3.29749e-06
3.29877e-06
3.30484e-06
3.33037e-06
3.43702e-06
3.88613e-06
6.2193e-06
2.61739e-05
0.000158793
0.000158736
2.6159e-05
6.21752e-06
3.88588e-06
3.43706e-06
3.33045e-06
3.30492e-06
3.29884e-06
3.29755e-06
3.29733e-06
3.29731e-06
3.29729e-06
3.29724e-06
3.29718e-06
3.29711e-06
3.29703e-06
3.29695e-06
3.29687e-06
3.2968e-06
3.29672e-06
3.29665e-06
3.29657e-06
3.2965e-06
3.29642e-06
3.29634e-06
3.29627e-06
3.29619e-06
3.29611e-06
3.29603e-06
3.29599e-06
3.296e-06
3.29605e-06
3.29608e-06
3.29613e-06
3.29618e-06
3.29624e-06
3.2963e-06
3.29635e-06
3.29642e-06
3.29648e-06
3.29655e-06
3.29662e-06
3.2967e-06
3.29677e-06
3.29686e-06
3.29695e-06
3.29704e-06
3.29713e-06
3.29723e-06
3.29731e-06
3.29739e-06
3.29754e-06
3.29814e-06
3.30107e-06
3.31433e-06
3.37517e-06
3.65165e-06
5.1442e-06
1.82453e-05
0.000134133
0.000134081
1.8236e-05
5.14322e-06
3.65157e-06
3.37524e-06
3.31441e-06
3.30115e-06
3.29821e-06
3.2976e-06
3.29744e-06
3.29735e-06
3.29726e-06
3.29716e-06
3.29707e-06
3.29697e-06
3.29688e-06
3.29679e-06
3.29671e-06
3.29664e-06
3.29656e-06
3.29649e-06
3.29643e-06
3.29636e-06
3.2963e-06
3.29624e-06
3.29619e-06
3.29613e-06
3.29608e-06
3.29605e-06
3.29601e-06
3.29605e-06
3.29608e-06
3.29611e-06
3.29614e-06
3.29619e-06
3.29623e-06
3.29627e-06
3.29631e-06
3.29635e-06
3.29639e-06
3.29644e-06
3.29649e-06
3.29655e-06
3.29662e-06
3.29669e-06
3.29677e-06
3.29686e-06
3.29697e-06
3.29708e-06
3.29721e-06
3.29734e-06
3.29751e-06
3.29788e-06
3.29938e-06
3.30628e-06
3.3407e-06
3.51081e-06
4.48007e-06
1.3152e-05
0.000111347
0.000111301
1.31462e-05
4.47954e-06
3.51081e-06
3.34078e-06
3.30636e-06
3.29945e-06
3.29794e-06
3.29756e-06
3.29738e-06
3.29724e-06
3.29711e-06
3.29699e-06
3.29689e-06
3.29679e-06
3.29671e-06
3.29663e-06
3.29657e-06
3.29651e-06
3.29645e-06
3.2964e-06
3.29636e-06
3.29631e-06
3.29627e-06
3.29623e-06
3.29618e-06
3.29614e-06
3.2961e-06
3.29608e-06
3.29606e-06
3.29612e-06
3.29614e-06
3.29616e-06
3.29617e-06
3.29619e-06
3.2962e-06
3.29622e-06
3.29624e-06
3.29626e-06
3.29628e-06
3.29631e-06
3.29634e-06
3.29637e-06
3.29643e-06
3.29649e-06
3.29656e-06
3.29665e-06
3.29675e-06
3.29687e-06
3.297e-06
3.29717e-06
3.29737e-06
3.29767e-06
3.29855e-06
3.30224e-06
3.32163e-06
3.42601e-06
4.06149e-06
9.88692e-06
9.08786e-05
9.08385e-05
9.88338e-06
4.06122e-06
3.42607e-06
3.32172e-06
3.30231e-06
3.29861e-06
3.29773e-06
3.29741e-06
3.2972e-06
3.29704e-06
3.29689e-06
3.29677e-06
3.29667e-06
3.29658e-06
3.2965e-06
3.29644e-06
3.29638e-06
3.29634e-06
3.29631e-06
3.29628e-06
3.29626e-06
3.29624e-06
3.29622e-06
3.2962e-06
3.29619e-06
3.29617e-06
3.29616e-06
3.29614e-06
3.29612e-06
3.29618e-06
3.2962e-06
3.29621e-06
3.29621e-06
3.29622e-06
3.29623e-06
3.29624e-06
3.29624e-06
3.29625e-06
3.29626e-06
3.29627e-06
3.29628e-06
3.2963e-06
3.29632e-06
3.29635e-06
3.29638e-06
3.29644e-06
3.29652e-06
3.29662e-06
3.29675e-06
3.29692e-06
3.29712e-06
3.29742e-06
3.29802e-06
3.30013e-06
3.31111e-06
3.37501e-06
3.79382e-06
7.77351e-06
7.3056e-05
7.30224e-05
7.77132e-06
3.79371e-06
3.37509e-06
3.3112e-06
3.3002e-06
3.29808e-06
3.29747e-06
3.29717e-06
3.29695e-06
3.29678e-06
3.29665e-06
3.29654e-06
3.29646e-06
3.29639e-06
3.29635e-06
3.29632e-06
3.2963e-06
3.29628e-06
3.29627e-06
3.29626e-06
3.29625e-06
3.29624e-06
3.29624e-06
3.29623e-06
3.29622e-06
3.29621e-06
3.29621e-06
3.2962e-06
3.29618e-06
3.2963e-06
3.29631e-06
3.29631e-06
3.29631e-06
3.29631e-06
3.29632e-06
3.29632e-06
3.29633e-06
3.29634e-06
3.29634e-06
3.29635e-06
3.29635e-06
3.29635e-06
3.29636e-06
3.29637e-06
3.29638e-06
3.29639e-06
3.29641e-06
3.29646e-06
3.29654e-06
3.29667e-06
3.29686e-06
3.29712e-06
3.29759e-06
3.29891e-06
3.30526e-06
3.34437e-06
3.62102e-06
6.38341e-06
5.80287e-05
5.80015e-05
6.38206e-06
3.62101e-06
3.34446e-06
3.30534e-06
3.29898e-06
3.29765e-06
3.29716e-06
3.29689e-06
3.2967e-06
3.29656e-06
3.29646e-06
3.29641e-06
3.29638e-06
3.29637e-06
3.29636e-06
3.29635e-06
3.29634e-06
3.29634e-06
3.29634e-06
3.29633e-06
3.29633e-06
3.29632e-06
3.29631e-06
3.29631e-06
3.29631e-06
3.2963e-06
3.2963e-06
3.2963e-06
3.29629e-06
3.29641e-06
3.29642e-06
3.29642e-06
3.29642e-06
3.29642e-06
3.29643e-06
3.29643e-06
3.29643e-06
3.29644e-06
3.29644e-06
3.29644e-06
3.29644e-06
3.29644e-06
3.29643e-06
3.29643e-06
3.29643e-06
3.29643e-06
3.29644e-06
3.29645e-06
3.29648e-06
3.29652e-06
3.29664e-06
3.29684e-06
3.29721e-06
3.29811e-06
3.3019e-06
3.32593e-06
3.50882e-06
5.45244e-06
4.57441e-05
4.57227e-05
5.45161e-06
3.50888e-06
3.32603e-06
3.30198e-06
3.29817e-06
3.29726e-06
3.29687e-06
3.29666e-06
3.29652e-06
3.29646e-06
3.29644e-06
3.29642e-06
3.29642e-06
3.29642e-06
3.29642e-06
3.29642e-06
3.29642e-06
3.29642e-06
3.29642e-06
3.29642e-06
3.29642e-06
3.29642e-06
3.29641e-06
3.29641e-06
3.29641e-06
3.29641e-06
3.29641e-06
3.29641e-06
3.2964e-06
3.2965e-06
3.29651e-06
3.29651e-06
3.29651e-06
3.29651e-06
3.29652e-06
3.29652e-06
3.29652e-06
3.29652e-06
3.29652e-06
3.29652e-06
3.29652e-06
3.29652e-06
3.29652e-06
3.29651e-06
3.29651e-06
3.2965e-06
3.2965e-06
3.29649e-06
3.2965e-06
3.29651e-06
3.29656e-06
3.29666e-06
3.29691e-06
3.29753e-06
3.29988e-06
3.31478e-06
3.43574e-06
4.81803e-06
3.59702e-05
3.59537e-05
4.81754e-06
3.43583e-06
3.31488e-06
3.29995e-06
3.29758e-06
3.29694e-06
3.29667e-06
3.29655e-06
3.2965e-06
3.29648e-06
3.29648e-06
3.29648e-06
3.29648e-06
3.29649e-06
3.29649e-06
3.2965e-06
3.2965e-06
3.2965e-06
3.29651e-06
3.29651e-06
3.29651e-06
3.29651e-06
3.29651e-06
3.29651e-06
3.29651e-06
3.2965e-06
3.2965e-06
3.2965e-06
3.2965e-06
3.29658e-06
3.29657e-06
3.29657e-06
3.29657e-06
3.29656e-06
3.29656e-06
3.29657e-06
3.29657e-06
3.29657e-06
3.29657e-06
3.29657e-06
3.29658e-06
3.29658e-06
3.29657e-06
3.29657e-06
3.29657e-06
3.29657e-06
3.29656e-06
3.29656e-06
3.29655e-06
3.29656e-06
3.29657e-06
3.29661e-06
3.29672e-06
3.29712e-06
3.29861e-06
3.30795e-06
3.38802e-06
4.37908e-06
2.83604e-05
2.83479e-05
4.37881e-06
3.38813e-06
3.30804e-06
3.29867e-06
3.29716e-06
3.29674e-06
3.2966e-06
3.29655e-06
3.29653e-06
3.29653e-06
3.29653e-06
3.29654e-06
3.29655e-06
3.29655e-06
3.29655e-06
3.29656e-06
3.29656e-06
3.29656e-06
3.29656e-06
3.29656e-06
3.29656e-06
3.29656e-06
3.29656e-06
3.29656e-06
3.29656e-06
3.29656e-06
3.29656e-06
3.29657e-06
3.29657e-06
3.29667e-06
3.29667e-06
3.29666e-06
3.29666e-06
3.29665e-06
3.29664e-06
3.29663e-06
3.29663e-06
3.29662e-06
3.29662e-06
3.29662e-06
3.29662e-06
3.29662e-06
3.29662e-06
3.29661e-06
3.29661e-06
3.29661e-06
3.29661e-06
3.29661e-06
3.29661e-06
3.29661e-06
3.29661e-06
3.29663e-06
3.29668e-06
3.29688e-06
3.29779e-06
3.30369e-06
3.35679e-06
4.0715e-06
2.25264e-05
2.25172e-05
4.07138e-06
3.35691e-06
3.30378e-06
3.29783e-06
3.29689e-06
3.29667e-06
3.29661e-06
3.29659e-06
3.29658e-06
3.29658e-06
3.29659e-06
3.29659e-06
3.29659e-06
3.2966e-06
3.2966e-06
3.2966e-06
3.2966e-06
3.2966e-06
3.2966e-06
3.29661e-06
3.29661e-06
3.29662e-06
3.29663e-06
3.29664e-06
3.29664e-06
3.29665e-06
3.29666e-06
3.29666e-06
3.29667e-06
3.29679e-06
3.29679e-06
3.29679e-06
3.29679e-06
3.29679e-06
3.29678e-06
3.29677e-06
3.29676e-06
3.29675e-06
3.29674e-06
3.29672e-06
3.29671e-06
3.29669e-06
3.29668e-06
3.29667e-06
3.29666e-06
3.29666e-06
3.29666e-06
3.29665e-06
3.29665e-06
3.29666e-06
3.29666e-06
3.29667e-06
3.2967e-06
3.2968e-06
3.29729e-06
3.30101e-06
3.33629e-06
3.85382e-06
1.80958e-05
1.8089e-05
3.8538e-06
3.33641e-06
3.30108e-06
3.29731e-06
3.29679e-06
3.29668e-06
3.29664e-06
3.29663e-06
3.29663e-06
3.29663e-06
3.29663e-06
3.29664e-06
3.29664e-06
3.29665e-06
3.29666e-06
3.29667e-06
3.29668e-06
3.2967e-06
3.29672e-06
3.29673e-06
3.29675e-06
3.29676e-06
3.29677e-06
3.29678e-06
3.29678e-06
3.29678e-06
3.29679e-06
3.29678e-06
3.29678e-06
3.29685e-06
3.29686e-06
3.29686e-06
3.29687e-06
3.29687e-06
3.29687e-06
3.29687e-06
3.29687e-06
3.29686e-06
3.29685e-06
3.29684e-06
3.29683e-06
3.29681e-06
3.29679e-06
3.29677e-06
3.29674e-06
3.29673e-06
3.29671e-06
3.2967e-06
3.2967e-06
3.2967e-06
3.2967e-06
3.29672e-06
3.29674e-06
3.2968e-06
3.29707e-06
3.29933e-06
3.3228e-06
3.69876e-06
1.47447e-05
1.47398e-05
3.69885e-06
3.32291e-06
3.29938e-06
3.29706e-06
3.29677e-06
3.29671e-06
3.29669e-06
3.29668e-06
3.29667e-06
3.29668e-06
3.29668e-06
3.2967e-06
3.29671e-06
3.29674e-06
3.29676e-06
3.29679e-06
3.29681e-06
3.29683e-06
3.29684e-06
3.29685e-06
3.29686e-06
3.29686e-06
3.29687e-06
3.29687e-06
3.29687e-06
3.29686e-06
3.29686e-06
3.29685e-06
3.29685e-06
3.29686e-06
3.29686e-06
3.29687e-06
3.29687e-06
3.29688e-06
3.29688e-06
3.29689e-06
3.29689e-06
3.2969e-06
3.2969e-06
3.2969e-06
3.2969e-06
3.29689e-06
3.29688e-06
3.29687e-06
3.29685e-06
3.29683e-06
3.2968e-06
3.29677e-06
3.29675e-06
3.29674e-06
3.29674e-06
3.29675e-06
3.29678e-06
3.29683e-06
3.297e-06
3.2983e-06
3.31388e-06
3.58754e-06
1.22094e-05
1.22058e-05
3.5877e-06
3.31398e-06
3.29832e-06
3.29697e-06
3.29679e-06
3.29675e-06
3.29672e-06
3.29672e-06
3.29672e-06
3.29674e-06
3.29676e-06
3.29679e-06
3.29682e-06
3.29685e-06
3.29687e-06
3.29688e-06
3.29689e-06
3.2969e-06
3.2969e-06
3.2969e-06
3.2969e-06
3.2969e-06
3.29689e-06
3.29688e-06
3.29688e-06
3.29687e-06
3.29687e-06
3.29686e-06
3.29686e-06
3.29685e-06
3.29685e-06
3.29685e-06
3.29685e-06
3.29686e-06
3.29686e-06
3.29687e-06
3.29688e-06
3.29688e-06
3.29689e-06
3.2969e-06
3.29691e-06
3.29691e-06
3.29692e-06
3.29692e-06
3.29691e-06
3.2969e-06
3.29689e-06
3.29686e-06
3.29684e-06
3.2968e-06
3.29679e-06
3.29679e-06
3.29681e-06
3.29686e-06
3.29699e-06
3.29776e-06
3.308e-06
3.50735e-06
1.0285e-05
1.02824e-05
3.50754e-06
3.30808e-06
3.29774e-06
3.29695e-06
3.29682e-06
3.29678e-06
3.29677e-06
3.29677e-06
3.29679e-06
3.29683e-06
3.29686e-06
3.29689e-06
3.2969e-06
3.29691e-06
3.29692e-06
3.29692e-06
3.29691e-06
3.29691e-06
3.2969e-06
3.29689e-06
3.29688e-06
3.29688e-06
3.29687e-06
3.29686e-06
3.29686e-06
3.29685e-06
3.29685e-06
3.29685e-06
3.29684e-06
3.29687e-06
3.29687e-06
3.29687e-06
3.29687e-06
3.29687e-06
3.29687e-06
3.29687e-06
3.29687e-06
3.29687e-06
3.29687e-06
3.29688e-06
3.29688e-06
3.29689e-06
3.2969e-06
3.29691e-06
3.29692e-06
3.29692e-06
3.29693e-06
3.29692e-06
3.29691e-06
3.29689e-06
3.29686e-06
3.29683e-06
3.29683e-06
3.29687e-06
3.29699e-06
3.29749e-06
3.30414e-06
3.44938e-06
8.81398e-06
8.81211e-06
3.44956e-06
3.30419e-06
3.29745e-06
3.29694e-06
3.29684e-06
3.29681e-06
3.29682e-06
3.29686e-06
3.29689e-06
3.29691e-06
3.29692e-06
3.29693e-06
3.29692e-06
3.29692e-06
3.29691e-06
3.2969e-06
3.29689e-06
3.29688e-06
3.29688e-06
3.29687e-06
3.29687e-06
3.29687e-06
3.29687e-06
3.29687e-06
3.29687e-06
3.29687e-06
3.29687e-06
3.29687e-06
3.29687e-06
3.29682e-06
3.29684e-06
3.29686e-06
3.29688e-06
3.29689e-06
3.29691e-06
3.29692e-06
3.29693e-06
3.29694e-06
3.29694e-06
3.29694e-06
3.29693e-06
3.29693e-06
3.29693e-06
3.29692e-06
3.29692e-06
3.29692e-06
3.29692e-06
3.29692e-06
3.29692e-06
3.29691e-06
3.2969e-06
3.29688e-06
3.29687e-06
3.29689e-06
3.29698e-06
3.29736e-06
3.30162e-06
3.40724e-06
7.68693e-06
7.68533e-06
3.40741e-06
3.30163e-06
3.29732e-06
3.29694e-06
3.29686e-06
3.29686e-06
3.29687e-06
3.2969e-06
3.29691e-06
3.29692e-06
3.29693e-06
3.29693e-06
3.29692e-06
3.29692e-06
3.29692e-06
3.29693e-06
3.29693e-06
3.29693e-06
3.29694e-06
3.29694e-06
3.29694e-06
3.29693e-06
3.29692e-06
3.29691e-06
3.2969e-06
3.29688e-06
3.29686e-06
3.29684e-06
3.29683e-06
7.86487e-05
0.000110171
2.96237e-05
3.12664e-05
3.63669e-05
4.85433e-05
6.60229e-05
8.63716e-05
0.000115716
0.000141794
0.000373721
0.000414595
0.000410189
0.000411713
0.000412871
0.000413945
0.000414342
0.0004135
0.000410448
0.000401144
0.000510546
0.000520082
0.000523237
0.000525155
0.000525773
0.000525334
0.000523807
0.00052105
0.000516689
0.000509933
0.000486991
0.000502211
0.000511762
0.000518017
0.000522094
0.000524829
0.000526846
0.00052852
0.000530123
0.0005321
0.000362987
0.000379152
0.00039159
0.000401206
0.000408918
0.000415571
0.000421938
0.000428583
0.000436114
0.000445508
0.000178195
0.000188615
0.000197657
0.000205336
0.000212009
0.000218005
0.000223704
0.000229557
0.000235972
0.000243474
3.3355e-05
3.56028e-05
3.77381e-05
3.97934e-05
4.17217e-05
4.36374e-05
4.5611e-05
4.77402e-05
5.00527e-05
5.26681e-05
6.06226e-06
6.20996e-06
6.35681e-06
6.51018e-06
6.65964e-06
6.8138e-06
6.97527e-06
7.14937e-06
7.33913e-06
7.55128e-06
3.50581e-06
3.51555e-06
3.52553e-06
3.53573e-06
3.54613e-06
3.55695e-06
3.56816e-06
3.57996e-06
3.59248e-06
3.60589e-06
3.28225e-06
3.28332e-06
3.28437e-06
3.28542e-06
3.28638e-06
3.28818e-06
3.28979e-06
3.29157e-06
3.29352e-06
3.29559e-06
3.24837e-06
3.24769e-06
3.24693e-06
3.24616e-06
3.24531e-06
3.24417e-06
3.24341e-06
3.24249e-06
3.24152e-06
3.24046e-06
3.26444e-06
3.26479e-06
3.26469e-06
3.26455e-06
3.2642e-06
3.26429e-06
3.26427e-06
3.26429e-06
3.2643e-06
3.26428e-06
3.26518e-06
3.26511e-06
3.26481e-06
3.26453e-06
3.26422e-06
3.26389e-06
3.26355e-06
3.26319e-06
3.26281e-06
3.26238e-06
3.27639e-06
3.27641e-06
3.27634e-06
3.27635e-06
3.27634e-06
3.27634e-06
3.27632e-06
3.27631e-06
3.27629e-06
3.2762e-06
3.28615e-06
3.28619e-06
3.2861e-06
3.2861e-06
3.28604e-06
3.28597e-06
3.28588e-06
3.28578e-06
3.28567e-06
3.28551e-06
3.28961e-06
3.28962e-06
3.28961e-06
3.2896e-06
3.2896e-06
3.28958e-06
3.28957e-06
3.28955e-06
3.28953e-06
3.28944e-06
3.29402e-06
3.29402e-06
3.294e-06
3.294e-06
3.29399e-06
3.29398e-06
3.29397e-06
3.29395e-06
3.29393e-06
3.29385e-06
3.29514e-06
3.2951e-06
3.29505e-06
3.29503e-06
3.29501e-06
3.295e-06
3.29498e-06
3.29495e-06
3.2949e-06
3.29482e-06
3.29553e-06
3.29548e-06
3.29543e-06
3.29541e-06
3.29539e-06
3.29537e-06
3.29535e-06
3.29532e-06
3.29527e-06
3.2952e-06
3.29567e-06
3.29562e-06
3.29558e-06
3.29554e-06
3.2955e-06
3.29546e-06
3.29542e-06
3.29538e-06
3.29533e-06
3.29527e-06
3.29587e-06
3.29583e-06
3.29579e-06
3.29576e-06
3.29572e-06
3.29569e-06
3.29566e-06
3.29562e-06
3.29558e-06
3.29553e-06
3.29585e-06
3.29581e-06
3.29578e-06
3.29576e-06
3.29573e-06
3.2957e-06
3.29567e-06
3.29564e-06
3.29561e-06
3.29557e-06
3.29588e-06
3.29583e-06
3.29581e-06
3.2958e-06
3.29578e-06
3.29576e-06
3.29574e-06
3.29571e-06
3.29569e-06
3.29566e-06
3.29588e-06
3.29586e-06
3.29584e-06
3.29582e-06
3.29581e-06
3.29579e-06
3.29578e-06
3.29576e-06
3.29574e-06
3.29572e-06
3.29588e-06
3.29587e-06
3.29586e-06
3.29585e-06
3.29584e-06
3.29583e-06
3.29582e-06
3.29581e-06
3.29579e-06
3.29578e-06
3.29592e-06
3.29591e-06
3.2959e-06
3.2959e-06
3.29589e-06
3.29589e-06
3.29588e-06
3.29587e-06
3.29587e-06
3.29585e-06
3.29599e-06
3.29598e-06
3.29598e-06
3.29598e-06
3.29597e-06
3.29597e-06
3.29597e-06
3.29596e-06
3.29596e-06
3.29595e-06
3.29607e-06
3.29606e-06
3.29606e-06
3.29606e-06
3.29606e-06
3.29606e-06
3.29606e-06
3.29606e-06
3.29605e-06
3.29605e-06
3.29615e-06
3.29615e-06
3.29614e-06
3.29614e-06
3.29614e-06
3.29614e-06
3.29614e-06
3.29614e-06
3.29614e-06
3.29614e-06
3.29627e-06
3.29627e-06
3.29627e-06
3.29627e-06
3.29627e-06
3.29627e-06
3.29627e-06
3.29627e-06
3.29627e-06
3.29627e-06
3.29639e-06
3.29639e-06
3.29639e-06
3.29639e-06
3.29639e-06
3.29639e-06
3.29639e-06
3.29639e-06
3.29639e-06
3.29639e-06
3.29649e-06
3.29649e-06
3.29649e-06
3.29649e-06
3.29649e-06
3.29649e-06
3.29649e-06
3.29649e-06
3.29649e-06
3.29649e-06
3.29657e-06
3.29657e-06
3.29657e-06
3.29657e-06
3.29657e-06
3.29657e-06
3.29657e-06
3.29657e-06
3.29657e-06
3.29657e-06
3.29667e-06
3.29667e-06
3.29667e-06
3.29667e-06
3.29667e-06
3.29667e-06
3.29667e-06
3.29667e-06
3.29667e-06
3.29667e-06
3.29678e-06
3.29678e-06
3.29678e-06
3.29678e-06
3.29678e-06
3.29678e-06
3.29678e-06
3.29678e-06
3.29678e-06
3.29678e-06
3.29684e-06
3.29684e-06
3.29684e-06
3.29684e-06
3.29684e-06
3.29684e-06
3.29684e-06
3.29684e-06
3.29684e-06
3.29684e-06
3.29685e-06
3.29685e-06
3.29685e-06
3.29685e-06
3.29685e-06
3.29685e-06
3.29685e-06
3.29685e-06
3.29685e-06
3.29685e-06
3.29684e-06
3.29684e-06
3.29684e-06
3.29684e-06
3.29684e-06
3.29684e-06
3.29684e-06
3.29684e-06
3.29684e-06
3.29684e-06
3.29687e-06
3.29687e-06
3.29687e-06
3.29687e-06
3.29687e-06
3.29687e-06
3.29687e-06
3.29687e-06
3.29687e-06
3.29687e-06
3.29681e-06
3.29681e-06
3.29681e-06
3.29681e-06
3.29681e-06
3.29681e-06
3.29681e-06
3.29681e-06
3.29681e-06
3.29681e-06
0.00011643
0.000100109
9.22029e-05
8.71318e-05
8.31012e-05
8.01173e-05
7.77701e-05
7.59596e-05
7.45331e-05
7.34205e-05
7.26133e-05
7.20844e-05
7.16361e-05
7.11391e-05
7.06814e-05
7.04213e-05
7.05956e-05
7.13025e-05
7.26524e-05
7.56171e-05
8.14747e-05
8.94838e-05
9.46447e-05
0.000102824
0.000114794
0.00012461
0.00013357
0.000142216
0.000149456
0.00014955
0.000132799
9.18603e-05
4.32402e-05
1.86279e-05
9.36283e-06
5.67549e-06
4.57843e-06
5.7669e-06
5.26396e-06
2.02078e-06
0.000377661
0.000378709
0.000380516
0.00038076
0.000380256
0.000379266
0.000377821
0.00037594
0.000373589
0.000370725
0.000367258
0.000362971
0.000357538
0.000350839
0.000342954
0.000333758
0.000322972
0.000310256
0.000295349
0.000278078
0.000255523
0.000224321
0.000183936
0.000132956
7.87738e-05
4.59795e-05
2.96366e-05
2.05308e-05
1.91462e-05
1.65624e-05
1.35484e-05
1.12972e-05
7.96244e-06
5.05159e-06
3.80532e-06
3.19158e-06
2.8716e-06
2.73758e-06
3.00967e-06
2.75313e-06
0.000499641
0.000500312
0.000500383
0.000498777
0.000496284
0.000492991
0.000488961
0.00048417
0.000478533
0.000471954
0.000464299
0.000455343
0.000444829
0.000432499
0.000417918
0.000400676
0.000380048
0.000354841
0.000323334
0.000282628
0.000227774
0.000160892
9.52123e-05
4.61667e-05
2.13055e-05
1.16511e-05
7.61304e-06
5.84468e-06
4.96286e-06
4.74179e-06
4.28438e-06
3.8156e-06
3.44259e-06
3.238e-06
3.10907e-06
3.02036e-06
3.07508e-06
3.11858e-06
3.1489e-06
3.20325e-06
0.000535391
0.000531319
0.000526157
0.000519827
0.000512566
0.000504311
0.000495034
0.000484632
0.000472976
0.000459919
0.00044529
0.000428794
0.00041001
0.000388439
0.000363467
0.000333692
0.000298765
0.00025716
0.000207518
0.00014886
8.43251e-05
3.59827e-05
1.48553e-05
7.71771e-06
5.29975e-06
4.39278e-06
4.22936e-06
4.0734e-06
3.84751e-06
3.681e-06
3.54101e-06
3.43958e-06
3.36941e-06
3.32693e-06
3.30896e-06
3.30909e-06
3.31792e-06
3.29824e-06
3.27379e-06
3.32924e-06
0.000458166
0.000446427
0.000433541
0.00041998
0.000405623
0.000390299
0.000373881
0.00035619
0.000336969
0.000315974
0.000292955
0.000267721
0.000239952
0.000209361
0.000175912
0.000139766
0.000102894
6.70971e-05
3.75296e-05
1.81058e-05
8.5964e-06
5.13715e-06
4.14935e-06
3.76627e-06
3.56449e-06
3.52759e-06
3.4594e-06
3.37449e-06
3.32162e-06
3.2771e-06
3.24502e-06
3.22252e-06
3.21201e-06
3.22549e-06
3.2608e-06
3.29923e-06
3.31714e-06
3.31241e-06
3.31417e-06
3.37597e-06
0.000252654
0.000234157
0.00021477
0.00019537
0.000175997
0.000156638
0.000137364
0.000118255
9.91989e-05
8.05194e-05
6.28336e-05
4.70173e-05
3.38871e-05
2.37281e-05
1.64396e-05
1.15115e-05
8.33272e-06
6.33252e-06
5.08767e-06
4.31957e-06
3.86144e-06
3.64422e-06
3.54356e-06
3.48028e-06
3.43236e-06
3.39507e-06
3.35912e-06
3.32937e-06
3.30704e-06
3.29175e-06
3.28445e-06
3.28469e-06
3.29252e-06
3.31089e-06
3.32235e-06
3.32508e-06
3.32067e-06
3.31783e-06
3.32728e-06
3.37424e-06
5.57248e-05
4.49134e-05
3.53655e-05
2.76089e-05
2.14316e-05
1.66231e-05
1.2954e-05
1.01708e-05
8.07583e-06
6.52339e-06
5.40274e-06
4.60898e-06
4.05488e-06
3.68918e-06
3.45069e-06
3.30546e-06
3.2241e-06
3.183e-06
3.16518e-06
3.16103e-06
3.16735e-06
3.1832e-06
3.18809e-06
3.18098e-06
3.16962e-06
3.18633e-06
3.16864e-06
3.1851e-06
3.20403e-06
3.22513e-06
3.24724e-06
3.26918e-06
3.29039e-06
3.31076e-06
3.31916e-06
3.31899e-06
3.31582e-06
3.31462e-06
3.33211e-06
3.36753e-06
7.79226e-06
6.72949e-06
5.87089e-06
5.21395e-06
4.71254e-06
4.33269e-06
4.04902e-06
3.83848e-06
3.68293e-06
3.57145e-06
3.49539e-06
3.44574e-06
3.41566e-06
3.39638e-06
3.38396e-06
3.37428e-06
3.3655e-06
3.35722e-06
3.34867e-06
3.33877e-06
3.32705e-06
3.31516e-06
3.30513e-06
3.29688e-06
3.28163e-06
3.26259e-06
3.25917e-06
3.25876e-06
3.26126e-06
3.26749e-06
3.28298e-06
3.29891e-06
3.31227e-06
3.31689e-06
3.31788e-06
3.31603e-06
3.31524e-06
3.31863e-06
3.33364e-06
3.36008e-06
3.62027e-06
3.5039e-06
3.40794e-06
3.33334e-06
3.2763e-06
3.23346e-06
3.20212e-06
3.17574e-06
3.15504e-06
3.13886e-06
3.12747e-06
3.12375e-06
3.12256e-06
3.12347e-06
3.12663e-06
3.13205e-06
3.13831e-06
3.14493e-06
3.15243e-06
3.16147e-06
3.17271e-06
3.18511e-06
3.19674e-06
3.20733e-06
3.21823e-06
3.23009e-06
3.24303e-06
3.25582e-06
3.26807e-06
3.27973e-06
3.29093e-06
3.30184e-06
3.30981e-06
3.3124e-06
3.31249e-06
3.31183e-06
3.31253e-06
3.31961e-06
3.33356e-06
3.35276e-06
3.29761e-06
3.2884e-06
3.28127e-06
3.27686e-06
3.27458e-06
3.27387e-06
3.27413e-06
3.27426e-06
3.27413e-06
3.27374e-06
3.27338e-06
3.27369e-06
3.27427e-06
3.27335e-06
3.27179e-06
3.26906e-06
3.26632e-06
3.26342e-06
3.26009e-06
3.25619e-06
3.25215e-06
3.24884e-06
3.24653e-06
3.24611e-06
3.24802e-06
3.25725e-06
3.26641e-06
3.27531e-06
3.28394e-06
3.2925e-06
3.3016e-06
3.30633e-06
3.30892e-06
3.30954e-06
3.3091e-06
3.30952e-06
3.31185e-06
3.31863e-06
3.33004e-06
3.34583e-06
3.23923e-06
3.23738e-06
3.23544e-06
3.23352e-06
3.23119e-06
3.22833e-06
3.22505e-06
3.22158e-06
3.21824e-06
3.21512e-06
3.21243e-06
3.21047e-06
3.21005e-06
3.21175e-06
3.21413e-06
3.21686e-06
3.21966e-06
3.22261e-06
3.22577e-06
3.22945e-06
3.23432e-06
3.24044e-06
3.24731e-06
3.25447e-06
3.26161e-06
3.26857e-06
3.27526e-06
3.28171e-06
3.28803e-06
3.29483e-06
3.30199e-06
3.30488e-06
3.30619e-06
3.30634e-06
3.30661e-06
3.30737e-06
3.31139e-06
3.31689e-06
3.32578e-06
3.33934e-06
3.26415e-06
3.26509e-06
3.26555e-06
3.26591e-06
3.26594e-06
3.26564e-06
3.26513e-06
3.26461e-06
3.26412e-06
3.26368e-06
3.26332e-06
3.26311e-06
3.26326e-06
3.26362e-06
3.2623e-06
3.26123e-06
3.25996e-06
3.25851e-06
3.25675e-06
3.25475e-06
3.25341e-06
3.25801e-06
3.263e-06
3.26803e-06
3.27304e-06
3.27798e-06
3.28284e-06
3.28782e-06
3.29315e-06
3.29893e-06
3.30168e-06
3.30326e-06
3.3039e-06
3.30426e-06
3.30521e-06
3.30692e-06
3.31042e-06
3.31498e-06
3.32167e-06
3.33336e-06
3.26184e-06
3.26199e-06
3.26164e-06
3.26127e-06
3.26084e-06
3.26034e-06
3.2598e-06
3.25923e-06
3.25865e-06
3.25809e-06
3.25756e-06
3.25715e-06
3.25728e-06
3.25803e-06
3.25876e-06
3.25968e-06
3.26068e-06
3.26167e-06
3.2621e-06
3.26252e-06
3.26526e-06
3.26884e-06
3.27248e-06
3.27608e-06
3.27969e-06
3.28339e-06
3.28734e-06
3.29157e-06
3.29622e-06
3.29897e-06
3.30069e-06
3.30159e-06
3.30197e-06
3.30259e-06
3.30369e-06
3.30611e-06
3.30903e-06
3.31316e-06
3.31788e-06
3.32792e-06
3.2759e-06
3.27625e-06
3.27661e-06
3.277e-06
3.27741e-06
3.27784e-06
3.27826e-06
3.27851e-06
3.27861e-06
3.27859e-06
3.27844e-06
3.27815e-06
3.27771e-06
3.27716e-06
3.2765e-06
3.27577e-06
3.27497e-06
3.27404e-06
3.27297e-06
3.27197e-06
3.2738e-06
3.27628e-06
3.27878e-06
3.28137e-06
3.28417e-06
3.28726e-06
3.29062e-06
3.29439e-06
3.29703e-06
3.29873e-06
3.29978e-06
3.30031e-06
3.30083e-06
3.30145e-06
3.30309e-06
3.305e-06
3.30732e-06
3.31077e-06
3.31448e-06
3.32302e-06
3.28526e-06
3.28545e-06
3.2854e-06
3.28536e-06
3.28528e-06
3.28516e-06
3.285e-06
3.28479e-06
3.28454e-06
3.28425e-06
3.28391e-06
3.28353e-06
3.2831e-06
3.28259e-06
3.28206e-06
3.28146e-06
3.28076e-06
3.27991e-06
3.27891e-06
3.27809e-06
3.2793e-06
3.28089e-06
3.28256e-06
3.28454e-06
3.28683e-06
3.28937e-06
3.29225e-06
3.29547e-06
3.29711e-06
3.29824e-06
3.29895e-06
3.29948e-06
3.30013e-06
3.30099e-06
3.30232e-06
3.30378e-06
3.30562e-06
3.30842e-06
3.31147e-06
3.31866e-06
3.28924e-06
3.28924e-06
3.28928e-06
3.28933e-06
3.28937e-06
3.2894e-06
3.28942e-06
3.28943e-06
3.28943e-06
3.28938e-06
3.28917e-06
3.28884e-06
3.28844e-06
3.28798e-06
3.28745e-06
3.28686e-06
3.28616e-06
3.28533e-06
3.28445e-06
3.28379e-06
3.2847e-06
3.28567e-06
3.28596e-06
3.28751e-06
3.28944e-06
3.29168e-06
3.29435e-06
3.29589e-06
3.29699e-06
3.29777e-06
3.29828e-06
3.29882e-06
3.29943e-06
3.30047e-06
3.30148e-06
3.30261e-06
3.30406e-06
3.3063e-06
3.30883e-06
3.31485e-06
3.29368e-06
3.29371e-06
3.29362e-06
3.29355e-06
3.29344e-06
3.29331e-06
3.29316e-06
3.29297e-06
3.29275e-06
3.29248e-06
3.29216e-06
3.29179e-06
3.29137e-06
3.29089e-06
3.29037e-06
3.28979e-06
3.28911e-06
3.28832e-06
3.28763e-06
3.28719e-06
3.28792e-06
3.288e-06
3.28832e-06
3.28978e-06
3.29151e-06
3.29362e-06
3.29504e-06
3.29609e-06
3.29687e-06
3.29739e-06
3.29786e-06
3.2983e-06
3.29913e-06
3.29989e-06
3.30066e-06
3.30153e-06
3.30267e-06
3.30446e-06
3.30655e-06
3.31154e-06
3.29467e-06
3.29464e-06
3.29459e-06
3.29454e-06
3.29449e-06
3.29442e-06
3.29428e-06
3.2941e-06
3.29388e-06
3.2936e-06
3.29328e-06
3.29291e-06
3.2925e-06
3.29205e-06
3.29154e-06
3.29098e-06
3.29031e-06
3.28963e-06
3.2891e-06
3.28888e-06
3.28948e-06
3.28969e-06
3.29025e-06
3.29159e-06
3.29323e-06
3.2945e-06
3.29546e-06
3.29621e-06
3.29678e-06
3.29722e-06
3.29765e-06
3.29811e-06
3.29874e-06
3.29931e-06
3.29989e-06
3.30056e-06
3.30146e-06
3.30289e-06
3.3046e-06
3.30871e-06
3.29507e-06
3.29503e-06
3.29493e-06
3.29482e-06
3.2947e-06
3.29455e-06
3.29439e-06
3.2942e-06
3.29398e-06
3.29373e-06
3.29346e-06
3.29314e-06
3.29279e-06
3.2924e-06
3.29196e-06
3.29144e-06
3.29087e-06
3.29038e-06
3.29003e-06
3.29011e-06
3.29062e-06
3.29095e-06
3.29172e-06
3.29296e-06
3.29415e-06
3.29501e-06
3.2957e-06
3.29624e-06
3.29665e-06
3.29703e-06
3.29738e-06
3.29789e-06
3.29835e-06
3.29878e-06
3.29922e-06
3.29973e-06
3.30043e-06
3.30156e-06
3.30296e-06
3.30632e-06
3.29515e-06
3.29507e-06
3.29502e-06
3.29493e-06
3.29483e-06
3.29471e-06
3.29456e-06
3.2944e-06
3.29421e-06
3.29399e-06
3.29375e-06
3.29347e-06
3.29317e-06
3.29282e-06
3.29242e-06
3.29197e-06
3.29152e-06
3.29117e-06
3.29095e-06
3.29097e-06
3.2914e-06
3.29207e-06
3.29297e-06
3.29404e-06
3.29478e-06
3.29539e-06
3.29589e-06
3.29628e-06
3.29661e-06
3.29689e-06
3.29729e-06
3.29766e-06
3.298e-06
3.29832e-06
3.29865e-06
3.29904e-06
3.29957e-06
3.30045e-06
3.3016e-06
3.30433e-06
3.29542e-06
3.29534e-06
3.29527e-06
3.29518e-06
3.29509e-06
3.29498e-06
3.29486e-06
3.29472e-06
3.29456e-06
3.29439e-06
3.29419e-06
3.29396e-06
3.29371e-06
3.29343e-06
3.29311e-06
3.29277e-06
3.29247e-06
3.29226e-06
3.29215e-06
3.29226e-06
3.29267e-06
3.29329e-06
3.2941e-06
3.29472e-06
3.29524e-06
3.29568e-06
3.29605e-06
3.29634e-06
3.29661e-06
3.29686e-06
3.29717e-06
3.29745e-06
3.2977e-06
3.29794e-06
3.29819e-06
3.29848e-06
3.29888e-06
3.29954e-06
3.3005e-06
3.30271e-06
3.29548e-06
3.2954e-06
3.29536e-06
3.29529e-06
3.29522e-06
3.29513e-06
3.29503e-06
3.29493e-06
3.2948e-06
3.29466e-06
3.2945e-06
3.29433e-06
3.29414e-06
3.29392e-06
3.29368e-06
3.29344e-06
3.29327e-06
3.29315e-06
3.29311e-06
3.29329e-06
3.29367e-06
3.29426e-06
3.29474e-06
3.29518e-06
3.29556e-06
3.29588e-06
3.29615e-06
3.29637e-06
3.29656e-06
3.29683e-06
3.29706e-06
3.29727e-06
3.29746e-06
3.29764e-06
3.29782e-06
3.29804e-06
3.29833e-06
3.29881e-06
3.29961e-06
3.30139e-06
3.29558e-06
3.29551e-06
3.29548e-06
3.29542e-06
3.29536e-06
3.29529e-06
3.29522e-06
3.29513e-06
3.29504e-06
3.29493e-06
3.29481e-06
3.29469e-06
3.29454e-06
3.29439e-06
3.29422e-06
3.29408e-06
3.29398e-06
3.29393e-06
3.2939e-06
3.29408e-06
3.29443e-06
3.2949e-06
3.29523e-06
3.29554e-06
3.29582e-06
3.29605e-06
3.29625e-06
3.29642e-06
3.29659e-06
3.29679e-06
3.29696e-06
3.29712e-06
3.29726e-06
3.2974e-06
3.29755e-06
3.29771e-06
3.29792e-06
3.29824e-06
3.2989e-06
3.30033e-06
3.29566e-06
3.29559e-06
3.29556e-06
3.29552e-06
3.29548e-06
3.29543e-06
3.29537e-06
3.29531e-06
3.29525e-06
3.29517e-06
3.29509e-06
3.295e-06
3.29491e-06
3.2948e-06
3.2947e-06
3.29463e-06
3.29459e-06
3.29456e-06
3.29458e-06
3.29475e-06
3.29505e-06
3.29534e-06
3.29558e-06
3.2958e-06
3.296e-06
3.29617e-06
3.29631e-06
3.29644e-06
3.29661e-06
3.29675e-06
3.29689e-06
3.29701e-06
3.29712e-06
3.29723e-06
3.29734e-06
3.29746e-06
3.29762e-06
3.29785e-06
3.29835e-06
3.29949e-06
3.29573e-06
3.29568e-06
3.29565e-06
3.29562e-06
3.29559e-06
3.29556e-06
3.29552e-06
3.29548e-06
3.29543e-06
3.29538e-06
3.29533e-06
3.29527e-06
3.29521e-06
3.29515e-06
3.29509e-06
3.29506e-06
3.29504e-06
3.29503e-06
3.29508e-06
3.29524e-06
3.29547e-06
3.29567e-06
3.29584e-06
3.296e-06
3.29614e-06
3.29627e-06
3.29638e-06
3.29649e-06
3.29661e-06
3.29673e-06
3.29683e-06
3.29692e-06
3.29701e-06
3.29709e-06
3.29718e-06
3.29727e-06
3.29739e-06
3.29756e-06
3.29791e-06
3.29882e-06
3.29582e-06
3.29578e-06
3.29576e-06
3.29574e-06
3.29572e-06
3.2957e-06
3.29567e-06
3.29565e-06
3.29562e-06
3.29559e-06
3.29555e-06
3.29552e-06
3.29548e-06
3.29544e-06
3.29542e-06
3.2954e-06
3.29539e-06
3.29539e-06
3.29547e-06
3.2956e-06
3.29577e-06
3.29592e-06
3.29604e-06
3.29615e-06
3.29625e-06
3.29634e-06
3.29643e-06
3.29653e-06
3.29662e-06
3.29671e-06
3.29678e-06
3.29685e-06
3.29692e-06
3.29699e-06
3.29706e-06
3.29714e-06
3.29723e-06
3.29735e-06
3.29759e-06
3.2983e-06
3.29593e-06
3.2959e-06
3.29588e-06
3.29587e-06
3.29586e-06
3.29585e-06
3.29584e-06
3.29582e-06
3.2958e-06
3.29579e-06
3.29577e-06
3.29575e-06
3.29573e-06
3.29571e-06
3.2957e-06
3.29569e-06
3.29569e-06
3.2957e-06
3.29577e-06
3.29586e-06
3.29598e-06
3.2961e-06
3.29619e-06
3.29627e-06
3.29634e-06
3.29641e-06
3.29648e-06
3.29656e-06
3.29663e-06
3.29669e-06
3.29675e-06
3.29681e-06
3.29686e-06
3.29692e-06
3.29697e-06
3.29704e-06
3.29711e-06
3.2972e-06
3.29736e-06
3.2979e-06
3.29604e-06
3.29601e-06
3.296e-06
3.29599e-06
3.29599e-06
3.29599e-06
3.29598e-06
3.29598e-06
3.29597e-06
3.29596e-06
3.29595e-06
3.29594e-06
3.29593e-06
3.29592e-06
3.29592e-06
3.29591e-06
3.29592e-06
3.29595e-06
3.296e-06
3.29606e-06
3.29615e-06
3.29624e-06
3.2963e-06
3.29636e-06
3.29642e-06
3.29647e-06
3.29653e-06
3.29659e-06
3.29664e-06
3.29669e-06
3.29673e-06
3.29677e-06
3.29682e-06
3.29686e-06
3.29691e-06
3.29696e-06
3.29703e-06
3.2971e-06
3.29721e-06
3.29759e-06
3.29613e-06
3.29611e-06
3.29611e-06
3.29611e-06
3.2961e-06
3.2961e-06
3.2961e-06
3.2961e-06
3.2961e-06
3.2961e-06
3.2961e-06
3.2961e-06
3.2961e-06
3.2961e-06
3.2961e-06
3.2961e-06
3.29612e-06
3.29614e-06
3.29617e-06
3.29621e-06
3.29627e-06
3.29632e-06
3.29638e-06
3.29643e-06
3.29648e-06
3.29653e-06
3.29657e-06
3.29661e-06
3.29665e-06
3.29668e-06
3.29672e-06
3.29675e-06
3.29678e-06
3.29682e-06
3.29686e-06
3.2969e-06
3.29696e-06
3.29704e-06
3.2971e-06
3.29736e-06
3.29626e-06
3.29625e-06
3.29625e-06
3.29625e-06
3.29625e-06
3.29625e-06
3.29625e-06
3.29625e-06
3.29625e-06
3.29625e-06
3.29625e-06
3.29625e-06
3.29626e-06
3.29626e-06
3.29627e-06
3.29628e-06
3.29629e-06
3.29631e-06
3.29633e-06
3.29636e-06
3.29639e-06
3.29643e-06
3.29647e-06
3.29651e-06
3.29654e-06
3.29658e-06
3.29661e-06
3.29664e-06
3.29666e-06
3.29669e-06
3.29671e-06
3.29674e-06
3.29676e-06
3.29679e-06
3.29682e-06
3.29685e-06
3.2969e-06
3.29698e-06
3.29703e-06
3.29719e-06
3.29638e-06
3.29638e-06
3.29638e-06
3.29638e-06
3.29638e-06
3.29638e-06
3.29638e-06
3.29638e-06
3.29638e-06
3.29638e-06
3.29639e-06
3.29639e-06
3.29639e-06
3.2964e-06
3.2964e-06
3.29641e-06
3.29642e-06
3.29643e-06
3.29645e-06
3.29647e-06
3.29649e-06
3.29652e-06
3.29654e-06
3.29657e-06
3.29659e-06
3.29662e-06
3.29664e-06
3.29666e-06
3.29668e-06
3.2967e-06
3.29672e-06
3.29673e-06
3.29675e-06
3.29677e-06
3.29679e-06
3.29681e-06
3.29685e-06
3.29691e-06
3.29696e-06
3.29707e-06
3.29649e-06
3.29648e-06
3.29648e-06
3.29648e-06
3.29648e-06
3.29648e-06
3.29649e-06
3.29649e-06
3.29649e-06
3.29649e-06
3.29649e-06
3.2965e-06
3.2965e-06
3.2965e-06
3.29651e-06
3.29651e-06
3.29652e-06
3.29653e-06
3.29654e-06
3.29655e-06
3.29657e-06
3.29658e-06
3.2966e-06
3.29662e-06
3.29664e-06
3.29666e-06
3.29667e-06
3.29669e-06
3.2967e-06
3.29671e-06
3.29672e-06
3.29674e-06
3.29675e-06
3.29676e-06
3.29677e-06
3.29679e-06
3.29681e-06
3.29686e-06
3.2969e-06
3.29697e-06
3.29657e-06
3.29657e-06
3.29657e-06
3.29657e-06
3.29657e-06
3.29657e-06
3.29657e-06
3.29657e-06
3.29657e-06
3.29658e-06
3.29658e-06
3.29658e-06
3.29658e-06
3.29658e-06
3.29659e-06
3.29659e-06
3.29659e-06
3.2966e-06
3.29661e-06
3.29661e-06
3.29662e-06
3.29664e-06
3.29665e-06
3.29666e-06
3.29668e-06
3.29669e-06
3.2967e-06
3.29671e-06
3.29672e-06
3.29673e-06
3.29674e-06
3.29675e-06
3.29675e-06
3.29676e-06
3.29676e-06
3.29677e-06
3.29679e-06
3.29682e-06
3.29685e-06
3.29691e-06
3.29667e-06
3.29667e-06
3.29667e-06
3.29667e-06
3.29667e-06
3.29667e-06
3.29667e-06
3.29667e-06
3.29667e-06
3.29667e-06
3.29667e-06
3.29666e-06
3.29666e-06
3.29666e-06
3.29666e-06
3.29666e-06
3.29666e-06
3.29666e-06
3.29666e-06
3.29667e-06
3.29667e-06
3.29668e-06
3.29668e-06
3.29669e-06
3.2967e-06
3.29671e-06
3.29672e-06
3.29673e-06
3.29674e-06
3.29675e-06
3.29676e-06
3.29676e-06
3.29676e-06
3.29676e-06
3.29676e-06
3.29677e-06
3.29678e-06
3.29678e-06
3.29681e-06
3.29685e-06
3.29678e-06
3.29677e-06
3.29677e-06
3.29677e-06
3.29677e-06
3.29677e-06
3.29677e-06
3.29677e-06
3.29677e-06
3.29676e-06
3.29676e-06
3.29676e-06
3.29676e-06
3.29675e-06
3.29675e-06
3.29675e-06
3.29674e-06
3.29674e-06
3.29673e-06
3.29673e-06
3.29672e-06
3.29672e-06
3.29672e-06
3.29672e-06
3.29672e-06
3.29672e-06
3.29672e-06
3.29673e-06
3.29674e-06
3.29675e-06
3.29675e-06
3.29676e-06
3.29677e-06
3.29677e-06
3.29677e-06
3.29677e-06
3.29677e-06
3.29677e-06
3.29678e-06
3.29681e-06
3.29684e-06
3.29684e-06
3.29684e-06
3.29683e-06
3.29683e-06
3.29683e-06
3.29683e-06
3.29683e-06
3.29683e-06
3.29682e-06
3.29682e-06
3.29682e-06
3.29681e-06
3.29681e-06
3.29681e-06
3.2968e-06
3.2968e-06
3.2968e-06
3.29679e-06
3.29679e-06
3.29678e-06
3.29677e-06
3.29677e-06
3.29676e-06
3.29676e-06
3.29675e-06
3.29675e-06
3.29674e-06
3.29674e-06
3.29674e-06
3.29674e-06
3.29675e-06
3.29676e-06
3.29676e-06
3.29677e-06
3.29677e-06
3.29676e-06
3.29677e-06
3.29675e-06
3.29678e-06
3.29685e-06
3.29685e-06
3.29685e-06
3.29684e-06
3.29684e-06
3.29684e-06
3.29684e-06
3.29684e-06
3.29684e-06
3.29684e-06
3.29684e-06
3.29684e-06
3.29683e-06
3.29683e-06
3.29683e-06
3.29683e-06
3.29682e-06
3.29682e-06
3.29682e-06
3.29681e-06
3.29681e-06
3.2968e-06
3.2968e-06
3.29679e-06
3.29678e-06
3.29678e-06
3.29677e-06
3.29676e-06
3.29675e-06
3.29675e-06
3.29674e-06
3.29674e-06
3.29674e-06
3.29675e-06
3.29676e-06
3.29677e-06
3.29677e-06
3.29676e-06
3.29673e-06
3.29675e-06
3.29684e-06
3.29683e-06
3.29683e-06
3.29683e-06
3.29683e-06
3.29683e-06
3.29683e-06
3.29683e-06
3.29683e-06
3.29683e-06
3.29682e-06
3.29682e-06
3.29682e-06
3.29682e-06
3.29682e-06
3.29682e-06
3.29682e-06
3.29682e-06
3.29681e-06
3.29681e-06
3.29681e-06
3.29681e-06
3.2968e-06
3.2968e-06
3.29679e-06
3.29678e-06
3.29678e-06
3.29677e-06
3.29676e-06
3.29675e-06
3.29674e-06
3.29674e-06
3.29673e-06
3.29674e-06
3.29674e-06
3.29675e-06
3.29676e-06
3.29676e-06
3.29673e-06
3.29673e-06
3.29687e-06
3.29686e-06
3.29686e-06
3.29685e-06
3.29685e-06
3.29685e-06
3.29684e-06
3.29684e-06
3.29684e-06
3.29684e-06
3.29684e-06
3.29684e-06
3.29684e-06
3.29684e-06
3.29684e-06
3.29684e-06
3.29683e-06
3.29683e-06
3.29683e-06
3.29683e-06
3.29682e-06
3.29682e-06
3.29681e-06
3.29681e-06
3.2968e-06
3.29678e-06
3.29677e-06
3.29676e-06
3.29675e-06
3.29675e-06
3.29674e-06
3.29673e-06
3.29673e-06
3.29674e-06
3.29675e-06
3.29675e-06
3.29676e-06
3.29677e-06
3.29673e-06
3.29673e-06
3.29681e-06
3.29681e-06
3.29681e-06
3.29681e-06
3.29681e-06
3.29681e-06
3.29681e-06
3.29681e-06
3.29681e-06
3.29681e-06
3.29681e-06
3.29681e-06
3.29681e-06
3.29681e-06
3.29682e-06
3.29682e-06
3.29682e-06
3.29683e-06
3.29683e-06
3.29684e-06
3.29684e-06
3.29685e-06
3.29685e-06
3.29685e-06
3.29685e-06
3.29684e-06
3.29683e-06
3.29681e-06
3.29678e-06
3.29676e-06
3.29674e-06
3.29672e-06
3.29671e-06
3.2967e-06
3.2967e-06
3.2967e-06
3.2967e-06
3.2967e-06
3.2967e-06
3.2967e-06
6.36605e-06
1.39068e-05
1.75544e-05
2.40965e-05
2.91108e-05
3.09572e-05
3.02877e-05
3.00367e-05
2.99352e-05
2.98389e-05
3.04943e-05
3.19304e-05
3.415e-05
3.69659e-05
3.99129e-05
4.19922e-05
4.04497e-05
3.4999e-05
2.73224e-05
1.90192e-05
1.31543e-05
1.10228e-05
1.09581e-05
1.19358e-05
1.89721e-05
4.52226e-05
7.53989e-05
8.33548e-05
9.24792e-05
8.66248e-05
8.65878e-05
9.23764e-05
8.33152e-05
7.53934e-05
4.50988e-05
1.89313e-05
1.19304e-05
1.09608e-05
1.10249e-05
1.3166e-05
1.90469e-05
2.73458e-05
3.50143e-05
4.04499e-05
4.19792e-05
3.98919e-05
3.69457e-05
3.41316e-05
3.19141e-05
3.04803e-05
2.98269e-05
2.99234e-05
3.00252e-05
3.02769e-05
3.09476e-05
2.91009e-05
2.40873e-05
1.75487e-05
1.39038e-05
6.36657e-06
1.31059e-06
6.06689e-07
3.18134e-07
1.85565e-07
1.16503e-07
8.29112e-08
7.03658e-08
6.63553e-08
6.68811e-08
7.03343e-08
7.64232e-08
8.54051e-08
9.94479e-08
1.20977e-07
1.55218e-07
2.13311e-07
3.21458e-07
6.15938e-07
1.00736e-06
7.69272e-07
1.40414e-07
2.54195e-08
3.56399e-08
2.27113e-08
1.44401e-08
3.14133e-08
7.8499e-08
1.44818e-07
2.89384e-07
4.72558e-07
4.70888e-07
2.88277e-07
1.44323e-07
7.81586e-08
3.13031e-08
1.44006e-08
2.27155e-08
3.5026e-08
2.0818e-08
1.18907e-07
7.68709e-07
1.00672e-06
6.15078e-07
3.21132e-07
2.13198e-07
1.5516e-07
1.20947e-07
9.94286e-08
8.53914e-08
7.64127e-08
7.03263e-08
6.68752e-08
6.63515e-08
7.03661e-08
8.29141e-08
1.16505e-07
1.85569e-07
3.18136e-07
6.06693e-07
1.31061e-06
2.4079e-06
2.13155e-06
1.89533e-06
1.72065e-06
1.58656e-06
1.4733e-06
1.37393e-06
1.28668e-06
1.21343e-06
1.22653e-06
1.27098e-06
1.32867e-06
1.39186e-06
1.44981e-06
1.47061e-06
1.33095e-06
1.1805e-06
1.21983e-06
1.39835e-06
1.65501e-06
1.8254e-06
2.58074e-06
3.53048e-06
1.36108e-06
2.09864e-06
5.85011e-06
1.09528e-05
1.46492e-05
2.14995e-05
2.61188e-05
2.60792e-05
2.1446e-05
1.46208e-05
1.0933e-05
5.83295e-06
2.09095e-06
1.36026e-06
3.53676e-06
2.55672e-06
1.81122e-06
1.65423e-06
1.39805e-06
1.21984e-06
1.18061e-06
1.33094e-06
1.47041e-06
1.44956e-06
1.3916e-06
1.32844e-06
1.27078e-06
1.22635e-06
1.21326e-06
1.28651e-06
1.37377e-06
1.47315e-06
1.58643e-06
1.72052e-06
1.89522e-06
2.1315e-06
2.40794e-06
)
;

boundaryField
{
    inOut
    {
        type            calculated;
        value           nonuniform List<scalar> 
160
(
3.29668e-06
3.29668e-06
3.29668e-06
3.29668e-06
3.29668e-06
3.29668e-06
3.29668e-06
3.29668e-06
3.29668e-06
3.29668e-06
3.29668e-06
3.29668e-06
3.29668e-06
3.29668e-06
3.29668e-06
3.29668e-06
3.29668e-06
3.29668e-06
3.29668e-06
3.29668e-06
3.29668e-06
3.29668e-06
3.29668e-06
3.29668e-06
3.29668e-06
3.29668e-06
3.29668e-06
3.29668e-06
3.29668e-06
3.29668e-06
3.29668e-06
3.29668e-06
3.29668e-06
3.29668e-06
3.29668e-06
3.29668e-06
3.29668e-06
3.29668e-06
3.29668e-06
3.29668e-06
3.29668e-06
3.29668e-06
3.29668e-06
3.29668e-06
3.29668e-06
3.29668e-06
3.29668e-06
3.29668e-06
3.29668e-06
3.29668e-06
3.29668e-06
3.29668e-06
3.29668e-06
3.29668e-06
3.29668e-06
3.29668e-06
3.29668e-06
3.29668e-06
3.29668e-06
3.29668e-06
3.29668e-06
3.29668e-06
3.29668e-06
3.29668e-06
3.29668e-06
3.29668e-06
3.29668e-06
3.29668e-06
3.29668e-06
3.29668e-06
3.29668e-06
3.29668e-06
3.29668e-06
3.29668e-06
3.29668e-06
3.29668e-06
3.29668e-06
3.29668e-06
3.29668e-06
3.29668e-06
3.29683e-06
3.29684e-06
3.29686e-06
3.29688e-06
3.2969e-06
3.29691e-06
3.29692e-06
3.29693e-06
3.29694e-06
3.29694e-06
3.29694e-06
3.29694e-06
3.29693e-06
3.29693e-06
3.29692e-06
3.29692e-06
3.29692e-06
3.29692e-06
3.29692e-06
3.29692e-06
3.29691e-06
3.2969e-06
3.29688e-06
3.29687e-06
3.29689e-06
3.29698e-06
3.29736e-06
3.30162e-06
3.40724e-06
7.68692e-06
7.68532e-06
3.40741e-06
3.30163e-06
3.29731e-06
3.29694e-06
3.29686e-06
3.29686e-06
3.29687e-06
3.29689e-06
3.29691e-06
3.29692e-06
3.29693e-06
3.29693e-06
3.29692e-06
3.29692e-06
3.29692e-06
3.29693e-06
3.29693e-06
3.29694e-06
3.29694e-06
3.29694e-06
3.29694e-06
3.29693e-06
3.29692e-06
3.29691e-06
3.2969e-06
3.29688e-06
3.29686e-06
3.29684e-06
3.29683e-06
3.29681e-06
3.29681e-06
3.29681e-06
3.29681e-06
3.29681e-06
3.29681e-06
3.29681e-06
3.29681e-06
3.29681e-06
3.29681e-06
3.29681e-06
3.29681e-06
3.29681e-06
3.29681e-06
3.29681e-06
3.29681e-06
3.29681e-06
3.29681e-06
3.29681e-06
3.29681e-06
)
;
    }
    coandaUpper
    {
        type            calculated;
        value           nonuniform List<scalar> 2(3.25589e-06 3.26199e-06);
    }
    coandaLower
    {
        type            calculated;
        value           nonuniform List<scalar> 2(3.25599e-06 3.26209e-06);
    }
    surface
    {
        type            compressible::alphatWallFunction;
        Prt             0.85;
        value           uniform 0;
    }
    defaultFaces
    {
        type            empty;
    }
}


// ************************************************************************* //
