/*--------------------------------*- C++ -*----------------------------------*\
  =========                 |
  \\      /  F ield         | OpenFOAM: The Open Source CFD Toolbox
   \\    /   O peration     | Website:  https://openfoam.org
    \\  /    A nd           | Version:  10
     \\/     M anipulation  |
\*---------------------------------------------------------------------------*/
FoamFile
{
    format      ascii;
    class       volScalarField;
    location    "207";
    object      nuTilda;
}
// * * * * * * * * * * * * * * * * * * * * * * * * * * * * * * * * * * * * * //

dimensions      [0 2 -1 0 0 0 0];

internalField   nonuniform List<scalar> 
6580
(
3.95207e-05
5.0839e-05
5.21418e-05
4.9062e-05
5.19975e-05
5.96437e-05
7.27219e-05
9.54466e-05
0.000129044
0.000155495
0.000166473
0.000166412
0.000161648
0.000155999
0.000150181
0.000143837
0.00013612
0.000130833
0.000127476
0.000122233
0.00011835
0.000116358
0.000115441
0.000114955
0.000114829
0.000114995
0.000115295
0.000115621
0.000115914
0.000116261
0.000116794
0.000117529
0.000118471
0.000119664
0.000121205
0.000123156
0.00012578
0.000129064
0.000134159
0.000144651
4.28203e-05
4.38448e-05
4.28005e-05
4.33704e-05
4.46118e-05
4.67416e-05
5.04082e-05
5.70297e-05
6.28732e-05
6.62316e-05
7.0233e-05
7.33381e-05
7.49075e-05
8.40341e-05
9.75681e-05
0.00012049
0.00015559
0.000189596
0.000217988
0.000240804
0.000257719
0.000270882
0.000282378
0.000292274
0.000300727
0.000307972
0.000314209
0.000319525
0.000323845
0.000327258
0.00033002
0.000332301
0.000334173
0.000335669
0.000336816
0.000337596
0.000337985
0.000337772
0.000336298
0.000335441
4.45538e-05
4.43673e-05
4.42769e-05
4.41456e-05
4.39669e-05
4.43221e-05
4.48121e-05
4.55505e-05
4.68101e-05
4.82732e-05
4.95972e-05
5.0207e-05
5.246e-05
5.63641e-05
6.34534e-05
7.57478e-05
9.76846e-05
0.000131175
0.00017394
0.000220431
0.000261162
0.0002926
0.000317479
0.000337657
0.000354319
0.000368334
0.000380238
0.000390338
0.000398971
0.000406339
0.000412644
0.000418068
0.000422718
0.000426671
0.000429996
0.000432711
0.000434761
0.000436076
0.000435995
0.000435424
4.50128e-05
4.48244e-05
4.4928e-05
4.50224e-05
4.50192e-05
4.50416e-05
4.51222e-05
4.5285e-05
4.55401e-05
4.58959e-05
4.63717e-05
4.69192e-05
4.76341e-05
4.81106e-05
4.85972e-05
5.10911e-05
5.65646e-05
6.80211e-05
8.95483e-05
0.000124061
0.000165898
0.000205889
0.000241905
0.000273432
0.000300649
0.000324281
0.000344345
0.000361826
0.000377144
0.00039066
0.00040269
0.000413458
0.000423092
0.000431705
0.000439398
0.000446251
0.000452283
0.000457545
0.000461835
0.000465226
4.5185e-05
4.49732e-05
4.49794e-05
4.50137e-05
4.49747e-05
4.48612e-05
4.47515e-05
4.47167e-05
4.47654e-05
4.48548e-05
4.49763e-05
4.51397e-05
4.53296e-05
4.56276e-05
4.58624e-05
4.59883e-05
4.66587e-05
4.78673e-05
5.06618e-05
5.82576e-05
7.20841e-05
9.08077e-05
0.000112561
0.000136035
0.000159864
0.000183922
0.000207103
0.000229107
0.000249694
0.000268847
0.000286639
0.000303097
0.00031833
0.000332474
0.000345693
0.000358102
0.000369785
0.000380864
0.00039143
0.00040109
4.51866e-05
4.50257e-05
4.5001e-05
4.50236e-05
4.50583e-05
4.50718e-05
4.50509e-05
4.50005e-05
4.49839e-05
4.49915e-05
4.5024e-05
4.50833e-05
4.51658e-05
4.52729e-05
4.53997e-05
4.55299e-05
4.56949e-05
4.59097e-05
4.62463e-05
4.69537e-05
4.83627e-05
5.05117e-05
5.35691e-05
5.77331e-05
6.31804e-05
7.00182e-05
7.82224e-05
8.76985e-05
9.82206e-05
0.000109586
0.000121462
0.00013359
0.000145847
0.000158217
0.00017089
0.000183887
0.000197194
0.000210834
0.000224772
0.000238346
4.51709e-05
4.50496e-05
4.49935e-05
4.50073e-05
4.50318e-05
4.50517e-05
4.50421e-05
4.49861e-05
4.49227e-05
4.48531e-05
4.47801e-05
4.47084e-05
4.46425e-05
4.4584e-05
4.46498e-05
4.45881e-05
4.46289e-05
4.46533e-05
4.46335e-05
4.45713e-05
4.45436e-05
4.45543e-05
4.46157e-05
4.47623e-05
4.50526e-05
4.55611e-05
4.63665e-05
4.75351e-05
4.91751e-05
5.13043e-05
5.39761e-05
5.72123e-05
6.09901e-05
6.53118e-05
7.0218e-05
7.57775e-05
8.20072e-05
8.89242e-05
9.65847e-05
0.000104563
4.51527e-05
4.50622e-05
4.50129e-05
4.50077e-05
4.50201e-05
4.50405e-05
4.50549e-05
4.50562e-05
4.50224e-05
4.49762e-05
4.49285e-05
4.49119e-05
4.49071e-05
4.49112e-05
4.49247e-05
4.49932e-05
4.50473e-05
4.5075e-05
4.51081e-05
4.51468e-05
4.51841e-05
4.52147e-05
4.52409e-05
4.52664e-05
4.52942e-05
4.53252e-05
4.5366e-05
4.54307e-05
4.55329e-05
4.57021e-05
4.59594e-05
4.63308e-05
4.68369e-05
4.75006e-05
4.83587e-05
4.94496e-05
5.08015e-05
5.24453e-05
5.4417e-05
5.66385e-05
4.51347e-05
4.50692e-05
4.50224e-05
4.50018e-05
4.50064e-05
4.50182e-05
4.50318e-05
4.5039e-05
4.50256e-05
4.49988e-05
4.49678e-05
4.49327e-05
4.48935e-05
4.48506e-05
4.48054e-05
4.47628e-05
4.47225e-05
4.46824e-05
4.46372e-05
4.45882e-05
4.45427e-05
4.4505e-05
4.44733e-05
4.44452e-05
4.44188e-05
4.43957e-05
4.43812e-05
4.43751e-05
4.4377e-05
4.43885e-05
4.44286e-05
4.44864e-05
4.45607e-05
4.46556e-05
4.47681e-05
4.49215e-05
4.51241e-05
4.53862e-05
4.57179e-05
4.61122e-05
4.51177e-05
4.50637e-05
4.50252e-05
4.50041e-05
4.50009e-05
4.50065e-05
4.50173e-05
4.50283e-05
4.50338e-05
4.50301e-05
4.5008e-05
4.4985e-05
4.49597e-05
4.49318e-05
4.49012e-05
4.48689e-05
4.48617e-05
4.48621e-05
4.48684e-05
4.48771e-05
4.48878e-05
4.48977e-05
4.49058e-05
4.49127e-05
4.49193e-05
4.49262e-05
4.49291e-05
4.49297e-05
4.49251e-05
4.49217e-05
4.49209e-05
4.49203e-05
4.4919e-05
4.49169e-05
4.49144e-05
4.49156e-05
4.49228e-05
4.49377e-05
4.49626e-05
4.49949e-05
4.51018e-05
4.50554e-05
4.50252e-05
4.50078e-05
4.49968e-05
4.49992e-05
4.5005e-05
4.50138e-05
4.50214e-05
4.50241e-05
4.50098e-05
4.49943e-05
4.49781e-05
4.49598e-05
4.49389e-05
4.49155e-05
4.48901e-05
4.48635e-05
4.48369e-05
4.48119e-05
4.47906e-05
4.47732e-05
4.47579e-05
4.47437e-05
4.47303e-05
4.47175e-05
4.47062e-05
4.46974e-05
4.46965e-05
4.47014e-05
4.47092e-05
4.47187e-05
4.47291e-05
4.47402e-05
4.47507e-05
4.47599e-05
4.47674e-05
4.47735e-05
4.47798e-05
4.4786e-05
4.50872e-05
4.50471e-05
4.50244e-05
4.50097e-05
4.49996e-05
4.4997e-05
4.49985e-05
4.50036e-05
4.50104e-05
4.50159e-05
4.50175e-05
4.50067e-05
4.49949e-05
4.49825e-05
4.49689e-05
4.49536e-05
4.49366e-05
4.49182e-05
4.48989e-05
4.48799e-05
4.48814e-05
4.48849e-05
4.48875e-05
4.48893e-05
4.48908e-05
4.48918e-05
4.4894e-05
4.48901e-05
4.48872e-05
4.48858e-05
4.48851e-05
4.48849e-05
4.48851e-05
4.48856e-05
4.48862e-05
4.48862e-05
4.48852e-05
4.48831e-05
4.48808e-05
4.48769e-05
4.50739e-05
4.50395e-05
4.50235e-05
4.50099e-05
4.50013e-05
4.4995e-05
4.49946e-05
4.49971e-05
4.50018e-05
4.50071e-05
4.50109e-05
4.5011e-05
4.50028e-05
4.49937e-05
4.4984e-05
4.49739e-05
4.49626e-05
4.495e-05
4.49361e-05
4.49213e-05
4.49086e-05
4.49034e-05
4.4898e-05
4.4891e-05
4.48844e-05
4.48784e-05
4.48731e-05
4.48681e-05
4.48653e-05
4.48647e-05
4.48648e-05
4.48652e-05
4.48658e-05
4.48666e-05
4.48674e-05
4.48682e-05
4.48689e-05
4.48695e-05
4.48702e-05
4.48691e-05
4.50619e-05
4.50327e-05
4.50201e-05
4.50087e-05
4.50017e-05
4.49966e-05
4.49931e-05
4.49943e-05
4.49969e-05
4.50009e-05
4.50049e-05
4.50076e-05
4.50068e-05
4.50003e-05
4.49932e-05
4.49858e-05
4.49782e-05
4.49698e-05
4.49606e-05
4.49503e-05
4.49414e-05
4.49419e-05
4.49424e-05
4.49426e-05
4.49427e-05
4.49427e-05
4.49426e-05
4.49424e-05
4.49418e-05
4.49409e-05
4.49397e-05
4.49382e-05
4.49365e-05
4.49343e-05
4.49317e-05
4.49293e-05
4.4927e-05
4.49249e-05
4.4923e-05
4.49213e-05
4.50514e-05
4.50267e-05
4.50163e-05
4.50071e-05
4.50015e-05
4.49976e-05
4.49945e-05
4.49938e-05
4.49948e-05
4.49969e-05
4.49999e-05
4.50029e-05
4.50047e-05
4.50006e-05
4.49959e-05
4.49909e-05
4.49856e-05
4.49801e-05
4.49744e-05
4.49679e-05
4.49618e-05
4.49623e-05
4.49628e-05
4.49629e-05
4.49627e-05
4.49624e-05
4.4962e-05
4.49618e-05
4.49614e-05
4.49611e-05
4.49607e-05
4.49603e-05
4.496e-05
4.49596e-05
4.49592e-05
4.49588e-05
4.49584e-05
4.49579e-05
4.49576e-05
4.49564e-05
4.50422e-05
4.50216e-05
4.5013e-05
4.50055e-05
4.50011e-05
4.49981e-05
4.49957e-05
4.49937e-05
4.49938e-05
4.49949e-05
4.49968e-05
4.49992e-05
4.50014e-05
4.50025e-05
4.49992e-05
4.49957e-05
4.4992e-05
4.49888e-05
4.49886e-05
4.4985e-05
4.49806e-05
4.4981e-05
4.49816e-05
4.49818e-05
4.49817e-05
4.49816e-05
4.49814e-05
4.49811e-05
4.49808e-05
4.49803e-05
4.49795e-05
4.49784e-05
4.49773e-05
4.49763e-05
4.49754e-05
4.49745e-05
4.49737e-05
4.4973e-05
4.49723e-05
4.49719e-05
4.50342e-05
4.50171e-05
4.50101e-05
4.50041e-05
4.50006e-05
4.49983e-05
4.49965e-05
4.4995e-05
4.49937e-05
4.49943e-05
4.49954e-05
4.49971e-05
4.49989e-05
4.50005e-05
4.5001e-05
4.49984e-05
4.49958e-05
4.49931e-05
4.49934e-05
4.49933e-05
4.49901e-05
4.49903e-05
4.49908e-05
4.49912e-05
4.49913e-05
4.49913e-05
4.49913e-05
4.49913e-05
4.49912e-05
4.49912e-05
4.4991e-05
4.49908e-05
4.49906e-05
4.49904e-05
4.49902e-05
4.499e-05
4.49898e-05
4.49895e-05
4.49894e-05
4.49889e-05
4.50275e-05
4.50134e-05
4.50077e-05
4.50029e-05
4.50002e-05
4.49984e-05
4.4997e-05
4.49959e-05
4.49949e-05
4.49948e-05
4.49953e-05
4.49962e-05
4.49974e-05
4.49987e-05
4.49999e-05
4.5e-05
4.4998e-05
4.49959e-05
4.49957e-05
4.49957e-05
4.49933e-05
4.49933e-05
4.49938e-05
4.49943e-05
4.49946e-05
4.49948e-05
4.49949e-05
4.49951e-05
4.49951e-05
4.49952e-05
4.49952e-05
4.49952e-05
4.49951e-05
4.4995e-05
4.49947e-05
4.49944e-05
4.49941e-05
4.49938e-05
4.49935e-05
4.49933e-05
4.50218e-05
4.50103e-05
4.50056e-05
4.50019e-05
4.49998e-05
4.49985e-05
4.49975e-05
4.49966e-05
4.49959e-05
4.49952e-05
4.49954e-05
4.49959e-05
4.49967e-05
4.49976e-05
4.49986e-05
4.49993e-05
4.49988e-05
4.49973e-05
4.49966e-05
4.49965e-05
4.49948e-05
4.4994e-05
4.49944e-05
4.49948e-05
4.49951e-05
4.49953e-05
4.49955e-05
4.49956e-05
4.49957e-05
4.49958e-05
4.49958e-05
4.49958e-05
4.49959e-05
4.49959e-05
4.49959e-05
4.49959e-05
4.49958e-05
4.49958e-05
4.49958e-05
4.49957e-05
4.50171e-05
4.50078e-05
4.5004e-05
4.50011e-05
4.49995e-05
4.49985e-05
4.49978e-05
4.49972e-05
4.49967e-05
4.49962e-05
4.49958e-05
4.49961e-05
4.49966e-05
4.49972e-05
4.4998e-05
4.49987e-05
4.49991e-05
4.49981e-05
4.4997e-05
4.49959e-05
4.49948e-05
4.49946e-05
4.49948e-05
4.49953e-05
4.49956e-05
4.49959e-05
4.49961e-05
4.49963e-05
4.49964e-05
4.49965e-05
4.49966e-05
4.49967e-05
4.49967e-05
4.49967e-05
4.49967e-05
4.49967e-05
4.49967e-05
4.49967e-05
4.49966e-05
4.49965e-05
4.50134e-05
4.50059e-05
4.50027e-05
4.50005e-05
4.49994e-05
4.49987e-05
4.49981e-05
4.49977e-05
4.49973e-05
4.4997e-05
4.49966e-05
4.49967e-05
4.49969e-05
4.49973e-05
4.49978e-05
4.49983e-05
4.49988e-05
4.4999e-05
4.49982e-05
4.49973e-05
4.49965e-05
4.49961e-05
4.49963e-05
4.49966e-05
4.49969e-05
4.49971e-05
4.49973e-05
4.49975e-05
4.49976e-05
4.49977e-05
4.49978e-05
4.49978e-05
4.49979e-05
4.49979e-05
4.49979e-05
4.4998e-05
4.4998e-05
4.4998e-05
4.4998e-05
4.4998e-05
4.50104e-05
4.50043e-05
4.50017e-05
4.50001e-05
4.49993e-05
4.49988e-05
4.49984e-05
4.49981e-05
4.49978e-05
4.49976e-05
4.49973e-05
4.49971e-05
4.49973e-05
4.49975e-05
4.49978e-05
4.49981e-05
4.49985e-05
4.49988e-05
4.49988e-05
4.49982e-05
4.49975e-05
4.49971e-05
4.49972e-05
4.49973e-05
4.49975e-05
4.49977e-05
4.49979e-05
4.4998e-05
4.49981e-05
4.49982e-05
4.49983e-05
4.49983e-05
4.49984e-05
4.49984e-05
4.49984e-05
4.49984e-05
4.49984e-05
4.49984e-05
4.49984e-05
4.49985e-05
4.5008e-05
4.50031e-05
4.50009e-05
4.49999e-05
4.49994e-05
4.4999e-05
4.49987e-05
4.49985e-05
4.49983e-05
4.49981e-05
4.49979e-05
4.49977e-05
4.49977e-05
4.49979e-05
4.4998e-05
4.49983e-05
4.49985e-05
4.49987e-05
4.49989e-05
4.49985e-05
4.4998e-05
4.49977e-05
4.49978e-05
4.49979e-05
4.4998e-05
4.49982e-05
4.49983e-05
4.49984e-05
4.49985e-05
4.49986e-05
4.49986e-05
4.49987e-05
4.49987e-05
4.49987e-05
4.49987e-05
4.49988e-05
4.49988e-05
4.49988e-05
4.49987e-05
4.49989e-05
4.50061e-05
4.50022e-05
4.50006e-05
4.49999e-05
4.49995e-05
4.49992e-05
4.4999e-05
4.49988e-05
4.49987e-05
4.49985e-05
4.49984e-05
4.49982e-05
4.49981e-05
4.49982e-05
4.49983e-05
4.49984e-05
4.49986e-05
4.49987e-05
4.49989e-05
4.49988e-05
4.49985e-05
4.49982e-05
4.49982e-05
4.49983e-05
4.49983e-05
4.49984e-05
4.49985e-05
4.49986e-05
4.49986e-05
4.49987e-05
4.49987e-05
4.49987e-05
4.49988e-05
4.49988e-05
4.49988e-05
4.49988e-05
4.49988e-05
4.49988e-05
4.49988e-05
4.49989e-05
4.50046e-05
4.50015e-05
4.50004e-05
4.49999e-05
4.49996e-05
4.49994e-05
4.49992e-05
4.49991e-05
4.4999e-05
4.49989e-05
4.49987e-05
4.49986e-05
4.49985e-05
4.49985e-05
4.49986e-05
4.49986e-05
4.49987e-05
4.49988e-05
4.49989e-05
4.49989e-05
4.49987e-05
4.49984e-05
4.49984e-05
4.49984e-05
4.49985e-05
4.49985e-05
4.49986e-05
4.49986e-05
4.49987e-05
4.49987e-05
4.49987e-05
4.49987e-05
4.49987e-05
4.49988e-05
4.49988e-05
4.49988e-05
4.49988e-05
4.49988e-05
4.49988e-05
4.49989e-05
4.50035e-05
4.5001e-05
4.50003e-05
4.49999e-05
4.49997e-05
4.49995e-05
4.49994e-05
4.49993e-05
4.49992e-05
4.49991e-05
4.4999e-05
4.49989e-05
4.49989e-05
4.49988e-05
4.49988e-05
4.49988e-05
4.49989e-05
4.49989e-05
4.4999e-05
4.4999e-05
4.49988e-05
4.49986e-05
4.49985e-05
4.49985e-05
4.49986e-05
4.49986e-05
4.49986e-05
4.49987e-05
4.49987e-05
4.49987e-05
4.49987e-05
4.49987e-05
4.49987e-05
4.49987e-05
4.49987e-05
4.49987e-05
4.49987e-05
4.49987e-05
4.49988e-05
4.49989e-05
4.50026e-05
4.50007e-05
4.50003e-05
4.5e-05
4.49998e-05
4.49997e-05
4.49996e-05
4.49995e-05
4.49994e-05
4.49993e-05
4.49993e-05
4.49992e-05
4.49991e-05
4.49991e-05
4.4999e-05
4.4999e-05
4.49991e-05
4.49991e-05
4.49991e-05
4.4999e-05
4.49989e-05
4.49988e-05
4.49987e-05
4.49987e-05
4.49987e-05
4.49987e-05
4.49987e-05
4.49988e-05
4.49988e-05
4.49988e-05
4.49988e-05
4.49988e-05
4.49988e-05
4.49988e-05
4.49988e-05
4.49988e-05
4.49988e-05
4.49988e-05
4.49988e-05
4.49989e-05
4.50019e-05
4.50006e-05
4.50003e-05
4.50001e-05
4.49999e-05
4.49998e-05
4.49997e-05
4.49996e-05
4.49996e-05
4.49995e-05
4.49994e-05
4.49994e-05
4.49993e-05
4.49993e-05
4.49992e-05
4.49992e-05
4.49992e-05
4.49992e-05
4.49992e-05
4.49991e-05
4.4999e-05
4.4999e-05
4.49989e-05
4.49989e-05
4.49989e-05
4.49989e-05
4.49989e-05
4.49989e-05
4.49989e-05
4.49989e-05
4.49989e-05
4.49989e-05
4.49989e-05
4.49989e-05
4.49989e-05
4.49989e-05
4.49988e-05
4.49988e-05
4.49988e-05
4.49989e-05
4.50014e-05
4.50005e-05
4.50004e-05
4.50001e-05
4.5e-05
4.49999e-05
4.49998e-05
4.49997e-05
4.49997e-05
4.49996e-05
4.49996e-05
4.49996e-05
4.49995e-05
4.49995e-05
4.49994e-05
4.49994e-05
4.49994e-05
4.49993e-05
4.49993e-05
4.49992e-05
4.49992e-05
4.49992e-05
4.49991e-05
4.49991e-05
4.49991e-05
4.4999e-05
4.4999e-05
4.4999e-05
4.4999e-05
4.4999e-05
4.4999e-05
4.4999e-05
4.4999e-05
4.49989e-05
4.49989e-05
4.49989e-05
4.49989e-05
4.49989e-05
4.49989e-05
4.49989e-05
4.50011e-05
4.50005e-05
4.50004e-05
4.50001e-05
4.5e-05
4.49999e-05
4.49998e-05
4.49998e-05
4.49998e-05
4.49997e-05
4.49997e-05
4.49997e-05
4.49997e-05
4.49996e-05
4.49996e-05
4.49996e-05
4.49996e-05
4.49995e-05
4.49995e-05
4.49995e-05
4.49994e-05
4.49994e-05
4.49994e-05
4.49994e-05
4.49993e-05
4.49993e-05
4.49993e-05
4.49993e-05
4.49993e-05
4.49993e-05
4.49992e-05
4.49992e-05
4.49992e-05
4.49992e-05
4.49992e-05
4.49992e-05
4.49992e-05
4.49992e-05
4.49992e-05
4.49992e-05
4.50008e-05
4.50004e-05
4.50003e-05
4.50001e-05
4.5e-05
4.5e-05
4.49999e-05
4.49999e-05
4.49999e-05
4.49999e-05
4.49998e-05
4.49998e-05
4.49998e-05
4.49998e-05
4.49998e-05
4.49997e-05
4.49997e-05
4.49997e-05
4.49997e-05
4.49997e-05
4.49996e-05
4.49996e-05
4.49996e-05
4.49996e-05
4.49996e-05
4.49996e-05
4.49995e-05
4.49995e-05
4.49995e-05
4.49995e-05
4.49995e-05
4.49995e-05
4.49995e-05
4.49995e-05
4.49995e-05
4.49994e-05
4.49994e-05
4.49994e-05
4.49994e-05
4.49995e-05
4.50006e-05
4.50004e-05
4.50002e-05
4.50001e-05
4.5e-05
4.5e-05
4.5e-05
4.5e-05
4.5e-05
4.5e-05
4.49999e-05
4.49999e-05
4.49999e-05
4.49999e-05
4.49999e-05
4.49999e-05
4.49999e-05
4.49999e-05
4.49998e-05
4.49998e-05
4.49998e-05
4.49998e-05
4.49998e-05
4.49998e-05
4.49998e-05
4.49998e-05
4.49997e-05
4.49997e-05
4.49997e-05
4.49997e-05
4.49997e-05
4.49997e-05
4.49997e-05
4.49997e-05
4.49997e-05
4.49997e-05
4.49997e-05
4.49997e-05
4.49997e-05
4.49997e-05
4.50005e-05
4.50003e-05
4.50002e-05
4.50001e-05
4.50001e-05
4.50001e-05
4.5e-05
4.5e-05
4.50001e-05
4.50001e-05
4.50001e-05
4.5e-05
4.5e-05
4.5e-05
4.5e-05
4.5e-05
4.5e-05
4.5e-05
4.5e-05
4.49999e-05
4.49999e-05
4.49999e-05
4.49999e-05
4.49999e-05
4.49999e-05
4.49999e-05
4.49999e-05
4.49999e-05
4.49999e-05
4.49999e-05
4.49999e-05
4.49999e-05
4.49999e-05
4.49999e-05
4.49999e-05
4.49999e-05
4.49999e-05
4.49999e-05
4.49999e-05
4.49999e-05
4.50004e-05
4.50002e-05
4.50001e-05
4.50001e-05
4.50001e-05
4.50001e-05
4.50001e-05
4.50001e-05
4.50002e-05
4.50002e-05
4.50002e-05
4.50001e-05
4.50001e-05
4.50001e-05
4.50001e-05
4.50001e-05
4.50001e-05
4.50001e-05
4.50001e-05
4.50001e-05
4.50001e-05
4.50001e-05
4.50001e-05
4.50001e-05
4.50001e-05
4.50001e-05
4.50001e-05
4.50001e-05
4.50001e-05
4.50001e-05
4.50001e-05
4.50001e-05
4.50001e-05
4.50001e-05
4.50001e-05
4.50001e-05
4.50001e-05
4.50001e-05
4.50001e-05
4.50001e-05
4.50003e-05
4.50002e-05
4.50001e-05
4.50002e-05
4.50001e-05
4.50002e-05
4.50002e-05
4.50002e-05
4.50002e-05
4.50002e-05
4.50002e-05
4.50001e-05
4.50001e-05
4.50001e-05
4.50001e-05
4.50001e-05
4.50001e-05
4.50002e-05
4.50002e-05
4.50002e-05
4.50002e-05
4.50003e-05
4.50003e-05
4.50003e-05
4.50003e-05
4.50003e-05
4.50004e-05
4.50004e-05
4.50004e-05
4.50004e-05
4.50004e-05
4.50004e-05
4.50004e-05
4.50004e-05
4.50004e-05
4.50004e-05
4.50004e-05
4.50005e-05
4.50005e-05
4.50005e-05
4.50002e-05
4.50001e-05
4.50002e-05
4.50002e-05
4.50002e-05
4.50002e-05
4.50002e-05
4.50002e-05
4.50002e-05
4.50001e-05
4.50001e-05
4.50001e-05
4.50002e-05
4.50002e-05
4.50002e-05
4.50003e-05
4.50003e-05
4.50003e-05
4.50004e-05
4.50004e-05
4.50004e-05
4.50004e-05
4.50005e-05
4.50005e-05
4.50005e-05
4.50005e-05
4.50005e-05
4.50005e-05
4.50006e-05
4.50006e-05
4.50006e-05
4.50006e-05
4.50006e-05
4.50006e-05
4.50006e-05
4.50006e-05
4.50006e-05
4.50006e-05
4.50006e-05
4.50006e-05
4.50001e-05
4.50001e-05
4.50002e-05
4.50002e-05
4.50002e-05
4.50002e-05
4.50002e-05
4.50001e-05
4.50001e-05
4.50002e-05
4.50002e-05
4.50002e-05
4.50003e-05
4.50003e-05
4.50003e-05
4.50004e-05
4.50004e-05
4.50004e-05
4.50004e-05
4.50005e-05
4.50005e-05
4.50005e-05
4.50005e-05
4.50005e-05
4.50006e-05
4.50006e-05
4.50006e-05
4.50006e-05
4.50006e-05
4.50006e-05
4.50006e-05
4.50006e-05
4.50006e-05
4.50006e-05
4.50006e-05
4.50006e-05
4.50006e-05
4.50006e-05
4.50006e-05
4.50006e-05
4.50001e-05
4.50001e-05
4.50002e-05
4.50002e-05
4.50002e-05
4.50002e-05
4.50001e-05
4.50001e-05
4.50001e-05
4.50002e-05
4.50002e-05
4.50002e-05
4.50003e-05
4.50003e-05
4.50003e-05
4.50004e-05
4.50004e-05
4.50004e-05
4.50004e-05
4.50005e-05
4.50005e-05
4.50005e-05
4.50005e-05
4.50005e-05
4.50005e-05
4.50005e-05
4.50005e-05
4.50005e-05
4.50005e-05
4.50005e-05
4.50005e-05
4.50005e-05
4.50005e-05
4.50005e-05
4.50005e-05
4.50005e-05
4.50005e-05
4.50006e-05
4.50006e-05
4.50006e-05
4.50001e-05
4.5e-05
4.50002e-05
4.50002e-05
4.50002e-05
4.50001e-05
4.50001e-05
4.50001e-05
4.50001e-05
4.50001e-05
4.50002e-05
4.50002e-05
4.50002e-05
4.50003e-05
4.50003e-05
4.50004e-05
4.50004e-05
4.50004e-05
4.50005e-05
4.50005e-05
4.50005e-05
4.50005e-05
4.50005e-05
4.50005e-05
4.50005e-05
4.50005e-05
4.50005e-05
4.50005e-05
4.50006e-05
4.50006e-05
4.50006e-05
4.50006e-05
4.50006e-05
4.50006e-05
4.50006e-05
4.50006e-05
4.50006e-05
4.50006e-05
4.50006e-05
4.50007e-05
4.5e-05
4.5e-05
4.5e-05
4.5e-05
4.5e-05
4.5e-05
4.5e-05
4.5e-05
4.50001e-05
4.50002e-05
4.50002e-05
4.50003e-05
4.50004e-05
4.50005e-05
4.50005e-05
4.50006e-05
4.50006e-05
4.50006e-05
4.50006e-05
4.50006e-05
4.50005e-05
4.50005e-05
4.50005e-05
4.50005e-05
4.50005e-05
4.50005e-05
4.50005e-05
4.50004e-05
4.50004e-05
4.50004e-05
4.50004e-05
4.50004e-05
4.50004e-05
4.50004e-05
4.50004e-05
4.50004e-05
4.50004e-05
4.50004e-05
4.50004e-05
4.50005e-05
0.00016107
0.000144189
0.000125276
0.000111766
9.93595e-05
8.97936e-05
8.5398e-05
8.39175e-05
0.000140692
0.000120264
0.000354381
0.000361974
0.000364493
0.000365197
0.000364887
0.000364031
0.00036311
0.000361895
0.000365527
0.000332467
0.000443954
0.000449608
0.000453281
0.000455604
0.000456895
0.000457284
0.000456795
0.000455225
0.000452633
0.000444723
0.000462454
0.000460821
0.000459515
0.000458139
0.000456473
0.000454211
0.000450835
0.000445648
0.000437724
0.000425103
0.000390656
0.000382954
0.000376803
0.000371384
0.000366201
0.000360796
0.000354545
0.000346768
0.000336742
0.00032378
0.000231572
0.000226091
0.000221443
0.00021723
0.000213155
0.000208894
0.000204187
0.000198814
0.000192547
0.000185407
0.000102362
0.000100448
9.87294e-05
9.71211e-05
9.56058e-05
9.41101e-05
9.2577e-05
9.09087e-05
8.91338e-05
8.72133e-05
5.61525e-05
5.57169e-05
5.53206e-05
5.49509e-05
5.46026e-05
5.42649e-05
5.39323e-05
5.35855e-05
5.32477e-05
5.29019e-05
4.60634e-05
4.60182e-05
4.5976e-05
4.59363e-05
4.58984e-05
4.58618e-05
4.58265e-05
4.57915e-05
4.57571e-05
4.57231e-05
4.49873e-05
4.49797e-05
4.49725e-05
4.49661e-05
4.49603e-05
4.49537e-05
4.49501e-05
4.49461e-05
4.49419e-05
4.49376e-05
4.479e-05
4.47936e-05
4.47968e-05
4.47999e-05
4.48025e-05
4.48064e-05
4.48092e-05
4.48117e-05
4.4814e-05
4.4816e-05
4.48769e-05
4.48767e-05
4.48763e-05
4.48759e-05
4.48756e-05
4.48749e-05
4.48759e-05
4.4876e-05
4.4876e-05
4.48744e-05
4.48706e-05
4.48718e-05
4.48729e-05
4.48738e-05
4.48747e-05
4.48756e-05
4.48763e-05
4.48771e-05
4.48778e-05
4.48777e-05
4.49219e-05
4.49218e-05
4.49216e-05
4.49213e-05
4.4921e-05
4.49207e-05
4.49204e-05
4.49201e-05
4.49201e-05
4.49197e-05
4.49569e-05
4.49571e-05
4.49572e-05
4.49572e-05
4.49572e-05
4.49572e-05
4.49571e-05
4.49568e-05
4.49568e-05
4.49564e-05
4.49722e-05
4.49723e-05
4.4972e-05
4.49718e-05
4.49716e-05
4.49714e-05
4.49711e-05
4.49709e-05
4.49707e-05
4.49704e-05
4.49891e-05
4.49892e-05
4.4989e-05
4.49888e-05
4.49886e-05
4.49884e-05
4.49882e-05
4.4988e-05
4.49878e-05
4.49876e-05
4.49935e-05
4.49936e-05
4.49935e-05
4.49934e-05
4.49933e-05
4.49931e-05
4.4993e-05
4.49928e-05
4.49928e-05
4.49928e-05
4.49959e-05
4.49959e-05
4.49959e-05
4.49958e-05
4.49957e-05
4.49956e-05
4.49955e-05
4.49954e-05
4.49954e-05
4.49955e-05
4.49968e-05
4.49968e-05
4.49968e-05
4.49968e-05
4.49968e-05
4.49968e-05
4.49968e-05
4.49968e-05
4.49968e-05
4.49969e-05
4.49983e-05
4.49983e-05
4.49983e-05
4.49983e-05
4.49983e-05
4.49983e-05
4.49983e-05
4.49983e-05
4.49983e-05
4.49984e-05
4.49987e-05
4.49987e-05
4.49987e-05
4.49987e-05
4.49987e-05
4.49987e-05
4.49988e-05
4.49988e-05
4.49988e-05
4.49988e-05
4.4999e-05
4.49991e-05
4.49991e-05
4.49991e-05
4.49991e-05
4.49991e-05
4.49991e-05
4.49991e-05
4.49991e-05
4.49992e-05
4.49991e-05
4.49991e-05
4.49991e-05
4.49991e-05
4.49991e-05
4.49991e-05
4.49992e-05
4.49992e-05
4.49992e-05
4.49992e-05
4.4999e-05
4.4999e-05
4.4999e-05
4.4999e-05
4.49991e-05
4.49991e-05
4.49991e-05
4.49991e-05
4.49991e-05
4.49991e-05
4.49989e-05
4.4999e-05
4.4999e-05
4.4999e-05
4.4999e-05
4.4999e-05
4.4999e-05
4.4999e-05
4.4999e-05
4.4999e-05
4.49989e-05
4.49989e-05
4.49989e-05
4.49989e-05
4.49989e-05
4.49989e-05
4.49989e-05
4.49989e-05
4.49989e-05
4.49989e-05
4.49989e-05
4.4999e-05
4.4999e-05
4.4999e-05
4.49989e-05
4.49989e-05
4.49989e-05
4.49989e-05
4.49989e-05
4.49989e-05
4.4999e-05
4.4999e-05
4.4999e-05
4.4999e-05
4.4999e-05
4.4999e-05
4.4999e-05
4.4999e-05
4.4999e-05
4.4999e-05
4.49992e-05
4.49992e-05
4.49992e-05
4.49992e-05
4.49992e-05
4.49992e-05
4.49992e-05
4.49992e-05
4.49992e-05
4.49992e-05
4.49995e-05
4.49995e-05
4.49995e-05
4.49995e-05
4.49995e-05
4.49995e-05
4.49995e-05
4.49994e-05
4.49994e-05
4.49995e-05
4.49997e-05
4.49997e-05
4.49997e-05
4.49997e-05
4.49997e-05
4.49997e-05
4.49997e-05
4.49997e-05
4.49997e-05
4.49997e-05
4.49999e-05
4.49999e-05
4.49999e-05
4.49999e-05
4.49999e-05
4.49999e-05
4.49999e-05
4.49999e-05
4.49999e-05
4.49999e-05
4.50001e-05
4.50001e-05
4.50001e-05
4.50001e-05
4.50002e-05
4.50002e-05
4.50002e-05
4.50002e-05
4.50002e-05
4.50002e-05
4.50005e-05
4.50005e-05
4.50005e-05
4.50005e-05
4.50005e-05
4.50005e-05
4.50005e-05
4.50005e-05
4.50005e-05
4.50005e-05
4.50006e-05
4.50006e-05
4.50006e-05
4.50006e-05
4.50006e-05
4.50006e-05
4.50006e-05
4.50007e-05
4.50007e-05
4.50007e-05
4.50006e-05
4.50006e-05
4.50006e-05
4.50006e-05
4.50006e-05
4.50006e-05
4.50006e-05
4.50006e-05
4.50006e-05
4.50007e-05
4.50006e-05
4.50006e-05
4.50006e-05
4.50006e-05
4.50006e-05
4.50006e-05
4.50006e-05
4.50006e-05
4.50006e-05
4.50006e-05
4.50007e-05
4.50007e-05
4.50007e-05
4.50007e-05
4.50007e-05
4.50007e-05
4.50007e-05
4.50007e-05
4.50007e-05
4.50007e-05
4.50005e-05
4.50005e-05
4.50005e-05
4.50005e-05
4.50005e-05
4.50005e-05
4.50005e-05
4.50005e-05
4.50005e-05
4.50005e-05
0.000123993
0.000131457
0.000137663
0.00014194
0.000143869
0.000143874
0.000143835
0.000145061
0.000145401
0.000144796
0.000144066
0.000143218
0.000142188
0.00014092
0.000139306
0.000137419
0.000136688
0.000134766
0.000131406
0.000126937
0.000121879
0.000115921
0.000109394
0.00010195
9.87075e-05
9.99654e-05
0.000103428
0.000114089
0.000141334
0.00016549
0.000165491
0.00014123
0.000114031
0.000103419
9.99613e-05
9.8718e-05
0.000101978
0.000109434
0.000115951
0.000121905
0.000126956
0.000131421
0.000134776
0.000136692
0.000137423
0.00013931
0.000140924
0.000142191
0.000143222
0.000144069
0.000144799
0.000145404
0.000145062
0.000143836
0.000143875
0.00014387
0.000141941
0.000137664
0.000131457
0.000123993
0.000336615
0.000340182
0.000342797
0.000344483
0.00034561
0.000346576
0.000346096
0.000343874
0.000340228
0.000335369
0.000329624
0.000323396
0.00031695
0.00031047
0.000304248
0.000298384
0.000292664
0.000286272
0.000277097
0.000264635
0.000249563
0.000231273
0.000212282
0.000194326
0.000177072
0.000161792
0.000148878
0.000142735
0.000152736
0.000166051
0.000166044
0.000152679
0.000142725
0.000148904
0.00016183
0.000177116
0.000194371
0.000212319
0.000231305
0.000249583
0.000264633
0.000277096
0.000286257
0.000292644
0.000298365
0.000304231
0.000310455
0.000316936
0.000323382
0.000329611
0.000335356
0.000340215
0.000343861
0.000346083
0.000346563
0.000345597
0.000344471
0.000342785
0.00034017
0.000336604
0.000443368
0.000442577
0.000442179
0.000442055
0.00044169
0.00044051
0.000438621
0.000436121
0.000433085
0.000429576
0.000425424
0.000420541
0.000414934
0.000408659
0.000401813
0.00039452
0.000386906
0.000378949
0.000370322
0.000360133
0.000346954
0.000327781
0.000305482
0.00028157
0.000258507
0.000234269
0.000209372
0.000182623
0.000173209
0.000175069
0.000175071
0.00017318
0.000182655
0.000209438
0.000234343
0.00025858
0.000281646
0.000305568
0.000327859
0.000346961
0.000360116
0.000370299
0.000378924
0.00038688
0.000394493
0.000401786
0.000408632
0.000414906
0.000420512
0.000425394
0.000429546
0.000433055
0.000436091
0.000438592
0.000440481
0.000441661
0.000442026
0.00044215
0.000442549
0.000443341
0.000421736
0.000420143
0.000420028
0.000420698
0.000421571
0.000422611
0.000423699
0.000424781
0.000425823
0.000426757
0.000427462
0.000427791
0.000427594
0.000426768
0.000425269
0.000423049
0.000420097
0.000416421
0.000412009
0.00040665
0.00039962
0.000389197
0.000372743
0.00034653
0.000322334
0.000299591
0.000272638
0.000236653
0.000200824
0.000187419
0.000187429
0.000200846
0.000236731
0.00027272
0.000299657
0.00032239
0.000346602
0.000372779
0.000389197
0.000399596
0.000406618
0.000411974
0.000416385
0.00042006
0.000423011
0.00042523
0.000426728
0.000427553
0.000427749
0.00042742
0.000426714
0.00042578
0.000424739
0.000423656
0.000422569
0.000421529
0.000420657
0.000419987
0.000420103
0.000421698
0.000319917
0.000318313
0.000318765
0.000320159
0.00032271
0.000326364
0.000331035
0.00033662
0.000342988
0.000349987
0.000357433
0.000365119
0.000372824
0.000380323
0.000387399
0.000393842
0.00039947
0.000404134
0.000407736
0.000410184
0.000411245
0.000410203
0.000405211
0.000392563
0.000370487
0.000345957
0.000325249
0.000291317
0.000238248
0.000204226
0.000204263
0.000238325
0.000291409
0.000325305
0.000345994
0.000370539
0.000392583
0.000405197
0.000410169
0.000411202
0.000410138
0.000407688
0.000404086
0.00039942
0.000393792
0.000387347
0.000380271
0.000372772
0.000365066
0.00035738
0.000349935
0.000342937
0.000336569
0.000330986
0.000326316
0.000322663
0.000320113
0.00031872
0.00031827
0.000319876
0.000183014
0.000182195
0.000182751
0.000184717
0.000188385
0.000193724
0.000200685
0.000209199
0.000219181
0.000230521
0.000243089
0.00025672
0.000271221
0.000286363
0.000301884
0.000317494
0.000332882
0.000347732
0.000361739
0.000374631
0.000386147
0.000395915
0.000403022
0.000405077
0.000397832
0.000378087
0.000358743
0.000337265
0.000284658
0.00022667
0.000226689
0.000284767
0.00033733
0.000358759
0.00037813
0.000397843
0.000405052
0.000402977
0.000395862
0.000386091
0.000374573
0.000361681
0.000347673
0.000332824
0.000317437
0.000301828
0.000286309
0.000271168
0.000256669
0.00024304
0.000230475
0.000219137
0.000209158
0.000200646
0.000193687
0.00018835
0.000184683
0.000182719
0.000182165
0.000182984
8.64703e-05
8.62744e-05
8.65797e-05
8.81605e-05
9.1049e-05
9.52975e-05
0.000100973
0.000108149
0.0001169
0.000127289
0.000139362
0.000153134
0.000168582
0.000185638
0.000204179
0.00022402
0.000244915
0.000266552
0.000288566
0.000310549
0.000332069
0.000352662
0.000371688
0.000387743
0.000397419
0.000394603
0.000380241
0.000370316
0.000328502
0.000252431
0.000252529
0.000328595
0.000370288
0.000380223
0.000394608
0.000397388
0.000387689
0.000371626
0.000352597
0.000332004
0.000310485
0.000288505
0.000266494
0.000244859
0.000223968
0.000204131
0.000185594
0.000168542
0.000153098
0.00013933
0.000127261
0.000116874
0.000108126
0.000100953
9.52797e-05
9.10331e-05
8.81459e-05
8.65663e-05
8.62619e-05
8.64581e-05
5.2749e-05
5.27112e-05
5.28831e-05
5.35293e-05
5.47045e-05
5.64973e-05
5.90286e-05
6.24529e-05
6.69486e-05
7.27118e-05
7.99542e-05
8.889e-05
9.97236e-05
0.000112634
0.000127759
0.000145179
0.000164899
0.000186838
0.000210817
0.000236555
0.000263671
0.000291687
0.00032
0.000347642
0.00037234
0.000388352
0.000387435
0.000380359
0.000361149
0.000280766
0.000280878
0.000361241
0.000380386
0.000387436
0.000388319
0.000372279
0.000347572
0.000319929
0.000291619
0.000263607
0.000236496
0.000210763
0.00018679
0.000164856
0.000145141
0.000127727
0.000112607
9.97009e-05
8.88714e-05
7.9939e-05
7.26997e-05
6.6939e-05
6.24453e-05
5.90226e-05
5.64926e-05
5.47008e-05
5.35263e-05
5.28806e-05
5.2709e-05
5.27468e-05
4.57061e-05
4.57021e-05
4.57541e-05
4.59146e-05
4.62116e-05
4.6693e-05
4.74296e-05
4.85209e-05
5.00988e-05
5.2332e-05
5.5429e-05
5.96377e-05
6.52432e-05
7.256e-05
8.19314e-05
9.36833e-05
0.000108125
0.000125518
0.000146049
0.000169802
0.000196743
0.000226705
0.000259364
0.000294148
0.000329728
0.000362004
0.000380909
0.000384401
0.00038344
0.000308099
0.000308209
0.000383492
0.000384373
0.000380884
0.000361942
0.000329652
0.000294073
0.000259295
0.000226643
0.000196688
0.000169754
0.000146008
0.000125485
0.000108098
9.36612e-05
8.19141e-05
7.25467e-05
6.52332e-05
5.96304e-05
5.54238e-05
5.23284e-05
5.00964e-05
4.85194e-05
4.74287e-05
4.66925e-05
4.62114e-05
4.59146e-05
4.57543e-05
4.57023e-05
4.57063e-05
4.49356e-05
4.49355e-05
4.49434e-05
4.49656e-05
4.50103e-05
4.50918e-05
4.52358e-05
4.54816e-05
4.5888e-05
4.65408e-05
4.75615e-05
4.91163e-05
5.14243e-05
5.47617e-05
5.94714e-05
6.59565e-05
7.46698e-05
8.61087e-05
0.000100785
0.000119181
0.000141728
0.000168768
0.000200527
0.000237072
0.000278068
0.000321401
0.000358591
0.000375511
0.000388475
0.000330222
0.00033031
0.000388421
0.000375493
0.000358538
0.000321322
0.000277989
0.000237002
0.000200467
0.000168717
0.000141687
0.000119148
0.000100758
8.60885e-05
7.46547e-05
6.59455e-05
5.94637e-05
5.47565e-05
5.14209e-05
4.91144e-05
4.75606e-05
4.65406e-05
4.58882e-05
4.54822e-05
4.52366e-05
4.50926e-05
4.50112e-05
4.49665e-05
4.49443e-05
4.49364e-05
4.49365e-05
4.48174e-05
4.48178e-05
4.48196e-05
4.48237e-05
4.48314e-05
4.48455e-05
4.48714e-05
4.49196e-05
4.50084e-05
4.51686e-05
4.54507e-05
4.59328e-05
4.67328e-05
4.80192e-05
5.00324e-05
5.3096e-05
5.76224e-05
6.41289e-05
7.32326e-05
8.56255e-05
0.000102119
0.000123519
0.000150655
0.000184349
0.000225343
0.000273577
0.000324017
0.000359214
0.00038032
0.00034504
0.000345103
0.000380297
0.000359186
0.000323943
0.000273495
0.000225271
0.00018429
0.000150607
0.000123482
0.00010209
8.56046e-05
7.32175e-05
6.41184e-05
5.76154e-05
5.30915e-05
5.00297e-05
4.80178e-05
4.67323e-05
4.59329e-05
4.5451e-05
4.51692e-05
4.5009e-05
4.49203e-05
4.48721e-05
4.48462e-05
4.48321e-05
4.48244e-05
4.48202e-05
4.48184e-05
4.48181e-05
4.48736e-05
4.48734e-05
4.48723e-05
4.48698e-05
4.48671e-05
4.48647e-05
4.4864e-05
4.48672e-05
4.48792e-05
4.49098e-05
4.49746e-05
4.51029e-05
4.53443e-05
4.578e-05
4.65383e-05
4.78142e-05
4.98914e-05
5.31761e-05
5.82098e-05
6.56946e-05
7.65153e-05
9.1725e-05
0.000112612
0.000140641
0.000177526
0.000225057
0.000282258
0.000334569
0.000367734
0.000352191
0.000352223
0.000367675
0.000334521
0.000282176
0.00022498
0.000177466
0.000140595
0.000112578
9.17003e-05
7.6498e-05
6.56829e-05
5.82023e-05
5.31715e-05
4.98888e-05
4.7813e-05
4.65379e-05
4.57802e-05
4.53448e-05
4.51036e-05
4.49755e-05
4.49107e-05
4.48802e-05
4.48681e-05
4.48649e-05
4.48656e-05
4.4868e-05
4.48708e-05
4.48733e-05
4.48743e-05
4.48745e-05
4.48773e-05
4.48771e-05
4.48771e-05
4.48771e-05
4.4877e-05
4.48767e-05
4.48763e-05
4.48761e-05
4.4877e-05
4.48811e-05
4.4893e-05
4.49221e-05
4.4986e-05
4.51175e-05
4.53745e-05
4.58552e-05
4.67201e-05
4.8223e-05
5.07464e-05
5.48572e-05
6.13429e-05
7.12651e-05
8.60129e-05
0.000107424
0.000137917
0.000180669
0.00023839
0.000302617
0.000345998
0.000351711
0.000351719
0.000345957
0.000302554
0.000238309
0.000180604
0.00013787
0.000107391
8.59901e-05
7.125e-05
6.13333e-05
5.48515e-05
5.07432e-05
4.82215e-05
4.67198e-05
4.58555e-05
4.53751e-05
4.51184e-05
4.4987e-05
4.49231e-05
4.48942e-05
4.48822e-05
4.48782e-05
4.48773e-05
4.48776e-05
4.4878e-05
4.48782e-05
4.48783e-05
4.48783e-05
4.48783e-05
4.48785e-05
4.49193e-05
4.49184e-05
4.49169e-05
4.49149e-05
4.49125e-05
4.49097e-05
4.49066e-05
4.49033e-05
4.48999e-05
4.48971e-05
4.48958e-05
4.48986e-05
4.49119e-05
4.49463e-05
4.50247e-05
4.51901e-05
4.55213e-05
4.61561e-05
4.73264e-05
4.94106e-05
5.30016e-05
5.89982e-05
6.87011e-05
8.39554e-05
0.000107437
0.00014318
0.000196613
0.00026648
0.000323963
0.000347942
0.000347947
0.000323923
0.000266409
0.00019654
0.000143128
0.000107402
8.39331e-05
6.86871e-05
5.89898e-05
5.2997e-05
4.94083e-05
4.73256e-05
4.61561e-05
4.55218e-05
4.51909e-05
4.50256e-05
4.49473e-05
4.49129e-05
4.48996e-05
4.48967e-05
4.4898e-05
4.49008e-05
4.49041e-05
4.49074e-05
4.49104e-05
4.49132e-05
4.49156e-05
4.49176e-05
4.49191e-05
4.492e-05
4.49559e-05
4.49551e-05
4.49544e-05
4.49534e-05
4.49518e-05
4.49497e-05
4.49471e-05
4.49438e-05
4.49399e-05
4.49356e-05
4.4931e-05
4.49269e-05
4.49249e-05
4.49289e-05
4.49468e-05
4.49959e-05
4.51108e-05
4.53585e-05
4.58642e-05
4.6853e-05
4.8715e-05
5.2103e-05
5.80869e-05
6.83305e-05
8.5403e-05
0.00011352
0.000159729
0.000229328
0.000299719
0.000338888
0.000338868
0.000299676
0.000229256
0.000159668
0.000113481
8.53794e-05
6.83165e-05
5.8079e-05
5.20991e-05
4.87132e-05
4.68525e-05
4.58645e-05
4.53591e-05
4.51116e-05
4.49968e-05
4.49476e-05
4.49297e-05
4.49257e-05
4.49276e-05
4.49316e-05
4.49362e-05
4.49405e-05
4.49443e-05
4.49475e-05
4.49502e-05
4.49522e-05
4.49538e-05
4.49548e-05
4.49555e-05
4.49562e-05
4.49701e-05
4.49695e-05
4.49686e-05
4.49676e-05
4.49664e-05
4.49649e-05
4.49632e-05
4.4961e-05
4.49584e-05
4.49553e-05
4.49518e-05
4.49478e-05
4.49441e-05
4.49416e-05
4.49428e-05
4.49537e-05
4.49885e-05
4.50769e-05
4.52807e-05
4.5722e-05
4.6634e-05
4.8447e-05
5.19333e-05
5.84424e-05
7.02613e-05
9.12999e-05
0.000129085
0.000193808
0.000273208
0.000328889
0.000328851
0.00027316
0.000193743
0.000129037
9.12725e-05
7.02459e-05
5.84343e-05
5.19293e-05
4.84454e-05
4.66336e-05
4.57222e-05
4.52813e-05
4.50776e-05
4.49892e-05
4.49544e-05
4.49433e-05
4.49421e-05
4.49446e-05
4.49481e-05
4.4952e-05
4.49556e-05
4.49586e-05
4.49612e-05
4.49633e-05
4.4965e-05
4.49665e-05
4.49677e-05
4.49687e-05
4.49695e-05
4.49701e-05
4.49876e-05
4.49871e-05
4.49867e-05
4.49862e-05
4.49855e-05
4.49845e-05
4.49832e-05
4.49816e-05
4.49795e-05
4.49771e-05
4.49741e-05
4.49706e-05
4.49667e-05
4.49627e-05
4.49592e-05
4.49583e-05
4.49653e-05
4.49923e-05
4.50676e-05
4.52523e-05
4.56757e-05
4.65992e-05
4.85379e-05
5.24788e-05
6.02867e-05
7.54346e-05
0.000104873
0.000161015
0.000245029
0.000316725
0.000316684
0.000244979
0.000160958
0.000104837
7.54159e-05
6.02772e-05
5.24745e-05
4.85362e-05
4.65988e-05
4.56759e-05
4.52528e-05
4.50681e-05
4.49929e-05
4.49658e-05
4.49588e-05
4.49595e-05
4.4963e-05
4.4967e-05
4.49708e-05
4.49743e-05
4.49772e-05
4.49797e-05
4.49817e-05
4.49833e-05
4.49846e-05
4.49856e-05
4.49863e-05
4.49868e-05
4.49872e-05
4.49878e-05
4.49929e-05
4.49925e-05
4.4992e-05
4.49915e-05
4.49908e-05
4.49901e-05
4.49893e-05
4.49883e-05
4.4987e-05
4.49855e-05
4.49837e-05
4.49815e-05
4.49792e-05
4.49765e-05
4.49734e-05
4.49705e-05
4.49696e-05
4.49754e-05
4.49998e-05
4.50716e-05
4.52577e-05
4.57068e-05
4.67404e-05
4.90338e-05
5.39808e-05
6.44783e-05
8.65902e-05
0.000133373
0.000216697
0.000302138
0.000302097
0.000216649
0.000133327
8.65649e-05
6.44661e-05
5.39754e-05
4.90318e-05
4.67399e-05
4.57069e-05
4.52581e-05
4.50721e-05
4.50002e-05
4.49758e-05
4.497e-05
4.49708e-05
4.49736e-05
4.49767e-05
4.49794e-05
4.49817e-05
4.49839e-05
4.49857e-05
4.49872e-05
4.49884e-05
4.49894e-05
4.49903e-05
4.4991e-05
4.49916e-05
4.49922e-05
4.49927e-05
4.49931e-05
4.49956e-05
4.49953e-05
4.49953e-05
4.49953e-05
4.49952e-05
4.49951e-05
4.49949e-05
4.49946e-05
4.4994e-05
4.49932e-05
4.49922e-05
4.49909e-05
4.49892e-05
4.49872e-05
4.49848e-05
4.49821e-05
4.49796e-05
4.49789e-05
4.49847e-05
4.50098e-05
4.50866e-05
4.52952e-05
4.58249e-05
4.71125e-05
5.01447e-05
5.71628e-05
7.33284e-05
0.000111007
0.000189651
0.0002855
0.000285458
0.000189607
0.000110972
7.33109e-05
5.71553e-05
5.01419e-05
4.71117e-05
4.58249e-05
4.52955e-05
4.50871e-05
4.50102e-05
4.4985e-05
4.49792e-05
4.49798e-05
4.49823e-05
4.4985e-05
4.49874e-05
4.49894e-05
4.4991e-05
4.49924e-05
4.49934e-05
4.49942e-05
4.49947e-05
4.4995e-05
4.49953e-05
4.49954e-05
4.49954e-05
4.49954e-05
4.49954e-05
4.49958e-05
4.49971e-05
4.49968e-05
4.49966e-05
4.49963e-05
4.4996e-05
4.49957e-05
4.49954e-05
4.49951e-05
4.49947e-05
4.49945e-05
4.49942e-05
4.49938e-05
4.49932e-05
4.49923e-05
4.49911e-05
4.49894e-05
4.49875e-05
4.49857e-05
4.49858e-05
4.4993e-05
4.50224e-05
4.51147e-05
4.5376e-05
4.60749e-05
4.78783e-05
5.24255e-05
6.3924e-05
9.34153e-05
0.000164347
0.000267232
0.000267191
0.000164303
9.33887e-05
6.39122e-05
5.24211e-05
4.7877e-05
4.60748e-05
4.53763e-05
4.51151e-05
4.50228e-05
4.49933e-05
4.49861e-05
4.4986e-05
4.49877e-05
4.49897e-05
4.49913e-05
4.49925e-05
4.49934e-05
4.4994e-05
4.49944e-05
4.49946e-05
4.49949e-05
4.49952e-05
4.49955e-05
4.49958e-05
4.49961e-05
4.49964e-05
4.49967e-05
4.49969e-05
4.49972e-05
4.49986e-05
4.49984e-05
4.49984e-05
4.49985e-05
4.49985e-05
4.49985e-05
4.49985e-05
4.49983e-05
4.49982e-05
4.49979e-05
4.49976e-05
4.49973e-05
4.49968e-05
4.49962e-05
4.49954e-05
4.49944e-05
4.49931e-05
4.49916e-05
4.49904e-05
4.49916e-05
4.50016e-05
4.50403e-05
4.51645e-05
4.5532e-05
4.65746e-05
4.94509e-05
5.74156e-05
7.9937e-05
0.00014117
0.000247924
0.000247883
0.000141132
7.99175e-05
5.74079e-05
4.94485e-05
4.65741e-05
4.55321e-05
4.51648e-05
4.50407e-05
4.50019e-05
4.49919e-05
4.49907e-05
4.49919e-05
4.49933e-05
4.49946e-05
4.49956e-05
4.49964e-05
4.4997e-05
4.49974e-05
4.49978e-05
4.49981e-05
4.49983e-05
4.49985e-05
4.49986e-05
4.49986e-05
4.49986e-05
4.49986e-05
4.49985e-05
4.49985e-05
4.49987e-05
4.49991e-05
4.4999e-05
4.49988e-05
4.49987e-05
4.49987e-05
4.49986e-05
4.49986e-05
4.49986e-05
4.49986e-05
4.49986e-05
4.49986e-05
4.49985e-05
4.49984e-05
4.49982e-05
4.49979e-05
4.49974e-05
4.49967e-05
4.49958e-05
4.49947e-05
4.49942e-05
4.4997e-05
4.50122e-05
4.5069e-05
4.52566e-05
4.58435e-05
4.76234e-05
5.30158e-05
6.98235e-05
0.00012124
0.000228201
0.000228161
0.000121208
6.98095e-05
5.3011e-05
4.76223e-05
4.58435e-05
4.52568e-05
4.50694e-05
4.50125e-05
4.49973e-05
4.49945e-05
4.49949e-05
4.4996e-05
4.49969e-05
4.49976e-05
4.4998e-05
4.49984e-05
4.49986e-05
4.49987e-05
4.49987e-05
4.49987e-05
4.49987e-05
4.49987e-05
4.49987e-05
4.49987e-05
4.49987e-05
4.49988e-05
4.49988e-05
4.4999e-05
4.49992e-05
4.49995e-05
4.49994e-05
4.49994e-05
4.49995e-05
4.49995e-05
4.49996e-05
4.49997e-05
4.49997e-05
4.49998e-05
4.49998e-05
4.49998e-05
4.49997e-05
4.49997e-05
4.49996e-05
4.49995e-05
4.49993e-05
4.4999e-05
4.49985e-05
4.49978e-05
4.49972e-05
4.49976e-05
4.50031e-05
4.50282e-05
4.51213e-05
4.54435e-05
4.65227e-05
5.01006e-05
6.24058e-05
0.000104731
0.000208713
0.000208674
0.000104706
6.2396e-05
5.00977e-05
4.65223e-05
4.54437e-05
4.51216e-05
4.50285e-05
4.50034e-05
4.49978e-05
4.49974e-05
4.4998e-05
4.49987e-05
4.49991e-05
4.49994e-05
4.49996e-05
4.49998e-05
4.49998e-05
4.49998e-05
4.49999e-05
4.49999e-05
4.49998e-05
4.49998e-05
4.49997e-05
4.49997e-05
4.49996e-05
4.49995e-05
4.49994e-05
4.49994e-05
4.49995e-05
4.49995e-05
4.49993e-05
4.49993e-05
4.49994e-05
4.49994e-05
4.49994e-05
4.49995e-05
4.49996e-05
4.49996e-05
4.49997e-05
4.49998e-05
4.49999e-05
4.5e-05
4.50001e-05
4.50002e-05
4.50002e-05
4.50002e-05
4.5e-05
4.49998e-05
4.49994e-05
4.49993e-05
4.50012e-05
4.50118e-05
4.5057e-05
4.52299e-05
4.58718e-05
4.82028e-05
5.7063e-05
9.13407e-05
0.000189955
0.000189916
9.13208e-05
5.70564e-05
4.82012e-05
4.58717e-05
4.52302e-05
4.50574e-05
4.50121e-05
4.50014e-05
4.49995e-05
4.49996e-05
4.5e-05
4.50002e-05
4.50003e-05
4.50003e-05
4.50003e-05
4.50002e-05
4.50001e-05
4.5e-05
4.49999e-05
4.49998e-05
4.49997e-05
4.49996e-05
4.49995e-05
4.49995e-05
4.49994e-05
4.49994e-05
4.49994e-05
4.49994e-05
4.49995e-05
4.49993e-05
4.49992e-05
4.49993e-05
4.49993e-05
4.49994e-05
4.49994e-05
4.49995e-05
4.49996e-05
4.49997e-05
4.49998e-05
4.49999e-05
4.5e-05
4.50001e-05
4.50002e-05
4.50004e-05
4.50005e-05
4.50006e-05
4.50007e-05
4.50008e-05
4.50008e-05
4.50007e-05
4.50014e-05
4.50059e-05
4.50276e-05
4.51186e-05
4.54935e-05
4.69892e-05
5.32745e-05
8.06338e-05
0.000172347
0.000172308
8.06185e-05
5.32702e-05
4.69884e-05
4.54937e-05
4.51189e-05
4.50279e-05
4.50062e-05
4.50016e-05
4.50009e-05
4.50009e-05
4.50009e-05
4.50009e-05
4.50008e-05
4.50006e-05
4.50005e-05
4.50003e-05
4.50002e-05
4.5e-05
4.49999e-05
4.49998e-05
4.49997e-05
4.49997e-05
4.49996e-05
4.49995e-05
4.49994e-05
4.49994e-05
4.49993e-05
4.49993e-05
4.49994e-05
4.49992e-05
4.49992e-05
4.49991e-05
4.49991e-05
4.49991e-05
4.49991e-05
4.49992e-05
4.49992e-05
4.49993e-05
4.49994e-05
4.49995e-05
4.49996e-05
4.49998e-05
4.49999e-05
4.50001e-05
4.50003e-05
4.50006e-05
4.50008e-05
4.5001e-05
4.50013e-05
4.50015e-05
4.5002e-05
4.50041e-05
4.50145e-05
4.50618e-05
4.52775e-05
4.62248e-05
5.06249e-05
7.21852e-05
0.000156126
0.000156092
7.21737e-05
5.06222e-05
4.62245e-05
4.52777e-05
4.50621e-05
4.50148e-05
4.50043e-05
4.50022e-05
4.50017e-05
4.50014e-05
4.50012e-05
4.50009e-05
4.50007e-05
4.50004e-05
4.50002e-05
4.5e-05
4.49998e-05
4.49997e-05
4.49995e-05
4.49994e-05
4.49993e-05
4.49993e-05
4.49992e-05
4.49992e-05
4.49991e-05
4.49991e-05
4.49991e-05
4.49992e-05
4.49992e-05
4.49991e-05
4.49991e-05
4.4999e-05
4.4999e-05
4.4999e-05
4.4999e-05
4.49991e-05
4.49991e-05
4.49991e-05
4.49992e-05
4.49992e-05
4.49993e-05
4.49994e-05
4.49995e-05
4.49997e-05
4.49999e-05
4.50002e-05
4.50004e-05
4.50008e-05
4.50012e-05
4.50016e-05
4.50022e-05
4.50034e-05
4.50088e-05
4.50334e-05
4.51559e-05
4.5749e-05
4.87938e-05
6.55952e-05
0.000141406
0.000141375
6.55865e-05
4.87922e-05
4.5749e-05
4.51562e-05
4.50337e-05
4.5009e-05
4.50037e-05
4.50023e-05
4.50018e-05
4.50013e-05
4.50009e-05
4.50006e-05
4.50002e-05
4.5e-05
4.49998e-05
4.49996e-05
4.49995e-05
4.49993e-05
4.49993e-05
4.49992e-05
4.49991e-05
4.49991e-05
4.49991e-05
4.49991e-05
4.4999e-05
4.4999e-05
4.4999e-05
4.49991e-05
4.49991e-05
4.49991e-05
4.49991e-05
4.4999e-05
4.4999e-05
4.49989e-05
4.49989e-05
4.49988e-05
4.49988e-05
4.49988e-05
4.49988e-05
4.49988e-05
4.49988e-05
4.49988e-05
4.4999e-05
4.49991e-05
4.49993e-05
4.49995e-05
4.49998e-05
4.50002e-05
4.50006e-05
4.50012e-05
4.50019e-05
4.50029e-05
4.5006e-05
4.50192e-05
4.50884e-05
4.54562e-05
4.75416e-05
6.05061e-05
0.000128212
0.000128185
6.04998e-05
4.75407e-05
4.54564e-05
4.50887e-05
4.50195e-05
4.50062e-05
4.50031e-05
4.5002e-05
4.50013e-05
4.50008e-05
4.50003e-05
4.49999e-05
4.49996e-05
4.49994e-05
4.49992e-05
4.4999e-05
4.49989e-05
4.49988e-05
4.49988e-05
4.49988e-05
4.49988e-05
4.49988e-05
4.49988e-05
4.49989e-05
4.49989e-05
4.4999e-05
4.4999e-05
4.49991e-05
4.49991e-05
4.49991e-05
4.49991e-05
4.4999e-05
4.4999e-05
4.49989e-05
4.49989e-05
4.49988e-05
4.49988e-05
4.49987e-05
4.49987e-05
4.49987e-05
4.49986e-05
4.49986e-05
4.49986e-05
4.49987e-05
4.49988e-05
4.49989e-05
4.49991e-05
4.49995e-05
4.49999e-05
4.50004e-05
4.50012e-05
4.50022e-05
4.50043e-05
4.50118e-05
4.50511e-05
4.52777e-05
4.66932e-05
5.66111e-05
0.00011651
0.000116487
5.66065e-05
4.66929e-05
4.5278e-05
4.50514e-05
4.50121e-05
4.50045e-05
4.50024e-05
4.50013e-05
4.50006e-05
4.5e-05
4.49996e-05
4.49992e-05
4.4999e-05
4.49988e-05
4.49987e-05
4.49987e-05
4.49986e-05
4.49986e-05
4.49987e-05
4.49987e-05
4.49987e-05
4.49988e-05
4.49988e-05
4.49989e-05
4.49989e-05
4.4999e-05
4.4999e-05
4.49991e-05
4.49991e-05
4.49993e-05
4.49993e-05
4.49992e-05
4.49992e-05
4.49991e-05
4.49991e-05
4.49991e-05
4.4999e-05
4.4999e-05
4.4999e-05
4.49989e-05
4.49989e-05
4.49989e-05
4.49988e-05
4.49988e-05
4.49988e-05
4.49988e-05
4.49989e-05
4.4999e-05
4.49993e-05
4.49997e-05
4.50003e-05
4.50012e-05
4.50029e-05
4.50076e-05
4.50303e-05
4.51695e-05
4.61232e-05
5.36529e-05
0.00010622
0.0001062
5.36497e-05
4.61232e-05
4.51699e-05
4.50306e-05
4.50079e-05
4.50031e-05
4.50014e-05
4.50004e-05
4.49998e-05
4.49993e-05
4.4999e-05
4.49989e-05
4.49988e-05
4.49988e-05
4.49988e-05
4.49988e-05
4.49988e-05
4.49989e-05
4.49989e-05
4.49989e-05
4.4999e-05
4.4999e-05
4.4999e-05
4.49991e-05
4.49991e-05
4.49992e-05
4.49992e-05
4.49992e-05
4.49992e-05
4.49995e-05
4.49995e-05
4.49995e-05
4.49995e-05
4.49994e-05
4.49994e-05
4.49994e-05
4.49993e-05
4.49993e-05
4.49993e-05
4.49992e-05
4.49992e-05
4.49992e-05
4.49991e-05
4.49991e-05
4.4999e-05
4.4999e-05
4.4999e-05
4.4999e-05
4.49991e-05
4.49992e-05
4.49996e-05
4.50003e-05
4.50016e-05
4.50049e-05
4.50184e-05
4.51042e-05
4.57429e-05
5.14215e-05
9.72386e-05
9.72218e-05
5.14194e-05
4.57431e-05
4.51045e-05
4.50187e-05
4.50051e-05
4.50018e-05
4.50005e-05
4.49997e-05
4.49992e-05
4.49991e-05
4.4999e-05
4.4999e-05
4.4999e-05
4.4999e-05
4.4999e-05
4.49991e-05
4.49991e-05
4.49992e-05
4.49992e-05
4.49992e-05
4.49993e-05
4.49993e-05
4.49993e-05
4.49993e-05
4.49994e-05
4.49994e-05
4.49994e-05
4.49995e-05
4.49995e-05
4.49997e-05
4.49997e-05
4.49997e-05
4.49997e-05
4.49997e-05
4.49996e-05
4.49996e-05
4.49996e-05
4.49996e-05
4.49996e-05
4.49995e-05
4.49995e-05
4.49995e-05
4.49994e-05
4.49994e-05
4.49993e-05
4.49993e-05
4.49993e-05
4.49992e-05
4.49992e-05
4.49993e-05
4.49994e-05
4.49998e-05
4.50006e-05
4.50029e-05
4.50113e-05
4.50645e-05
4.54906e-05
4.97483e-05
8.9448e-05
8.94338e-05
4.97469e-05
4.54909e-05
4.50648e-05
4.50115e-05
4.5003e-05
4.50007e-05
4.49998e-05
4.49994e-05
4.49992e-05
4.49992e-05
4.49992e-05
4.49992e-05
4.49992e-05
4.49993e-05
4.49993e-05
4.49994e-05
4.49994e-05
4.49994e-05
4.49995e-05
4.49995e-05
4.49995e-05
4.49996e-05
4.49996e-05
4.49996e-05
4.49996e-05
4.49996e-05
4.49997e-05
4.49997e-05
4.49997e-05
4.49999e-05
4.49998e-05
4.49998e-05
4.49998e-05
4.49998e-05
4.49998e-05
4.49997e-05
4.49997e-05
4.49997e-05
4.49997e-05
4.49997e-05
4.49997e-05
4.49997e-05
4.49996e-05
4.49996e-05
4.49996e-05
4.49996e-05
4.49995e-05
4.49995e-05
4.49995e-05
4.49995e-05
4.49995e-05
4.49996e-05
4.5e-05
4.50014e-05
4.50067e-05
4.50402e-05
4.53238e-05
4.85002e-05
8.27261e-05
8.27142e-05
4.84994e-05
4.53242e-05
4.50405e-05
4.5007e-05
4.50016e-05
4.50001e-05
4.49996e-05
4.49994e-05
4.49994e-05
4.49994e-05
4.49994e-05
4.49994e-05
4.49995e-05
4.49995e-05
4.49996e-05
4.49996e-05
4.49996e-05
4.49996e-05
4.49997e-05
4.49997e-05
4.49997e-05
4.49997e-05
4.49997e-05
4.49997e-05
4.49997e-05
4.49998e-05
4.49998e-05
4.49998e-05
4.49999e-05
4.50001e-05
4.50001e-05
4.50001e-05
4.50001e-05
4.5e-05
4.5e-05
4.49999e-05
4.49999e-05
4.49999e-05
4.49998e-05
4.49998e-05
4.49998e-05
4.49998e-05
4.49998e-05
4.49998e-05
4.49998e-05
4.49997e-05
4.49997e-05
4.49997e-05
4.49997e-05
4.49997e-05
4.49997e-05
4.49997e-05
4.49999e-05
4.50006e-05
4.50039e-05
4.5025e-05
4.52138e-05
4.75733e-05
7.69525e-05
7.69426e-05
4.75728e-05
4.52142e-05
4.50253e-05
4.5004e-05
4.50007e-05
4.49999e-05
4.49997e-05
4.49996e-05
4.49996e-05
4.49996e-05
4.49996e-05
4.49996e-05
4.49997e-05
4.49997e-05
4.49997e-05
4.49997e-05
4.49998e-05
4.49998e-05
4.49998e-05
4.49998e-05
4.49998e-05
4.49999e-05
4.49999e-05
4.5e-05
4.5e-05
4.5e-05
4.50001e-05
4.50001e-05
4.50001e-05
4.50005e-05
4.50005e-05
4.50005e-05
4.50005e-05
4.50005e-05
4.50004e-05
4.50004e-05
4.50004e-05
4.50003e-05
4.50003e-05
4.50002e-05
4.50001e-05
4.50001e-05
4.5e-05
4.5e-05
4.49999e-05
4.49999e-05
4.49999e-05
4.49999e-05
4.49999e-05
4.49999e-05
4.49999e-05
4.49999e-05
4.5e-05
4.50004e-05
4.50021e-05
4.50154e-05
4.51412e-05
4.68875e-05
7.20127e-05
7.20045e-05
4.68874e-05
4.51416e-05
4.50157e-05
4.50022e-05
4.50003e-05
4.49999e-05
4.49998e-05
4.49998e-05
4.49998e-05
4.49998e-05
4.49998e-05
4.49998e-05
4.49998e-05
4.49999e-05
4.49999e-05
4.5e-05
4.5e-05
4.50001e-05
4.50002e-05
4.50002e-05
4.50003e-05
4.50004e-05
4.50004e-05
4.50004e-05
4.50005e-05
4.50005e-05
4.50005e-05
4.50005e-05
4.50005e-05
4.50007e-05
4.50007e-05
4.50007e-05
4.50007e-05
4.50007e-05
4.50007e-05
4.50007e-05
4.50007e-05
4.50007e-05
4.50007e-05
4.50006e-05
4.50006e-05
4.50005e-05
4.50004e-05
4.50003e-05
4.50002e-05
4.50002e-05
4.50001e-05
4.50001e-05
4.5e-05
4.5e-05
4.5e-05
4.50001e-05
4.50002e-05
4.50004e-05
4.50013e-05
4.50094e-05
4.50932e-05
4.63824e-05
6.78002e-05
6.77935e-05
4.63827e-05
4.50936e-05
4.50096e-05
4.50013e-05
4.50003e-05
4.50001e-05
4.5e-05
4.49999e-05
4.49999e-05
4.5e-05
4.5e-05
4.5e-05
4.50001e-05
4.50002e-05
4.50003e-05
4.50004e-05
4.50005e-05
4.50005e-05
4.50006e-05
4.50006e-05
4.50007e-05
4.50007e-05
4.50007e-05
4.50007e-05
4.50007e-05
4.50007e-05
4.50007e-05
4.50007e-05
4.50007e-05
4.50007e-05
4.50007e-05
4.50007e-05
4.50007e-05
4.50007e-05
4.50008e-05
4.50008e-05
4.50008e-05
4.50008e-05
4.50008e-05
4.50008e-05
4.50008e-05
4.50008e-05
4.50007e-05
4.50007e-05
4.50006e-05
4.50005e-05
4.50004e-05
4.50003e-05
4.50002e-05
4.50002e-05
4.50002e-05
4.50002e-05
4.50003e-05
4.50005e-05
4.50011e-05
4.50057e-05
4.50614e-05
4.6011e-05
6.42182e-05
6.42128e-05
4.60115e-05
4.50618e-05
4.50058e-05
4.5001e-05
4.50004e-05
4.50002e-05
4.50001e-05
4.50001e-05
4.50001e-05
4.50002e-05
4.50003e-05
4.50004e-05
4.50005e-05
4.50006e-05
4.50007e-05
4.50007e-05
4.50008e-05
4.50008e-05
4.50008e-05
4.50008e-05
4.50008e-05
4.50008e-05
4.50008e-05
4.50008e-05
4.50007e-05
4.50007e-05
4.50007e-05
4.50007e-05
4.50007e-05
4.50006e-05
4.50006e-05
4.50006e-05
4.50006e-05
4.50007e-05
4.50007e-05
4.50007e-05
4.50007e-05
4.50007e-05
4.50008e-05
4.50008e-05
4.50008e-05
4.50008e-05
4.50008e-05
4.50008e-05
4.50008e-05
4.50008e-05
4.50007e-05
4.50006e-05
4.50005e-05
4.50004e-05
4.50004e-05
4.50004e-05
4.50004e-05
4.50006e-05
4.50011e-05
4.50038e-05
4.50405e-05
4.57382e-05
6.11804e-05
6.1176e-05
4.57388e-05
4.50407e-05
4.50038e-05
4.50009e-05
4.50005e-05
4.50003e-05
4.50003e-05
4.50003e-05
4.50004e-05
4.50005e-05
4.50006e-05
4.50007e-05
4.50008e-05
4.50008e-05
4.50009e-05
4.50009e-05
4.50008e-05
4.50008e-05
4.50008e-05
4.50008e-05
4.50007e-05
4.50007e-05
4.50007e-05
4.50007e-05
4.50007e-05
4.50006e-05
4.50006e-05
4.50006e-05
4.50006e-05
4.50007e-05
4.50007e-05
4.50007e-05
4.50007e-05
4.50007e-05
4.50007e-05
4.50007e-05
4.50007e-05
4.50007e-05
4.50007e-05
4.50007e-05
4.50007e-05
4.50007e-05
4.50008e-05
4.50008e-05
4.50008e-05
4.50009e-05
4.50009e-05
4.50009e-05
4.50008e-05
4.50007e-05
4.50006e-05
4.50005e-05
4.50005e-05
4.50007e-05
4.50011e-05
4.50029e-05
4.50267e-05
4.55382e-05
5.8606e-05
5.86026e-05
4.55388e-05
4.50269e-05
4.50028e-05
4.50009e-05
4.50006e-05
4.50005e-05
4.50005e-05
4.50006e-05
4.50007e-05
4.50008e-05
4.50009e-05
4.50009e-05
4.50009e-05
4.50008e-05
4.50008e-05
4.50008e-05
4.50007e-05
4.50007e-05
4.50007e-05
4.50007e-05
4.50007e-05
4.50007e-05
4.50007e-05
4.50007e-05
4.50007e-05
4.50007e-05
4.50007e-05
4.50007e-05
4.50007e-05
4.50005e-05
4.50006e-05
4.50006e-05
4.50007e-05
4.50008e-05
4.50008e-05
4.50009e-05
4.50009e-05
4.50009e-05
4.50009e-05
4.50009e-05
4.50009e-05
4.50009e-05
4.50009e-05
4.50009e-05
4.50008e-05
4.50008e-05
4.50009e-05
4.50009e-05
4.50008e-05
4.50008e-05
4.50008e-05
4.50007e-05
4.50007e-05
4.50007e-05
4.50011e-05
4.50024e-05
4.50177e-05
4.53914e-05
5.64389e-05
5.64357e-05
4.5392e-05
4.50177e-05
4.50023e-05
4.50009e-05
4.50006e-05
4.50006e-05
4.50007e-05
4.50008e-05
4.50008e-05
4.50008e-05
4.50009e-05
4.50009e-05
4.50009e-05
4.50009e-05
4.50009e-05
4.50009e-05
4.50009e-05
4.50009e-05
4.50009e-05
4.50009e-05
4.50009e-05
4.50009e-05
4.50009e-05
4.50008e-05
4.50008e-05
4.50007e-05
4.50006e-05
4.50006e-05
4.50005e-05
0.000120264
0.000140691
8.39159e-05
8.5395e-05
8.9788e-05
9.93512e-05
0.000111759
0.00012527
0.000144184
0.000161065
0.000332457
0.000365515
0.000361883
0.000363099
0.00036402
0.000364877
0.000365188
0.000364484
0.000361965
0.000354373
0.000444697
0.00045261
0.000455204
0.000456776
0.000457267
0.000456879
0.000455588
0.000453267
0.000449594
0.000443943
0.000425066
0.000437691
0.000445619
0.000450808
0.000454187
0.00045645
0.000458119
0.000459496
0.000460805
0.000462439
0.00032374
0.000336706
0.000346734
0.000354514
0.000360767
0.000366175
0.00037136
0.000376781
0.000382934
0.000390638
0.000185378
0.000192519
0.000198787
0.000204161
0.00020887
0.000213132
0.000217209
0.000221423
0.000226072
0.000231554
8.72012e-05
8.9122e-05
9.08971e-05
9.25656e-05
9.40989e-05
9.55948e-05
9.71103e-05
9.87187e-05
0.000100437
0.000102351
5.28996e-05
5.32454e-05
5.35832e-05
5.39301e-05
5.42626e-05
5.46003e-05
5.49486e-05
5.53182e-05
5.57146e-05
5.61502e-05
4.57233e-05
4.57572e-05
4.57917e-05
4.58266e-05
4.58619e-05
4.58985e-05
4.59363e-05
4.59761e-05
4.60182e-05
4.60634e-05
4.49385e-05
4.49429e-05
4.4947e-05
4.4951e-05
4.49546e-05
4.49611e-05
4.49669e-05
4.49733e-05
4.49804e-05
4.4988e-05
4.48166e-05
4.48146e-05
4.48123e-05
4.48098e-05
4.48069e-05
4.48031e-05
4.48005e-05
4.47974e-05
4.47941e-05
4.47905e-05
4.48752e-05
4.48769e-05
4.48769e-05
4.48767e-05
4.48757e-05
4.48763e-05
4.48766e-05
4.48769e-05
4.48773e-05
4.48775e-05
4.48789e-05
4.4879e-05
4.48782e-05
4.48775e-05
4.48767e-05
4.48759e-05
4.4875e-05
4.48741e-05
4.4873e-05
4.48718e-05
4.49203e-05
4.49207e-05
4.49208e-05
4.49211e-05
4.49214e-05
4.49217e-05
4.49219e-05
4.49222e-05
4.49225e-05
4.49225e-05
4.49568e-05
4.49572e-05
4.49572e-05
4.49574e-05
4.49575e-05
4.49575e-05
4.49576e-05
4.49575e-05
4.49574e-05
4.49572e-05
4.49705e-05
4.49707e-05
4.49709e-05
4.49712e-05
4.49714e-05
4.49716e-05
4.49718e-05
4.49721e-05
4.49723e-05
4.49722e-05
4.49877e-05
4.49879e-05
4.49881e-05
4.49883e-05
4.49885e-05
4.49887e-05
4.49889e-05
4.49891e-05
4.49893e-05
4.49893e-05
4.4993e-05
4.4993e-05
4.4993e-05
4.49931e-05
4.49933e-05
4.49934e-05
4.49935e-05
4.49937e-05
4.49937e-05
4.49936e-05
4.49956e-05
4.49955e-05
4.49955e-05
4.49956e-05
4.49957e-05
4.49958e-05
4.49959e-05
4.4996e-05
4.4996e-05
4.4996e-05
4.4997e-05
4.4997e-05
4.49969e-05
4.49969e-05
4.49969e-05
4.49969e-05
4.49969e-05
4.49969e-05
4.49969e-05
4.49969e-05
4.49985e-05
4.49984e-05
4.49984e-05
4.49984e-05
4.49984e-05
4.49984e-05
4.49984e-05
4.49984e-05
4.49984e-05
4.49983e-05
4.49989e-05
4.49988e-05
4.49988e-05
4.49988e-05
4.49988e-05
4.49988e-05
4.49988e-05
4.49988e-05
4.49987e-05
4.49987e-05
4.49993e-05
4.49991e-05
4.49991e-05
4.49992e-05
4.49992e-05
4.49991e-05
4.49991e-05
4.49991e-05
4.49991e-05
4.49991e-05
4.49992e-05
4.49992e-05
4.49992e-05
4.49992e-05
4.49992e-05
4.49992e-05
4.49992e-05
4.49992e-05
4.49991e-05
4.49991e-05
4.49991e-05
4.49991e-05
4.49991e-05
4.49991e-05
4.49991e-05
4.49991e-05
4.49991e-05
4.49991e-05
4.49991e-05
4.4999e-05
4.4999e-05
4.4999e-05
4.4999e-05
4.4999e-05
4.4999e-05
4.4999e-05
4.4999e-05
4.4999e-05
4.4999e-05
4.4999e-05
4.4999e-05
4.4999e-05
4.4999e-05
4.4999e-05
4.4999e-05
4.4999e-05
4.4999e-05
4.4999e-05
4.4999e-05
4.49989e-05
4.4999e-05
4.49989e-05
4.49989e-05
4.4999e-05
4.4999e-05
4.4999e-05
4.4999e-05
4.4999e-05
4.4999e-05
4.4999e-05
4.4999e-05
4.4999e-05
4.4999e-05
4.4999e-05
4.4999e-05
4.4999e-05
4.4999e-05
4.4999e-05
4.4999e-05
4.4999e-05
4.49992e-05
4.49992e-05
4.49992e-05
4.49992e-05
4.49992e-05
4.49992e-05
4.49992e-05
4.49992e-05
4.49992e-05
4.49992e-05
4.49994e-05
4.49994e-05
4.49994e-05
4.49994e-05
4.49994e-05
4.49994e-05
4.49994e-05
4.49994e-05
4.49994e-05
4.49994e-05
4.49997e-05
4.49997e-05
4.49997e-05
4.49997e-05
4.49997e-05
4.49997e-05
4.49997e-05
4.49997e-05
4.49997e-05
4.49997e-05
4.49998e-05
4.49998e-05
4.49998e-05
4.49998e-05
4.49998e-05
4.49998e-05
4.49998e-05
4.49998e-05
4.49998e-05
4.49998e-05
4.50001e-05
4.50001e-05
4.50001e-05
4.50001e-05
4.50001e-05
4.50001e-05
4.50001e-05
4.50001e-05
4.50001e-05
4.50001e-05
4.50005e-05
4.50005e-05
4.50005e-05
4.50005e-05
4.50005e-05
4.50005e-05
4.50005e-05
4.50005e-05
4.50005e-05
4.50005e-05
4.50007e-05
4.50007e-05
4.50006e-05
4.50006e-05
4.50006e-05
4.50006e-05
4.50006e-05
4.50006e-05
4.50006e-05
4.50006e-05
4.50007e-05
4.50006e-05
4.50006e-05
4.50006e-05
4.50006e-05
4.50006e-05
4.50006e-05
4.50006e-05
4.50006e-05
4.50006e-05
4.50006e-05
4.50006e-05
4.50006e-05
4.50006e-05
4.50006e-05
4.50006e-05
4.50006e-05
4.50006e-05
4.50006e-05
4.50006e-05
4.50007e-05
4.50007e-05
4.50007e-05
4.50007e-05
4.50007e-05
4.50007e-05
4.50007e-05
4.50007e-05
4.50007e-05
4.50007e-05
4.50005e-05
4.50005e-05
4.50005e-05
4.50005e-05
4.50005e-05
4.50005e-05
4.50005e-05
4.50005e-05
4.50005e-05
4.50005e-05
0.000144646
0.000134154
0.000129059
0.000125775
0.000123152
0.0001212
0.000119659
0.000118467
0.000117525
0.00011679
0.000116257
0.00011591
0.000115617
0.000115292
0.000114992
0.000114826
0.000114952
0.000115438
0.000116356
0.000118347
0.000122231
0.000127475
0.000130831
0.000136119
0.000143837
0.000150179
0.000155996
0.000161644
0.000166405
0.000166462
0.000155477
0.000129021
9.54281e-05
7.27126e-05
5.96388e-05
5.19945e-05
4.90603e-05
5.21411e-05
5.08331e-05
3.95142e-05
0.000335434
0.000336292
0.000337766
0.000337979
0.00033759
0.00033681
0.000335663
0.000334168
0.000332296
0.000330015
0.000327253
0.00032384
0.00031952
0.000314204
0.000307967
0.000300722
0.000292269
0.000282373
0.000270877
0.000257715
0.000240799
0.000217982
0.000189589
0.000155581
0.000120482
9.75614e-05
8.40286e-05
7.49039e-05
7.3334e-05
7.02287e-05
6.6228e-05
6.28716e-05
5.70264e-05
5.04058e-05
4.674e-05
4.46105e-05
4.33691e-05
4.28002e-05
4.38444e-05
4.28201e-05
0.000435414
0.000435985
0.000436066
0.000434751
0.000432702
0.000429987
0.000426663
0.00042271
0.00041806
0.000412636
0.000406331
0.000398964
0.000390331
0.000380232
0.000368328
0.000354313
0.000337651
0.000317473
0.000292594
0.000261156
0.000220423
0.000173933
0.000131168
9.76786e-05
7.57438e-05
6.34505e-05
5.63621e-05
5.24583e-05
5.02057e-05
4.9596e-05
4.82723e-05
4.68093e-05
4.555e-05
4.48119e-05
4.4322e-05
4.39669e-05
4.41456e-05
4.42768e-05
4.43672e-05
4.45538e-05
0.000465213
0.000461822
0.000457532
0.000452271
0.00044624
0.000439388
0.000431695
0.000423082
0.000413449
0.000402682
0.000390652
0.000377137
0.000361819
0.000344338
0.000324275
0.000300643
0.000273426
0.000241899
0.000205884
0.000165893
0.000124056
8.95448e-05
6.80189e-05
5.65635e-05
5.10907e-05
4.85973e-05
4.8111e-05
4.76342e-05
4.69194e-05
4.63719e-05
4.58961e-05
4.55403e-05
4.52853e-05
4.51224e-05
4.50418e-05
4.50194e-05
4.50225e-05
4.49279e-05
4.48243e-05
4.50128e-05
0.000401074
0.000391414
0.00038085
0.000369771
0.000358089
0.000345681
0.000332463
0.00031832
0.000303087
0.000286631
0.000268839
0.000249686
0.0002291
0.000207097
0.000183916
0.000159858
0.00013603
0.000112556
9.08032e-05
7.20803e-05
5.82544e-05
5.06589e-05
4.78643e-05
4.66573e-05
4.59871e-05
4.58621e-05
4.56274e-05
4.53294e-05
4.51395e-05
4.49761e-05
4.48547e-05
4.47653e-05
4.47166e-05
4.47517e-05
4.48614e-05
4.4975e-05
4.50137e-05
4.49793e-05
4.49731e-05
4.51849e-05
0.000238329
0.000224756
0.000210819
0.000197181
0.000183875
0.00017088
0.000158207
0.000145839
0.000133583
0.000121456
0.000109581
9.82171e-05
8.76958e-05
7.82203e-05
7.00167e-05
6.31793e-05
5.77323e-05
5.35686e-05
5.05114e-05
4.83625e-05
4.69536e-05
4.62464e-05
4.59099e-05
4.56952e-05
4.55302e-05
4.54e-05
4.52732e-05
4.51661e-05
4.50836e-05
4.50244e-05
4.49919e-05
4.49842e-05
4.50008e-05
4.5051e-05
4.50718e-05
4.50583e-05
4.50236e-05
4.50009e-05
4.50256e-05
4.51865e-05
0.000104553
9.65754e-05
8.89161e-05
8.20003e-05
7.57717e-05
7.02132e-05
6.53079e-05
6.09869e-05
5.72097e-05
5.3974e-05
5.13026e-05
4.91736e-05
4.75337e-05
4.63652e-05
4.55599e-05
4.50514e-05
4.47611e-05
4.46145e-05
4.45531e-05
4.45423e-05
4.457e-05
4.46322e-05
4.46531e-05
4.4629e-05
4.45883e-05
4.465e-05
4.45842e-05
4.46427e-05
4.47086e-05
4.47802e-05
4.48532e-05
4.49228e-05
4.49862e-05
4.50422e-05
4.50517e-05
4.50318e-05
4.50073e-05
4.49934e-05
4.50495e-05
4.51709e-05
5.66361e-05
5.44153e-05
5.24442e-05
5.08008e-05
4.94493e-05
4.83588e-05
4.7501e-05
4.68375e-05
4.63315e-05
4.59603e-05
4.5703e-05
4.55339e-05
4.54317e-05
4.5367e-05
4.53262e-05
4.52952e-05
4.52674e-05
4.52418e-05
4.52156e-05
4.5185e-05
4.51476e-05
4.51089e-05
4.50759e-05
4.50481e-05
4.4994e-05
4.49254e-05
4.49118e-05
4.49077e-05
4.49125e-05
4.49289e-05
4.49766e-05
4.50228e-05
4.50562e-05
4.50549e-05
4.50405e-05
4.50201e-05
4.50077e-05
4.50128e-05
4.50622e-05
4.51527e-05
4.61121e-05
4.5718e-05
4.53864e-05
4.51244e-05
4.49218e-05
4.47685e-05
4.4656e-05
4.45611e-05
4.44867e-05
4.4429e-05
4.43888e-05
4.43773e-05
4.43754e-05
4.43814e-05
4.43959e-05
4.4419e-05
4.44454e-05
4.44735e-05
4.45052e-05
4.45429e-05
4.45884e-05
4.46374e-05
4.46826e-05
4.47227e-05
4.4763e-05
4.48056e-05
4.48508e-05
4.48937e-05
4.49329e-05
4.4968e-05
4.4999e-05
4.50258e-05
4.5039e-05
4.50318e-05
4.50182e-05
4.50064e-05
4.50018e-05
4.50223e-05
4.50691e-05
4.51347e-05
4.49957e-05
4.49632e-05
4.49383e-05
4.49234e-05
4.49163e-05
4.4915e-05
4.49175e-05
4.49195e-05
4.49208e-05
4.49214e-05
4.49223e-05
4.49257e-05
4.49302e-05
4.49296e-05
4.49267e-05
4.49198e-05
4.49131e-05
4.49062e-05
4.48981e-05
4.48882e-05
4.48775e-05
4.48686e-05
4.48624e-05
4.48619e-05
4.4869e-05
4.49013e-05
4.49319e-05
4.49598e-05
4.4985e-05
4.5008e-05
4.50301e-05
4.50338e-05
4.50284e-05
4.50173e-05
4.50065e-05
4.50009e-05
4.50041e-05
4.50251e-05
4.50637e-05
4.51177e-05
4.47865e-05
4.47803e-05
4.4774e-05
4.47678e-05
4.47604e-05
4.47512e-05
4.47406e-05
4.47295e-05
4.47191e-05
4.47096e-05
4.47018e-05
4.46968e-05
4.46976e-05
4.47063e-05
4.47177e-05
4.47305e-05
4.47438e-05
4.4758e-05
4.47733e-05
4.47907e-05
4.4812e-05
4.4837e-05
4.48636e-05
4.48902e-05
4.49156e-05
4.4939e-05
4.49598e-05
4.49782e-05
4.49943e-05
4.50099e-05
4.50241e-05
4.50214e-05
4.50138e-05
4.5005e-05
4.49992e-05
4.49968e-05
4.50078e-05
4.50251e-05
4.50553e-05
4.51018e-05
4.48775e-05
4.48814e-05
4.48837e-05
4.48858e-05
4.48868e-05
4.48868e-05
4.48861e-05
4.48857e-05
4.48854e-05
4.48856e-05
4.48863e-05
4.48876e-05
4.48905e-05
4.48943e-05
4.48921e-05
4.48911e-05
4.48896e-05
4.48877e-05
4.4885e-05
4.48816e-05
4.488e-05
4.48989e-05
4.49182e-05
4.49366e-05
4.49537e-05
4.4969e-05
4.49825e-05
4.49949e-05
4.50067e-05
4.50175e-05
4.50159e-05
4.50104e-05
4.50036e-05
4.49985e-05
4.4997e-05
4.49995e-05
4.50097e-05
4.50243e-05
4.50471e-05
4.50871e-05
4.48703e-05
4.48714e-05
4.48707e-05
4.48701e-05
4.48694e-05
4.48686e-05
4.48678e-05
4.4867e-05
4.48664e-05
4.4866e-05
4.48659e-05
4.48664e-05
4.4869e-05
4.4874e-05
4.48792e-05
4.48852e-05
4.48918e-05
4.48986e-05
4.49037e-05
4.49087e-05
4.49214e-05
4.49361e-05
4.495e-05
4.49627e-05
4.4974e-05
4.49841e-05
4.49938e-05
4.50028e-05
4.50111e-05
4.50109e-05
4.50071e-05
4.50018e-05
4.49971e-05
4.49946e-05
4.4995e-05
4.50012e-05
4.50099e-05
4.50234e-05
4.50394e-05
4.50739e-05
4.49218e-05
4.49236e-05
4.49255e-05
4.49275e-05
4.49298e-05
4.49322e-05
4.49348e-05
4.49369e-05
4.49386e-05
4.494e-05
4.49412e-05
4.4942e-05
4.49426e-05
4.49428e-05
4.49428e-05
4.49428e-05
4.49427e-05
4.49425e-05
4.4942e-05
4.49414e-05
4.49503e-05
4.49606e-05
4.49699e-05
4.49782e-05
4.49859e-05
4.49933e-05
4.50003e-05
4.50069e-05
4.50076e-05
4.50049e-05
4.50009e-05
4.49969e-05
4.49943e-05
4.49932e-05
4.49966e-05
4.50016e-05
4.50086e-05
4.502e-05
4.50326e-05
4.50619e-05
4.49567e-05
4.49579e-05
4.49582e-05
4.49587e-05
4.49591e-05
4.49595e-05
4.49599e-05
4.49602e-05
4.49606e-05
4.49609e-05
4.49612e-05
4.49616e-05
4.49619e-05
4.49622e-05
4.49625e-05
4.49628e-05
4.49629e-05
4.49628e-05
4.49623e-05
4.49618e-05
4.49679e-05
4.49744e-05
4.49801e-05
4.49856e-05
4.49909e-05
4.49959e-05
4.50006e-05
4.50047e-05
4.50029e-05
4.49999e-05
4.49969e-05
4.49947e-05
4.49938e-05
4.49944e-05
4.49975e-05
4.50015e-05
4.5007e-05
4.50163e-05
4.50267e-05
4.50514e-05
4.49719e-05
4.49723e-05
4.4973e-05
4.49737e-05
4.49745e-05
4.49754e-05
4.49763e-05
4.49773e-05
4.49784e-05
4.49795e-05
4.49802e-05
4.49806e-05
4.4981e-05
4.49812e-05
4.49814e-05
4.49815e-05
4.49815e-05
4.49813e-05
4.49807e-05
4.49803e-05
4.49847e-05
4.49885e-05
4.49886e-05
4.4992e-05
4.49957e-05
4.49992e-05
4.50025e-05
4.50014e-05
4.49992e-05
4.49968e-05
4.49949e-05
4.49938e-05
4.49937e-05
4.49956e-05
4.4998e-05
4.50011e-05
4.50055e-05
4.50129e-05
4.50215e-05
4.50422e-05
4.4989e-05
4.49895e-05
4.49896e-05
4.49899e-05
4.49901e-05
4.49903e-05
4.49905e-05
4.49907e-05
4.49909e-05
4.49911e-05
4.49912e-05
4.49913e-05
4.49913e-05
4.49913e-05
4.49913e-05
4.49913e-05
4.49912e-05
4.49908e-05
4.49903e-05
4.499e-05
4.49933e-05
4.49934e-05
4.49931e-05
4.49958e-05
4.49984e-05
4.5001e-05
4.50005e-05
4.49989e-05
4.49971e-05
4.49954e-05
4.49943e-05
4.49937e-05
4.4995e-05
4.49965e-05
4.49983e-05
4.50006e-05
4.50041e-05
4.50101e-05
4.50171e-05
4.50342e-05
4.49934e-05
4.49937e-05
4.49939e-05
4.49942e-05
4.49945e-05
4.49948e-05
4.4995e-05
4.49952e-05
4.49952e-05
4.49952e-05
4.49952e-05
4.49952e-05
4.49951e-05
4.4995e-05
4.49948e-05
4.49946e-05
4.49943e-05
4.49938e-05
4.49933e-05
4.49933e-05
4.49957e-05
4.49957e-05
4.49959e-05
4.4998e-05
4.5e-05
4.49999e-05
4.49988e-05
4.49974e-05
4.49962e-05
4.49953e-05
4.49948e-05
4.49949e-05
4.49959e-05
4.4997e-05
4.49984e-05
4.50002e-05
4.50029e-05
4.50076e-05
4.50134e-05
4.50275e-05
4.49958e-05
4.49959e-05
4.49959e-05
4.49959e-05
4.49959e-05
4.4996e-05
4.4996e-05
4.49959e-05
4.49959e-05
4.49959e-05
4.49958e-05
4.49958e-05
4.49957e-05
4.49955e-05
4.49954e-05
4.49952e-05
4.49948e-05
4.49944e-05
4.49941e-05
4.49947e-05
4.49965e-05
4.49965e-05
4.49973e-05
4.49988e-05
4.49993e-05
4.49986e-05
4.49976e-05
4.49967e-05
4.49959e-05
4.49954e-05
4.49952e-05
4.49959e-05
4.49966e-05
4.49974e-05
4.49984e-05
4.49998e-05
4.50019e-05
4.50056e-05
4.50103e-05
4.50218e-05
4.49966e-05
4.49966e-05
4.49968e-05
4.49968e-05
4.49968e-05
4.49968e-05
4.49968e-05
4.49968e-05
4.49967e-05
4.49967e-05
4.49966e-05
4.49965e-05
4.49964e-05
4.49962e-05
4.4996e-05
4.49957e-05
4.49953e-05
4.49949e-05
4.49946e-05
4.49948e-05
4.49959e-05
4.4997e-05
4.49981e-05
4.49991e-05
4.49987e-05
4.4998e-05
4.49972e-05
4.49966e-05
4.49961e-05
4.49958e-05
4.49962e-05
4.49967e-05
4.49972e-05
4.49978e-05
4.49985e-05
4.49995e-05
4.50011e-05
4.5004e-05
4.50078e-05
4.50171e-05
4.49981e-05
4.49981e-05
4.49981e-05
4.49981e-05
4.4998e-05
4.4998e-05
4.4998e-05
4.49979e-05
4.49979e-05
4.49978e-05
4.49978e-05
4.49977e-05
4.49975e-05
4.49974e-05
4.49972e-05
4.49969e-05
4.49966e-05
4.49963e-05
4.49962e-05
4.49965e-05
4.49973e-05
4.49982e-05
4.4999e-05
4.49988e-05
4.49983e-05
4.49978e-05
4.49973e-05
4.49969e-05
4.49967e-05
4.49966e-05
4.49969e-05
4.49973e-05
4.49977e-05
4.49981e-05
4.49986e-05
4.49994e-05
4.50005e-05
4.50027e-05
4.50058e-05
4.50134e-05
4.49985e-05
4.49984e-05
4.49985e-05
4.49985e-05
4.49985e-05
4.49984e-05
4.49984e-05
4.49984e-05
4.49984e-05
4.49983e-05
4.49982e-05
4.49982e-05
4.49981e-05
4.49979e-05
4.49977e-05
4.49976e-05
4.49973e-05
4.49972e-05
4.49971e-05
4.49976e-05
4.49982e-05
4.49988e-05
4.49988e-05
4.49985e-05
4.49981e-05
4.49978e-05
4.49975e-05
4.49972e-05
4.49971e-05
4.49973e-05
4.49976e-05
4.49978e-05
4.49981e-05
4.49984e-05
4.49988e-05
4.49993e-05
4.50001e-05
4.50016e-05
4.50043e-05
4.50104e-05
4.49989e-05
4.49988e-05
4.49988e-05
4.49988e-05
4.49988e-05
4.49988e-05
4.49988e-05
4.49987e-05
4.49987e-05
4.49986e-05
4.49986e-05
4.49985e-05
4.49984e-05
4.49983e-05
4.49982e-05
4.4998e-05
4.49979e-05
4.49978e-05
4.49977e-05
4.4998e-05
4.49985e-05
4.49989e-05
4.49987e-05
4.49985e-05
4.49983e-05
4.4998e-05
4.49979e-05
4.49977e-05
4.49977e-05
4.49979e-05
4.49981e-05
4.49983e-05
4.49985e-05
4.49987e-05
4.4999e-05
4.49993e-05
4.49999e-05
4.50009e-05
4.50031e-05
4.5008e-05
4.4999e-05
4.49989e-05
4.49989e-05
4.49988e-05
4.49988e-05
4.49988e-05
4.49988e-05
4.49988e-05
4.49988e-05
4.49987e-05
4.49987e-05
4.49987e-05
4.49986e-05
4.49985e-05
4.49984e-05
4.49984e-05
4.49983e-05
4.49982e-05
4.49982e-05
4.49985e-05
4.49988e-05
4.49989e-05
4.49987e-05
4.49986e-05
4.49984e-05
4.49983e-05
4.49982e-05
4.49981e-05
4.49982e-05
4.49984e-05
4.49985e-05
4.49987e-05
4.49988e-05
4.4999e-05
4.49992e-05
4.49994e-05
4.49998e-05
4.50006e-05
4.50022e-05
4.50061e-05
4.49989e-05
4.49988e-05
4.49988e-05
4.49988e-05
4.49988e-05
4.49988e-05
4.49988e-05
4.49988e-05
4.49988e-05
4.49987e-05
4.49987e-05
4.49987e-05
4.49986e-05
4.49986e-05
4.49985e-05
4.49985e-05
4.49984e-05
4.49984e-05
4.49985e-05
4.49987e-05
4.49989e-05
4.49989e-05
4.49988e-05
4.49987e-05
4.49986e-05
4.49986e-05
4.49985e-05
4.49985e-05
4.49986e-05
4.49987e-05
4.49988e-05
4.4999e-05
4.49991e-05
4.49992e-05
4.49994e-05
4.49996e-05
4.49999e-05
4.50004e-05
4.50015e-05
4.50046e-05
4.49989e-05
4.49988e-05
4.49988e-05
4.49988e-05
4.49988e-05
4.49988e-05
4.49988e-05
4.49988e-05
4.49987e-05
4.49987e-05
4.49987e-05
4.49987e-05
4.49987e-05
4.49986e-05
4.49986e-05
4.49986e-05
4.49985e-05
4.49985e-05
4.49986e-05
4.49988e-05
4.4999e-05
4.4999e-05
4.49989e-05
4.49989e-05
4.49988e-05
4.49988e-05
4.49988e-05
4.49989e-05
4.49989e-05
4.4999e-05
4.49991e-05
4.49992e-05
4.49993e-05
4.49994e-05
4.49995e-05
4.49997e-05
4.49999e-05
4.50003e-05
4.5001e-05
4.50034e-05
4.49989e-05
4.49988e-05
4.49988e-05
4.49988e-05
4.49988e-05
4.49988e-05
4.49988e-05
4.49988e-05
4.49988e-05
4.49988e-05
4.49988e-05
4.49988e-05
4.49988e-05
4.49988e-05
4.49987e-05
4.49987e-05
4.49987e-05
4.49987e-05
4.49988e-05
4.49989e-05
4.4999e-05
4.49991e-05
4.49991e-05
4.49991e-05
4.4999e-05
4.4999e-05
4.49991e-05
4.49991e-05
4.49992e-05
4.49993e-05
4.49993e-05
4.49994e-05
4.49995e-05
4.49996e-05
4.49997e-05
4.49998e-05
4.5e-05
4.50002e-05
4.50007e-05
4.50026e-05
4.49989e-05
4.49989e-05
4.49988e-05
4.49988e-05
4.49989e-05
4.49989e-05
4.49989e-05
4.49989e-05
4.49989e-05
4.49989e-05
4.49989e-05
4.49989e-05
4.49989e-05
4.49989e-05
4.49989e-05
4.49989e-05
4.49989e-05
4.49989e-05
4.4999e-05
4.4999e-05
4.49991e-05
4.49992e-05
4.49992e-05
4.49992e-05
4.49992e-05
4.49992e-05
4.49993e-05
4.49993e-05
4.49994e-05
4.49994e-05
4.49995e-05
4.49995e-05
4.49996e-05
4.49997e-05
4.49998e-05
4.49999e-05
4.50001e-05
4.50003e-05
4.50006e-05
4.50019e-05
4.4999e-05
4.49989e-05
4.49989e-05
4.49989e-05
4.49989e-05
4.49989e-05
4.4999e-05
4.4999e-05
4.4999e-05
4.4999e-05
4.4999e-05
4.4999e-05
4.4999e-05
4.4999e-05
4.4999e-05
4.4999e-05
4.49991e-05
4.49991e-05
4.49991e-05
4.49992e-05
4.49992e-05
4.49993e-05
4.49993e-05
4.49994e-05
4.49994e-05
4.49994e-05
4.49995e-05
4.49995e-05
4.49995e-05
4.49996e-05
4.49996e-05
4.49997e-05
4.49997e-05
4.49998e-05
4.49998e-05
4.5e-05
4.50001e-05
4.50003e-05
4.50005e-05
4.50014e-05
4.49992e-05
4.49992e-05
4.49991e-05
4.49992e-05
4.49992e-05
4.49992e-05
4.49992e-05
4.49992e-05
4.49992e-05
4.49992e-05
4.49992e-05
4.49993e-05
4.49993e-05
4.49993e-05
4.49993e-05
4.49993e-05
4.49993e-05
4.49994e-05
4.49994e-05
4.49994e-05
4.49995e-05
4.49995e-05
4.49995e-05
4.49996e-05
4.49996e-05
4.49996e-05
4.49996e-05
4.49997e-05
4.49997e-05
4.49997e-05
4.49997e-05
4.49998e-05
4.49998e-05
4.49998e-05
4.49999e-05
4.5e-05
4.50001e-05
4.50003e-05
4.50005e-05
4.5001e-05
4.49994e-05
4.49994e-05
4.49994e-05
4.49994e-05
4.49994e-05
4.49994e-05
4.49994e-05
4.49995e-05
4.49995e-05
4.49995e-05
4.49995e-05
4.49995e-05
4.49995e-05
4.49995e-05
4.49995e-05
4.49996e-05
4.49996e-05
4.49996e-05
4.49996e-05
4.49996e-05
4.49996e-05
4.49997e-05
4.49997e-05
4.49997e-05
4.49997e-05
4.49998e-05
4.49998e-05
4.49998e-05
4.49998e-05
4.49998e-05
4.49998e-05
4.49999e-05
4.49999e-05
4.49999e-05
4.49999e-05
4.5e-05
4.50001e-05
4.50003e-05
4.50004e-05
4.50008e-05
4.49997e-05
4.49996e-05
4.49996e-05
4.49996e-05
4.49997e-05
4.49997e-05
4.49997e-05
4.49997e-05
4.49997e-05
4.49997e-05
4.49997e-05
4.49997e-05
4.49997e-05
4.49997e-05
4.49997e-05
4.49997e-05
4.49998e-05
4.49998e-05
4.49998e-05
4.49998e-05
4.49998e-05
4.49998e-05
4.49998e-05
4.49999e-05
4.49999e-05
4.49999e-05
4.49999e-05
4.49999e-05
4.49999e-05
4.49999e-05
4.49999e-05
4.5e-05
4.5e-05
4.5e-05
4.5e-05
4.5e-05
4.50001e-05
4.50002e-05
4.50004e-05
4.50006e-05
4.49998e-05
4.49998e-05
4.49998e-05
4.49998e-05
4.49999e-05
4.49999e-05
4.49999e-05
4.49999e-05
4.49999e-05
4.49999e-05
4.49999e-05
4.49999e-05
4.49999e-05
4.49999e-05
4.49999e-05
4.49999e-05
4.49999e-05
4.49999e-05
4.49999e-05
4.49999e-05
4.49999e-05
4.5e-05
4.5e-05
4.5e-05
4.5e-05
4.5e-05
4.5e-05
4.5e-05
4.5e-05
4.5e-05
4.5e-05
4.5e-05
4.5e-05
4.5e-05
4.5e-05
4.50001e-05
4.50001e-05
4.50002e-05
4.50003e-05
4.50005e-05
4.50001e-05
4.50001e-05
4.50001e-05
4.50001e-05
4.50001e-05
4.50001e-05
4.50001e-05
4.50001e-05
4.50001e-05
4.50001e-05
4.50001e-05
4.50001e-05
4.50001e-05
4.50001e-05
4.50001e-05
4.50001e-05
4.50001e-05
4.50001e-05
4.50001e-05
4.50001e-05
4.50001e-05
4.50001e-05
4.50001e-05
4.50001e-05
4.50001e-05
4.50001e-05
4.50001e-05
4.50001e-05
4.50001e-05
4.50001e-05
4.50002e-05
4.50001e-05
4.50001e-05
4.50001e-05
4.50001e-05
4.50001e-05
4.50001e-05
4.50001e-05
4.50002e-05
4.50004e-05
4.50005e-05
4.50004e-05
4.50004e-05
4.50004e-05
4.50004e-05
4.50004e-05
4.50004e-05
4.50004e-05
4.50004e-05
4.50004e-05
4.50004e-05
4.50004e-05
4.50004e-05
4.50004e-05
4.50003e-05
4.50003e-05
4.50003e-05
4.50003e-05
4.50003e-05
4.50002e-05
4.50002e-05
4.50002e-05
4.50002e-05
4.50001e-05
4.50001e-05
4.50001e-05
4.50001e-05
4.50001e-05
4.50001e-05
4.50002e-05
4.50002e-05
4.50002e-05
4.50002e-05
4.50002e-05
4.50002e-05
4.50001e-05
4.50002e-05
4.50001e-05
4.50002e-05
4.50003e-05
4.50006e-05
4.50006e-05
4.50006e-05
4.50006e-05
4.50006e-05
4.50006e-05
4.50006e-05
4.50006e-05
4.50006e-05
4.50006e-05
4.50006e-05
4.50006e-05
4.50005e-05
4.50005e-05
4.50005e-05
4.50005e-05
4.50005e-05
4.50005e-05
4.50004e-05
4.50004e-05
4.50004e-05
4.50004e-05
4.50003e-05
4.50003e-05
4.50003e-05
4.50002e-05
4.50002e-05
4.50002e-05
4.50001e-05
4.50001e-05
4.50001e-05
4.50002e-05
4.50002e-05
4.50002e-05
4.50002e-05
4.50002e-05
4.50002e-05
4.50002e-05
4.50001e-05
4.50002e-05
4.50006e-05
4.50006e-05
4.50006e-05
4.50006e-05
4.50006e-05
4.50006e-05
4.50006e-05
4.50006e-05
4.50006e-05
4.50006e-05
4.50006e-05
4.50006e-05
4.50006e-05
4.50006e-05
4.50006e-05
4.50006e-05
4.50005e-05
4.50005e-05
4.50005e-05
4.50005e-05
4.50005e-05
4.50004e-05
4.50004e-05
4.50004e-05
4.50004e-05
4.50003e-05
4.50003e-05
4.50002e-05
4.50002e-05
4.50002e-05
4.50002e-05
4.50001e-05
4.50001e-05
4.50002e-05
4.50002e-05
4.50002e-05
4.50002e-05
4.50002e-05
4.50001e-05
4.50001e-05
4.50006e-05
4.50006e-05
4.50006e-05
4.50005e-05
4.50005e-05
4.50005e-05
4.50005e-05
4.50005e-05
4.50005e-05
4.50005e-05
4.50005e-05
4.50005e-05
4.50005e-05
4.50005e-05
4.50005e-05
4.50005e-05
4.50005e-05
4.50005e-05
4.50005e-05
4.50005e-05
4.50005e-05
4.50004e-05
4.50004e-05
4.50004e-05
4.50004e-05
4.50003e-05
4.50003e-05
4.50003e-05
4.50002e-05
4.50002e-05
4.50002e-05
4.50001e-05
4.50001e-05
4.50001e-05
4.50002e-05
4.50002e-05
4.50002e-05
4.50002e-05
4.50001e-05
4.50001e-05
4.50007e-05
4.50006e-05
4.50006e-05
4.50006e-05
4.50006e-05
4.50006e-05
4.50006e-05
4.50006e-05
4.50006e-05
4.50006e-05
4.50006e-05
4.50006e-05
4.50006e-05
4.50005e-05
4.50005e-05
4.50005e-05
4.50005e-05
4.50005e-05
4.50005e-05
4.50005e-05
4.50005e-05
4.50005e-05
4.50004e-05
4.50004e-05
4.50004e-05
4.50003e-05
4.50003e-05
4.50002e-05
4.50002e-05
4.50002e-05
4.50001e-05
4.50001e-05
4.50001e-05
4.50001e-05
4.50001e-05
4.50002e-05
4.50002e-05
4.50002e-05
4.5e-05
4.50001e-05
4.50005e-05
4.50004e-05
4.50004e-05
4.50005e-05
4.50005e-05
4.50005e-05
4.50005e-05
4.50005e-05
4.50004e-05
4.50004e-05
4.50004e-05
4.50004e-05
4.50005e-05
4.50005e-05
4.50005e-05
4.50005e-05
4.50005e-05
4.50005e-05
4.50005e-05
4.50005e-05
4.50006e-05
4.50006e-05
4.50006e-05
4.50006e-05
4.50006e-05
4.50005e-05
4.50005e-05
4.50004e-05
4.50003e-05
4.50002e-05
4.50002e-05
4.50001e-05
4.5e-05
4.5e-05
4.5e-05
4.5e-05
4.5e-05
4.5e-05
4.5e-05
4.5e-05
5.38455e-05
6.68515e-05
7.15009e-05
7.87122e-05
8.35707e-05
8.52529e-05
8.46458e-05
8.44166e-05
8.43235e-05
8.4235e-05
8.48298e-05
8.61133e-05
8.80463e-05
9.042e-05
9.28226e-05
9.44735e-05
9.32443e-05
8.87464e-05
8.18367e-05
7.31539e-05
6.56438e-05
6.24504e-05
6.23939e-05
6.39479e-05
7.32111e-05
9.70578e-05
0.000118322
0.000123569
0.000129495
0.000125669
0.000125648
0.000129436
0.000123545
0.000118316
9.69625e-05
7.31639e-05
6.39376e-05
6.24e-05
6.24742e-05
6.56832e-05
7.31846e-05
8.18581e-05
8.87587e-05
9.32438e-05
9.44627e-05
9.28053e-05
9.04029e-05
8.80303e-05
8.60987e-05
8.4817e-05
8.42238e-05
8.43126e-05
8.4406e-05
8.4636e-05
8.52442e-05
8.35614e-05
7.87027e-05
7.14939e-05
6.68475e-05
5.38467e-05
3.5559e-05
2.92335e-05
2.48312e-05
2.1679e-05
1.92881e-05
1.77126e-05
1.70007e-05
1.67541e-05
1.67889e-05
1.70033e-05
1.73618e-05
1.78529e-05
1.85476e-05
1.94813e-05
2.07363e-05
2.24546e-05
2.48852e-05
2.93109e-05
3.32035e-05
3.09806e-05
1.89051e-05
1.22254e-05
1.42701e-05
1.27923e-05
1.14213e-05
1.38729e-05
1.74492e-05
2.03448e-05
2.42098e-05
2.73949e-05
2.737e-05
2.41865e-05
2.0328e-05
1.74313e-05
1.38615e-05
1.1414e-05
1.27944e-05
1.42966e-05
1.34607e-05
2.0692e-05
3.10317e-05
3.31986e-05
2.93007e-05
2.48788e-05
2.24515e-05
2.07343e-05
1.94799e-05
1.85465e-05
1.7852e-05
1.73611e-05
1.70027e-05
1.67883e-05
1.67537e-05
1.70005e-05
1.77126e-05
1.9288e-05
2.16788e-05
2.48311e-05
2.92333e-05
3.55588e-05
4.15773e-05
4.02535e-05
3.90316e-05
3.80706e-05
3.72893e-05
3.65901e-05
3.59425e-05
3.53449e-05
3.48199e-05
3.49163e-05
3.5236e-05
3.56383e-05
3.60641e-05
3.6441e-05
3.65705e-05
3.56388e-05
3.45538e-05
3.48311e-05
3.60604e-05
3.76702e-05
3.85574e-05
4.2184e-05
4.58966e-05
3.58749e-05
4.01045e-05
5.25307e-05
6.24123e-05
6.78165e-05
7.60064e-05
8.07304e-05
8.06923e-05
7.59503e-05
6.778e-05
6.23822e-05
5.24924e-05
4.00685e-05
3.58711e-05
4.59916e-05
4.23288e-05
3.87207e-05
3.76686e-05
3.60579e-05
3.48307e-05
3.4554e-05
3.56381e-05
3.65687e-05
3.64389e-05
3.60619e-05
3.56363e-05
3.52341e-05
3.49146e-05
3.48182e-05
3.53434e-05
3.59411e-05
3.65888e-05
3.7288e-05
3.80695e-05
3.90307e-05
4.02529e-05
4.15772e-05
)
;

boundaryField
{
    inOut
    {
        type            inletOutlet;
        inletValue      uniform 4.5e-05;
        value           nonuniform List<scalar> 
160
(
4.5e-05
4.5e-05
4.5e-05
4.5e-05
4.5e-05
4.5e-05
4.5e-05
4.5e-05
4.5e-05
4.5e-05
4.5e-05
4.5e-05
4.5e-05
4.5e-05
4.5e-05
4.5e-05
4.5e-05
4.5e-05
4.5e-05
4.5e-05
4.5e-05
4.5e-05
4.5e-05
4.5e-05
4.5e-05
4.5e-05
4.5e-05
4.5e-05
4.5e-05
4.5e-05
4.5e-05
4.5e-05
4.5e-05
4.5e-05
4.5e-05
4.5e-05
4.5e-05
4.5e-05
4.5e-05
4.5e-05
4.5e-05
4.5e-05
4.5e-05
4.5e-05
4.5e-05
4.5e-05
4.5e-05
4.5e-05
4.5e-05
4.5e-05
4.5e-05
4.5e-05
4.5e-05
4.5e-05
4.5e-05
4.5e-05
4.5e-05
4.5e-05
4.5e-05
4.5e-05
4.5e-05
4.5e-05
4.5e-05
4.5e-05
4.5e-05
4.5e-05
4.5e-05
4.5e-05
4.5e-05
4.5e-05
4.5e-05
4.5e-05
4.5e-05
4.5e-05
4.5e-05
4.5e-05
4.5e-05
4.5e-05
4.5e-05
4.5e-05
4.50005e-05
4.50006e-05
4.50006e-05
4.50007e-05
4.50008e-05
4.50008e-05
4.50009e-05
4.50009e-05
4.50009e-05
4.50009e-05
4.50009e-05
4.50009e-05
4.50009e-05
4.50009e-05
4.50009e-05
4.50008e-05
4.50008e-05
4.50009e-05
4.50009e-05
4.50008e-05
4.50008e-05
4.50008e-05
4.50007e-05
4.50007e-05
4.50007e-05
4.50011e-05
4.50024e-05
4.50177e-05
4.53914e-05
5.64389e-05
5.64357e-05
4.5392e-05
4.50177e-05
4.50023e-05
4.50009e-05
4.50006e-05
4.50006e-05
4.50007e-05
4.50008e-05
4.50008e-05
4.50008e-05
4.50009e-05
4.50009e-05
4.50009e-05
4.50009e-05
4.50009e-05
4.50009e-05
4.50009e-05
4.50009e-05
4.50009e-05
4.50009e-05
4.50009e-05
4.50009e-05
4.50009e-05
4.50008e-05
4.50008e-05
4.50007e-05
4.50006e-05
4.50006e-05
4.50005e-05
4.50005e-05
4.50005e-05
4.50005e-05
4.50005e-05
4.50005e-05
4.50005e-05
4.50005e-05
4.50005e-05
4.50005e-05
4.50005e-05
4.50005e-05
4.50005e-05
4.50005e-05
4.50005e-05
4.50005e-05
4.50005e-05
4.50005e-05
4.50005e-05
4.50005e-05
4.50005e-05
)
;
    }
    coandaUpper
    {
        type            inletOutlet;
        inletValue      uniform 4.5e-05;
        value           uniform 4.5e-05;
    }
    coandaLower
    {
        type            inletOutlet;
        inletValue      uniform 4.5e-05;
        value           uniform 4.5e-05;
    }
    surface
    {
        type            fixedValue;
        value           uniform 0;
    }
    defaultFaces
    {
        type            empty;
    }
}


// ************************************************************************* //
