/*--------------------------------*- C++ -*----------------------------------*\
  =========                 |
  \\      /  F ield         | OpenFOAM: The Open Source CFD Toolbox
   \\    /   O peration     | Website:  https://openfoam.org
    \\  /    A nd           | Version:  10
     \\/     M anipulation  |
\*---------------------------------------------------------------------------*/
FoamFile
{
    format      ascii;
    class       volScalarField;
    location    "207";
    object      p;
}
// * * * * * * * * * * * * * * * * * * * * * * * * * * * * * * * * * * * * * //

dimensions      [1 -1 -2 0 0 0 0];

internalField   nonuniform List<scalar> 
6580
(
100358
100291
100170
100067
99988.5
99938.2
99901.3
99874.7
99856.7
99843.6
99834.2
99828.5
99825.9
99826
99828.3
99832.5
99839
99848.2
99859.7
99873.5
99888.8
99904.1
99917.5
99928.9
99939
99948.5
99957.7
99966.5
99975
99983
99990.8
99998.4
100006
100013
100020
100027
100034
100042
100049
100057
100352
100301
100211
100109
100026
99968.5
99924.9
99892.6
99869.8
99853.3
99841.3
99833.4
99829.4
99828.5
99830.1
99833.8
99839.9
99848.7
99860.1
99873.6
99888.8
99904
99917.4
99928.8
99939
99948.4
99957.6
99966.4
99974.8
99982.9
99990.6
99998.1
100005
100013
100020
100027
100034
100041
100048
100055
100338
100299
100229
100133
100046
99981.7
99934
99899.3
99874.3
99857.1
99844.6
99836.3
99831.8
99830.6
99831.9
99835.2
99841.1
99849.6
99860.7
99874.1
99889
99904.1
99917.4
99928.8
99939
99948.5
99957.6
99966.4
99974.8
99982.8
99990.5
99998
100005
100012
100019
100026
100033
100040
100047
100052
100320
100291
100240
100164
100078
100008
99956.5
99918
99889.3
99868.7
99853.6
99843.2
99837.1
99834.6
99835
99837.6
99842.8
99850.8
99861.5
99874.6
99889.3
99904.2
99917.5
99928.9
99939.1
99948.5
99957.6
99966.3
99974.7
99982.7
99990.3
99997.7
100005
100012
100019
100025
100032
100038
100045
100049
100298
100277
100238
100183
100106
100033
99976.1
99932.7
99900.3
99876.7
99859.5
99847.8
99840.7
99837.4
99837.4
99839.6
99844.5
99852.1
99862.6
99875.4
99889.9
99904.6
99917.8
99929.2
99939.3
99948.8
99957.8
99966.5
99974.8
99982.7
99990.3
99997.6
100005
100011
100018
100024
100031
100036
100042
100045
100274
100259
100231
100191
100132
100062
100001
99952.9
99917.2
99890.6
99870.9
99857
99848
99843.2
99842
99843.4
99847.4
99854.3
99864.1
99876.4
99890.6
99905
99918
99929.4
99939.5
99948.9
99957.9
99966.5
99974.7
99982.4
99989.9
99997.1
100004
100011
100017
100023
100029
100034
100038
100041
100249
100238
100219
100189
100147
100088
100026
99974.8
99934.7
99904.5
99881.9
99865.5
99854.5
99848.1
99845.8
99846.5
99849.8
99856.2
99865.5
99877.5
99891.3
99905.5
99918.4
99929.7
99939.8
99949.2
99958.1
99966.7
99974.8
99982.4
99989.7
99996.7
100003
100010
100016
100021
100026
100030
100034
100036
100225
100216
100203
100181
100151
100108
100053
99999.4
99955.4
99921.6
99896.1
99877.2
99864
99855.8
99851.9
99851.5
99853.9
99859.3
99867.8
99879.2
99892.5
99906.3
99919
99930.2
99940.3
99949.6
99958.4
99966.9
99974.9
99982.4
99989.4
99996.1
100003
100008
100014
100019
100023
100027
100030
100032
100200
100194
100185
100170
100148
100118
100075
100025
99978.2
99940.4
99911.8
99890.3
99874.6
99864.1
99858.4
99856.6
99858
99862.5
99870.1
99880.8
99893.6
99907
99919.4
99930.6
99940.5
99949.7
99958.5
99966.8
99974.5
99981.8
99988.6
99995.2
100001
100007
100012
100017
100020
100024
100026
100028
100177
100172
100165
100155
100139
100117
100088
100047
100002
99962
99929.7
99905.5
99887.5
99874.7
99866.8
99863.4
99863.7
99866.9
99873.5
99883.2
99895.3
99908.2
99920.4
99931.4
99941.3
99950.4
99959
99967.2
99974.8
99982
99988.7
99994.8
100000
100005
100010
100014
100018
100020
100023
100024
100155
100151
100146
100139
100128
100112
100091
100062
100024
99984.6
99949.6
99922.3
99901.9
99886.9
99876.7
99871.3
99870
99872
99877.3
99885.9
99897.1
99909.5
99921.3
99932
99941.7
99950.6
99959
99966.9
99974.1
99981
99987.3
99993.1
99998.4
100003
100007
100011
100014
100017
100019
100021
100135
100131
100128
100122
100115
100104
100088
100068
100040
100006
99971
99940.8
99917.9
99900.9
99888.6
99880.9
99877.7
99878.4
99882.2
99889.5
99899.6
99911.3
99922.6
99933.1
99942.6
99951.4
99959.5
99967.2
99974.4
99981.2
99987.3
99992.6
99997.5
100002
100006
100009
100012
100014
100016
100018
100116
100113
100110
100106
100101
100093
100082
100067
100048
100022
99991.3
99960.9
99935.1
99916.1
99902
99892.2
99886.9
99885.9
99888.2
99893.9
99902.7
99913.4
99924.2
99934.3
99943.5
99951.9
99959.7
99966.9
99973.6
99979.8
99985.4
99990.5
99995.1
99999.1
100003
100006
100008
100011
100012
100014
100099
100096
100094
100091
100087
100082
100074
100063
100050
100031
100007
99980.1
99953.6
99932.3
99916.6
99905.1
99897.7
99894.7
99895.5
99899.6
99906.7
99916.1
99926.3
99935.9
99944.7
99952.8
99960.2
99967.2
99973.7
99979.7
99984.9
99989.6
99993.8
99997.4
100001
100003
100006
100008
100010
100011
100084
100081
100080
100077
100074
100070
100065
100057
100047
100034
100017
99995.4
99971.9
99949.2
99931.8
99919
99909.9
99904.9
99904
99906.4
99911.8
99919.5
99928.8
99937.9
99946.2
99953.8
99960.7
99967.2
99973
99978.4
99983.2
99987.5
99991.3
99994.7
99997.7
100000
100002
100004
100006
100008
100070
100068
100067
100065
100062
100059
100055
100050
100043
100033
100022
100006
99986.6
99966.3
99947.3
99933.3
99923.2
99916.4
99913.6
99914.5
99918.1
99924.1
99931.9
99940.4
99948.1
99955.1
99961.6
99967.5
99973
99978
99982.5
99986.4
99989.9
99992.9
99995.6
99997.9
99999.9
100002
100003
100005
100058
100056
100055
100054
100052
100050
100047
100043
100037
100031
100022
100011
99996.7
99980.2
99962.9
99947.7
99936.6
99928.8
99924.4
99923.7
99925.6
99929.8
99935.9
99943.4
99950.5
99956.8
99962.6
99967.9
99972.8
99977.1
99981.1
99984.6
99987.7
99990.4
99992.8
99994.9
99996.7
99998.3
99999.7
100001
100048
100046
100045
100044
100043
100041
100038
100036
100032
100027
100021
100013
100003
99990.1
99976
99961.7
99949.8
99941.4
99935.8
99933.6
99934.2
99936.8
99941.1
99947.1
99953.4
99959.1
99964.2
99968.9
99973.2
99977.1
99980.6
99983.7
99986.5
99988.9
99991
99992.8
99994.5
99995.9
99997.2
99998.3
100039
100038
100037
100036
100035
100033
100031
100029
100026
100023
100018
100012
100005
99996.3
99985.6
99973.9
99962.4
99953.4
99947.3
99943.9
99943.5
99944.7
99947.5
99951.7
99956.9
99961.9
99966.3
99970.2
99973.8
99977.1
99980
99982.7
99985.1
99987.2
99989
99990.6
99992
99993.3
99994.4
99995.4
100032
100030
100030
100029
100028
100026
100025
100023
100021
100019
100015
100011
100006
99999.7
99991.9
99982.9
99973.4
99964.7
99958.2
99954.2
99952.8
99953.2
99954.7
99957.4
99961.2
99965.2
99968.9
99972.2
99975.2
99978
99980.5
99982.7
99984.7
99986.5
99988
99989.4
99990.6
99991.7
99992.6
99993.5
100025
100024
100024
100023
100022
100021
100020
100019
100017
100015
100012
100009
100006
100001
99995.8
99989.2
99981.9
99974.5
99968.1
99963.8
99961.8
99961.6
99962.3
99963.8
99966.2
99969.2
99972.1
99974.7
99977.1
99979.3
99981.3
99983.1
99984.6
99986
99987.3
99988.4
99989.5
99990.4
99991.2
99991.9
100020
100019
100019
100018
100017
100016
100016
100014
100013
100012
100010
100008
100005
100002
99997.9
99993.2
99987.9
99982.2
99976.8
99972.4
99970.1
99969.4
99969.6
99970.4
99971.7
99973.7
99975.8
99977.8
99979.6
99981.3
99982.9
99984.3
99985.5
99986.6
99987.7
99988.6
99989.4
99990.1
99990.7
99991.3
100016
100015
100015
100014
100013
100013
100012
100011
100010
100009
100008
100006
100004
100002
99999.1
99995.8
99992
99987.8
99983.6
99979.8
99977.3
99976.4
99976.3
99976.6
99977.3
99978.4
99979.8
99981.2
99982.5
99983.7
99984.8
99985.8
99986.8
99987.6
99988.4
99989.1
99989.7
99990.3
99990.8
99991.2
100012
100012
100011
100011
100010
100010
100009
100009
100008
100007
100006
100005
100003
100002
99999.6
99997.3
99994.6
99991.7
99988.6
99985.6
99983.3
99982.2
99982
99982.1
99982.4
99982.9
99983.7
99984.7
99985.5
99986.4
99987.1
99987.9
99988.6
99989.2
99989.7
99990.2
99990.7
99991.1
99991.5
99991.8
100010
100009
100009
100008
100008
100008
100007
100006
100006
100005
100004
100004
100002
100001
99999.9
99998.2
99996.4
99994.3
99992.1
99989.9
99988.2
99987
99986.7
99986.6
99986.7
99986.9
99987.4
99987.9
99988.5
99989
99989.5
99990
99990.4
99990.9
99991.3
99991.6
99991.9
99992.2
99992.5
99992.8
100007
100007
100007
100006
100006
100006
100005
100005
100004
100004
100003
100003
100002
100001
100000
99998.8
99997.5
99996.1
99994.6
99993
99991.7
99990.8
99990.3
99990.2
99990.2
99990.3
99990.5
99990.8
99991.1
99991.5
99991.8
99992.1
99992.4
99992.7
99992.9
99993.1
99993.4
99993.6
99993.8
99993.9
100006
100005
100005
100005
100005
100004
100004
100004
100003
100003
100002
100002
100001
100001
100000
99999.2
99998.3
99997.3
99996.3
99995.2
99994.3
99993.6
99993.2
99993
99992.9
99993
99993
99993.2
99993.4
99993.5
99993.7
99993.9
99994.1
99994.3
99994.4
99994.6
99994.7
99994.8
99995
99995.1
100004
100004
100004
100004
100003
100003
100003
100003
100002
100002
100002
100001
100001
100001
100000
99999.5
99998.8
99998.2
99997.4
99996.7
99996.1
99995.6
99995.3
99995.1
99995
99995
99995
99995.1
99995.2
99995.3
99995.4
99995.5
99995.6
99995.7
99995.8
99995.9
99995.9
99996
99996.1
99996.2
100003
100003
100003
100003
100003
100002
100002
100002
100002
100002
100001
100001
100001
100000
100000
99999.6
99999.2
99998.7
99998.2
99997.8
99997.3
99997
99996.7
99996.6
99996.5
99996.5
99996.5
99996.5
99996.5
99996.6
99996.6
99996.7
99996.7
99996.8
99996.9
99996.9
99997
99997
99997.1
99997.1
100002
100002
100002
100002
100002
100002
100002
100002
100001
100001
100001
100001
100001
100000
100000
99999.7
99999.4
99999.1
99998.8
99998.5
99998.2
99997.9
99997.8
99997.7
99997.6
99997.6
99997.5
99997.5
99997.5
99997.6
99997.6
99997.6
99997.7
99997.7
99997.7
99997.7
99997.8
99997.8
99997.8
99997.9
100002
100002
100002
100002
100001
100001
100001
100001
100001
100001
100001
100001
100000
100000
100000
99999.8
99999.6
99999.4
99999.2
99999
99998.8
99998.6
99998.5
99998.4
99998.4
99998.3
99998.3
99998.3
99998.3
99998.3
99998.3
99998.3
99998.3
99998.3
99998.4
99998.4
99998.4
99998.4
99998.4
99998.4
100001
100001
100001
100001
100001
100001
100001
100001
100001
100001
100001
100000
100000
100000
100000
99999.9
99999.8
99999.6
99999.5
99999.3
99999.2
99999.1
99999
99998.9
99998.9
99998.9
99998.8
99998.8
99998.8
99998.8
99998.8
99998.8
99998.8
99998.8
99998.8
99998.9
99998.9
99998.9
99998.9
99998.9
100001
100001
100001
100001
100001
100001
100001
100001
100001
100000
100000
100000
100000
100000
100000
99999.9
99999.8
99999.7
99999.6
99999.5
99999.5
99999.4
99999.3
99999.3
99999.3
99999.2
99999.2
99999.2
99999.2
99999.2
99999.2
99999.2
99999.2
99999.2
99999.2
99999.2
99999.2
99999.2
99999.2
99999.2
100001
100001
100001
100001
100001
100001
100001
100000
100000
100000
100000
100000
100000
100000
100000
100000
99999.9
99999.8
99999.8
99999.7
99999.6
99999.6
99999.6
99999.5
99999.5
99999.5
99999.5
99999.5
99999.5
99999.5
99999.5
99999.5
99999.5
99999.5
99999.5
99999.5
99999.5
99999.5
99999.5
99999.5
100001
100001
100001
100001
100000
100000
100000
100000
100000
100000
100000
100000
100000
100000
100000
100000
99999.9
99999.9
99999.9
99999.8
99999.8
99999.7
99999.7
99999.7
99999.7
99999.7
99999.7
99999.6
99999.6
99999.6
99999.6
99999.6
99999.6
99999.6
99999.6
99999.6
99999.6
99999.6
99999.6
99999.6
100000
100000
100000
100000
100000
100000
100000
100000
100000
100000
100000
100000
100000
100000
100000
100000
100000
100000
99999.9
99999.9
99999.9
99999.8
99999.8
99999.8
99999.8
99999.8
99999.8
99999.8
99999.8
99999.8
99999.8
99999.8
99999.8
99999.8
99999.8
99999.8
99999.8
99999.8
99999.8
99999.8
100000
100000
100000
100000
100000
100000
100000
100000
100000
100000
100000
100000
100000
100000
100000
100000
100000
100000
100000
99999.9
99999.9
99999.9
99999.9
99999.9
99999.9
99999.9
99999.9
99999.9
99999.9
99999.9
99999.9
99999.9
99999.9
99999.9
99999.9
99999.8
99999.8
99999.8
99999.8
99999.8
100000
100000
100000
100000
100000
100000
100000
100000
100000
100000
100000
100000
100000
100000
100000
100000
100000
100000
100000
100000
100000
100000
99999.9
99999.9
99999.9
99999.9
99999.9
99999.9
99999.9
99999.9
99999.9
99999.9
99999.9
99999.9
99999.9
99999.9
99999.9
99999.9
99999.9
99999.9
100000
100000
100000
100000
100000
100000
100000
100000
100000
100000
100000
100000
100000
100000
100000
100000
100000
100000
100000
100000
100000
100000
100000
100000
100000
100000
100000
100000
100000
100000
100000
100000
100000
100000
100000
100000
100000
100000
100000
100000
100000
100000
100000
100000
100000
100000
100000
100000
100000
100000
100000
100000
100000
100000
100000
100000
100000
100000
100000
100000
100000
100000
100000
100000
100000
100000
100000
100000
100000
100000
100000
100000
100000
100000
100000
100000
100000
100000
100000
100000
100071
100056
100042
100035
100029
100021
100012
100001
99982.7
99955.9
100066
100054
100041
100034
100029
100021
100012
100002
99986.1
99969.4
100060
100053
100041
100034
100029
100022
100013
100004
99991.9
99980.2
100055
100050
100040
100034
100028
100022
100015
100007
99999
99993.3
100050
100046
100039
100033
100028
100023
100017
100011
100007
100005
100044
100041
100037
100032
100028
100024
100020
100017
100015
100015
100038
100037
100034
100031
100029
100026
100023
100021
100021
100022
100033
100033
100032
100030
100028
100027
100025
100025
100025
100027
100029
100029
100029
100028
100028
100027
100027
100027
100028
100030
100026
100026
100026
100027
100027
100027
100027
100028
100029
100031
100022
100023
100024
100024
100025
100026
100026
100027
100029
100030
100019
100020
100021
100022
100023
100024
100025
100026
100027
100028
100015
100017
100018
100019
100020
100021
100022
100023
100024
100025
100013
100014
100015
100016
100017
100018
100019
100020
100021
100021
100009
100010
100011
100012
100013
100014
100015
100016
100016
100017
100006
100007
100008
100008
100009
100010
100011
100012
100012
100013
100002
100003
100004
100004
100005
100006
100007
100007
100008
100009
99999.2
99999.9
100001
100001
100002
100003
100003
100004
100004
100005
99996.1
99996.7
99997.3
99997.9
99998.5
99999
99999.6
100000
100001
100001
99994.1
99994.6
99995.1
99995.6
99996
99996.5
99996.9
99997.4
99997.8
99998.2
99992.4
99992.8
99993.2
99993.6
99994
99994.4
99994.7
99995.1
99995.5
99995.8
99991.7
99992
99992.3
99992.6
99992.9
99993.2
99993.5
99993.8
99994.1
99994.3
99991.5
99991.8
99992
99992.2
99992.4
99992.7
99992.9
99993.1
99993.3
99993.5
99992.1
99992.2
99992.4
99992.5
99992.7
99992.8
99993
99993.1
99993.3
99993.4
99992.9
99993
99993.1
99993.2
99993.3
99993.4
99993.5
99993.6
99993.7
99993.8
99994
99994.1
99994.2
99994.2
99994.3
99994.4
99994.4
99994.5
99994.6
99994.6
99995.2
99995.2
99995.2
99995.3
99995.3
99995.4
99995.4
99995.4
99995.5
99995.5
99996.2
99996.3
99996.3
99996.3
99996.3
99996.3
99996.4
99996.4
99996.4
99996.4
99997.1
99997.1
99997.2
99997.2
99997.2
99997.2
99997.2
99997.2
99997.2
99997.2
99997.9
99997.9
99997.9
99997.9
99997.9
99997.9
99997.9
99997.9
99997.9
99997.9
99998.5
99998.5
99998.5
99998.5
99998.5
99998.5
99998.5
99998.5
99998.5
99998.5
99998.9
99998.9
99998.9
99998.9
99998.9
99998.9
99998.9
99998.9
99998.9
99998.9
99999.2
99999.2
99999.2
99999.2
99999.2
99999.2
99999.2
99999.2
99999.2
99999.2
99999.5
99999.5
99999.5
99999.5
99999.5
99999.5
99999.5
99999.5
99999.5
99999.5
99999.6
99999.6
99999.6
99999.6
99999.6
99999.6
99999.6
99999.6
99999.6
99999.6
99999.8
99999.8
99999.8
99999.8
99999.8
99999.8
99999.8
99999.8
99999.8
99999.8
99999.8
99999.8
99999.8
99999.8
99999.8
99999.8
99999.8
99999.8
99999.8
99999.8
99999.9
99999.9
99999.9
99999.9
99999.9
99999.9
99999.9
99999.9
99999.9
99999.9
100000
100000
100000
100000
100000
100000
100000
100000
100000
100000
100000
100000
100000
100000
100000
100000
100000
100000
100000
100000
99868.2
99885.5
99896.8
99894.4
99892.3
99895.6
99902.6
99912.2
99923.3
99934.8
99947.1
99960.6
99974.9
99989.6
100003
100015
100024
100033
100045
100066
100093
100122
100153
100176
100182
100180
100194
100223
100241
100246
100246
100241
100223
100194
100180
100182
100176
100153
100122
100093
100066
100045
100033
100024
100015
100003
99989.5
99974.9
99960.5
99947
99934.7
99923.3
99912.2
99902.5
99895.6
99892.3
99894.4
99896.7
99885.5
99868.1
99953.9
99954.7
99963
99972.4
99980.1
99987.2
99994.6
100003
100011
100019
100028
100037
100046
100054
100062
100071
100081
100093
100106
100117
100124
100129
100137
100153
100179
100210
100244
100276
100296
100303
100303
100296
100276
100244
100210
100179
100153
100137
100129
100124
100117
100106
100093
100081
100071
100062
100054
100046
100037
100028
100019
100011
100002
99994.5
99987.1
99980.1
99972.3
99963
99954.7
99953.9
99972.7
99973.1
99975.4
99978.3
99981.7
99985.7
99990.6
99996.4
100003
100011
100019
100028
100037
100046
100056
100067
100077
100087
100096
100104
100111
100119
100126
100132
100140
100152
100167
100186
100206
100218
100218
100206
100186
100167
100152
100140
100132
100125
100119
100111
100104
100096
100087
100077
100067
100056
100046
100037
100028
100019
100011
100003
99996.4
99990.6
99985.7
99981.6
99978.2
99975.3
99973
99972.7
99998.5
100002
100005
100009
100013
100018
100024
100030
100037
100043
100050
100057
100064
100071
100078
100085
100092
100099
100105
100111
100116
100121
100124
100127
100130
100132
100134
100138
100143
100146
100146
100143
100138
100134
100132
100130
100127
100124
100121
100116
100111
100105
100099
100092
100085
100078
100071
100064
100057
100050
100043
100037
100030
100024
100018
100013
100009
100005
100002
99998.5
100009
100012
100015
100017
100021
100025
100029
100033
100038
100044
100050
100056
100062
100068
100075
100081
100087
100093
100099
100104
100109
100113
100116
100118
100120
100122
100123
100125
100127
100128
100128
100127
100125
100123
100122
100120
100118
100116
100113
100109
100104
100099
100093
100087
100081
100075
100068
100062
100056
100050
100044
100038
100033
100029
100025
100021
100017
100015
100012
100009
100020
100023
100026
100029
100032
100035
100039
100043
100047
100051
100056
100061
100065
100070
100075
100080
100085
100089
100093
100097
100101
100104
100107
100109
100111
100112
100113
100114
100115
100116
100116
100115
100114
100113
100112
100111
100109
100107
100104
100101
100097
100093
100089
100085
100080
100075
100070
100065
100061
100056
100051
100047
100043
100039
100035
100032
100029
100026
100023
100020
100026
100029
100031
100033
100036
100039
100042
100045
100048
100052
100056
100060
100064
100068
100072
100076
100080
100083
100087
100090
100093
100096
100098
100100
100101
100102
100102
100103
100104
100104
100104
100104
100103
100102
100102
100101
100100
100098
100096
100093
100090
100087
100083
100080
100076
100072
100068
100064
100060
100056
100052
100048
100045
100042
100039
100036
100033
100031
100029
100026
100030
100032
100034
100036
100038
100041
100043
100046
100049
100052
100055
100058
100061
100064
100067
100070
100073
100076
100079
100082
100084
100087
100089
100090
100091
100092
100093
100093
100093
100093
100093
100093
100093
100093
100092
100091
100090
100089
100087
100084
100082
100079
100076
100073
100070
100067
100064
100061
100058
100055
100052
100049
100046
100043
100041
100038
100036
100034
100032
100030
100032
100034
100036
100037
100039
100041
100043
100045
100047
100050
100052
100055
100057
100060
100062
100065
100067
100070
100072
100074
100076
100078
100080
100081
100082
100083
100084
100084
100084
100084
100084
100084
100084
100084
100083
100082
100081
100080
100078
100076
100074
100072
100070
100067
100065
100062
100060
100057
100055
100052
100050
100047
100045
100043
100041
100039
100037
100036
100034
100032
100033
100034
100035
100037
100038
100040
100042
100044
100045
100047
100049
100051
100053
100055
100057
100059
100061
100063
100065
100067
100068
100070
100071
100073
100074
100074
100075
100075
100075
100076
100076
100075
100075
100075
100074
100074
100073
100071
100070
100068
100067
100065
100063
100061
100059
100057
100055
100053
100051
100049
100047
100045
100043
100042
100040
100038
100037
100035
100034
100032
100031
100033
100034
100035
100036
100038
100039
100041
100042
100044
100045
100047
100049
100050
100052
100054
100055
100057
100058
100060
100061
100062
100064
100065
100066
100066
100067
100067
100067
100068
100068
100067
100067
100067
100066
100066
100065
100064
100062
100061
100060
100058
100057
100055
100054
100052
100050
100049
100047
100045
100044
100042
100041
100039
100038
100036
100035
100034
100033
100031
100029
100030
100031
100032
100034
100035
100036
100037
100039
100040
100041
100043
100044
100046
100047
100048
100049
100051
100052
100053
100054
100055
100056
100057
100058
100059
100059
100060
100060
100060
100060
100060
100060
100059
100059
100058
100057
100056
100055
100054
100053
100052
100051
100049
100048
100047
100046
100044
100043
100041
100040
100039
100037
100036
100035
100034
100032
100031
100030
100029
100026
100027
100028
100029
100030
100031
100032
100033
100035
100036
100037
100038
100039
100041
100042
100043
100044
100045
100046
100047
100048
100049
100050
100050
100051
100052
100052
100053
100053
100053
100053
100053
100053
100052
100052
100051
100050
100050
100049
100048
100047
100046
100045
100044
100043
100042
100041
100039
100038
100037
100036
100035
100033
100032
100031
100030
100029
100028
100027
100026
100022
100023
100024
100025
100026
100027
100029
100030
100031
100032
100033
100034
100035
100036
100037
100038
100039
100040
100040
100041
100042
100043
100043
100044
100045
100045
100046
100046
100046
100046
100046
100046
100046
100046
100045
100045
100044
100043
100043
100042
100041
100040
100040
100039
100038
100037
100036
100035
100034
100033
100032
100031
100030
100029
100027
100026
100025
100024
100023
100022
100018
100019
100020
100021
100022
100023
100024
100025
100026
100027
100028
100029
100030
100031
100032
100033
100034
100034
100035
100036
100037
100037
100038
100038
100039
100039
100040
100040
100040
100040
100040
100040
100040
100040
100039
100039
100038
100038
100037
100036
100036
100035
100034
100034
100033
100032
100031
100030
100029
100028
100027
100026
100025
100024
100023
100022
100021
100020
100019
100018
100014
100015
100016
100017
100018
100019
100020
100021
100022
100023
100024
100025
100026
100027
100027
100028
100029
100030
100030
100031
100031
100032
100032
100033
100033
100034
100034
100034
100034
100034
100034
100034
100034
100034
100034
100033
100033
100032
100032
100031
100031
100030
100030
100029
100028
100027
100027
100026
100025
100024
100023
100022
100021
100020
100019
100018
100017
100016
100015
100014
100010
100011
100012
100013
100014
100015
100016
100017
100018
100019
100020
100021
100021
100022
100023
100024
100024
100025
100026
100026
100027
100027
100028
100028
100028
100029
100029
100029
100029
100029
100029
100029
100029
100029
100029
100028
100028
100028
100027
100027
100026
100026
100025
100024
100024
100023
100022
100021
100021
100020
100019
100018
100017
100016
100015
100014
100013
100012
100011
100010
100006
100007
100008
100009
100010
100011
100012
100013
100014
100015
100016
100017
100018
100018
100019
100020
100020
100021
100021
100022
100023
100023
100023
100024
100024
100024
100025
100025
100025
100025
100025
100025
100025
100025
100024
100024
100024
100023
100023
100023
100022
100021
100021
100020
100020
100019
100018
100018
100017
100016
100015
100014
100013
100012
100011
100010
100009
100008
100007
100006
100002
100003
100005
100006
100007
100008
100009
100010
100011
100012
100012
100013
100014
100015
100015
100016
100017
100017
100018
100018
100019
100019
100020
100020
100020
100020
100021
100021
100021
100021
100021
100021
100021
100021
100020
100020
100020
100020
100019
100019
100018
100018
100017
100017
100016
100015
100015
100014
100013
100012
100012
100011
100010
100009
100008
100007
100006
100005
100003
100002
99999.1
100000
100002
100003
100004
100005
100006
100007
100008
100009
100009
100010
100011
100012
100012
100013
100013
100014
100014
100015
100015
100016
100016
100016
100017
100017
100017
100017
100017
100017
100017
100017
100017
100017
100017
100017
100016
100016
100016
100015
100015
100014
100014
100013
100013
100012
100012
100011
100010
100009
100009
100008
100007
100006
100005
100004
100003
100002
100000
99999.1
99996.6
99997.9
99999.1
100000
100001
100002
100003
100004
100005
100006
100007
100007
100008
100009
100009
100010
100011
100011
100011
100012
100012
100013
100013
100013
100014
100014
100014
100014
100014
100014
100014
100014
100014
100014
100014
100014
100013
100013
100013
100012
100012
100011
100011
100011
100010
100009
100009
100008
100007
100007
100006
100005
100004
100003
100002
100001
100000
99999.1
99997.9
99996.6
99995.1
99996.3
99997.4
99998.5
99999.5
100000
100001
100002
100003
100004
100005
100005
100006
100006
100007
100008
100008
100009
100009
100009
100010
100010
100010
100011
100011
100011
100011
100011
100012
100012
100012
100012
100011
100011
100011
100011
100011
100010
100010
100010
100009
100009
100009
100008
100008
100007
100006
100006
100005
100005
100004
100003
100002
100001
100000
99999.5
99998.5
99997.4
99996.3
99995.1
99994.1
99995.3
99996.3
99997.3
99998.2
99999.1
99999.9
100001
100001
100002
100003
100003
100004
100005
100005
100006
100006
100007
100007
100007
100008
100008
100008
100008
100009
100009
100009
100009
100009
100009
100009
100009
100009
100009
100009
100009
100008
100008
100008
100008
100007
100007
100007
100006
100006
100005
100005
100004
100003
100003
100002
100001
100001
99999.9
99999
99998.2
99997.3
99996.3
99995.3
99994.1
99994
99994.9
99995.8
99996.7
99997.5
99998.2
99999
99999.7
100000
100001
100002
100002
100003
100003
100004
100004
100005
100005
100005
100006
100006
100006
100006
100007
100007
100007
100007
100007
100007
100007
100007
100007
100007
100007
100007
100007
100007
100006
100006
100006
100006
100005
100005
100005
100004
100004
100003
100003
100002
100002
100001
100000
99999.7
99999
99998.2
99997.5
99996.7
99995.8
99994.9
99994
99994.3
99995.1
99995.8
99996.5
99997.2
99997.8
99998.5
99999
99999.6
100000
100001
100001
100002
100002
100002
100003
100003
100004
100004
100004
100004
100005
100005
100005
100005
100005
100005
100006
100006
100006
100006
100006
100006
100005
100005
100005
100005
100005
100005
100004
100004
100004
100004
100003
100003
100002
100002
100002
100001
100001
100000
99999.6
99999
99998.5
99997.8
99997.2
99996.5
99995.8
99995.1
99994.3
99995
99995.6
99996.1
99996.7
99997.2
99997.8
99998.3
99998.8
99999.2
99999.7
100000
100001
100001
100001
100002
100002
100002
100003
100003
100003
100003
100004
100004
100004
100004
100004
100004
100004
100004
100004
100004
100004
100004
100004
100004
100004
100004
100004
100003
100003
100003
100003
100003
100002
100002
100002
100001
100001
100001
100000
99999.7
99999.2
99998.8
99998.3
99997.8
99997.2
99996.7
99996.1
99995.5
99995
99995.8
99996.2
99996.6
99997.1
99997.5
99997.9
99998.3
99998.7
99999.1
99999.4
99999.8
100000
100000
100001
100001
100001
100002
100002
100002
100002
100002
100003
100003
100003
100003
100003
100003
100003
100003
100003
100003
100003
100003
100003
100003
100003
100003
100003
100003
100002
100002
100002
100002
100002
100001
100001
100001
100000
100000
99999.8
99999.4
99999.1
99998.7
99998.3
99997.9
99997.5
99997.1
99996.6
99996.2
99995.8
99996.6
99996.9
99997.2
99997.5
99997.8
99998.2
99998.5
99998.8
99999
99999.3
99999.6
99999.9
100000
100000
100001
100001
100001
100001
100001
100002
100002
100002
100002
100002
100002
100002
100002
100002
100002
100002
100002
100002
100002
100002
100002
100002
100002
100002
100002
100002
100002
100001
100001
100001
100001
100001
100000
100000
99999.9
99999.6
99999.3
99999
99998.8
99998.5
99998.2
99997.8
99997.5
99997.2
99996.9
99996.6
99997.4
99997.6
99997.8
99998
99998.2
99998.5
99998.7
99998.9
99999.1
99999.3
99999.6
99999.8
100000
100000
100000
100001
100001
100001
100001
100001
100001
100001
100001
100002
100002
100002
100002
100002
100002
100002
100002
100002
100002
100002
100002
100002
100002
100001
100001
100001
100001
100001
100001
100001
100001
100000
100000
100000
99999.8
99999.6
99999.3
99999.1
99998.9
99998.7
99998.4
99998.2
99998
99997.8
99997.6
99997.4
99998
99998.1
99998.3
99998.4
99998.6
99998.8
99998.9
99999.1
99999.2
99999.4
99999.6
99999.7
99999.9
100000
100000
100000
100000
100001
100001
100001
100001
100001
100001
100001
100001
100001
100001
100001
100001
100001
100001
100001
100001
100001
100001
100001
100001
100001
100001
100001
100001
100001
100001
100000
100000
100000
100000
99999.9
99999.7
99999.6
99999.4
99999.2
99999.1
99998.9
99998.8
99998.6
99998.4
99998.3
99998.1
99998
99998.5
99998.6
99998.7
99998.8
99998.9
99999
99999.1
99999.3
99999.4
99999.5
99999.6
99999.7
99999.8
100000
100000
100000
100000
100000
100000
100001
100001
100001
100001
100001
100001
100001
100001
100001
100001
100001
100001
100001
100001
100001
100001
100001
100001
100001
100001
100001
100001
100000
100000
100000
100000
100000
100000
99999.8
99999.7
99999.6
99999.5
99999.4
99999.3
99999.1
99999
99998.9
99998.8
99998.7
99998.6
99998.5
99998.9
99999
99999
99999.1
99999.2
99999.3
99999.3
99999.4
99999.5
99999.6
99999.7
99999.8
99999.8
99999.9
100000
100000
100000
100000
100000
100000
100000
100000
100001
100001
100001
100001
100001
100001
100001
100001
100001
100001
100001
100001
100001
100001
100001
100001
100000
100000
100000
100000
100000
100000
100000
100000
99999.9
99999.8
99999.8
99999.7
99999.6
99999.5
99999.4
99999.3
99999.3
99999.2
99999.1
99999
99999
99998.9
99999.2
99999.3
99999.3
99999.3
99999.4
99999.4
99999.5
99999.6
99999.6
99999.7
99999.7
99999.8
99999.9
99999.9
100000
100000
100000
100000
100000
100000
100000
100000
100000
100000
100000
100000
100000
100000
100000
100000
100000
100000
100000
100000
100000
100000
100000
100000
100000
100000
100000
100000
100000
100000
100000
100000
99999.9
99999.9
99999.8
99999.7
99999.7
99999.6
99999.6
99999.5
99999.4
99999.4
99999.3
99999.3
99999.3
99999.2
99999.5
99999.5
99999.5
99999.5
99999.6
99999.6
99999.6
99999.7
99999.7
99999.8
99999.8
99999.8
99999.9
99999.9
100000
100000
100000
100000
100000
100000
100000
100000
100000
100000
100000
100000
100000
100000
100000
100000
100000
100000
100000
100000
100000
100000
100000
100000
100000
100000
100000
100000
100000
100000
100000
100000
99999.9
99999.9
99999.8
99999.8
99999.8
99999.7
99999.7
99999.6
99999.6
99999.6
99999.5
99999.5
99999.5
99999.5
99999.6
99999.6
99999.7
99999.7
99999.7
99999.7
99999.7
99999.8
99999.8
99999.8
99999.8
99999.9
99999.9
99999.9
100000
100000
100000
100000
100000
100000
100000
100000
100000
100000
100000
100000
100000
100000
100000
100000
100000
100000
100000
100000
100000
100000
100000
100000
100000
100000
100000
100000
100000
100000
100000
100000
99999.9
99999.9
99999.9
99999.8
99999.8
99999.8
99999.8
99999.7
99999.7
99999.7
99999.7
99999.7
99999.6
99999.6
99999.8
99999.8
99999.8
99999.8
99999.8
99999.8
99999.8
99999.8
99999.8
99999.9
99999.9
99999.9
99999.9
99999.9
100000
100000
100000
100000
100000
100000
100000
100000
100000
100000
100000
100000
100000
100000
100000
100000
100000
100000
100000
100000
100000
100000
100000
100000
100000
100000
100000
100000
100000
100000
100000
100000
99999.9
99999.9
99999.9
99999.9
99999.9
99999.8
99999.8
99999.8
99999.8
99999.8
99999.8
99999.8
99999.8
99999.8
99999.8
99999.8
99999.8
99999.9
99999.9
99999.9
99999.9
99999.9
99999.9
99999.9
99999.9
99999.9
99999.9
100000
100000
100000
100000
100000
100000
100000
100000
100000
100000
100000
100000
100000
100000
100000
100000
100000
100000
100000
100000
100000
100000
100000
100000
100000
100000
100000
100000
100000
100000
100000
100000
100000
100000
99999.9
99999.9
99999.9
99999.9
99999.9
99999.9
99999.9
99999.9
99999.9
99999.9
99999.8
99999.8
99999.8
99999.9
99999.9
99999.9
99999.9
99999.9
99999.9
99999.9
99999.9
99999.9
99999.9
99999.9
100000
100000
100000
100000
100000
100000
100000
100000
100000
100000
100000
100000
100000
100000
100000
100000
100000
100000
100000
100000
100000
100000
100000
100000
100000
100000
100000
100000
100000
100000
100000
100000
100000
100000
100000
100000
100000
100000
99999.9
99999.9
99999.9
99999.9
99999.9
99999.9
99999.9
99999.9
99999.9
99999.9
99999.9
100000
100000
100000
100000
100000
100000
100000
100000
100000
100000
100000
100000
100000
100000
100000
100000
100000
100000
100000
100000
100000
100000
100000
100000
100000
100000
100000
100000
100000
100000
100000
100000
100000
100000
100000
100000
100000
100000
100000
100000
100000
100000
100000
100000
100000
100000
100000
100000
100000
100000
100000
100000
100000
100000
100000
100000
100000
100000
100000
100000
100000
100000
100000
100000
100000
100000
100000
100000
100000
100000
100000
100000
100000
100000
100000
100000
100000
100000
100000
100000
100000
100000
100000
100000
100000
100000
100000
100000
100000
100000
100000
100000
100000
100000
100000
100000
100000
100000
100000
100000
100000
100000
100000
100000
100000
100000
100000
100000
100000
100000
100000
100000
100000
100000
100000
100000
100000
100000
100000
100000
99955.9
99982.6
100001
100012
100021
100029
100035
100042
100056
100071
99969.3
99986.1
100002
100012
100021
100028
100034
100041
100054
100066
99980.2
99991.9
100004
100013
100022
100029
100034
100041
100053
100060
99993.3
99999
100007
100015
100022
100028
100034
100040
100050
100055
100005
100007
100011
100017
100023
100028
100033
100039
100046
100049
100015
100015
100017
100020
100024
100028
100032
100037
100041
100044
100022
100021
100021
100023
100026
100029
100031
100034
100037
100038
100027
100025
100025
100025
100027
100028
100030
100032
100033
100033
100030
100028
100027
100027
100027
100028
100028
100029
100029
100029
100031
100029
100028
100027
100027
100027
100027
100026
100026
100026
100030
100029
100027
100026
100026
100025
100024
100024
100023
100022
100028
100027
100026
100025
100024
100023
100022
100021
100020
100019
100025
100024
100023
100022
100021
100020
100019
100018
100017
100015
100021
100021
100020
100019
100018
100017
100016
100015
100014
100013
100017
100016
100016
100015
100014
100013
100012
100011
100010
100009
100013
100012
100012
100011
100010
100009
100008
100008
100007
100006
100009
100008
100007
100007
100006
100005
100004
100004
100003
100002
100005
100004
100004
100003
100003
100002
100001
100001
99999.9
99999.2
100001
100001
100000
99999.6
99999
99998.5
99997.9
99997.3
99996.7
99996.1
99998.2
99997.8
99997.4
99996.9
99996.5
99996
99995.6
99995.1
99994.6
99994.1
99995.8
99995.5
99995.1
99994.7
99994.4
99994
99993.6
99993.2
99992.8
99992.4
99994.3
99994.1
99993.8
99993.5
99993.2
99992.9
99992.6
99992.3
99992
99991.7
99993.5
99993.3
99993.1
99992.9
99992.7
99992.4
99992.2
99992
99991.8
99991.5
99993.4
99993.3
99993.1
99993
99992.8
99992.7
99992.5
99992.4
99992.2
99992.1
99993.8
99993.7
99993.6
99993.5
99993.4
99993.3
99993.2
99993.1
99993
99992.9
99994.6
99994.6
99994.5
99994.4
99994.4
99994.3
99994.2
99994.2
99994.1
99994
99995.5
99995.5
99995.4
99995.4
99995.4
99995.3
99995.3
99995.2
99995.2
99995.2
99996.4
99996.4
99996.4
99996.4
99996.3
99996.3
99996.3
99996.3
99996.3
99996.2
99997.2
99997.2
99997.2
99997.2
99997.2
99997.2
99997.2
99997.2
99997.1
99997.1
99997.9
99997.9
99997.9
99997.9
99997.9
99997.9
99997.9
99997.9
99997.9
99997.9
99998.5
99998.5
99998.5
99998.5
99998.5
99998.5
99998.5
99998.5
99998.5
99998.5
99998.9
99998.9
99998.9
99998.9
99998.9
99998.9
99998.9
99998.9
99998.9
99998.9
99999.2
99999.2
99999.2
99999.2
99999.2
99999.2
99999.2
99999.2
99999.2
99999.2
99999.5
99999.5
99999.5
99999.5
99999.5
99999.5
99999.5
99999.5
99999.5
99999.5
99999.6
99999.6
99999.6
99999.6
99999.6
99999.6
99999.6
99999.6
99999.6
99999.6
99999.8
99999.8
99999.8
99999.8
99999.8
99999.8
99999.8
99999.8
99999.8
99999.8
99999.8
99999.8
99999.8
99999.8
99999.8
99999.8
99999.8
99999.8
99999.8
99999.8
99999.9
99999.9
99999.9
99999.9
99999.9
99999.9
99999.9
99999.9
99999.9
99999.9
100000
100000
100000
100000
100000
100000
100000
100000
100000
100000
100000
100000
100000
100000
100000
100000
100000
100000
100000
100000
100057
100049
100042
100034
100027
100020
100013
100006
99998.3
99990.8
99983
99975
99966.5
99957.7
99948.5
99939
99928.9
99917.5
99904.1
99888.8
99873.5
99859.7
99848.2
99839.1
99832.5
99828.3
99826.1
99825.9
99828.5
99834.2
99843.6
99856.8
99874.8
99901.3
99938.2
99988.6
100067
100170
100291
100358
100055
100048
100041
100034
100027
100020
100013
100005
99998.1
99990.6
99982.9
99974.8
99966.4
99957.6
99948.4
99939
99928.8
99917.4
99904
99888.8
99873.6
99860.1
99848.7
99839.9
99833.8
99830.1
99828.6
99829.4
99833.5
99841.3
99853.3
99869.8
99892.6
99924.9
99968.5
100026
100109
100211
100301
100352
100052
100047
100040
100033
100026
100019
100012
100005
99998
99990.5
99982.8
99974.8
99966.4
99957.6
99948.5
99939
99928.8
99917.4
99904.1
99889
99874.1
99860.8
99849.6
99841.1
99835.3
99831.9
99830.6
99831.8
99836.3
99844.6
99857.1
99874.4
99899.3
99934
99981.7
100046
100133
100229
100299
100338
100049
100045
100038
100032
100025
100019
100012
100005
99997.7
99990.3
99982.7
99974.7
99966.3
99957.6
99948.5
99939.1
99928.9
99917.5
99904.2
99889.3
99874.6
99861.5
99850.8
99842.8
99837.6
99835
99834.6
99837.1
99843.3
99853.6
99868.8
99889.3
99918
99956.6
100008
100078
100164
100240
100291
100320
100045
100042
100036
100031
100024
100018
100011
100005
99997.6
99990.3
99982.7
99974.8
99966.5
99957.8
99948.7
99939.3
99929.2
99917.8
99904.6
99889.9
99875.4
99862.6
99852.1
99844.5
99839.7
99837.4
99837.4
99840.7
99847.8
99859.6
99876.7
99900.3
99932.7
99976.2
100033
100107
100183
100238
100277
100298
100041
100038
100034
100028
100023
100017
100010
100004
99997
99989.9
99982.4
99974.7
99966.5
99957.9
99948.9
99939.5
99929.4
99918
99905
99890.6
99876.4
99864.1
99854.3
99847.4
99843.4
99842
99843.2
99848
99857
99870.9
99890.6
99917.2
99952.9
100001
100062
100132
100191
100231
100259
100274
100036
100034
100030
100026
100021
100016
100010
100003
99996.7
99989.7
99982.4
99974.8
99966.7
99958.1
99949.2
99939.8
99929.7
99918.4
99905.5
99891.3
99877.5
99865.5
99856.2
99849.9
99846.5
99845.8
99848.2
99854.5
99865.5
99881.9
99904.6
99934.8
99974.8
100026
100088
100147
100189
100219
100238
100249
100032
100030
100027
100023
100019
100014
100008
100003
99996.1
99989.4
99982.4
99974.9
99966.9
99958.4
99949.6
99940.3
99930.2
99919
99906.3
99892.5
99879.2
99867.8
99859.3
99853.9
99851.5
99851.9
99855.8
99864
99877.2
99896.2
99921.6
99955.4
99999.4
100053
100108
100151
100181
100203
100216
100225
100028
100026
100024
100020
100016
100012
100007
100001
99995.2
99988.6
99981.8
99974.5
99966.8
99958.5
99949.7
99940.5
99930.6
99919.4
99907
99893.6
99880.8
99870.1
99862.5
99858.1
99856.6
99858.4
99864.1
99874.6
99890.3
99911.8
99940.5
99978.2
100025
100075
100118
100148
100170
100185
100194
100200
100024
100023
100020
100018
100014
100010
100005
100000
99994.8
99988.7
99982
99974.8
99967.2
99959
99950.4
99941.3
99931.4
99920.4
99908.2
99895.3
99883.2
99873.5
99866.9
99863.7
99863.4
99866.8
99874.7
99887.5
99905.5
99929.7
99962
100002
100047
100088
100117
100139
100155
100165
100172
100177
100021
100019
100017
100014
100011
100007
100003
99998.4
99993.1
99987.3
99981
99974.1
99966.9
99959
99950.6
99941.7
99932
99921.3
99909.5
99897.1
99885.9
99877.3
99872
99870
99871.3
99876.7
99886.9
99902
99922.3
99949.6
99984.6
100024
100062
100091
100112
100128
100139
100146
100151
100155
100018
100016
100014
100012
100009
100006
100002
99997.5
99992.6
99987.2
99981.2
99974.4
99967.2
99959.5
99951.4
99942.6
99933.1
99922.6
99911.3
99899.6
99889.5
99882.2
99878.4
99877.7
99880.9
99888.6
99900.9
99917.9
99940.8
99971
100006
100040
100068
100088
100104
100115
100122
100128
100131
100135
100014
100012
100011
100008
100006
100003
99999.1
99995.1
99990.5
99985.4
99979.8
99973.6
99966.9
99959.7
99951.9
99943.5
99934.3
99924.2
99913.4
99902.7
99894
99888.2
99885.9
99886.9
99892.2
99902
99916.1
99935.1
99960.9
99991.4
100022
100048
100067
100082
100093
100101
100106
100110
100113
100116
100011
100010
100008
100006
100003
100001
99997.4
99993.8
99989.6
99984.9
99979.6
99973.7
99967.2
99960.2
99952.8
99944.7
99935.9
99926.3
99916.1
99906.8
99899.6
99895.5
99894.7
99897.7
99905.1
99916.6
99932.3
99953.7
99980.1
100007
100031
100050
100063
100074
100082
100087
100091
100094
100096
100099
100008
100006
100004
100002
100000
99997.7
99994.7
99991.3
99987.5
99983.2
99978.4
99973
99967.2
99960.7
99953.8
99946.2
99937.9
99928.8
99919.5
99911.8
99906.4
99904
99904.9
99909.9
99919
99931.8
99949.2
99971.9
99995.5
100017
100034
100047
100057
100065
100070
100074
100077
100080
100081
100084
100005
100003
100002
99999.9
99997.9
99995.5
99992.9
99989.9
99986.4
99982.5
99978
99973
99967.5
99961.6
99955.1
99948.1
99940.4
99932
99924.1
99918.1
99914.5
99913.6
99916.4
99923.2
99933.3
99947.3
99966.3
99986.6
100006
100022
100033
100043
100050
100055
100059
100062
100065
100067
100068
100070
100001
99999.7
99998.3
99996.7
99994.9
99992.8
99990.4
99987.7
99984.6
99981.1
99977.1
99972.8
99967.9
99962.6
99956.8
99950.5
99943.4
99935.9
99929.8
99925.6
99923.7
99924.4
99928.8
99936.7
99947.7
99962.9
99980.2
99996.7
100011
100022
100031
100037
100043
100047
100050
100052
100054
100055
100056
100058
99998.3
99997.2
99995.9
99994.5
99992.8
99991
99988.9
99986.5
99983.7
99980.6
99977.1
99973.2
99968.9
99964.2
99959.1
99953.4
99947.1
99941.1
99936.8
99934.2
99933.6
99935.8
99941.4
99949.8
99961.7
99976
99990.1
100003
100013
100021
100027
100032
100036
100038
100041
100043
100044
100045
100046
100048
99995.3
99994.4
99993.3
99992
99990.6
99989
99987.2
99985.1
99982.7
99980
99977.1
99973.8
99970.2
99966.3
99961.9
99956.9
99951.7
99947.5
99944.7
99943.5
99943.9
99947.3
99953.4
99962.4
99973.9
99985.6
99996.3
100005
100012
100018
100023
100026
100029
100031
100033
100035
100036
100037
100038
100039
99993.5
99992.6
99991.7
99990.6
99989.4
99988
99986.5
99984.7
99982.7
99980.5
99978
99975.2
99972.2
99968.9
99965.2
99961.2
99957.4
99954.7
99953.2
99952.8
99954.2
99958.2
99964.7
99973.4
99982.9
99991.9
99999.7
100006
100011
100015
100019
100021
100023
100025
100026
100028
100029
100030
100030
100032
99991.9
99991.2
99990.4
99989.5
99988.4
99987.3
99986
99984.6
99983.1
99981.3
99979.3
99977.1
99974.7
99972.1
99969.2
99966.2
99963.8
99962.3
99961.6
99961.8
99963.8
99968.1
99974.5
99982
99989.2
99995.8
100001
100006
100009
100012
100015
100017
100019
100020
100021
100022
100023
100024
100024
100025
99991.3
99990.7
99990.1
99989.4
99988.6
99987.7
99986.6
99985.5
99984.3
99982.9
99981.3
99979.6
99977.8
99975.8
99973.7
99971.7
99970.4
99969.6
99969.4
99970.1
99972.4
99976.8
99982.2
99987.9
99993.2
99997.9
100002
100005
100008
100010
100012
100013
100014
100016
100016
100017
100018
100019
100019
100020
99991.2
99990.8
99990.3
99989.7
99989.1
99988.4
99987.6
99986.8
99985.8
99984.8
99983.7
99982.5
99981.2
99979.8
99978.4
99977.3
99976.6
99976.3
99976.4
99977.3
99979.8
99983.6
99987.8
99992
99995.8
99999.1
100002
100004
100006
100008
100009
100010
100011
100012
100013
100013
100014
100015
100015
100016
99991.8
99991.5
99991.1
99990.7
99990.2
99989.7
99989.2
99988.6
99987.9
99987.1
99986.4
99985.5
99984.7
99983.7
99982.9
99982.4
99982.1
99982
99982.2
99983.4
99985.6
99988.6
99991.7
99994.6
99997.3
99999.6
100002
100003
100005
100006
100007
100008
100009
100009
100010
100010
100011
100011
100012
100012
99992.8
99992.5
99992.2
99991.9
99991.6
99991.3
99990.9
99990.4
99990
99989.5
99989
99988.5
99987.9
99987.4
99986.9
99986.7
99986.6
99986.7
99987
99988.2
99989.9
99992.1
99994.3
99996.4
99998.2
99999.9
100001
100002
100004
100004
100005
100006
100006
100007
100008
100008
100008
100009
100009
100010
99993.9
99993.8
99993.6
99993.4
99993.1
99992.9
99992.7
99992.4
99992.1
99991.8
99991.5
99991.1
99990.8
99990.5
99990.3
99990.2
99990.2
99990.3
99990.8
99991.7
99993
99994.6
99996.1
99997.5
99998.8
100000
100001
100002
100003
100003
100004
100004
100005
100005
100006
100006
100006
100007
100007
100007
99995.1
99995
99994.9
99994.7
99994.6
99994.4
99994.3
99994.1
99993.9
99993.7
99993.5
99993.4
99993.2
99993
99993
99993
99993
99993.2
99993.6
99994.3
99995.2
99996.3
99997.3
99998.3
99999.2
100000
100001
100001
100002
100002
100003
100003
100004
100004
100004
100005
100005
100005
100005
100006
99996.2
99996.1
99996
99995.9
99995.9
99995.8
99995.7
99995.6
99995.5
99995.4
99995.3
99995.2
99995.1
99995
99995
99995
99995.1
99995.3
99995.6
99996.1
99996.7
99997.4
99998.2
99998.8
99999.5
100000
100001
100001
100001
100002
100002
100002
100003
100003
100003
100003
100004
100004
100004
100004
99997.1
99997.1
99997
99997
99996.9
99996.9
99996.8
99996.7
99996.7
99996.6
99996.6
99996.5
99996.5
99996.5
99996.5
99996.5
99996.6
99996.7
99997
99997.3
99997.8
99998.2
99998.7
99999.2
99999.6
100000
100000
100001
100001
100001
100002
100002
100002
100002
100002
100003
100003
100003
100003
100003
99997.9
99997.8
99997.8
99997.8
99997.7
99997.7
99997.7
99997.7
99997.6
99997.6
99997.6
99997.5
99997.5
99997.5
99997.6
99997.6
99997.7
99997.8
99997.9
99998.2
99998.5
99998.8
99999.1
99999.4
99999.7
100000
100000
100001
100001
100001
100001
100001
100002
100002
100002
100002
100002
100002
100002
100002
99998.4
99998.4
99998.4
99998.4
99998.4
99998.4
99998.3
99998.3
99998.3
99998.3
99998.3
99998.3
99998.3
99998.3
99998.3
99998.4
99998.4
99998.5
99998.6
99998.8
99999
99999.2
99999.4
99999.6
99999.8
100000
100000
100000
100001
100001
100001
100001
100001
100001
100001
100001
100002
100002
100002
100002
99998.9
99998.9
99998.9
99998.9
99998.9
99998.8
99998.8
99998.8
99998.8
99998.8
99998.8
99998.8
99998.8
99998.8
99998.9
99998.9
99998.9
99999
99999.1
99999.2
99999.3
99999.5
99999.6
99999.8
99999.9
100000
100000
100000
100000
100001
100001
100001
100001
100001
100001
100001
100001
100001
100001
100001
99999.2
99999.2
99999.2
99999.2
99999.2
99999.2
99999.2
99999.2
99999.2
99999.2
99999.2
99999.2
99999.2
99999.2
99999.2
99999.3
99999.3
99999.3
99999.4
99999.5
99999.5
99999.6
99999.7
99999.8
99999.9
100000
100000
100000
100000
100000
100000
100001
100001
100001
100001
100001
100001
100001
100001
100001
99999.5
99999.5
99999.5
99999.5
99999.5
99999.5
99999.5
99999.5
99999.5
99999.5
99999.5
99999.5
99999.5
99999.5
99999.5
99999.5
99999.5
99999.6
99999.6
99999.6
99999.7
99999.8
99999.8
99999.9
100000
100000
100000
100000
100000
100000
100000
100000
100000
100001
100001
100001
100001
100001
100001
100001
99999.6
99999.6
99999.6
99999.6
99999.6
99999.6
99999.6
99999.6
99999.6
99999.6
99999.6
99999.6
99999.6
99999.7
99999.7
99999.7
99999.7
99999.7
99999.7
99999.8
99999.8
99999.9
99999.9
100000
100000
100000
100000
100000
100000
100000
100000
100000
100000
100000
100000
100000
100001
100001
100001
100001
99999.8
99999.8
99999.8
99999.8
99999.8
99999.8
99999.8
99999.8
99999.8
99999.8
99999.8
99999.8
99999.8
99999.8
99999.8
99999.8
99999.8
99999.8
99999.8
99999.9
99999.9
99999.9
100000
100000
100000
100000
100000
100000
100000
100000
100000
100000
100000
100000
100000
100000
100000
100000
100000
100000
99999.8
99999.8
99999.8
99999.8
99999.8
99999.9
99999.9
99999.9
99999.9
99999.9
99999.9
99999.9
99999.9
99999.9
99999.9
99999.9
99999.9
99999.9
99999.9
99999.9
99999.9
100000
100000
100000
100000
100000
100000
100000
100000
100000
100000
100000
100000
100000
100000
100000
100000
100000
100000
100000
99999.9
99999.9
99999.9
99999.9
99999.9
99999.9
99999.9
99999.9
99999.9
99999.9
99999.9
99999.9
99999.9
99999.9
99999.9
99999.9
99999.9
99999.9
100000
100000
100000
100000
100000
100000
100000
100000
100000
100000
100000
100000
100000
100000
100000
100000
100000
100000
100000
100000
100000
100000
100000
100000
100000
100000
100000
100000
100000
100000
100000
100000
100000
100000
100000
100000
100000
100000
100000
100000
100000
100000
100000
100000
100000
100000
100000
100000
100000
100000
100000
100000
100000
100000
100000
100000
100000
100000
100000
100000
100000
100000
100000
100000
100000
100000
100000
100000
100000
100000
100000
100000
100000
100000
100000
100000
100000
100000
100000
100000
100000
100000
100000
100000
100000
100000
100000
100000
100000
100000
100000
100000
100000
100000
100000
100000
100000
100000
100000
100000
100000
100000
99684.1
99843.3
99940.5
99949.1
99936.2
99930.3
99928.7
99927.2
99926.6
99927.8
99931.1
99936.2
99943.1
99951.8
99962.9
99976.6
99995.3
100026
100073
100125
100161
100170
100166
100167
100173
100173
100172
100175
100184
100196
100196
100184
100175
100172
100173
100173
100167
100166
100170
100161
100125
100073
100026
99995.3
99976.6
99962.9
99951.7
99943.1
99936.2
99931.1
99927.8
99926.5
99927.2
99928.7
99930.3
99936.1
99949.1
99940.4
99843.2
99684
99669.9
99659.8
99688.9
99712.7
99718.1
99716.5
99715.9
99717.2
99719.9
99725
99732.8
99743.8
99759.3
99782.7
99818.5
99877
99960.4
100063
100144
100170
100169
100170
100171
100163
100157
100162
100173
100185
100203
100218
100218
100203
100185
100173
100162
100157
100163
100171
100169
100169
100170
100144
100063
99960
99876.8
99818.4
99782.6
99759.3
99743.8
99732.8
99724.9
99719.9
99717.2
99715.9
99716.4
99718
99712.7
99688.9
99659.8
99669.9
99720.1
99823.2
99890.2
99899.3
99889.3
99883
99880.8
99880.3
99881.2
99883.9
99888.4
99895.1
99904.7
99919.2
99941.7
99979.7
100031
100098
100160
100178
100175
100184
100180
100161
100153
100161
100172
100180
100194
100209
100209
100194
100180
100172
100161
100153
100161
100180
100184
100175
100178
100160
100098
100031
99979.5
99941.6
99919.1
99904.7
99895.1
99888.4
99883.8
99881.2
99880.2
99880.7
99882.9
99889.3
99899.3
99890.2
99823.1
99720
)
;

boundaryField
{
    inOut
    {
        type            fixedValue;
        value           uniform 100000;
    }
    coandaUpper
    {
        type            zeroGradient;
    }
    coandaLower
    {
        type            zeroGradient;
    }
    surface
    {
        type            zeroGradient;
    }
    defaultFaces
    {
        type            empty;
    }
}


// ************************************************************************* //
