/*--------------------------------*- C++ -*----------------------------------*\
  =========                 |
  \\      /  F ield         | OpenFOAM: The Open Source CFD Toolbox
   \\    /   O peration     | Website:  https://openfoam.org
    \\  /    A nd           | Version:  10
     \\/     M anipulation  |
\*---------------------------------------------------------------------------*/
FoamFile
{
    format      ascii;
    class       volScalarField;
    location    "0.002";
    object      p;
}
// * * * * * * * * * * * * * * * * * * * * * * * * * * * * * * * * * * * * * //

dimensions      [1 -1 -2 0 0 0 0];

internalField   nonuniform List<scalar> 
8924
(
100098
100135
100184
100223
100252
100274
100289
100298
100302
100303
100301
100298
100292
100286
100279
100271
100263
100255
100247
100239
100231
100224
100216
100209
100202
100195
100189
100182
100176
100170
100165
100159
100154
100149
100144
100139
100099
100136
100184
100222
100251
100273
100288
100297
100302
100303
100301
100298
100293
100286
100279
100272
100264
100256
100248
100240
100232
100224
100217
100210
100203
100196
100189
100183
100177
100171
100165
100160
100154
100149
100144
100140
100102
100138
100184
100220
100250
100271
100286
100296
100301
100302
100301
100298
100293
100287
100280
100272
100265
100257
100249
100241
100233
100225
100218
100210
100203
100196
100190
100183
100177
100171
100166
100160
100155
100150
100145
100140
100103
100140
100184
100219
100247
100269
100284
100294
100300
100302
100301
100298
100293
100287
100280
100273
100265
100257
100249
100242
100234
100226
100218
100211
100204
100197
100191
100184
100178
100172
100166
100161
100155
100150
100145
100141
100105
100141
100184
100217
100245
100266
100282
100292
100298
100301
100300
100297
100293
100288
100281
100274
100266
100258
100250
100242
100235
100227
100219
100212
100205
100198
100191
100185
100179
100173
100167
100161
100156
100151
100146
100141
100107
100143
100183
100216
100243
100264
100280
100290
100297
100300
100300
100297
100293
100288
100282
100275
100267
100259
100251
100244
100236
100228
100220
100213
100206
100199
100192
100186
100180
100174
100168
100162
100157
100152
100147
100142
100109
100144
100182
100214
100241
100261
100277
100288
100295
100299
100299
100297
100293
100288
100282
100275
100268
100260
100252
100245
100237
100229
100221
100214
100207
100200
100193
100187
100180
100174
100169
100163
100157
100152
100147
100142
100111
100145
100181
100212
100238
100259
100274
100286
100293
100297
100298
100296
100293
100288
100283
100276
100269
100261
100254
100246
100238
100230
100223
100215
100208
100201
100194
100188
100181
100175
100169
100164
100158
100153
100148
100143
100139
100112
100146
100180
100210
100235
100255
100271
100283
100291
100295
100297
100296
100293
100288
100283
100277
100270
100262
100255
100247
100239
100231
100224
100216
100209
100202
100195
100189
100182
100176
100170
100165
100159
100154
100149
100144
100139
100113
100146
100179
100207
100232
100252
100268
100280
100288
100293
100295
100295
100292
100288
100283
100277
100270
100263
100256
100248
100240
100233
100225
100218
100210
100203
100197
100190
100184
100177
100171
100166
100160
100155
100150
100145
100140
100115
100147
100177
100204
100228
100248
100264
100276
100285
100291
100293
100293
100291
100288
100283
100278
100271
100264
100257
100249
100241
100234
100226
100219
100212
100205
100198
100191
100185
100179
100173
100167
100161
100156
100151
100146
100141
100116
100147
100175
100201
100224
100244
100260
100273
100282
100288
100291
100292
100290
100287
100283
100278
100272
100265
100258
100250
100243
100235
100228
100220
100213
100206
100199
100193
100186
100180
100174
100168
100162
100157
100152
100147
100142
100117
100146
100173
100198
100220
100239
100255
100268
100278
100285
100288
100290
100289
100287
100283
100278
100272
100266
100259
100251
100244
100237
100229
100222
100214
100207
100201
100194
100187
100181
100175
100169
100164
100158
100153
100148
100143
100138
100117
100146
100171
100195
100216
100235
100250
100264
100274
100281
100285
100288
100287
100286
100282
100278
100273
100266
100260
100253
100245
100238
100231
100223
100216
100209
100202
100195
100189
100183
100176
100171
100165
100159
100154
100149
100144
100139
100118
100145
100168
100191
100212
100230
100245
100259
100269
100277
100282
100285
100285
100284
100282
100278
100273
100267
100261
100254
100247
100239
100232
100225
100218
100211
100204
100197
100190
100184
100178
100172
100166
100161
100155
100150
100145
100141
100118
100144
100166
100187
100207
100225
100240
100253
100264
100272
100278
100282
100283
100283
100280
100277
100273
100267
100261
100255
100248
100241
100234
100226
100219
100212
100205
100199
100192
100186
100179
100173
100168
100162
100157
100152
100147
100142
100119
100142
100163
100183
100202
100219
100234
100248
100258
100267
100274
100278
100280
100280
100279
100276
100272
100268
100262
100256
100249
100242
100235
100228
100221
100214
100207
100200
100194
100187
100181
100175
100169
100164
100158
100153
100148
100143
100118
100141
100160
100179
100197
100213
100228
100241
100252
100262
100269
100274
100277
100278
100277
100275
100272
100267
100262
100257
100250
100244
100237
100230
100223
100216
100209
100202
100196
100189
100183
100177
100171
100165
100160
100155
100149
100145
100140
100118
100139
100157
100175
100192
100208
100222
100235
100246
100256
100263
100269
100273
100274
100274
100273
100270
100267
100262
100257
100251
100245
100238
100231
100225
100218
100211
100204
100198
100191
100185
100179
100173
100167
100161
100156
100151
100146
100141
100117
100137
100153
100171
100186
100202
100215
100228
100239
100249
100257
100263
100268
100271
100271
100271
100269
100266
100262
100257
100252
100246
100240
100233
100226
100220
100213
100206
100200
100193
100187
100181
100175
100169
100163
100158
100153
100148
100143
100116
100134
100150
100166
100181
100195
100209
100221
100232
100242
100251
100257
100263
100266
100268
100268
100267
100265
100261
100257
100252
100247
100241
100235
100228
100221
100215
100208
100202
100195
100189
100183
100177
100171
100165
100160
100155
100150
100145
100140
100115
100132
100146
100161
100176
100189
100202
100214
100225
100235
100244
100251
100257
100261
100264
100265
100264
100263
100260
100257
100252
100248
100242
100236
100230
100223
100217
100210
100204
100197
100191
100185
100179
100173
100167
100162
100157
100151
100146
100142
100114
100129
100143
100157
100170
100183
100195
100207
100218
100227
100236
100244
100250
100255
100258
100260
100261
100260
100258
100255
100252
100248
100243
100237
100231
100225
100219
100212
100206
100200
100193
100187
100181
100175
100170
100164
100159
100153
100148
100144
100139
100112
100126
100139
100152
100164
100176
100188
100199
100210
100220
100228
100236
100243
100248
100253
100255
100257
100257
100256
100254
100251
100247
100243
100238
100232
100227
100221
100214
100208
100202
100196
100190
100184
100178
100172
100166
100161
100156
100151
100146
100141
100110
100123
100135
100147
100159
100170
100181
100192
100202
100211
100220
100228
100235
100241
100246
100250
100252
100253
100253
100251
100249
100246
100243
100238
100233
100228
100222
100216
100210
100204
100198
100192
100186
100180
100174
100169
100163
100158
100153
100148
100143
100138
100108
100120
100131
100142
100153
100164
100174
100184
100194
100203
100212
100220
100227
100234
100239
100243
100246
100248
100249
100248
100247
100245
100242
100238
100234
100229
100224
100218
100212
100206
100200
100194
100188
100183
100177
100171
100166
100160
100155
100150
100145
100141
100106
100117
100127
100137
100147
100157
100167
100177
100186
100195
100203
100211
100219
100225
100231
100236
100240
100242
100244
100244
100244
100242
100240
100237
100233
100229
100225
100219
100214
100208
100203
100197
100191
100185
100179
100174
100168
100163
100158
100153
100148
100143
100139
100103
100113
100122
100132
100141
100151
100160
100169
100178
100187
100195
100202
100210
100217
100223
100228
100233
100236
100238
100240
100240
100239
100238
100235
100232
100229
100225
100220
100215
100210
100205
100199
100193
100188
100182
100177
100171
100166
100160
100155
100150
100146
100141
100100
100110
100118
100127
100136
100144
100153
100162
100170
100178
100186
100194
100201
100208
100214
100220
100225
100229
100232
100234
100235
100235
100234
100233
100231
100228
100225
100221
100216
100212
100206
100201
100196
100190
100185
100179
100174
100168
100163
100158
100153
100148
100144
100139
100097
100106
100114
100122
100130
100138
100146
100154
100162
100170
100177
100185
100192
100198
100205
100211
100216
100221
100224
100227
100229
100230
100230
100230
100228
100226
100223
100220
100217
100213
100208
100203
100198
100193
100187
100182
100176
100171
100166
100161
100156
100151
100146
100142
100095
100102
100110
100117
100125
100132
100139
100147
100154
100162
100169
100176
100183
100189
100196
100201
100207
100212
100216
100220
100222
100224
100225
100226
100225
100224
100222
100219
100216
100212
100209
100204
100200
100195
100189
100184
100179
100174
100169
100164
100159
100154
100149
100144
100140
100091
100099
100105
100112
100119
100126
100133
100140
100147
100154
100161
100167
100174
100180
100186
100192
100198
100203
100207
100211
100215
100218
100219
100220
100221
100220
100219
100217
100215
100212
100208
100205
100201
100196
100191
100187
100182
100177
100172
100167
100162
100157
100152
100147
100143
100138
100088
100095
100101
100107
100114
100120
100126
100133
100139
100146
100152
100158
100165
100171
100177
100182
100188
100193
100198
100203
100206
100210
100212
100214
100215
100215
100215
100214
100212
100210
100208
100204
100201
100197
100193
100188
100184
100179
100174
100169
100164
100160
100155
100150
100146
100141
100137
100085
100091
100097
100103
100108
100114
100120
100126
100132
100138
100144
100150
100156
100162
100167
100173
100178
100184
100189
100193
100197
100201
100204
100207
100209
100210
100210
100210
100209
100208
100206
100203
100200
100197
100194
100190
100186
100181
100177
100172
100167
100163
100158
100153
100149
100144
100140
100136
100082
100087
100093
100098
100103
100109
100114
100120
100125
100131
100136
100142
100147
100153
100158
100164
100169
100174
100179
100184
100188
100192
100196
100199
100201
100203
100204
100205
100205
100204
100203
100201
100199
100196
100193
100190
100187
100183
100178
100174
100170
100165
100161
100156
100152
100147
100143
100139
100135
100079
100084
100088
100093
100098
100103
100108
100113
100119
100124
100129
100134
100139
100144
100149
100154
100160
100164
100169
100174
100178
100183
100186
100190
100193
100195
100197
100199
100199
100199
100199
100198
100196
100195
100192
100190
100187
100183
100180
100176
100172
100168
100163
100159
100155
100150
100146
100142
100138
100075
100080
100084
100089
100093
100098
100103
100107
100112
100117
100122
100127
100131
100136
100141
100146
100150
100155
100160
100164
100169
100173
100177
100181
100184
100187
100189
100191
100193
100194
100194
100194
100193
100192
100190
100188
100186
100183
100180
100177
100173
100169
100165
100161
100157
100153
100149
100145
100141
100137
100133
100072
100077
100080
100085
100089
100093
100097
100102
100106
100110
100115
100119
100124
100128
100133
100137
100141
100146
100150
100155
100159
100163
100167
100171
100174
100178
100181
100183
100185
100187
100188
100188
100188
100188
100187
100186
100184
100182
100179
100177
100174
100170
100167
100163
100159
100155
100151
100147
100143
100140
100136
100132
100069
100073
100077
100080
100084
100088
100092
100096
100100
100104
100108
100112
100116
100121
100125
100129
100133
100137
100141
100145
100150
100154
100157
100161
100165
100168
100171
100174
100177
100179
100181
100182
100183
100183
100183
100182
100181
100179
100178
100176
100173
100170
100168
100164
100161
100157
100154
100150
100146
100142
100139
100135
100131
100066
100070
100073
100076
100080
100083
100087
100091
100094
100098
100102
100106
100110
100113
100117
100121
100125
100129
100133
100136
100140
100144
100148
100152
100155
100159
100162
100165
100168
100170
100172
100174
100176
100177
100177
100177
100177
100176
100175
100173
100172
100170
100167
100165
100162
100159
100155
100152
100148
100145
100141
100137
100134
100130
100063
100066
100069
100072
100076
100079
100082
100086
100089
100092
100096
100099
100103
100106
100110
100114
100117
100121
100124
100128
100132
100135
100139
100142
100146
100149
100153
100156
100159
100161
100164
100166
100168
100169
100170
100171
100172
100171
100171
100170
100169
100167
100166
100164
100161
100159
100156
100153
100150
100147
100143
100140
100136
100133
100130
100060
100063
100066
100069
100072
100075
100078
100081
100084
100087
100090
100093
100097
100100
100103
100106
100110
100113
100116
100120
100123
100127
100130
100133
100137
100140
100143
100146
100149
100152
100155
100157
100159
100161
100163
100164
100165
100166
100166
100166
100165
100164
100163
100162
100160
100158
100156
100153
100151
100148
100145
100142
100139
100135
100132
100129
100057
100060
100062
100065
100068
100070
100073
100076
100079
100082
100085
100088
100091
100094
100097
100100
100103
100106
100109
100112
100115
100118
100121
100125
100128
100131
100134
100137
100140
100143
100146
100148
100151
100153
100155
100156
100158
100159
100160
100160
100160
100160
100159
100159
100157
100156
100154
100152
100150
100148
100146
100143
100140
100137
100134
100131
100128
100125
100054
100057
100059
100061
100064
100067
100069
100072
100074
100077
100080
100082
100085
100088
100091
100093
100096
100099
100102
100105
100108
100111
100113
100116
100119
100122
100125
100128
100131
100134
100137
100139
100142
100144
100146
100148
100150
100151
100153
100154
100154
100155
100155
100154
100154
100153
100152
100150
100149
100147
100145
100143
100141
100138
100135
100133
100130
100127
100124
100051
100054
100056
100058
100060
100063
100065
100067
100070
100072
100075
100077
100080
100082
100085
100088
100090
100093
100095
100098
100100
100103
100106
100109
100111
100114
100117
100120
100122
100125
100128
100130
100133
100135
100137
100140
100142
100143
100145
100146
100147
100148
100149
100149
100149
100149
100148
100147
100146
100145
100144
100142
100140
100138
100136
100134
100131
100128
100126
100123
100120
100049
100051
100053
100055
100057
100059
100061
100063
100066
100068
100070
100072
100075
100077
100079
100082
100084
100087
100089
100091
100094
100096
100099
100101
100104
100106
100109
100112
100114
100117
100119
100122
100124
100127
100129
100131
100133
100135
100137
100138
100140
100141
100142
100143
100143
100144
100144
100143
100143
100142
100141
100140
100138
100137
100135
100133
100131
100129
100127
100124
100122
100119
100046
100048
100050
100052
100054
100056
100058
100060
100062
100064
100066
100068
100070
100072
100074
100077
100079
100081
100083
100085
100088
100090
100092
100094
100097
100099
100101
100104
100106
100109
100111
100113
100116
100118
100120
100122
100125
100127
100129
100130
100132
100133
100135
100136
100137
100137
100138
100138
100138
100138
100137
100137
100136
100135
100133
100132
100131
100129
100127
100125
100123
100121
100118
100116
100044
100045
100047
100049
100051
100052
100054
100056
100058
100060
100062
100064
100066
100068
100070
100072
100074
100076
100078
100080
100082
100084
100086
100088
100090
100092
100094
100097
100099
100101
100103
100106
100108
100110
100112
100114
100116
100118
100120
100122
100124
100126
100127
100128
100130
100131
100131
100132
100133
100133
100133
100133
100132
100132
100131
100130
100129
100127
100126
100124
100123
100121
100119
100117
100115
100113
100041
100043
100044
100046
100048
100049
100051
100053
100054
100056
100058
100060
100061
100063
100065
100067
100069
100071
100072
100074
100076
100078
100080
100082
100084
100086
100088
100090
100092
100094
100096
100098
100100
100102
100104
100106
100108
100110
100112
100114
100116
100118
100119
100121
100122
100123
100125
100125
100126
100127
100127
100128
100128
100127
100127
100127
100126
100125
100124
100123
100122
100120
100119
100117
100115
100113
100111
100039
100040
100042
100043
100045
100046
100048
100049
100051
100053
100054
100056
100057
100059
100061
100062
100064
100066
100068
100069
100071
100073
100075
100076
100078
100080
100082
100084
100085
100087
100089
100091
100093
100095
100097
100099
100101
100103
100105
100106
100108
100110
100112
100113
100115
100116
100117
100118
100119
100120
100121
100122
100122
100122
100122
100122
100122
100122
100121
100120
100119
100118
100117
100116
100115
100113
100112
100110
100108
100037
100038
100039
100041
100042
100044
100045
100046
100048
100049
100051
100052
100054
100055
100057
100058
100060
100061
100063
100065
100066
100068
100069
100071
100073
100074
100076
100078
100079
100081
100083
100085
100086
100088
100090
100092
100094
100095
100097
100099
100101
100102
100104
100106
100107
100109
100110
100111
100112
100114
100115
100115
100116
100117
100117
100117
100117
100117
100117
100117
100116
100116
100115
100114
100113
100112
100111
100109
100108
100107
100105
100035
100036
100037
100038
100040
100041
100042
100044
100045
100046
100048
100049
100050
100052
100053
100054
100056
100057
100059
100060
100062
100063
100065
100066
100068
100069
100071
100072
100074
100075
100077
100079
100080
100082
100084
100085
100087
100089
100090
100092
100094
100095
100097
100098
100100
100101
100103
100104
100105
100107
100108
100109
100110
100110
100111
100112
100112
100112
100113
100113
100112
100112
100112
100111
100111
100110
100109
100108
100107
100106
100105
100103
100102
100032
100034
100035
100036
100037
100038
100040
100041
100042
100043
100045
100046
100047
100048
100050
100051
100052
100053
100055
100056
100058
100059
100060
100062
100063
100064
100066
100067
100069
100070
100072
100073
100075
100076
100078
100079
100081
100082
100084
100085
100087
100088
100090
100091
100093
100094
100096
100097
100098
100100
100101
100102
100103
100104
100105
100106
100106
100107
100107
100108
100108
100108
100108
100108
100107
100107
100106
100106
100105
100104
100103
100102
100101
100100
100099
100031
100032
100033
100034
100035
100036
100037
100038
100039
100040
100042
100043
100044
100045
100046
100047
100049
100050
100051
100052
100054
100055
100056
100057
100059
100060
100061
100063
100064
100065
100066
100068
100069
100071
100072
100073
100075
100076
100078
100079
100081
100082
100083
100085
100086
100088
100089
100090
100092
100093
100094
100095
100096
100097
100098
100099
100100
100101
100102
100102
100103
100103
100103
100103
100103
100103
100103
100103
100102
100102
100101
100100
100100
100099
100098
100097
100096
100029
100030
100031
100032
100033
100034
100035
100036
100037
100038
100039
100040
100041
100042
100043
100044
100045
100046
100048
100049
100050
100051
100052
100053
100055
100056
100057
100058
100059
100061
100062
100063
100064
100066
100067
100068
100069
100071
100072
100073
100075
100076
100077
100079
100080
100081
100083
100084
100085
100086
100088
100089
100090
100091
100092
100093
100094
100095
100096
100096
100097
100098
100098
100099
100099
100099
100099
100099
100099
100099
100098
100098
100097
100097
100096
100095
100095
100094
100093
100027
100028
100029
100030
100031
100032
100033
100033
100034
100035
100036
100037
100038
100039
100040
100041
100042
100043
100044
100045
100046
100047
100049
100050
100051
100052
100053
100054
100055
100056
100057
100059
100060
100061
100062
100063
100064
100066
100067
100068
100069
100070
100072
100073
100074
100075
100077
100078
100079
100080
100081
100083
100084
100085
100086
100087
100088
100089
100090
100091
100091
100092
100093
100093
100094
100094
100094
100095
100095
100095
100095
100095
100094
100094
100094
100093
100093
100092
100092
100091
100090
100025
100026
100027
100028
100029
100030
100030
100031
100032
100033
100034
100035
100036
100037
100038
100039
100039
100040
100041
100042
100043
100044
100045
100046
100047
100048
100049
100050
100051
100052
100053
100054
100055
100056
100058
100059
100060
100061
100062
100063
100064
100065
100066
100068
100069
100070
100071
100072
100073
100074
100076
100077
100078
100079
100080
100081
100082
100083
100084
100085
100086
100086
100087
100088
100088
100089
100090
100090
100090
100091
100091
100091
100091
100091
100091
100090
100090
100090
100089
100089
100088
100088
100087
100024
100024
100025
100026
100027
100028
100028
100029
100030
100031
100032
100033
100033
100034
100035
100036
100037
100038
100038
100039
100040
100041
100042
100043
100044
100045
100046
100047
100048
100049
100049
100050
100051
100052
100053
100054
100055
100056
100057
100058
100060
100061
100062
100063
100064
100065
100066
100067
100068
100069
100070
100071
100072
100073
100074
100075
100076
100077
100078
100079
100080
100081
100082
100082
100083
100084
100084
100085
100085
100086
100086
100087
100087
100087
100087
100087
100087
100087
100087
100086
100086
100086
100085
100085
100084
100084
100022
100023
100024
100024
100025
100026
100027
100027
100028
100029
100030
100030
100031
100032
100033
100033
100034
100035
100036
100037
100037
100038
100039
100040
100041
100042
100042
100043
100044
100045
100046
100047
100048
100049
100050
100051
100051
100052
100053
100054
100055
100056
100057
100058
100059
100060
100061
100062
100063
100064
100065
100066
100067
100068
100069
100070
100071
100072
100073
100074
100075
100075
100076
100077
100078
100079
100079
100080
100080
100081
100082
100082
100082
100083
100083
100083
100083
100083
100083
100083
100083
100083
100083
100083
100082
100082
100082
100081
100021
100021
100022
100023
100023
100024
100025
100025
100026
100027
100028
100028
100029
100030
100030
100031
100032
100033
100033
100034
100035
100036
100036
100037
100038
100039
100039
100040
100041
100042
100043
100043
100044
100045
100046
100047
100048
100049
100049
100050
100051
100052
100053
100054
100055
100056
100057
100058
100058
100059
100060
100061
100062
100063
100064
100065
100066
100067
100068
100069
100069
100070
100071
100072
100073
100073
100074
100075
100076
100076
100077
100077
100078
100078
100079
100079
100079
100079
100080
100080
100080
100080
100080
100080
100080
100080
100079
100079
100079
100079
100019
100020
100020
100021
100022
100022
100023
100024
100024
100025
100026
100026
100027
100028
100028
100029
100030
100030
100031
100032
100032
100033
100034
100035
100035
100036
100037
100037
100038
100039
100040
100040
100041
100042
100043
100043
100044
100045
100046
100047
100047
100048
100049
100050
100051
100052
100053
100053
100054
100055
100056
100057
100058
100059
100059
100060
100061
100062
100063
100064
100065
100065
100066
100067
100068
100068
100069
100070
100071
100071
100072
100073
100073
100074
100074
100075
100075
100075
100076
100076
100076
100076
100076
100077
100077
100077
100077
100076
100076
100076
100076
100076
100018
100019
100019
100020
100020
100021
100022
100022
100023
100023
100024
100025
100025
100026
100026
100027
100028
100028
100029
100030
100030
100031
100031
100032
100033
100033
100034
100035
100035
100036
100037
100037
100038
100039
100040
100040
100041
100042
100043
100043
100044
100045
100046
100046
100047
100048
100049
100049
100050
100051
100052
100053
100053
100054
100055
100056
100057
100058
100058
100059
100060
100061
100061
100062
100063
100064
100064
100065
100066
100067
100067
100068
100068
100069
100070
100070
100071
100071
100071
100072
100072
100072
100073
100073
100073
100073
100073
100073
100073
100073
100073
100073
100073
100073
100073
100017
100017
100018
100018
100019
100019
100020
100021
100021
100022
100022
100023
100023
100024
100025
100025
100026
100026
100027
100027
100028
100029
100029
100030
100030
100031
100032
100032
100033
100034
100034
100035
100035
100036
100037
100037
100038
100039
100039
100040
100041
100042
100042
100043
100044
100044
100045
100046
100047
100047
100048
100049
100050
100050
100051
100052
100053
100053
100054
100055
100056
100056
100057
100058
100059
100059
100060
100061
100061
100062
100063
100063
100064
100065
100065
100066
100066
100067
100067
100068
100068
100069
100069
100069
100069
100070
100070
100070
100070
100070
100070
100070
100071
100071
100070
100070
100070
100016
100016
100017
100017
100018
100018
100019
100019
100020
100020
100021
100021
100022
100022
100023
100023
100024
100025
100025
100026
100026
100027
100027
100028
100028
100029
100029
100030
100031
100031
100032
100032
100033
100034
100034
100035
100035
100036
100037
100037
100038
100039
100039
100040
100041
100041
100042
100043
100043
100044
100045
100045
100046
100047
100047
100048
100049
100049
100050
100051
100052
100052
100053
100054
100054
100055
100056
100056
100057
100058
100058
100059
100060
100060
100061
100061
100062
100063
100063
100064
100064
100064
100065
100065
100066
100066
100066
100067
100067
100067
100067
100067
100067
100068
100068
100068
100068
100068
100068
100014
100015
100015
100016
100016
100017
100017
100018
100018
100019
100019
100020
100020
100021
100021
100022
100022
100023
100023
100024
100024
100025
100025
100026
100026
100027
100027
100028
100028
100029
100030
100030
100031
100031
100032
100032
100033
100033
100034
100035
100035
100036
100036
100037
100038
100038
100039
100039
100040
100041
100041
100042
100043
100043
100044
100045
100045
100046
100047
100047
100048
100049
100049
100050
100051
100051
100052
100052
100053
100054
100054
100055
100056
100056
100057
100057
100058
100058
100059
100060
100060
100061
100061
100061
100062
100062
100063
100063
100063
100063
100064
100064
100064
100064
100065
100065
100065
100065
100065
100065
100065
100013
100014
100014
100015
100015
100016
100016
100017
100017
100018
100018
100018
100019
100019
100020
100020
100021
100021
100022
100022
100023
100023
100024
100024
100025
100025
100025
100026
100026
100027
100027
100028
100028
100029
100029
100030
100031
100031
100032
100032
100033
100033
100034
100034
100035
100035
100036
100037
100037
100038
100038
100039
100039
100040
100041
100041
100042
100043
100043
100044
100044
100045
100046
100046
100047
100047
100048
100049
100049
100050
100051
100051
100052
100052
100053
100053
100054
100055
100055
100056
100056
100057
100057
100058
100058
100058
100059
100059
100060
100060
100060
100060
100061
100061
100061
100061
100062
100062
100062
100062
100062
100062
100062
100062
100012
100013
100013
100014
100014
100015
100015
100015
100016
100016
100017
100017
100018
100018
100018
100019
100019
100020
100020
100021
100021
100021
100022
100022
100023
100023
100024
100024
100025
100025
100026
100026
100026
100027
100027
100028
100028
100029
100029
100030
100030
100031
100031
100032
100032
100033
100033
100034
100034
100035
100036
100036
100037
100037
100038
100038
100039
100039
100040
100041
100041
100042
100042
100043
100043
100044
100045
100045
100046
100046
100047
100047
100048
100049
100049
100050
100050
100051
100051
100052
100052
100053
100053
100054
100054
100055
100055
100055
100056
100056
100057
100057
100057
100058
100058
100058
100058
100059
100059
100059
100059
100059
100059
100059
100059
100059
100060
100012
100012
100012
100013
100013
100014
100014
100014
100015
100015
100016
100016
100016
100017
100017
100018
100018
100018
100019
100019
100020
100020
100020
100021
100021
100022
100022
100022
100023
100023
100024
100024
100025
100025
100026
100026
100026
100027
100027
100028
100028
100029
100029
100030
100030
100031
100031
100032
100032
100033
100033
100034
100034
100035
100035
100036
100036
100037
100037
100038
100038
100039
100039
100040
100040
100041
100041
100042
100042
100043
100044
100044
100045
100045
100046
100046
100047
100047
100048
100048
100049
100049
100050
100050
100051
100051
100051
100052
100052
100053
100053
100053
100054
100054
100054
100055
100055
100055
100055
100056
100056
100056
100056
100056
100056
100057
100057
100057
100057
100011
100011
100011
100012
100012
100013
100013
100013
100014
100014
100014
100015
100015
100016
100016
100016
100017
100017
100017
100018
100018
100019
100019
100019
100020
100020
100021
100021
100021
100022
100022
100023
100023
100023
100024
100024
100025
100025
100025
100026
100026
100027
100027
100028
100028
100028
100029
100029
100030
100030
100031
100031
100032
100032
100033
100033
100033
100034
100034
100035
100035
100036
100036
100037
100037
100038
100038
100039
100039
100040
100040
100041
100041
100042
100042
100043
100043
100044
100044
100045
100045
100046
100046
100047
100047
100048
100048
100048
100049
100049
100050
100050
100050
100051
100051
100051
100052
100052
100052
100052
100053
100053
100053
100053
100053
100054
100054
100054
100054
100054
100054
100054
100010
100010
100011
100011
100011
100012
100012
100012
100013
100013
100013
100014
100014
100014
100015
100015
100016
100016
100016
100017
100017
100017
100018
100018
100018
100019
100019
100019
100020
100020
100021
100021
100021
100022
100022
100022
100023
100023
100024
100024
100024
100025
100025
100026
100026
100026
100027
100027
100028
100028
100028
100029
100029
100030
100030
100031
100031
100032
100032
100032
100033
100033
100034
100034
100035
100035
100036
100036
100037
100037
100037
100038
100038
100039
100039
100040
100040
100041
100041
100042
100042
100043
100043
100043
100044
100044
100045
100045
100046
100046
100046
100047
100047
100047
100048
100048
100048
100049
100049
100049
100049
100050
100050
100050
100050
100050
100051
100051
100051
100051
100051
100051
100051
100051
100051
100009
100010
100010
100010
100011
100011
100011
100012
100012
100012
100012
100013
100013
100013
100014
100014
100014
100015
100015
100015
100016
100016
100016
100017
100017
100017
100018
100018
100018
100019
100019
100019
100020
100020
100021
100021
100021
100022
100022
100022
100023
100023
100023
100024
100024
100025
100025
100025
100026
100026
100026
100027
100027
100028
100028
100028
100029
100029
100030
100030
100030
100031
100031
100032
100032
100033
100033
100033
100034
100034
100035
100035
100036
100036
100037
100037
100037
100038
100038
100039
100039
100040
100040
100040
100041
100041
100042
100042
100042
100043
100043
100043
100044
100044
100045
100045
100045
100045
100046
100046
100046
100047
100047
100047
100047
100047
100048
100048
100048
100048
100048
100048
100048
100048
100048
100048
100048
100048
100048
100009
100009
100009
100009
100010
100010
100010
100011
100011
100011
100012
100012
100012
100013
100013
100013
100013
100014
100014
100014
100015
100015
100015
100016
100016
100016
100017
100017
100017
100017
100018
100018
100018
100019
100019
100019
100020
100020
100020
100021
100021
100021
100022
100022
100022
100023
100023
100024
100024
100024
100025
100025
100025
100026
100026
100026
100027
100027
100028
100028
100028
100029
100029
100029
100030
100030
100031
100031
100031
100032
100032
100033
100033
100033
100034
100034
100035
100035
100035
100036
100036
100037
100037
100037
100038
100038
100039
100039
100039
100040
100040
100040
100041
100041
100041
100042
100042
100042
100043
100043
100043
100044
100044
100044
100044
100044
100045
100045
100045
100045
100045
100045
100045
100045
100045
100045
100045
100045
100046
100046
100046
100046
100008
100008
100008
100009
100009
100009
100010
100010
100010
100010
100011
100011
100011
100012
100012
100012
100012
100013
100013
100013
100014
100014
100014
100015
100015
100015
100015
100016
100016
100016
100017
100017
100017
100017
100018
100018
100018
100019
100019
100019
100020
100020
100020
100021
100021
100021
100022
100022
100022
100023
100023
100023
100024
100024
100024
100025
100025
100025
100026
100026
100026
100027
100027
100027
100028
100028
100028
100029
100029
100030
100030
100030
100031
100031
100031
100032
100032
100033
100033
100033
100034
100034
100034
100035
100035
100035
100036
100036
100037
100037
100037
100038
100038
100038
100039
100039
100039
100039
100040
100040
100040
100041
100041
100041
100041
100041
100042
100042
100042
100042
100042
100042
100042
100042
100043
100043
100043
100043
100043
100043
100043
100043
100043
100043
100043
100007
100008
100008
100008
100008
100009
100009
100009
100009
100010
100010
100010
100011
100011
100011
100011
100012
100012
100012
100012
100013
100013
100013
100013
100014
100014
100014
100015
100015
100015
100015
100016
100016
100016
100017
100017
100017
100017
100018
100018
100018
100019
100019
100019
100019
100020
100020
100020
100021
100021
100021
100022
100022
100022
100022
100023
100023
100023
100024
100024
100024
100025
100025
100025
100026
100026
100026
100027
100027
100027
100028
100028
100028
100029
100029
100029
100030
100030
100031
100031
100031
100032
100032
100032
100033
100033
100033
100034
100034
100034
100035
100035
100035
100036
100036
100036
100036
100037
100037
100037
100038
100038
100038
100038
100038
100039
100039
100039
100039
100039
100039
100039
100040
100040
100040
100040
100040
100040
100040
100040
100040
100040
100040
100040
100040
100040
100040
100040
100040
100007
100007
100007
100008
100008
100008
100008
100009
100009
100009
100009
100010
100010
100010
100010
100011
100011
100011
100011
100012
100012
100012
100012
100013
100013
100013
100013
100014
100014
100014
100014
100015
100015
100015
100015
100016
100016
100016
100016
100017
100017
100017
100018
100018
100018
100018
100019
100019
100019
100019
100020
100020
100020
100021
100021
100021
100021
100022
100022
100022
100023
100023
100023
100024
100024
100024
100025
100025
100025
100025
100026
100026
100026
100027
100027
100027
100028
100028
100028
100029
100029
100029
100030
100030
100030
100031
100031
100031
100031
100032
100032
100032
100033
100033
100033
100034
100034
100034
100034
100035
100035
100035
100035
100036
100036
100036
100036
100036
100036
100037
100037
100037
100037
100037
100037
100037
100037
100037
100037
100037
100037
100037
100038
100038
100038
100038
100038
100038
100038
100038
100038
100037
100006
100006
100007
100007
100007
100007
100008
100008
100008
100008
100009
100009
100009
100009
100010
100010
100010
100010
100010
100011
100011
100011
100011
100012
100012
100012
100012
100013
100013
100013
100013
100014
100014
100014
100014
100015
100015
100015
100015
100016
100016
100016
100016
100017
100017
100017
100017
100018
100018
100018
100018
100019
100019
100019
100019
100020
100020
100020
100020
100021
100021
100021
100022
100022
100022
100022
100023
100023
100023
100024
100024
100024
100024
100025
100025
100025
100026
100026
100026
100027
100027
100027
100027
100028
100028
100028
100029
100029
100029
100029
100030
100030
100030
100031
100031
100031
100031
100032
100032
100032
100032
100033
100033
100033
100033
100033
100034
100034
100034
100034
100034
100034
100034
100034
100035
100035
100035
100035
100035
100035
100035
100035
100035
100035
100035
100035
100035
100035
100035
100035
100035
100035
100035
100035
100035
100006
100006
100006
100006
100007
100007
100007
100007
100008
100008
100008
100008
100008
100009
100009
100009
100009
100010
100010
100010
100010
100010
100011
100011
100011
100011
100011
100012
100012
100012
100012
100013
100013
100013
100013
100014
100014
100014
100014
100014
100015
100015
100015
100015
100016
100016
100016
100016
100017
100017
100017
100017
100018
100018
100018
100018
100019
100019
100019
100019
100020
100020
100020
100020
100021
100021
100021
100021
100022
100022
100022
100022
100023
100023
100023
100023
100024
100024
100024
100025
100025
100025
100025
100026
100026
100026
100026
100027
100027
100027
100027
100028
100028
100028
100029
100029
100029
100029
100029
100030
100030
100030
100030
100031
100031
100031
100031
100031
100031
100032
100032
100032
100032
100032
100032
100032
100032
100032
100032
100032
100032
100033
100033
100033
100033
100033
100033
100033
100033
100033
100033
100033
100033
100033
100033
100033
100033
100033
100033
100005
100006
100006
100006
100006
100006
100007
100007
100007
100007
100007
100008
100008
100008
100008
100008
100009
100009
100009
100009
100009
100010
100010
100010
100010
100010
100011
100011
100011
100011
100012
100012
100012
100012
100012
100013
100013
100013
100013
100013
100014
100014
100014
100014
100015
100015
100015
100015
100015
100016
100016
100016
100016
100017
100017
100017
100017
100017
100018
100018
100018
100018
100019
100019
100019
100019
100020
100020
100020
100020
100021
100021
100021
100021
100022
100022
100022
100022
100023
100023
100023
100023
100023
100024
100024
100024
100024
100025
100025
100025
100025
100026
100026
100026
100026
100027
100027
100027
100027
100027
100028
100028
100028
100028
100028
100029
100029
100029
100029
100029
100029
100029
100030
100030
100030
100030
100030
100030
100030
100030
100030
100030
100030
100030
100030
100030
100030
100030
100030
100030
100030
100030
100030
100030
100030
100030
100030
100030
100030
100030
100030
100030
100005
100005
100005
100006
100006
100006
100006
100006
100006
100007
100007
100007
100007
100007
100008
100008
100008
100008
100008
100009
100009
100009
100009
100009
100010
100010
100010
100010
100010
100011
100011
100011
100011
100011
100011
100012
100012
100012
100012
100012
100013
100013
100013
100013
100013
100014
100014
100014
100014
100014
100015
100015
100015
100015
100016
100016
100016
100016
100016
100017
100017
100017
100017
100017
100018
100018
100018
100018
100019
100019
100019
100019
100019
100020
100020
100020
100020
100021
100021
100021
100021
100022
100022
100022
100022
100022
100023
100023
100023
100023
100024
100024
100024
100024
100024
100025
100025
100025
100025
100025
100026
100026
100026
100026
100026
100026
100027
100027
100027
100027
100027
100027
100027
100027
100028
100028
100028
100028
100028
100028
100028
100028
100028
100028
100028
100028
100028
100028
100028
100028
100028
100028
100028
100028
100028
100028
100028
100028
100028
100028
100028
100028
100028
100028
100028
100028
100005
100005
100005
100005
100005
100005
100006
100006
100006
100006
100006
100007
100007
100007
100007
100007
100007
100008
100008
100008
100008
100008
100009
100009
100009
100009
100009
100009
100010
100010
100010
100010
100010
100010
100011
100011
100011
100011
100011
100012
100012
100012
100012
100012
100013
100013
100013
100013
100013
100013
100014
100014
100014
100014
100014
100015
100015
100015
100015
100015
100016
100016
100016
100016
100016
100017
100017
100017
100017
100017
100018
100018
100018
100018
100018
100019
100019
100019
100019
100019
100020
100020
100020
100020
100021
100021
100021
100021
100021
100022
100022
100022
100022
100022
100023
100023
100023
100023
100023
100023
100024
100024
100024
100024
100024
100024
100025
100025
100025
100025
100025
100025
100025
100025
100025
100026
100026
100026
100026
100026
100026
100026
100026
100026
100026
100026
100026
100026
100026
100026
100026
100026
100026
100026
100026
100026
100026
100026
100026
100026
100026
100026
100026
100026
100026
100026
100026
100026
100026
100004
100004
100005
100005
100005
100005
100005
100005
100006
100006
100006
100006
100006
100006
100007
100007
100007
100007
100007
100007
100008
100008
100008
100008
100008
100008
100009
100009
100009
100009
100009
100009
100010
100010
100010
100010
100010
100010
100011
100011
100011
100011
100011
100011
100012
100012
100012
100012
100012
100012
100013
100013
100013
100013
100013
100014
100014
100014
100014
100014
100014
100015
100015
100015
100015
100015
100016
100016
100016
100016
100016
100017
100017
100017
100017
100017
100017
100018
100018
100018
100018
100018
100019
100019
100019
100019
100019
100020
100020
100020
100020
100020
100020
100021
100021
100021
100021
100021
100021
100022
100022
100022
100022
100022
100022
100023
100023
100023
100023
100023
100023
100023
100023
100023
100024
100024
100024
100024
100024
100024
100024
100024
100024
100024
100024
100024
100024
100024
100024
100024
100024
100024
100024
100024
100024
100024
100024
100024
100024
100024
100024
100024
100024
100024
100024
100024
100024
100024
100024
100024
100024
100024
100004
100004
100004
100004
100005
100005
100005
100005
100005
100005
100005
100006
100006
100006
100006
100006
100006
100007
100007
100007
100007
100007
100007
100007
100008
100008
100008
100008
100008
100008
100009
100009
100009
100009
100009
100009
100010
100010
100010
100010
100010
100010
100010
100011
100011
100011
100011
100011
100011
100012
100012
100012
100012
100012
100012
100013
100013
100013
100013
100013
100013
100014
100014
100014
100014
100014
100014
100015
100015
100015
100015
100015
100015
100016
100016
100016
100016
100016
100016
100017
100017
100017
100017
100017
100018
100018
100018
100018
100018
100018
100019
100019
100019
100019
100019
100019
100020
100020
100020
100020
100020
100020
100020
100021
100021
100021
100021
100021
100021
100021
100021
100021
100022
100022
100022
100022
100022
100022
100022
100022
100022
100022
100022
100022
100022
100022
100022
100022
100022
100022
100022
100022
100022
100022
100022
100022
100022
100022
100022
100022
100022
100022
100022
100022
100022
100022
100022
100022
100022
100022
100022
100022
100022
100022
100022
100004
100004
100004
100004
100004
100004
100004
100005
100005
100005
100005
100005
100005
100005
100006
100006
100006
100006
100006
100006
100007
100007
100007
100007
100007
100007
100007
100008
100008
100008
100008
100008
100008
100008
100009
100009
100009
100009
100009
100009
100009
100010
100010
100010
100010
100010
100010
100010
100011
100011
100011
100011
100011
100011
100011
100012
100012
100012
100012
100012
100012
100013
100013
100013
100013
100013
100013
100014
100014
100014
100014
100014
100014
100014
100015
100015
100015
100015
100015
100015
100016
100016
100016
100016
100016
100016
100016
100017
100017
100017
100017
100017
100017
100018
100018
100018
100018
100018
100018
100018
100019
100019
100019
100019
100019
100019
100019
100019
100019
100020
100020
100020
100020
100020
100020
100020
100020
100020
100020
100020
100020
100020
100020
100020
100020
100021
100021
100021
100021
100021
100021
100021
100021
100021
100021
100021
100021
100021
100021
100021
100021
100021
100021
100021
100021
100021
100021
100021
100021
100021
100021
100021
100021
100021
100021
100021
100021
100021
100003
100003
100004
100004
100004
100004
100004
100004
100004
100005
100005
100005
100005
100005
100005
100005
100005
100006
100006
100006
100006
100006
100006
100006
100007
100007
100007
100007
100007
100007
100007
100008
100008
100008
100008
100008
100008
100008
100008
100009
100009
100009
100009
100009
100009
100009
100010
100010
100010
100010
100010
100010
100010
100011
100011
100011
100011
100011
100011
100011
100011
100012
100012
100012
100012
100012
100012
100012
100013
100013
100013
100013
100013
100013
100013
100014
100014
100014
100014
100014
100014
100014
100015
100015
100015
100015
100015
100015
100015
100016
100016
100016
100016
100016
100016
100016
100017
100017
100017
100017
100017
100017
100017
100017
100017
100018
100018
100018
100018
100018
100018
100018
100018
100018
100018
100018
100018
100019
100019
100019
100019
100019
100019
100019
100019
100019
100019
100019
100019
100019
100019
100019
100019
100019
100019
100019
100019
100019
100019
100019
100019
100019
100019
100019
100019
100019
100019
100019
100019
100019
100019
100019
100019
100019
100019
100019
100019
100019
100019
100019
100019
100003
100003
100003
100003
100004
100004
100004
100004
100004
100004
100004
100004
100005
100005
100005
100005
100005
100005
100005
100005
100006
100006
100006
100006
100006
100006
100006
100006
100007
100007
100007
100007
100007
100007
100007
100007
100008
100008
100008
100008
100008
100008
100008
100008
100009
100009
100009
100009
100009
100009
100009
100009
100010
100010
100010
100010
100010
100010
100010
100010
100011
100011
100011
100011
100011
100011
100011
100012
100012
100012
100012
100012
100012
100012
100012
100013
100013
100013
100013
100013
100013
100013
100013
100014
100014
100014
100014
100014
100014
100014
100014
100015
100015
100015
100015
100015
100015
100015
100015
100016
100016
100016
100016
100016
100016
100016
100016
100016
100016
100016
100017
100017
100017
100017
100017
100017
100017
100017
100017
100017
100017
100017
100017
100017
100017
100017
100017
100017
100017
100017
100017
100017
100018
100018
100018
100018
100018
100018
100018
100018
100018
100018
100018
100018
100018
100018
100018
100018
100018
100018
100018
100018
100018
100018
100017
100017
100017
100017
100017
100017
100017
100017
100017
100017
100003
100003
100003
100003
100003
100003
100004
100004
100004
100004
100004
100004
100004
100004
100004
100005
100005
100005
100005
100005
100005
100005
100005
100006
100006
100006
100006
100006
100006
100006
100006
100006
100007
100007
100007
100007
100007
100007
100007
100007
100007
100008
100008
100008
100008
100008
100008
100008
100008
100009
100009
100009
100009
100009
100009
100009
100009
100009
100010
100010
100010
100010
100010
100010
100010
100010
100011
100011
100011
100011
100011
100011
100011
100011
100011
100012
100012
100012
100012
100012
100012
100012
100012
100013
100013
100013
100013
100013
100013
100013
100013
100013
100014
100014
100014
100014
100014
100014
100014
100014
100014
100014
100015
100015
100015
100015
100015
100015
100015
100015
100015
100015
100015
100015
100015
100015
100016
100016
100016
100016
100016
100016
100016
100016
100016
100016
100016
100016
100016
100016
100016
100016
100016
100016
100016
100016
100016
100016
100016
100016
100016
100016
100016
100016
100016
100016
100016
100016
100016
100016
100016
100016
100016
100016
100016
100016
100016
100016
100016
100016
100016
100016
100016
100016
100016
100016
100003
100003
100003
100003
100003
100003
100003
100003
100004
100004
100004
100004
100004
100004
100004
100004
100004
100004
100005
100005
100005
100005
100005
100005
100005
100005
100005
100006
100006
100006
100006
100006
100006
100006
100006
100006
100006
100007
100007
100007
100007
100007
100007
100007
100007
100007
100008
100008
100008
100008
100008
100008
100008
100008
100008
100009
100009
100009
100009
100009
100009
100009
100009
100009
100009
100010
100010
100010
100010
100010
100010
100010
100010
100010
100011
100011
100011
100011
100011
100011
100011
100011
100011
100012
100012
100012
100012
100012
100012
100012
100012
100012
100012
100013
100013
100013
100013
100013
100013
100013
100013
100013
100013
100013
100013
100014
100014
100014
100014
100014
100014
100014
100014
100014
100014
100014
100014
100014
100014
100014
100014
100014
100014
100014
100014
100015
100015
100015
100015
100015
100015
100015
100015
100015
100015
100015
100015
100015
100015
100015
100015
100015
100015
100015
100015
100015
100015
100015
100015
100015
100015
100015
100015
100015
100015
100015
100015
100015
100015
100015
100015
100015
100015
100015
100015
100015
100015
100014
100002
100003
100003
100003
100003
100003
100003
100003
100003
100003
100003
100004
100004
100004
100004
100004
100004
100004
100004
100004
100004
100005
100005
100005
100005
100005
100005
100005
100005
100005
100005
100006
100006
100006
100006
100006
100006
100006
100006
100006
100006
100006
100007
100007
100007
100007
100007
100007
100007
100007
100007
100007
100008
100008
100008
100008
100008
100008
100008
100008
100008
100008
100009
100009
100009
100009
100009
100009
100009
100009
100009
100009
100010
100010
100010
100010
100010
100010
100010
100010
100010
100010
100010
100011
100011
100011
100011
100011
100011
100011
100011
100011
100011
100011
100012
100012
100012
100012
100012
100012
100012
100012
100012
100012
100012
100012
100012
100013
100013
100013
100013
100013
100013
100013
100013
100013
100013
100013
100013
100013
100013
100013
100013
100013
100013
100013
100013
100013
100013
100013
100013
100013
100013
100013
100013
100013
100013
100013
100013
100014
100014
100014
100014
100014
100014
100014
100014
100014
100014
100014
100014
100014
100014
100013
100013
100013
100013
100013
100013
100013
100013
100013
100013
100013
100013
100013
100013
100013
100013
100013
100013
100002
100002
100002
100003
100003
100003
100003
100003
100003
100003
100003
100003
100003
100003
100004
100004
100004
100004
100004
100004
100004
100004
100004
100004
100004
100005
100005
100005
100005
100005
100005
100005
100005
100005
100005
100005
100006
100006
100006
100006
100006
100006
100006
100006
100006
100006
100006
100007
100007
100007
100007
100007
100007
100007
100007
100007
100007
100007
100008
100008
100008
100008
100008
100008
100008
100008
100008
100008
100008
100008
100009
100009
100009
100009
100009
100009
100009
100009
100009
100009
100009
100009
100010
100010
100010
100010
100010
100010
100010
100010
100010
100010
100010
100010
100011
100011
100011
100011
100011
100011
100011
100011
100011
100011
100011
100011
100011
100011
100011
100011
100012
100012
100012
100012
100012
100012
100012
100012
100012
100012
100012
100012
100012
100012
100012
100012
100012
100012
100012
100012
100012
100012
100012
100012
100012
100012
100012
100012
100012
100012
100012
100012
100012
100012
100012
100012
100012
100012
100012
100012
100012
100012
100012
100012
100012
100012
100012
100012
100012
100012
100012
100012
100012
100012
100012
100012
100012
100012
100012
100012
100012
100012
100012
100002
100002
100002
100002
100002
100003
100003
100003
100003
100003
100003
100003
100003
100003
100003
100003
100003
100004
100004
100004
100004
100004
100004
100004
100004
100004
100004
100004
100004
100005
100005
100005
100005
100005
100005
100005
100005
100005
100005
100005
100005
100006
100006
100006
100006
100006
100006
100006
100006
100006
100006
100006
100006
100007
100007
100007
100007
100007
100007
100007
100007
100007
100007
100007
100007
100007
100008
100008
100008
100008
100008
100008
100008
100008
100008
100008
100008
100008
100008
100009
100009
100009
100009
100009
100009
100009
100009
100009
100009
100009
100009
100009
100009
100010
100010
100010
100010
100010
100010
100010
100010
100010
100010
100010
100010
100010
100010
100010
100010
100010
100011
100011
100011
100011
100011
100011
100011
100011
100011
100011
100011
100011
100011
100011
100011
100011
100011
100011
100011
100011
100011
100011
100011
100011
100011
100011
100011
100011
100011
100011
100011
100011
100011
100011
100011
100011
100011
100011
100011
100011
100011
100011
100011
100011
100011
100011
100011
100011
100011
100011
100011
100011
100011
100011
100011
100011
100011
100011
100011
100011
100011
100011
100011
100011
100011
100002
100002
100002
100002
100002
100002
100002
100002
100003
100003
100003
100003
100003
100003
100003
100003
100003
100003
100003
100003
100004
100004
100004
100004
100004
100004
100004
100004
100004
100004
100004
100004
100004
100005
100005
100005
100005
100005
100005
100005
100005
100005
100005
100005
100005
100005
100005
100006
100006
100006
100006
100006
100006
100006
100006
100006
100006
100006
100006
100006
100006
100007
100007
100007
100007
100007
100007
100007
100007
100007
100007
100007
100007
100007
100007
100008
100008
100008
100008
100008
100008
100008
100008
100008
100008
100008
100008
100008
100008
100008
100008
100009
100009
100009
100009
100009
100009
100009
100009
100009
100009
100009
100009
100009
100009
100009
100009
100009
100009
100009
100009
100010
100010
100010
100010
100010
100010
100010
100010
100010
100010
100010
100010
100010
100010
100010
100010
100010
100010
100010
100010
100010
100010
100010
100010
100010
100010
100010
100010
100010
100010
100010
100010
100010
100010
100010
100010
100010
100010
100010
100010
100010
100010
100010
100010
100010
100010
100010
100010
100010
100010
100010
100010
100010
100010
100010
100010
100010
100010
100009
100009
100009
100009
100009
100009
100009
100009
100002
100002
100002
100002
100002
100002
100002
100002
100002
100002
100003
100003
100003
100003
100003
100003
100003
100003
100003
100003
100003
100003
100003
100003
100004
100004
100004
100004
100004
100004
100004
100004
100004
100004
100004
100004
100004
100004
100004
100005
100005
100005
100005
100005
100005
100005
100005
100005
100005
100005
100005
100005
100005
100005
100006
100006
100006
100006
100006
100006
100006
100006
100006
100006
100006
100006
100006
100006
100006
100006
100007
100007
100007
100007
100007
100007
100007
100007
100007
100007
100007
100007
100007
100007
100007
100007
100008
100008
100008
100008
100008
100008
100008
100008
100008
100008
100008
100008
100008
100008
100008
100008
100008
100008
100008
100008
100009
100009
100009
100009
100009
100009
100009
100009
100009
100009
100009
100009
100009
100009
100009
100009
100009
100009
100009
100009
100009
100009
100009
100009
100009
100009
100009
100009
100009
100009
100009
100009
100009
100009
100009
100009
100009
100009
100009
100009
100009
100009
100009
100009
100009
100009
100009
100009
100009
100009
100009
100009
100009
100009
100009
100009
100009
100009
100009
100009
100009
100009
100009
100009
100009
100009
100009
100009
100009
100009
100009
100009
100002
100002
100002
100002
100002
100002
100002
100002
100002
100002
100002
100002
100002
100003
100003
100003
100003
100003
100003
100003
100003
100003
100003
100003
100003
100003
100003
100003
100004
100004
100004
100004
100004
100004
100004
100004
100004
100004
100004
100004
100004
100004
100004
100004
100004
100005
100005
100005
100005
100005
100005
100005
100005
100005
100005
100005
100005
100005
100005
100005
100005
100005
100006
100006
100006
100006
100006
100006
100006
100006
100006
100006
100006
100006
100006
100006
100006
100006
100006
100006
100006
100007
100007
100007
100007
100007
100007
100007
100007
100007
100007
100007
100007
100007
100007
100007
100007
100007
100007
100007
100007
100007
100007
100007
100007
100007
100007
100008
100008
100008
100008
100008
100008
100008
100008
100008
100008
100008
100008
100008
100008
100008
100008
100008
100008
100008
100008
100008
100008
100008
100008
100008
100008
100008
100008
100008
100008
100008
100008
100008
100008
100007
100007
100007
100007
100007
100007
100007
100007
100007
100007
100007
100007
100007
100007
100007
100007
100007
100007
100007
100007
100007
100007
100007
100007
100007
100007
100007
100007
100007
100007
100007
100007
100007
100007
100007
100007
100007
100007
100007
100002
100002
100002
100002
100002
100002
100002
100002
100002
100002
100002
100002
100002
100002
100002
100002
100003
100003
100003
100003
100003
100003
100003
100003
100003
100003
100003
100003
100003
100003
100003
100003
100003
100004
100004
100004
100004
100004
100004
100004
100004
100004
100004
100004
100004
100004
100004
100004
100004
100004
100004
100004
100005
100005
100005
100005
100005
100005
100005
100005
100005
100005
100005
100005
100005
100005
100005
100005
100005
100005
100005
100005
100006
100006
100006
100006
100006
100006
100006
100006
100006
100006
100006
100006
100006
100006
100006
100006
100006
100006
100006
100006
100006
100007
100007
100007
100007
100007
100007
100007
100007
100007
100007
100007
100007
100007
100007
100007
100007
100007
100007
100007
100007
100007
100007
100007
100007
100007
100008
100008
100008
100008
100008
100008
100008
100008
100008
100008
100008
100008
100008
100008
100008
100008
100008
100008
100008
100008
100008
100008
100008
100008
100008
100008
100008
100008
100008
100008
100008
100008
100008
100008
100008
100008
100008
100008
100008
100008
100008
100008
100008
100008
100008
100008
100008
100008
100008
100008
100008
100008
100008
100008
100008
100008
100008
100008
100008
100008
100008
100008
100008
100008
100001
100002
100002
100002
100002
100002
100002
100002
100002
100002
100002
100002
100002
100002
100002
100002
100002
100002
100002
100003
100003
100003
100003
100003
100003
100003
100003
100003
100003
100003
100003
100003
100003
100003
100003
100003
100003
100003
100003
100004
100004
100004
100004
100004
100004
100004
100004
100004
100004
100004
100004
100004
100004
100004
100004
100004
100004
100004
100004
100004
100004
100004
100005
100005
100005
100005
100005
100005
100005
100005
100005
100005
100005
100005
100005
100005
100005
100005
100005
100005
100005
100005
100005
100005
100005
100005
100005
100005
100005
100005
100005
100005
100005
100005
100005
100005
100005
100005
100005
100005
100005
100005
100005
100005
100005
100005
100005
100005
100005
100005
100005
100005
100005
100005
100005
100005
100005
100005
100005
100005
100005
100005
100005
100005
100005
100005
100005
100005
100005
100005
100005
100005
100005
100005
100005
100005
100005
100005
100004
100004
100004
100004
100004
100004
100004
100004
100004
100004
100004
100004
100004
100004
100004
100004
100004
100004
100004
100004
100004
100004
100004
100004
100004
100004
100004
100004
100004
100004
100004
100004
100004
100004
100004
100004
100004
100004
100004
100004
100004
100004
100004
100004
100004
100001
100001
100001
100002
100002
100002
100002
100002
100002
100002
100002
100002
100002
100002
100002
100002
100002
100002
100002
100002
100002
100002
100002
100003
100003
100003
100003
100003
100003
100003
100003
100003
100003
100003
100003
100003
100003
100003
100003
100003
100003
100003
100003
100004
100004
100004
100004
100004
100004
100004
100004
100004
100004
100004
100004
100004
100004
100004
100004
100004
100004
100004
100004
100005
100005
100005
100005
100005
100005
100005
100005
100005
100005
100005
100005
100005
100005
100005
100005
100005
100005
100005
100006
100006
100006
100006
100006
100006
100006
100006
100006
100006
100006
100006
100006
100006
100006
100006
100006
100006
100006
100007
100007
100007
100007
100007
100007
100007
100007
100007
100007
100007
100007
100007
100007
100007
100007
100007
100007
100008
100008
100008
100008
100008
100008
100008
100008
100008
100008
100008
100008
100008
100008
100008
100008
100008
100008
100008
100008
100008
100008
100008
100008
100009
100009
100009
100009
100009
100009
100009
100009
100009
100009
100009
100009
100009
100009
100009
100009
100009
100009
100009
100009
100009
100009
100008
100008
100008
100008
100008
100008
100008
100008
100008
100008
100008
100008
100008
100008
100008
100008
100007
100007
100007
100001
100001
100001
100001
100002
100002
100002
100002
100002
100002
100002
100002
100002
100002
100002
100002
100002
100002
100002
100002
100002
100002
100002
100002
100002
100002
100002
100002
100002
100002
100002
100002
100002
100002
100002
100002
100002
100002
100002
100002
100002
100002
100003
100003
100003
100003
100003
100003
100003
100003
100003
100003
100003
100003
100003
100003
100003
100003
100003
100003
100003
100003
100003
100003
100003
100003
100003
100003
100003
100003
100003
100003
100003
100003
100003
100003
100003
100003
100003
100003
100003
100003
100003
100003
100002
100002
100002
100002
100002
100002
100002
100002
100002
100002
100002
100002
100002
100002
100002
100002
100002
100002
100002
100002
100002
100002
100002
100002
100001
100001
100001
100001
100001
100001
100001
100001
100001
100001
100001
100001
100001
100001
100000
100000
100000
100000
100000
100000
100000
99999.9
99999.8
99999.7
99999.6
99999.6
99999.5
99999.4
99999.3
99999.2
99999.2
99999.1
99999
99999
99998.9
99998.8
99998.8
99998.7
99998.7
99998.6
99998.5
99998.5
99998.4
99998.4
99998.4
99998.3
99998.3
99998.3
99998.2
99998.2
99998.2
99998.2
99998.2
99998.2
99998.2
99998.2
99998.2
99998.2
99998.2
99998.2
99998.2
99998.3
99998.3
99998.3
99998.4
99998.4
99998.5
99998.6
99998.7
99998.7
99998.8
99998.9
99999
99999.1
99999.2
99999.3
99999.4
99999.5
100001
100001
100001
100001
100002
100002
100002
100002
100002
100002
100002
100002
100002
100002
100002
100002
100002
100002
100003
100003
100003
100003
100003
100003
100003
100003
100003
100003
100003
100003
100003
100003
100004
100004
100004
100004
100004
100004
100004
100004
100004
100004
100004
100004
100005
100005
100005
100005
100005
100005
100005
100005
100005
100005
100005
100006
100006
100006
100006
100006
100006
100006
100006
100006
100006
100007
100007
100007
100007
100007
100007
100007
100007
100007
100007
100008
100008
100008
100008
100008
100008
100008
100008
100008
100008
100008
100009
100009
100009
100009
100009
100009
100009
100009
100009
100010
100010
100010
100010
100010
100010
100010
100010
100010
100011
100011
100011
100011
100011
100011
100011
100011
100011
100012
100012
100012
100012
100012
100012
100012
100012
100012
100012
100013
100013
100013
100013
100013
100013
100013
100013
100013
100013
100013
100014
100014
100014
100014
100014
100014
100014
100014
100014
100014
100014
100014
100014
100014
100014
100014
100014
100014
100014
100014
100014
100014
100014
100014
100014
100014
100014
100013
100013
100013
100013
100013
100013
100013
100013
100012
100012
100012
100012
100012
100011
100011
100011
100011
100010
100010
100010
100009
100009
100009
100009
100008
100008
100000
100000
100000
100000
100000
100000
100000
100000
100000
100000
99999.9
99999.9
99999.9
99999.8
99999.8
99999.7
99999.7
99999.6
99999.6
99999.5
99999.4
99999.4
99999.3
99999.2
99999.2
99999.1
99999
99998.9
99998.8
99998.7
99998.6
99998.5
99998.4
99998.3
99998.1
99998
99997.9
99997.8
99997.7
99997.6
99997.5
99997.4
99997.3
99997.2
99997.1
99997
99996.9
99996.8
99996.7
99996.6
99996.5
99996.3
99996.2
99996.1
99996
99995.9
99995.7
99995.6
99995.5
99995.4
99995.3
99995.2
99995
99994.9
99994.8
99994.7
99994.6
99994.5
99994.3
99994.2
99994.1
99994
99993.9
99993.8
99993.6
99993.5
99993.4
99993.3
99993.1
99993
99992.9
99992.8
99992.6
99992.5
99992.4
99992.3
99992.1
99992
99991.9
99991.8
99991.6
99991.5
99991.4
99991.2
99991.1
99991
99990.8
99990.7
99990.5
99990.4
99990.2
99990.1
99989.9
99989.8
99989.6
99989.5
99989.3
99989.1
99989
99988.8
99988.7
99988.5
99988.3
99988.2
99988
99987.9
99987.7
99987.5
99987.4
99987.2
99987.1
99986.9
99986.8
99986.6
99986.5
99986.3
99986.2
99986.1
99985.9
99985.8
99985.7
99985.6
99985.4
99985.3
99985.2
99985.1
99985
99985
99984.9
99984.8
99984.7
99984.7
99984.6
99984.6
99984.5
99984.5
99984.5
99984.5
99984.5
99984.5
99984.5
99984.5
99984.6
99984.6
99984.7
99984.8
99984.9
99985
99985.1
99985.2
99985.3
99985.5
99985.6
99985.8
99986
99986.2
99986.4
99986.6
99986.9
99987.1
99987.4
99987.7
99988
99988.4
99988.7
99989
99989.4
99989.8
99990.1
99990.5
99990.8
99991.2
99991.6
99991.9
99992.3
99992.7
99993.1
99993.5
100006
100006
100006
100007
100007
100007
100007
100008
100008
100008
100008
100009
100009
100009
100009
100010
100010
100010
100010
100011
100011
100011
100012
100012
100012
100012
100013
100013
100013
100014
100014
100014
100015
100015
100015
100016
100016
100016
100017
100017
100017
100018
100018
100018
100018
100019
100019
100019
100020
100020
100020
100021
100021
100021
100021
100022
100022
100022
100023
100023
100023
100023
100024
100024
100024
100024
100025
100025
100025
100025
100026
100026
100026
100026
100027
100027
100027
100027
100028
100028
100028
100028
100029
100029
100029
100029
100029
100030
100030
100030
100030
100031
100031
100031
100031
100031
100032
100032
100032
100032
100032
100032
100033
100033
100033
100033
100033
100034
100034
100034
100034
100034
100034
100035
100035
100035
100035
100035
100035
100035
100036
100036
100036
100036
100036
100036
100036
100036
100036
100036
100036
100036
100036
100036
100036
100036
100036
100036
100036
100036
100036
100036
100036
100036
100036
100036
100035
100035
100035
100035
100035
100034
100034
100034
100033
100033
100033
100032
100032
100032
100031
100031
100030
100030
100029
100029
100028
100028
100027
100026
100026
100025
100024
100024
100023
100022
100021
100020
100019
100019
100018
100017
100016
100015
100014
100013
100012
100011
100010
)
;

boundaryField
{
    down
    {
        type            fixedValue;
        value           nonuniform List<scalar> 0();
    }
    right
    {
        type            fixedValue;
        value           nonuniform List<scalar> 0();
    }
    up
    {
        type            fixedValue;
        value           nonuniform List<scalar> 0();
    }
    meanFlow
    {
        type            fixedValue;
        value           uniform 100000;
    }
    coandaUpper
    {
        type            zeroGradient;
    }
    coandaLower
    {
        type            zeroGradient;
    }
    surface
    {
        type            zeroGradient;
    }
    defaultFaces
    {
        type            empty;
    }
    procBoundary3to0
    {
        type            processor;
        value           nonuniform List<scalar> 
100
(
100018
100026
100034
100041
100047
100054
100060
100065
100070
100075
100079
100083
100087
100090
100092
100095
100096
100098
100099
100100
100100
100100
100100
100099
100098
100097
100095
100094
100092
100090
100087
100085
100082
100080
100077
100074
100071
100068
100065
100063
100060
100057
100054
100052
100049
100047
100044
100042
100039
100037
100035
100033
100031
100029
100028
100026
100024
100023
100021
100020
100018
100017
100016
100015
100014
100013
100012
100011
100010
100010
100009
100008
100008
100007
100006
100006
100006
100005
100005
100004
100004
100004
100003
100003
100003
100003
100003
100002
100002
100002
100002
100002
100002
100001
100001
100001
100001
100001
100000
100006
)
;
    }
    procBoundary3to4
    {
        type            processor;
        value           nonuniform List<scalar> 
253
(
100135
100135
100136
100136
100137
100137
100138
100138
100134
100135
100136
100136
100137
100137
100134
100135
100136
100137
100139
100139
100135
100137
100138
100138
100135
100137
100137
100135
100136
100136
100134
100136
100136
100134
100136
100136
100135
100137
100137
100136
100136
100134
100134
100133
100133
100132
100132
100131
100134
100134
100130
100129
100129
100128
100128
100127
100127
100127
100127
100126
100126
100126
100126
100122
100122
100122
100121
100121
100118
100118
100118
100117
100117
100114
100114
100114
100111
100111
100111
100110
100110
100108
100106
100106
100105
100103
100103
100102
100101
100101
100099
100098
100098
100096
100095
100095
100094
100092
100092
100091
100089
100089
100089
100087
100087
100086
100085
100083
100083
100083
100081
100081
100080
100078
100078
100078
100076
100076
100075
100075
100073
100073
100073
100070
100070
100070
100068
100068
100068
100065
100065
100065
100065
100062
100062
100062
100062
100060
100060
100060
100057
100057
100057
100057
100054
100054
100054
100054
100051
100051
100051
100051
100051
100048
100048
100048
100048
100046
100046
100045
100045
100043
100043
100043
100043
100043
100040
100040
100040
100040
100037
100037
100037
100037
100035
100035
100035
100035
100035
100033
100033
100032
100032
100030
100030
100030
100030
100030
100028
100028
100028
100028
100026
100026
100026
100026
100024
100024
100024
100024
100022
100022
100022
100022
100020
100020
100020
100020
100019
100019
100019
100019
100017
100017
100017
100016
100016
100016
100014
100014
100014
100014
100013
100013
100013
100012
100012
100012
100011
100011
100011
100009
100009
100009
100009
100009
100007
100007
100007
100008
100008
100004
100004
100007
100007
100007
99999.5
99999.5
100008
100008
99993.9
99993.9
100009
)
;
    }
}


// ************************************************************************* //
