0.000000000000000000e+00 0.000000000000000000e+00
0.000000000000000000e+00 1.239360400000888234e+02
-1.998304999987765385e+01 6.183876999998895485e+01
1.069737500000333768e+02 -1.069105000003347072e+01
0.000000000000000000e+00 0.000000000000000000e+00
0.000000000000000000e+00 0.000000000000000000e+00
1.981723000026858017e+01 4.654400001968923561e-01
3.746860000086726927e+00 -1.453962999976576498e+01
4.601811000009003294e+01 3.547459000010076124e+01
0.000000000000000000e+00 0.000000000000000000e+00
