0.000000000000000000e+00 0.000000000000000000e+00
-2.236174976705251893e-05 1.422474399999764175e-05
-2.929420000019611336e-06 6.287231000011439530e-06
5.885253000006973600e-06 9.754148000003584618e-06
0.000000000000000000e+00 0.000000000000000000e+00
0.000000000000000000e+00 0.000000000000000000e+00
1.238339999987125850e-07 3.853917999984898812e-06
1.113388999995912343e-06 3.096701999990431053e-06
1.186656999999438633e-05 2.888741399995845699e-05
0.000000000000000000e+00 0.000000000000000000e+00
