0.000000000000000000e+00 0.000000000000000000e+00
0.000000000000000000e+00 -2.851643999991492251e+01
-7.326527999991782281e+01 3.163874000011725229e+01
-3.439206999989452385e+01 -6.372712999985205329e+01
0.000000000000000000e+00 0.000000000000000000e+00
0.000000000000000000e+00 0.000000000000000000e+00
-6.447883999995961801e+01 -1.278954499999762504e+02
-6.612475999998035547e+01 -1.499736399998175216e+02
-2.882058999980618808e+01 -3.163112499997899363e+02
0.000000000000000000e+00 0.000000000000000000e+00
