0.000000000000000000e+00 0.000000000000000000e+00
-1.725546192898885778e-05 9.176237000008222872e-06
1.513197000008181803e-06 -4.269697999988858461e-06
2.782167000003887836e-06 9.279428000002684640e-06
0.000000000000000000e+00 0.000000000000000000e+00
0.000000000000000000e+00 0.000000000000000000e+00
-1.026455000024961706e-06 3.176203999993680582e-06
1.084786999977493949e-06 7.506850000088549635e-07
3.719350999999149199e-06 -2.683899900000549787e-05
0.000000000000000000e+00 0.000000000000000000e+00
