0.000000000000000000e+00 0.000000000000000000e+00
4.066589954943022889e-06 -1.405437600000662701e-05
-1.429696000004865297e-06 4.125989999867463176e-07
4.882767000009835545e-06 -6.086673000003581246e-06
0.000000000000000000e+00 0.000000000000000000e+00
0.000000000000000000e+00 0.000000000000000000e+00
-5.437161999993778139e-06 -1.049225499999938138e-05
-3.596436000008473854e-06 -1.694762300001595445e-05
-1.316959000012551950e-06 -9.036304200002627518e-05
0.000000000000000000e+00 0.000000000000000000e+00
