0.000000000000000000e+00 0.000000000000000000e+00
0.000000000000000000e+00 -2.735349999893884387e+00
3.632929999974887636e+00 3.101434000002402058e+01
-1.811145000013558715e+01 1.252390699999939159e+02
0.000000000000000000e+00 0.000000000000000000e+00
0.000000000000000000e+00 0.000000000000000000e+00
-2.337788999996481465e+01 -2.156084999997975160e+01
3.024094000009247196e+01 7.688201000005666685e+01
3.130130000004171720e+01 1.180495300000083745e+02
0.000000000000000000e+00 0.000000000000000000e+00
