0.000000000000000000e+00 0.000000000000000000e+00
-1.661077015177592209e-05 8.543280000041127142e-07
1.907075000001645648e-06 -4.376790000044927798e-07
4.393799999946601531e-07 1.948226999991600761e-06
0.000000000000000000e+00 0.000000000000000000e+00
0.000000000000000000e+00 0.000000000000000000e+00
1.214410000005550216e-06 -3.437710000000863964e-06
-4.164340000001320874e-06 -1.280265599998969828e-05
-7.038174000013192044e-06 1.451849999988333306e-07
0.000000000000000000e+00 0.000000000000000000e+00
