0.000000000000000000e+00 0.000000000000000000e+00
-1.320199636486996120e-05 1.804809000013462422e-06
-1.922250000008229875e-07 3.312892000003481163e-06
2.123810000018155897e-07 -1.564706999999249115e-06
0.000000000000000000e+00 0.000000000000000000e+00
0.000000000000000000e+00 0.000000000000000000e+00
3.440890000150353956e-07 -2.953460000003349517e-06
2.110654999998295978e-06 4.923302000001822387e-06
3.429625000005848134e-06 -1.185402899999809384e-05
0.000000000000000000e+00 0.000000000000000000e+00
