0.000000000000000000e+00 0.000000000000000000e+00
-4.846526038493337296e-06 8.529720000203730446e-07
7.267849999881281775e-07 -1.057119299998146578e-05
-5.944076999990499655e-06 -1.677963799998245797e-05
0.000000000000000000e+00 0.000000000000000000e+00
0.000000000000000000e+00 0.000000000000000000e+00
-4.434380000001292288e-06 -2.266534999988654986e-06
-5.255576000007255999e-06 -2.109267799999675619e-05
-2.077948999978929123e-06 -5.667136499998975951e-05
0.000000000000000000e+00 0.000000000000000000e+00
