0.000000000000000000e+00 0.000000000000000000e+00
0.000000000000000000e+00 8.529720000205458064e+00
7.267849999958997387e+00 -1.057119299998076940e+02
-5.944076999989666632e+01 -1.677963799998183276e+02
0.000000000000000000e+00 0.000000000000000000e+00
0.000000000000000000e+00 0.000000000000000000e+00
-4.434379999990189702e+01 -2.266534999988411769e+01
-5.255575999999484083e+01 -2.109267799999647650e+02
-2.077948999980038991e+01 -1.889045499999686228e+02
0.000000000000000000e+00 0.000000000000000000e+00
