0.000000000000000000e+00 0.000000000000000000e+00
0.000000000000000000e+00 1.963078999984712780e+01
-2.829930000016744529e+01 -1.632014999999319116e+01
-3.576550000039535604e+00 -4.893460000001678623e+01
0.000000000000000000e+00 0.000000000000000000e+00
0.000000000000000000e+00 0.000000000000000000e+00
3.209819999905326071e+00 -3.306871000005040884e+01
1.572512999983288573e+01 -1.701039000011616764e+01
-2.224400000017112689e+00 -1.382275900001284015e+02
0.000000000000000000e+00 0.000000000000000000e+00
