0.000000000000000000e+00 0.000000000000000000e+00
-1.950803544636947606e-05 2.252525000002569139e-06
-3.699829999981307793e-06 -6.627629000000023751e-06
-6.390410999999873720e-06 -6.848346999994980866e-06
0.000000000000000000e+00 0.000000000000000000e+00
0.000000000000000000e+00 0.000000000000000000e+00
-8.406789999970687433e-07 2.313633999991709933e-06
3.003789000005641086e-06 -2.153312000003487769e-06
3.008730000000209293e-06 4.471692000010928092e-06
0.000000000000000000e+00 0.000000000000000000e+00
