0.000000000000000000e+00 0.000000000000000000e+00
0.000000000000000000e+00 4.481340000007661217e+01
2.523220000015813014e+01 8.579003000012130542e+01
4.011646000000590107e+01 8.355114000002659225e+01
0.000000000000000000e+00 0.000000000000000000e+00
0.000000000000000000e+00 0.000000000000000000e+00
-3.036439999996031958e+01 -4.538642000000425014e+01
-1.610552000009812446e+01 4.173652000000193141e+01
-6.590570000020164798e+00 6.318291000005914526e+01
0.000000000000000000e+00 0.000000000000000000e+00
