0.000000000000000000e+00 0.000000000000000000e+00
0.000000000000000000e+00 -2.930103999999600006e+01
-1.287182999999414434e+01 -3.236824999998110286e+01
-2.521593000006649987e+01 8.215319999915749349e+00
0.000000000000000000e+00 0.000000000000000000e+00
0.000000000000000000e+00 0.000000000000000000e+00
1.215047999987283589e+01 -1.422458400000214738e+02
-1.469969799999248892e+02 6.422410000006540542e+01
-1.068669700001634340e+02 -1.015078500000043817e+02
0.000000000000000000e+00 0.000000000000000000e+00
