0.000000000000000000e+00 0.000000000000000000e+00
0.000000000000000000e+00 1.961985000014099967e+01
-7.301469999994036186e+01 -3.626783999989280005e+01
-1.999594999992915234e+01 -4.995997999978072812e+01
0.000000000000000000e+00 0.000000000000000000e+00
0.000000000000000000e+00 0.000000000000000000e+00
-4.123010999972365198e+01 -2.855599999974644732e+01
8.576260000048296916e+00 -8.732412999988837043e+01
1.424439000012877798e+01 -5.599821999988651555e+01
0.000000000000000000e+00 0.000000000000000000e+00
