0.000000000000000000e+00 0.000000000000000000e+00
0.000000000000000000e+00 3.320800000017328557e+00
-4.413848999998970157e+01 7.386920000063128100e+00
1.101568999996027998e+01 -2.798469899999655581e+02
0.000000000000000000e+00 0.000000000000000000e+00
0.000000000000000000e+00 0.000000000000000000e+00
1.027712000005731419e+01 -5.207493999990208522e+01
-2.157519999923529497e+00 -1.985395000010380784e+01
-2.133659999947745689e+00 -3.088161300000002711e+02
0.000000000000000000e+00 0.000000000000000000e+00
