0.000000000000000000e+00 0.000000000000000000e+00
0.000000000000000000e+00 8.120299999914152522e+00
5.904575999999827474e+01 1.423554999995246817e+01
6.543535999997683916e+01 5.169735000003504410e+01
0.000000000000000000e+00 0.000000000000000000e+00
0.000000000000000000e+00 0.000000000000000000e+00
3.114797999980156362e+01 -4.978433000020210386e+01
-2.845156000014225839e+01 -3.260356000018838074e+01
-6.666870000004986530e+00 -3.354973000004868311e+01
0.000000000000000000e+00 0.000000000000000000e+00
