0.000000000000000000e+00 0.000000000000000000e+00
-2.354683601052398600e-05 -3.170390000129669206e-07
3.726523999991737668e-06 2.151702000012523097e-06
3.285487000008469050e-06 -4.579199999998548321e-06
0.000000000000000000e+00 0.000000000000000000e+00
0.000000000000000000e+00 0.000000000000000000e+00
-4.344959999846853549e-07 -5.095458999996096972e-06
2.491792000014481090e-06 -2.822861000000009835e-06
3.214153999991226085e-06 -5.195342400001173172e-05
0.000000000000000000e+00 0.000000000000000000e+00
