0.000000000000000000e+00 0.000000000000000000e+00
0.000000000000000000e+00 2.163393500000498761e+02
4.249140000016637941e+01 1.692274100000057047e+02
1.015868599999247976e+02 2.645709800001005760e+02
0.000000000000000000e+00 0.000000000000000000e+00
0.000000000000000000e+00 0.000000000000000000e+00
-4.000973999989110297e+01 6.473127000008460641e+01
-1.190471999978903561e+01 3.205897000002620700e+01
1.169609999998044714e+01 8.299701999989747492e+01
0.000000000000000000e+00 0.000000000000000000e+00
