0.000000000000000000e+00 0.000000000000000000e+00
-2.287304790871136362e-05 1.237402899999283726e-05
2.089536000005054461e-06 8.383205000003779439e-06
7.084750000066475373e-07 1.200488600000375328e-05
0.000000000000000000e+00 0.000000000000000000e+00
0.000000000000000000e+00 0.000000000000000000e+00
3.848993999994165804e-06 4.639059999946709700e-07
5.739544999994183883e-06 3.005789000011527268e-06
3.109681000010994234e-06 2.666591699999974058e-05
0.000000000000000000e+00 0.000000000000000000e+00
