0.000000000000000000e+00 0.000000000000000000e+00
-2.045119966417874302e-05 -2.236276999978588365e-06
-3.021619999987734673e-06 7.392808000002137891e-06
-3.842317999977473697e-06 1.179498900001976769e-05
0.000000000000000000e+00 0.000000000000000000e+00
0.000000000000000000e+00 0.000000000000000000e+00
3.008366000006867935e-06 -5.087020999985578107e-06
4.892090000319093690e-07 4.325343000023684770e-06
-1.630500999983547361e-06 -1.290724499996339508e-05
0.000000000000000000e+00 0.000000000000000000e+00
