0.000000000000000000e+00 0.000000000000000000e+00
-1.659393854566704185e-05 -5.156253999998201831e-06
-5.411909999863961929e-07 7.562511999993637435e-06
1.578149999993672115e-06 -1.111560699999618318e-05
0.000000000000000000e+00 0.000000000000000000e+00
0.000000000000000000e+00 0.000000000000000000e+00
-8.316090000237696955e-07 -2.986016000001631698e-06
-2.316220000242452670e-07 -6.323858000013837799e-06
1.769827000005358419e-06 -5.571689700003060186e-05
0.000000000000000000e+00 0.000000000000000000e+00
