0.000000000000000000e+00 0.000000000000000000e+00
0.000000000000000000e+00 -5.156253999998305915e+01
-5.411909999986082909e+00 7.562511999992248946e+01
1.578149999992284336e+01 -1.111560699999625115e+02
0.000000000000000000e+00 0.000000000000000000e+00
0.000000000000000000e+00 0.000000000000000000e+00
-8.316090000182185804e+00 -2.986016000001700377e+01
-2.316220000109225907e+00 -6.323858000014669756e+01
1.769827000004386974e+01 -1.857229900001033798e+02
0.000000000000000000e+00 0.000000000000000000e+00
