0.000000000000000000e+00 0.000000000000000000e+00
-2.277492308161432888e-05 -3.666546999996338901e-06
-2.880977999997202943e-06 -7.176917999989623764e-06
-1.011521999993991727e-06 -1.325355999998514833e-06
0.000000000000000000e+00 0.000000000000000000e+00
0.000000000000000000e+00 0.000000000000000000e+00
-1.481608999986949726e-06 -1.288615099999303876e-05
2.049326000008733217e-06 -1.542363400000232310e-05
-7.650063000009393877e-06 -4.428711900001172652e-05
0.000000000000000000e+00 0.000000000000000000e+00
