0.000000000000000000e+00 0.000000000000000000e+00
0.000000000000000000e+00 7.990665999979550804e+01
1.788725999993800997e+01 -3.858429000005435228e+01
5.495287000001346911e+01 3.480460999993883320e+01
0.000000000000000000e+00 0.000000000000000000e+00
0.000000000000000000e+00 0.000000000000000000e+00
-4.513200000189062422e+00 4.472749999984149838e+01
2.487919999749622413e+00 -3.635905000003436527e+01
2.549516999981182863e+01 -4.643405000017697404e+01
0.000000000000000000e+00 0.000000000000000000e+00
