0.000000000000000000e+00 0.000000000000000000e+00
-9.067261618617150631e-06 -4.026384999982271506e-06
-2.850622999983620787e-06 1.123004000021243787e-06
-3.415159999936578927e-07 -5.684302999993742778e-06
0.000000000000000000e+00 0.000000000000000000e+00
0.000000000000000000e+00 0.000000000000000000e+00
-2.601683999986503792e-06 -3.417166999981902098e-06
-2.530683999968363906e-06 -2.624227999986628035e-06
-7.202169999970253755e-07 -4.863654899999857867e-05
0.000000000000000000e+00 0.000000000000000000e+00
