0.000000000000000000e+00 0.000000000000000000e+00
0.000000000000000000e+00 9.846009999892050502e+00
4.387349999968037650e+00 3.534511999996325926e+01
3.299219999886027210e+00 -1.174388000009238908e+01
0.000000000000000000e+00 0.000000000000000000e+00
0.000000000000000000e+00 0.000000000000000000e+00
-3.102079000001367248e+01 -1.041595500000047565e+02
-2.511001000000678474e+01 -9.613560000001352535e+01
-7.302649999973986894e+00 -1.632193499998990660e+02
0.000000000000000000e+00 0.000000000000000000e+00
