0.000000000000000000e+00 0.000000000000000000e+00
0.000000000000000000e+00 4.632436000016058841e+01
-1.621136999998551431e+01 1.231440000082358210e+00
3.998196000016828577e+01 -8.907889999854035068e+00
0.000000000000000000e+00 0.000000000000000000e+00
0.000000000000000000e+00 0.000000000000000000e+00
4.871700000141919062e+00 -4.807577999990097339e+01
1.827764000013054257e+01 3.848190000077522654e+00
3.858377000010015223e+01 -1.596826499999037594e+02
0.000000000000000000e+00 0.000000000000000000e+00
