0.000000000000000000e+00 0.000000000000000000e+00
-1.907330627237691090e-05 -3.907334999973116618e-06
2.928891000009148371e-06 -8.987310999988146198e-06
4.028271000010297254e-06 9.114805000020806403e-06
0.000000000000000000e+00 0.000000000000000000e+00
0.000000000000000000e+00 0.000000000000000000e+00
-1.902700999978357288e-06 -4.547960999985029007e-06
-1.831259999973688934e-06 -7.224973999995359941e-06
-4.430136999994394031e-06 7.403568000018123652e-06
0.000000000000000000e+00 0.000000000000000000e+00
