0.000000000000000000e+00 0.000000000000000000e+00
0.000000000000000000e+00 -8.414592000005605144e+01
-2.020283000010447338e+01 -1.883785000011960165e+01
-1.578467000016292587e+01 4.214412999989926334e+01
0.000000000000000000e+00 0.000000000000000000e+00
0.000000000000000000e+00 0.000000000000000000e+00
7.073589999984085885e+00 6.322190999992205462e+01
1.699156999994677264e+01 1.148994999984331855e+01
1.890043999992485624e+01 -2.338682000000423500e+01
0.000000000000000000e+00 0.000000000000000000e+00
