0.000000000000000000e+00 0.000000000000000000e+00
-2.985763880952729821e-05 4.792629000016559310e-06
-2.320406999989366170e-06 -2.369949999997400525e-07
-2.160981999989319835e-06 -2.033235999994095766e-06
0.000000000000000000e+00 0.000000000000000000e+00
0.000000000000000000e+00 0.000000000000000000e+00
-3.174224000007663804e-06 -3.267969000007343860e-06
-4.360681999993065716e-06 1.805662000000513023e-06
-1.579777999981962777e-06 -2.883498299999232017e-05
0.000000000000000000e+00 0.000000000000000000e+00
