0.000000000000000000e+00 0.000000000000000000e+00
0.000000000000000000e+00 8.092106999999514017e+01
1.949271999996948779e+01 5.974038000005067772e+01
-8.606760000073872874e+00 2.307235000009731607e+01
0.000000000000000000e+00 0.000000000000000000e+00
0.000000000000000000e+00 0.000000000000000000e+00
1.462450000011548568e+00 -1.140855400000084785e+02
1.599657999995507396e+01 -1.298437300000232426e+02
1.460100999988167381e+01 -1.283153899999334158e+02
0.000000000000000000e+00 0.000000000000000000e+00
