0.000000000000000000e+00 0.000000000000000000e+00
0.000000000000000000e+00 5.751928000001792896e+01
9.594340000029786708e+00 -2.816469999973314486e+01
3.899115000021157584e+01 2.448086000019776520e+01
0.000000000000000000e+00 0.000000000000000000e+00
0.000000000000000000e+00 0.000000000000000000e+00
5.758610000117236005e+00 -1.149840100000520948e+02
3.994059999978814446e+00 -9.314298999996140083e+01
-3.520384999995407327e+01 2.047910000018140408e+01
0.000000000000000000e+00 0.000000000000000000e+00
