0.000000000000000000e+00 0.000000000000000000e+00
-1.605147828653841202e-05 2.761942000009242476e-06
-3.499419999886121957e-07 5.863553999996967692e-06
5.287120000141420917e-07 1.664724700000189128e-05
0.000000000000000000e+00 0.000000000000000000e+00
0.000000000000000000e+00 0.000000000000000000e+00
-2.444096000003836977e-06 -3.458181999991052913e-06
-8.409760000049892881e-07 7.205783000011761752e-06
-2.602279999958101442e-07 -8.886633000039154129e-06
0.000000000000000000e+00 0.000000000000000000e+00
