0.000000000000000000e+00 0.000000000000000000e+00
0.000000000000000000e+00 2.895213100013172181e+01
9.102723900010350633e+01 3.222240001848888369e-01
8.628102100027011545e+01 8.023150800019615758e+01
0.000000000000000000e+00 0.000000000000000000e+00
0.000000000000000000e+00 0.000000000000000000e+00
0.000000000000000000e+00 -3.172722799993087506e+01
-2.099051099986731472e+01 -8.923539999705639048e+00
3.120445900009066520e+01 8.659546200022182916e+01
0.000000000000000000e+00 0.000000000000000000e+00
