0.000000000000000000e+00 0.000000000000000000e+00
0.000000000000000000e+00 -7.918126999995055826e+01
-3.270982999992178009e+01 -2.736870999997530873e+01
9.489020000086334505e+00 3.407116000011535561e+01
0.000000000000000000e+00 0.000000000000000000e+00
0.000000000000000000e+00 0.000000000000000000e+00
-5.355115999992054299e+01 -1.523898499998343823e+02
-3.306899999921953714e+00 -1.939539799997502598e+02
-1.030025999986250795e+01 -1.032238899999704387e+02
0.000000000000000000e+00 0.000000000000000000e+00
