0.000000000000000000e+00 0.000000000000000000e+00
-2.938467157539981223e-05 3.961911999994429529e-06
-1.100165999995406096e-06 5.503340999996053640e-06
-1.380922999998090983e-06 1.005014499999047628e-05
0.000000000000000000e+00 0.000000000000000000e+00
0.000000000000000000e+00 0.000000000000000000e+00
1.554252999996785789e-06 6.440587999989762225e-06
-1.310820000044454758e-07 -1.134718999998285405e-06
2.149852000005170183e-06 -3.108549600000943408e-05
0.000000000000000000e+00 0.000000000000000000e+00
