0.000000000000000000e+00 0.000000000000000000e+00
-1.007325335936060107e-05 -1.337908000012110604e-06
4.079621000019351129e-06 -1.156858999994819781e-06
3.779300999991186405e-06 -9.512322999991051908e-06
0.000000000000000000e+00 0.000000000000000000e+00
0.000000000000000000e+00 0.000000000000000000e+00
-9.652799999870786962e-07 4.307950000085811193e-07
-9.209579999863715116e-07 -6.994448999996655258e-06
5.802380000016760242e-07 -9.664226999968675291e-06
0.000000000000000000e+00 0.000000000000000000e+00
