0.000000000000000000e+00 0.000000000000000000e+00
0.000000000000000000e+00 1.012160000001482842e+02
-1.070534000009448761e+01 2.322949999999934789e+01
-2.081026000002594500e+01 -1.142476999993479581e+01
0.000000000000000000e+00 0.000000000000000000e+00
0.000000000000000000e+00 0.000000000000000000e+00
-2.525808000011231158e+01 -1.355034400000176618e+02
-2.531203000002424375e+01 -4.084863999995745587e+01
-1.288017200000490732e+02 -1.449241500001141389e+02
0.000000000000000000e+00 0.000000000000000000e+00
