0.000000000000000000e+00 0.000000000000000000e+00
0.000000000000000000e+00 1.151114499999827956e+02
-2.300437000006816035e+01 8.753900999995954635e+01
9.838900000007642177e+01 1.137723299999615847e+02
0.000000000000000000e+00 0.000000000000000000e+00
0.000000000000000000e+00 0.000000000000000000e+00
-2.345967000005888536e+01 -3.496209999975789628e+00
-2.851088999997752893e+01 1.083551999999432383e+02
-9.401810000042587490e+00 -7.251300000677076696e-01
0.000000000000000000e+00 0.000000000000000000e+00
