0.000000000000000000e+00 0.000000000000000000e+00
-3.371180674566209845e-05 -2.008511000004421093e-06
-1.840272000008802422e-06 -4.126393000011135959e-06
4.998415999990513114e-06 -7.261584999996087419e-06
0.000000000000000000e+00 0.000000000000000000e+00
0.000000000000000000e+00 0.000000000000000000e+00
6.594358000017175314e-06 1.309771999993131208e-06
1.219284000000819823e-06 -1.037432500000309843e-05
-6.990183999997651165e-06 -4.242496499999755255e-05
0.000000000000000000e+00 0.000000000000000000e+00
