0.000000000000000000e+00 0.000000000000000000e+00
0.000000000000000000e+00 3.124373299993876074e+01
5.213255399989374439e+01 -2.227622600019657284e+01
8.898469999814302867e+00 1.555140520000830406e+02
0.000000000000000000e+00 0.000000000000000000e+00
0.000000000000000000e+00 0.000000000000000000e+00
-0.000000000000000000e+00 6.711667599993418776e+01
2.565105200001832486e+01 9.659504299992656229e+01
5.120123499998685190e+01 2.353972000040940316e+00
0.000000000000000000e+00 0.000000000000000000e+00
