0.000000000000000000e+00 0.000000000000000000e+00
-4.689341702987515070e-05 -1.047749999996249598e-06
1.209351000008851429e-06 -8.616726999990942382e-06
3.248813999996713608e-06 -7.027570000026073238e-07
0.000000000000000000e+00 0.000000000000000000e+00
0.000000000000000000e+00 0.000000000000000000e+00
2.243817000008307971e-06 9.070380999996220661e-06
-5.414310000062538819e-07 -8.714399999998345692e-06
4.797339999904060015e-07 -7.200497999997664683e-05
0.000000000000000000e+00 0.000000000000000000e+00
