0.000000000000000000e+00 0.000000000000000000e+00
0.000000000000000000e+00 -4.886900000000622413e-01
-2.170879000003012038e+01 -5.127190999989484510e+01
-1.091720999994993768e+01 -2.895151000017466458e+01
0.000000000000000000e+00 0.000000000000000000e+00
0.000000000000000000e+00 0.000000000000000000e+00
-1.557369999982682884e+00 1.299016400001073919e+02
4.838627999994570672e+01 -1.854224999995322776e+01
2.295119999895511853e+00 4.837951000002948376e+01
0.000000000000000000e+00 0.000000000000000000e+00
