0.000000000000000000e+00 0.000000000000000000e+00
-3.949223373464483267e-05 -4.886899999988550403e-08
-2.170879000007452930e-06 -5.127190999990732800e-06
-1.091720999997491948e-06 -2.895151000017331944e-06
0.000000000000000000e+00 0.000000000000000000e+00
0.000000000000000000e+00 0.000000000000000000e+00
-1.557369999904967273e-07 1.299016400001067051e-05
4.838627999992350937e-06 -1.854224999996850753e-06
2.295119999884409623e-07 1.451385300000988809e-05
0.000000000000000000e+00 0.000000000000000000e+00
