0.000000000000000000e+00 0.000000000000000000e+00
0.000000000000000000e+00 8.109659999955283638e+00
2.195979999997101473e+00 -1.907356000003801455e+01
2.358320999986673527e+01 1.522404200000160017e+02
0.000000000000000000e+00 0.000000000000000000e+00
0.000000000000000000e+00 0.000000000000000000e+00
8.483074999980910036e+01 5.990679999992031668e+01
6.469149999988044897e+01 -3.713451000013633774e+01
3.259871000007574793e+01 -1.705047700000905593e+02
0.000000000000000000e+00 0.000000000000000000e+00
