0.000000000000000000e+00 0.000000000000000000e+00
-2.501228313858683272e-05 1.214044300000809845e-05
3.779300999984247511e-06 5.802633000005774644e-06
7.208210999996855772e-06 -5.859729999956736490e-07
0.000000000000000000e+00 0.000000000000000000e+00
0.000000000000000000e+00 0.000000000000000000e+00
-4.266762999999285100e-06 1.679552999993977336e-06
-9.513360000046322540e-07 -9.804484000005414535e-06
-1.340227999996335129e-06 6.474806999970557364e-06
0.000000000000000000e+00 0.000000000000000000e+00
