0.000000000000000000e+00 0.000000000000000000e+00
0.000000000000000000e+00 5.731292000008546239e+01
4.569209999998324179e+01 1.113203000011608879e+01
5.838583000001840162e+01 7.074518000014238339e+01
0.000000000000000000e+00 0.000000000000000000e+00
0.000000000000000000e+00 0.000000000000000000e+00
1.303362000011354382e+01 -9.646999996615335249e-02
3.689909999993190137e+00 7.635977000002290538e+01
9.000410000070679928e+00 -2.930942000007875947e+01
0.000000000000000000e+00 0.000000000000000000e+00
