0.000000000000000000e+00 0.000000000000000000e+00
0.000000000000000000e+00 -7.186640000012012308e+00
-1.210641000006784296e+01 -2.977519999869372214e+00
-1.501375999994892041e+01 1.016454099999064340e+02
0.000000000000000000e+00 0.000000000000000000e+00
0.000000000000000000e+00 0.000000000000000000e+00
-4.746540000002408277e+01 1.430069999994732655e+01
-1.908039999998223823e+00 6.486199999997666055e+01
-5.302000000040326455e+00 -7.191372999999502724e+01
0.000000000000000000e+00 0.000000000000000000e+00
