0.000000000000000000e+00 0.000000000000000000e+00
0.000000000000000000e+00 2.125000000186005877e-01
1.149745000001978035e+01 3.952800999993399955e+01
-1.741949000007014448e+01 -1.352359999962061465e+00
0.000000000000000000e+00 0.000000000000000000e+00
0.000000000000000000e+00 0.000000000000000000e+00
3.413096999982378321e+01 1.599817999984320238e+01
3.169762999994940245e+01 -4.243766000011639505e+01
2.760377000006197434e+01 -6.881141000014690690e+01
0.000000000000000000e+00 0.000000000000000000e+00
