0.000000000000000000e+00 0.000000000000000000e+00
5.790509155501055716e-07 -1.549307000001803880e-06
5.949444999986397420e-06 8.622364999988363365e-06
6.428109999991049595e-06 1.994434500000516475e-05
0.000000000000000000e+00 0.000000000000000000e+00
0.000000000000000000e+00 0.000000000000000000e+00
-1.306901000003302116e-06 -4.650165000005986038e-06
-2.141163999991313460e-06 5.765780000003412065e-06
-9.013799999804672503e-08 -1.200444899996690185e-05
0.000000000000000000e+00 0.000000000000000000e+00
