0.000000000000000000e+00 0.000000000000000000e+00
0.000000000000000000e+00 -3.969911999992525864e+01
-1.390598000012843727e+01 -7.028177000003574904e+01
2.797595000010311139e+01 -6.605563999992901358e+01
0.000000000000000000e+00 0.000000000000000000e+00
0.000000000000000000e+00 0.000000000000000000e+00
-3.157764000003559701e+01 -9.209379999908229308e+00
-2.370952999986020160e+01 -5.447609999897906619e+00
-2.760430000001700890e+01 -2.151418000011507559e+01
0.000000000000000000e+00 0.000000000000000000e+00
