0.000000000000000000e+00 0.000000000000000000e+00
-2.292463487249540854e-05 -1.809376999981765488e-06
-1.289799999998342273e-06 6.733528000013588866e-06
4.438976000012417877e-06 1.866575599999975577e-05
0.000000000000000000e+00 0.000000000000000000e+00
0.000000000000000000e+00 0.000000000000000000e+00
1.543559000005689796e-06 -3.550416999995899270e-06
1.278709000004929486e-06 -4.724228999983259847e-06
3.659864000016971319e-06 9.533244000048402000e-06
0.000000000000000000e+00 0.000000000000000000e+00
