0.000000000000000000e+00 0.000000000000000000e+00
-8.131116533249826972e-06 -1.810005000007011700e-06
-1.804670000105090821e-07 -7.056148999984301895e-06
-1.051619999997699395e-06 6.454814999992328217e-06
0.000000000000000000e+00 0.000000000000000000e+00
0.000000000000000000e+00 0.000000000000000000e+00
-5.470109999961003666e-07 -9.890851999995974031e-06
1.485629999992132966e-07 -7.844672000000690870e-06
5.193830000076171682e-07 3.386758499999715372e-05
0.000000000000000000e+00 0.000000000000000000e+00
