0.000000000000000000e+00 0.000000000000000000e+00
0.000000000000000000e+00 -1.810005000006942311e+01
-1.804670000082886361e+00 -7.056148999984301895e+01
-1.051619999998809263e+01 6.454814999992120761e+01
0.000000000000000000e+00 0.000000000000000000e+00
0.000000000000000000e+00 0.000000000000000000e+00
-5.470110000094226876e+00 -9.890851999996286281e+01
1.485629999953275160e+00 -7.844672000001385470e+01
5.193830000060906116e+00 1.128919499999936420e+02
0.000000000000000000e+00 0.000000000000000000e+00
