0.000000000000000000e+00 0.000000000000000000e+00
0.000000000000000000e+00 2.170653999993277949e+01
-2.709803000018328945e+01 4.534436999990010975e+01
-8.609830000128042116e+00 7.055854999995506205e+01
0.000000000000000000e+00 0.000000000000000000e+00
0.000000000000000000e+00 0.000000000000000000e+00
-3.496677000005553992e+01 5.999502000011424485e+01
-7.212349999896616737e+00 -4.823796999988692846e+01
1.719877000008196433e+01 1.676851099998266932e+02
0.000000000000000000e+00 0.000000000000000000e+00
