0.000000000000000000e+00 0.000000000000000000e+00
0.000000000000000000e+00 2.299751999998988339e+01
-1.320315000019611595e+01 2.014109999994850853e+01
-8.215250000120908780e+00 7.625500000108047516e-01
0.000000000000000000e+00 0.000000000000000000e+00
0.000000000000000000e+00 0.000000000000000000e+00
3.192641999989475821e+01 -6.880990000022178776e+01
-2.390788000004029001e+01 3.545481999982501975e+01
3.479976000002604053e+01 1.097841000000654503e+02
0.000000000000000000e+00 0.000000000000000000e+00
