0.000000000000000000e+00 0.000000000000000000e+00
0.000000000000000000e+00 -2.309615999993575031e+01
-5.197789999900059854e+00 -5.210665999986207453e+01
-2.711372999999461797e+01 9.491970000017333575e+01
0.000000000000000000e+00 0.000000000000000000e+00
0.000000000000000000e+00 0.000000000000000000e+00
3.212781000010433985e+01 7.849349000008663779e+01
3.728721000015866593e+01 -2.094007999988711433e+01
-1.040600999997475640e+01 -4.351174999996931092e+01
0.000000000000000000e+00 0.000000000000000000e+00
