0.000000000000000000e+00 0.000000000000000000e+00
-4.022664759628646891e-06 -2.797109999973235173e-07
-2.870378999986211710e-06 -1.126823999979958968e-06
-3.431974999995590636e-06 -3.124968999995009211e-06
0.000000000000000000e+00 0.000000000000000000e+00
0.000000000000000000e+00 0.000000000000000000e+00
-6.579179999688378189e-07 -5.961690999991241247e-06
1.388406000002451179e-06 -6.694485999981375501e-06
3.699567000012282669e-06 -4.266476999997478869e-05
0.000000000000000000e+00 0.000000000000000000e+00
