0.000000000000000000e+00 0.000000000000000000e+00
-1.782847890877126140e-05 -2.400533000006602191e-06
-2.440077000009921449e-06 3.443459999998704779e-06
-1.415890000036612584e-07 1.241607899999871978e-05
0.000000000000000000e+00 0.000000000000000000e+00
0.000000000000000000e+00 0.000000000000000000e+00
-2.358538000013510327e-06 -6.671554999995374380e-06
4.888309999978579512e-07 -9.473793000001895503e-06
-4.805359999950076233e-07 -3.069410400000430195e-05
0.000000000000000000e+00 0.000000000000000000e+00
