0.000000000000000000e+00 0.000000000000000000e+00
-5.469476041025655988e-05 3.320771000003656936e-06
-1.359748000001603785e-06 -7.715968999989775146e-06
3.894800000153741948e-07 -7.034968999994339889e-06
0.000000000000000000e+00 0.000000000000000000e+00
0.000000000000000000e+00 0.000000000000000000e+00
7.052168999988062126e-06 -1.790916000006526065e-06
-5.406929999979270818e-07 2.116932999996629094e-06
6.101850000168884680e-07 -3.897421500001323202e-05
0.000000000000000000e+00 0.000000000000000000e+00
