0.000000000000000000e+00 0.000000000000000000e+00
0.000000000000000000e+00 4.101232000004450384e+01
3.289544000009136937e+01 1.393380200000127047e+02
5.058244000006872199e+01 1.313413899999282535e+02
0.000000000000000000e+00 0.000000000000000000e+00
0.000000000000000000e+00 0.000000000000000000e+00
4.114929999854410880e+00 -5.624050000019309437e+00
4.108928000006172709e+01 -1.903594000012277121e+01
3.049752999988441715e+01 -1.049176500000914416e+02
0.000000000000000000e+00 0.000000000000000000e+00
