0.000000000000000000e+00 0.000000000000000000e+00
0.000000000000000000e+00 -4.330548000015532040e+01
-3.669943000010889023e+01 -1.054186600001116858e+02
5.775239999872283647e+00 -1.301270000000353946e+02
0.000000000000000000e+00 0.000000000000000000e+00
0.000000000000000000e+00 0.000000000000000000e+00
3.621572000001015823e+01 -1.019163500000530576e+02
-5.811110000220056193e+00 -1.098333500000325671e+02
-2.820271000012475326e+01 -1.029091099999490382e+02
0.000000000000000000e+00 0.000000000000000000e+00
