0.000000000000000000e+00 0.000000000000000000e+00
0.000000000000000000e+00 -8.020491000002571980e+01
-8.506639999916743022e+00 -2.803200000567329653e-01
-3.432931999998167072e+01 -8.059672000007009274e+01
0.000000000000000000e+00 0.000000000000000000e+00
0.000000000000000000e+00 0.000000000000000000e+00
7.621370999997266438e+01 5.118194999989000848e+01
-3.715999999975847956e+00 -2.864004999998392265e+01
2.907200000290544040e-01 -1.784149999999762031e+02
0.000000000000000000e+00 0.000000000000000000e+00
