0.000000000000000000e+00 0.000000000000000000e+00
0.000000000000000000e+00 5.942186999998709496e+01
-2.750179000003960184e+01 2.513839999980227446e+01
2.748752999988112933e+01 1.319498099998206726e+02
0.000000000000000000e+00 0.000000000000000000e+00
0.000000000000000000e+00 0.000000000000000000e+00
-2.347468000016838729e+01 -1.361904000001246118e+01
-2.201156000016801784e+01 -2.304258000020986685e+01
1.439532999993886619e+01 1.468881599997917817e+02
0.000000000000000000e+00 0.000000000000000000e+00
