0.000000000000000000e+00 0.000000000000000000e+00
-4.293320434101133287e-05 5.382648999994327221e-06
-3.440295000017856708e-06 4.313241999995276466e-06
6.638816999998686796e-06 5.415627999995689668e-06
0.000000000000000000e+00 0.000000000000000000e+00
0.000000000000000000e+00 0.000000000000000000e+00
-6.122169999844828681e-07 3.228566000003894876e-06
4.590349999972209716e-07 -7.569049000011318640e-06
2.810326999998918884e-06 -5.359970700000507571e-05
0.000000000000000000e+00 0.000000000000000000e+00
