0.000000000000000000e+00 0.000000000000000000e+00
0.000000000000000000e+00 7.975456000006707313e+01
-2.071232999996119517e+01 1.505750000019290269e+01
5.281761000017759500e+01 1.403504400000699377e+02
0.000000000000000000e+00 0.000000000000000000e+00
0.000000000000000000e+00 0.000000000000000000e+00
1.412413000019263443e+01 -6.629529999813144059e+00
-9.214189999839915046e+00 -1.093464799998944272e+02
4.579237999995377351e+01 -1.578254099998233073e+02
0.000000000000000000e+00 0.000000000000000000e+00
