0.000000000000000000e+00 0.000000000000000000e+00
0.000000000000000000e+00 -2.527824000004839888e+01
-1.940238000006644370e+01 1.128236699999618367e+02
9.108967999988946929e+01 4.124713000006607899e+01
0.000000000000000000e+00 0.000000000000000000e+00
0.000000000000000000e+00 0.000000000000000000e+00
-2.306555000006759926e+01 -8.531411999994629980e+01
1.799370000008515547e+01 -5.203773000008736460e+01
1.730150999996737937e+01 -1.288086900000262744e+02
0.000000000000000000e+00 0.000000000000000000e+00
