0.000000000000000000e+00 0.000000000000000000e+00
0.000000000000000000e+00 -3.368166000021765427e+01
-5.660821000001980963e+01 9.942040999995072070e+01
-2.972079999996601529e+01 8.574582999996135868e+01
0.000000000000000000e+00 0.000000000000000000e+00
0.000000000000000000e+00 0.000000000000000000e+00
-1.347278000012330423e+01 -1.681845000005566959e+01
2.189026000007920914e+01 -1.541401500001704221e+02
2.749552999987691848e+01 -1.972099799999682261e+02
0.000000000000000000e+00 0.000000000000000000e+00
