0.000000000000000000e+00 0.000000000000000000e+00
3.392818152259113873e-07 -1.234787500000063265e-05
-3.320363999997910653e-06 9.012989000006105256e-06
-2.460732999989834191e-06 2.144525799999477678e-05
0.000000000000000000e+00 0.000000000000000000e+00
0.000000000000000000e+00 0.000000000000000000e+00
-2.676244999999521923e-06 -7.111107000001490319e-06
-2.231401999994164775e-06 1.464310000025281777e-07
1.999200000095402441e-07 3.583649999562565913e-07
0.000000000000000000e+00 0.000000000000000000e+00
