0.000000000000000000e+00 0.000000000000000000e+00
-6.625974425542024981e-05 1.007300999998714947e-05
8.298370000048294060e-07 1.033140999990439513e-06
5.489299999966723576e-07 -6.385349999988437775e-06
0.000000000000000000e+00 0.000000000000000000e+00
0.000000000000000000e+00 0.000000000000000000e+00
3.034114999994619311e-06 -7.211660000153510830e-07
1.268895999981256573e-06 -4.590400001780459149e-08
3.510243000000301539e-06 -2.899238700002429447e-05
0.000000000000000000e+00 0.000000000000000000e+00
