0.000000000000000000e+00 0.000000000000000000e+00
0.000000000000000000e+00 1.776699699989337233e+01
6.387820999862770854e+00 2.311912699986662290e+01
1.452688799989196866e+01 -1.404917000161901797e+00
0.000000000000000000e+00 0.000000000000000000e+00
0.000000000000000000e+00 0.000000000000000000e+00
-0.000000000000000000e+00 2.559444999979174185e+01
8.435338999812634242e+00 -2.896965700004936650e+01
9.904499989141916927e-02 -1.065949000014134640e+01
0.000000000000000000e+00 0.000000000000000000e+00
