0.000000000000000000e+00 0.000000000000000000e+00
0.000000000000000000e+00 3.943717000014501650e+01
2.619510999997131862e+01 7.225020000056744607e+00
1.439017000008923475e+01 4.954935000003322898e+01
0.000000000000000000e+00 0.000000000000000000e+00
0.000000000000000000e+00 0.000000000000000000e+00
-6.936456999993011152e+01 -1.123136099999477580e+02
-9.631009999986338244e+01 -1.998394299999262103e+02
-1.005960799999261326e+02 -1.403131799997847509e+02
0.000000000000000000e+00 0.000000000000000000e+00
