0.000000000000000000e+00 0.000000000000000000e+00
4.310967381654373654e-06 5.022510000025209864e-06
4.601040000107303740e-07 4.628840000187040005e-07
5.081969999959357054e-07 7.554192999999556624e-06
0.000000000000000000e+00 0.000000000000000000e+00
0.000000000000000000e+00 0.000000000000000000e+00
-6.756322999984520905e-06 -1.066114999999107776e-05
-2.490736000004822870e-06 -2.194327000003964967e-06
1.180100000004735694e-06 -1.605509099995849898e-05
0.000000000000000000e+00 0.000000000000000000e+00
