0.000000000000000000e+00 0.000000000000000000e+00
-4.300909806381758571e-05 -9.306355999982689198e-06
-2.690255999998614200e-06 -6.786787999986387820e-06
-6.271372999980262541e-06 2.207178000018100716e-06
0.000000000000000000e+00 0.000000000000000000e+00
0.000000000000000000e+00 0.000000000000000000e+00
6.746010000058255685e-07 -1.440873999998364130e-06
-4.105899999162776481e-08 -4.433494999983578211e-06
3.540025000005331268e-06 -5.892411599993027660e-05
0.000000000000000000e+00 0.000000000000000000e+00
