0.000000000000000000e+00 0.000000000000000000e+00
0.000000000000000000e+00 1.093309499999417369e+02
6.329183000000071502e+01 1.135220200000119917e+02
-1.031917000005043406e+01 9.774675000011609427e+01
0.000000000000000000e+00 0.000000000000000000e+00
0.000000000000000000e+00 0.000000000000000000e+00
3.984119000008944766e+01 7.158673999998475779e+01
1.338772000005761065e+01 -1.321401799999843831e+02
1.269541000006313247e+01 -1.766154199999369894e+02
0.000000000000000000e+00 0.000000000000000000e+00
