0.000000000000000000e+00 0.000000000000000000e+00
0.000000000000000000e+00 2.395894800007459224e+01
3.858229499990316924e+01 1.354749500006580831e+01
1.020427499993647835e+01 5.329052500011309235e+01
0.000000000000000000e+00 0.000000000000000000e+00
0.000000000000000000e+00 0.000000000000000000e+00
-0.000000000000000000e+00 -3.729587600003747383e+01
-6.590236399995342254e+01 2.277685499999237706e+01
-3.030151200001662204e+01 -2.068141499986796816e+01
0.000000000000000000e+00 0.000000000000000000e+00
