0.000000000000000000e+00 0.000000000000000000e+00
3.444241339176090655e-05 -5.216414000024094388e-06
-4.260652000015463514e-06 5.432998999986560218e-06
1.048868999993513018e-06 5.172659999979484224e-06
0.000000000000000000e+00 0.000000000000000000e+00
0.000000000000000000e+00 0.000000000000000000e+00
-3.055660000306215096e-07 -1.507077700002145554e-05
5.994199999692639835e-07 -2.623406400002054051e-05
-6.879900000013317030e-06 -2.581173300003278270e-05
0.000000000000000000e+00 0.000000000000000000e+00
