0.000000000000000000e+00 0.000000000000000000e+00
0.000000000000000000e+00 -1.197548700001327404e+02
2.289886999999879080e+01 -3.966920000042506445e+00
6.718446999993687996e+01 3.314265999994069034e+01
0.000000000000000000e+00 0.000000000000000000e+00
0.000000000000000000e+00 0.000000000000000000e+00
9.275459999997792693e+01 2.850322999998765283e+01
3.949463000010311475e+01 -1.371342899999294787e+02
-7.900279999928371488e+00 -1.737084499999763523e+02
0.000000000000000000e+00 0.000000000000000000e+00
