0.000000000000000000e+00 0.000000000000000000e+00
0.000000000000000000e+00 -4.112706000029552911e+01
8.167409999909612139e+00 -2.378357000001884813e+01
4.552890000017461247e+00 2.415398999981442785e+01
0.000000000000000000e+00 0.000000000000000000e+00
0.000000000000000000e+00 0.000000000000000000e+00
-0.000000000000000000e+00 -2.186897000016619330e+01
4.275659999924965149e+00 1.032634999983683599e+01
1.610239999987328119e+01 2.596018999995453669e+01
0.000000000000000000e+00 0.000000000000000000e+00
