0.000000000000000000e+00 0.000000000000000000e+00
-7.696090994191440160e-05 5.595445999997082642e-06
5.809215999991179658e-06 6.283468000002623288e-06
3.488215000013727973e-06 8.036452999985940759e-06
0.000000000000000000e+00 0.000000000000000000e+00
0.000000000000000000e+00 0.000000000000000000e+00
-1.183832999990253043e-06 2.780645000002163192e-06
5.597240000099201751e-07 8.156385000006316499e-06
2.409714000003310153e-06 -1.956585299996843608e-05
0.000000000000000000e+00 0.000000000000000000e+00
