0.000000000000000000e+00 0.000000000000000000e+00
0.000000000000000000e+00 6.275301000004950680e+01
-3.570137999986399535e+01 1.343216999996066363e+01
-2.481179999995752894e+01 -4.623839999977619186e+01
0.000000000000000000e+00 0.000000000000000000e+00
0.000000000000000000e+00 0.000000000000000000e+00
-5.173909999993675513e+01 4.750924000007650250e+01
-5.880874999979468498e+01 -1.009365199998946139e+02
4.599090000079186780e+00 -1.329156699998890190e+02
0.000000000000000000e+00 0.000000000000000000e+00
