0.000000000000000000e+00 0.000000000000000000e+00
0.000000000000000000e+00 -2.674473299998147695e+02
-2.340059999985655281e+01 2.702537000023318114e+01
-2.541347000000193646e+01 2.705753000022957622e+01
0.000000000000000000e+00 0.000000000000000000e+00
0.000000000000000000e+00 0.000000000000000000e+00
-5.915066999988560070e+01 -5.340111999991847114e+01
-3.450934999986721152e+01 -8.143624999972232104e+01
2.139765000004345552e+01 -1.355211199999484109e+02
0.000000000000000000e+00 0.000000000000000000e+00
