0.000000000000000000e+00 0.000000000000000000e+00
4.767748439241104030e-05 -2.005299000011617760e-06
-4.308270000197289562e-07 1.142510999987966791e-06
8.586679999880719727e-07 3.175314999985523468e-06
0.000000000000000000e+00 0.000000000000000000e+00
0.000000000000000000e+00 0.000000000000000000e+00
-1.449477199999549271e-05 -7.560765000009725401e-06
-2.671108999999227684e-06 -3.964408000003971644e-06
-3.140208000011746048e-06 -5.061567300001373892e-05
0.000000000000000000e+00 0.000000000000000000e+00
