0.000000000000000000e+00 0.000000000000000000e+00
0.000000000000000000e+00 5.884478999997887883e+01
2.589776999992743356e+01 1.336160599998414682e+02
3.767942999979290164e+01 1.991295200000298280e+02
0.000000000000000000e+00 0.000000000000000000e+00
0.000000000000000000e+00 0.000000000000000000e+00
3.285600999971548930e+01 1.231037399997525483e+02
2.368902999978494606e+01 -9.393366000010061612e+01
4.980038000002017640e+01 5.109358999986210392e+01
0.000000000000000000e+00 0.000000000000000000e+00
