0.000000000000000000e+00 0.000000000000000000e+00
-4.621085945191727440e-05 6.553699999987082359e-06
5.595049999973511490e-07 1.175172799997709072e-05
4.288089999984756595e-06 3.850844999991540063e-06
0.000000000000000000e+00 0.000000000000000000e+00
0.000000000000000000e+00 0.000000000000000000e+00
-8.841709999984903590e-07 -3.189841000010747163e-06
-8.814830000092310769e-07 1.916313999972968363e-06
5.059878999978673075e-06 -1.359407400004092326e-05
0.000000000000000000e+00 0.000000000000000000e+00
