0.000000000000000000e+00 0.000000000000000000e+00
-7.439815049825604376e-05 4.505689999993907346e-06
-3.081799998527756657e-08 3.552236999996433164e-06
1.067360999987276848e-06 1.872525000003524842e-06
0.000000000000000000e+00 0.000000000000000000e+00
0.000000000000000000e+00 0.000000000000000000e+00
7.136365999999005894e-06 3.512049999883359863e-07
5.192610000037678475e-07 -9.073698999988166758e-06
7.200619999980784058e-07 -5.358488699999143512e-05
0.000000000000000000e+00 0.000000000000000000e+00
