0.000000000000000000e+00 0.000000000000000000e+00
-1.162174678392968730e-05 -1.666500799991747772e-06
-2.228351599964373264e-06 -4.166128599988189185e-06
9.832242999982532261e-07 1.439693200018868358e-06
0.000000000000000000e+00 0.000000000000000000e+00
0.000000000000000000e+00 0.000000000000000000e+00
0.000000000000000000e+00 -4.783224000001230769e-06
-5.472979399984145843e-06 -8.090404999966382960e-07
-1.299169269999150833e-05 -1.679529719997470416e-05
0.000000000000000000e+00 0.000000000000000000e+00
