0.000000000000000000e+00 0.000000000000000000e+00
-3.023314673744614822e-05 -2.441210000102972399e-07
-4.981257999997490415e-06 3.993155999991448990e-06
-4.312628999997292212e-06 6.199820000007266740e-07
0.000000000000000000e+00 0.000000000000000000e+00
0.000000000000000000e+00 0.000000000000000000e+00
-1.583892000001085876e-06 -7.687909999898497049e-07
7.993459999883212319e-07 -1.007275999998988314e-05
2.280713999994882224e-06 -2.529461999997185961e-05
0.000000000000000000e+00 0.000000000000000000e+00
