0.000000000000000000e+00 0.000000000000000000e+00
0.000000000000000000e+00 6.460639999916750753e+00
-1.560169000005551254e+01 3.230009999910521401e+00
-6.991643000011647757e+01 -1.277626600000303370e+02
0.000000000000000000e+00 0.000000000000000000e+00
0.000000000000000000e+00 0.000000000000000000e+00
-4.202921000011627939e+01 -4.037521000004318239e+01
-1.980775999999018211e+01 -9.372762000010581573e+01
-2.994299999503624576e-01 -1.463082700000839509e+02
0.000000000000000000e+00 0.000000000000000000e+00
