0.000000000000000000e+00 0.000000000000000000e+00
0.000000000000000000e+00 -5.304008000000526124e+01
2.459795999998626570e+01 3.049409000007717907e+01
2.348710000009413079e+01 6.256576999993379218e+01
0.000000000000000000e+00 0.000000000000000000e+00
0.000000000000000000e+00 0.000000000000000000e+00
-0.000000000000000000e+00 -2.629924999994759816e+01
-2.605227000012921579e+01 -8.023139999882587858e+00
-6.985300000234015982e-01 -8.605303000011333836e+01
0.000000000000000000e+00 0.000000000000000000e+00
