0.000000000000000000e+00 0.000000000000000000e+00
-1.282149787278918929e-04 -1.433612999996586312e-06
1.639348000015417028e-06 -1.066840999989354666e-06
2.588177000016622653e-06 6.424468000009939117e-06
0.000000000000000000e+00 0.000000000000000000e+00
0.000000000000000000e+00 0.000000000000000000e+00
2.386325999997884750e-06 -1.598621999994269405e-06
1.919195999997014290e-06 -1.813345000000604612e-06
-6.259441999997145123e-06 -2.094471300001163327e-05
0.000000000000000000e+00 0.000000000000000000e+00
