0.000000000000000000e+00 0.000000000000000000e+00
-7.436168862989811501e-05 1.747153999982764550e-06
3.069804999977776561e-06 2.893087999986110326e-06
2.768407999981237211e-06 2.384561999994525006e-06
0.000000000000000000e+00 0.000000000000000000e+00
0.000000000000000000e+00 0.000000000000000000e+00
-2.733651000036418921e-06 -3.428414000010687052e-06
4.193879999947469628e-07 4.857131999984332094e-06
4.530217999981767107e-06 -6.094656000064924140e-06
0.000000000000000000e+00 0.000000000000000000e+00
