0.000000000000000000e+00 0.000000000000000000e+00
-5.953595541313694284e-05 -1.853818999997605688e-06
-1.840946000003507166e-06 -5.486025999999755154e-06
1.798037000011465381e-06 3.936115000002099462e-06
0.000000000000000000e+00 0.000000000000000000e+00
0.000000000000000000e+00 0.000000000000000000e+00
-8.693839999990293776e-06 5.661667999996584238e-06
1.229084000006763766e-06 1.866485000001638639e-06
4.600197000007022474e-06 -3.507366299997094483e-05
0.000000000000000000e+00 0.000000000000000000e+00
