0.000000000000000000e+00 0.000000000000000000e+00
0.000000000000000000e+00 -1.503319999995867207e+01
-7.407239999857040402e+00 -5.576749999969266014e+00
3.107874000010113136e+01 -1.685909999977752705e+01
0.000000000000000000e+00 0.000000000000000000e+00
0.000000000000000000e+00 0.000000000000000000e+00
-2.193911999999187046e+01 -6.838531999995289823e+01
-3.150760999997004319e+01 -1.072262899999287811e+02
1.150005000001286071e+01 -1.534098100000047395e+02
0.000000000000000000e+00 0.000000000000000000e+00
