0.000000000000000000e+00 0.000000000000000000e+00
-1.348549629769935088e-04 -1.113772599999236779e-05
-1.551008000005849041e-06 -1.355104899999903800e-05
1.669460000033873293e-07 -9.723436999994894414e-06
0.000000000000000000e+00 0.000000000000000000e+00
0.000000000000000000e+00 0.000000000000000000e+00
6.275909999992057564e-06 6.472258000003294071e-06
-2.450767999984115875e-06 -3.122661999997722315e-06
-2.680484000004701439e-06 -2.502388499998030313e-05
0.000000000000000000e+00 0.000000000000000000e+00
