0.000000000000000000e+00 0.000000000000000000e+00
-1.837245427804556908e-04 7.426177999998034851e-06
-8.621079999993064291e-06 -8.537935999992224412e-06
-6.952433000008417796e-06 -2.818679000008914026e-06
0.000000000000000000e+00 0.000000000000000000e+00
0.000000000000000000e+00 0.000000000000000000e+00
2.965825000006416801e-06 1.396165100000937645e-05
-4.606890000036223398e-07 -1.046301399999782777e-05
1.604390000020661233e-07 -1.719354300003077263e-05
0.000000000000000000e+00 0.000000000000000000e+00
