0.000000000000000000e+00 0.000000000000000000e+00
6.548676464568359279e-05 -5.873424000011305546e-06
-5.171603999987173239e-06 -1.046663800000763311e-05
-2.052530000004604283e-06 8.622903999992714841e-06
0.000000000000000000e+00 0.000000000000000000e+00
0.000000000000000000e+00 0.000000000000000000e+00
-9.584157000003257210e-06 -1.345917499999665229e-05
-3.800891999986011349e-06 -9.342798000005342329e-06
-7.290042999995999251e-06 1.328574300000183450e-05
0.000000000000000000e+00 0.000000000000000000e+00
