0.000000000000000000e+00 0.000000000000000000e+00
0.000000000000000000e+00 -5.611980000086454368e+00
7.248921999973845232e+01 7.014555999989015334e+01
9.308327999986153145e+01 1.446284199997371616e+02
0.000000000000000000e+00 0.000000000000000000e+00
0.000000000000000000e+00 0.000000000000000000e+00
6.725902999979993524e+01 2.561801999974021982e+01
5.189221999990500223e+01 1.836789000004835515e+01
8.840261999991659536e+01 3.674259999808526800e+00
0.000000000000000000e+00 0.000000000000000000e+00
