0.000000000000000000e+00 0.000000000000000000e+00
1.169844491860638769e-05 6.216184999998687621e-06
2.790819999820559616e-07 1.399324300000240329e-05
6.877159999987836336e-06 2.390081800001525592e-05
0.000000000000000000e+00 0.000000000000000000e+00
0.000000000000000000e+00 0.000000000000000000e+00
-8.337959999937805122e-07 -1.381810299998058322e-05
1.999363000035336846e-06 -9.211871999998538785e-06
7.870201000025750515e-06 -7.053560999973826351e-06
0.000000000000000000e+00 0.000000000000000000e+00
