0.000000000000000000e+00 0.000000000000000000e+00
0.000000000000000000e+00 2.430118700009718324e+01
-4.205512800005590179e+01 5.351432600009393070e+01
-1.659847100012288834e+01 1.279799550001067132e+02
0.000000000000000000e+00 0.000000000000000000e+00
0.000000000000000000e+00 0.000000000000000000e+00
-0.000000000000000000e+00 -6.812261900015076321e+01
2.629541100013683774e+01 -5.841231099992688769e+01
5.624251700004079169e+01 1.829998800004366899e+01
0.000000000000000000e+00 0.000000000000000000e+00
