0.000000000000000000e+00 0.000000000000000000e+00
-1.202325677543414351e-05 2.430118700009770843e-06
-4.205512800004029828e-06 5.351432600008559914e-06
-1.659847100009270715e-06 1.279799550001070596e-05
0.000000000000000000e+00 0.000000000000000000e+00
0.000000000000000000e+00 0.000000000000000000e+00
0.000000000000000000e+00 -6.812261900014833504e-06
2.629541100002130705e-06 -5.841231099992794107e-06
5.624251700003801702e-06 5.489996400013727462e-06
0.000000000000000000e+00 0.000000000000000000e+00
