0.000000000000000000e+00 0.000000000000000000e+00
-2.690758021969830160e-05 6.789023000010850628e-06
1.899262000032431175e-06 1.803596599998791294e-05
7.670428000025597548e-06 1.688340500000280742e-05
0.000000000000000000e+00 0.000000000000000000e+00
0.000000000000000000e+00 0.000000000000000000e+00
1.586270000020206794e-06 5.922517000045424140e-06
2.396640000207339583e-07 6.377440000190914837e-07
2.780450000017253842e-06 -3.609074700001817237e-05
0.000000000000000000e+00 0.000000000000000000e+00
