0.000000000000000000e+00 0.000000000000000000e+00
-5.416690627285669635e-05 2.756189999789798728e-07
-2.251702000050093133e-06 5.732659999826972275e-07
-5.830490000247046112e-07 6.162307999964602989e-06
0.000000000000000000e+00 0.000000000000000000e+00
0.000000000000000000e+00 0.000000000000000000e+00
1.426035999979591296e-06 -1.948232000050995061e-06
5.942399995684244374e-08 -1.412907000033353233e-06
4.297499999507403690e-07 1.904387699985278515e-05
0.000000000000000000e+00 0.000000000000000000e+00
