0.000000000000000000e+00 0.000000000000000000e+00
0.000000000000000000e+00 5.456927999953897057e+01
4.999469999971140055e+01 1.985419999996018419e+02
5.428045999953390321e+01 2.206422799997831703e+02
0.000000000000000000e+00 0.000000000000000000e+00
0.000000000000000000e+00 0.000000000000000000e+00
-4.743777000029147217e+01 6.931959999962877816e+01
-1.805670000099013350e+00 6.687851999980230744e+01
3.760677999973260910e+01 -9.909040000044555541e+00
0.000000000000000000e+00 0.000000000000000000e+00
