0.000000000000000000e+00 0.000000000000000000e+00
0.000000000000000000e+00 1.309100000168584188e+00
1.473975000008120695e+01 1.924570000009785531e+01
6.826393000007313105e+01 5.087574000011139219e+01
0.000000000000000000e+00 0.000000000000000000e+00
0.000000000000000000e+00 0.000000000000000000e+00
-0.000000000000000000e+00 9.457349999997262557e+00
3.066946000015446572e+01 4.991567000005579757e+01
3.409218000013924410e+01 1.319273000001897174e+02
0.000000000000000000e+00 0.000000000000000000e+00
