0.000000000000000000e+00 0.000000000000000000e+00
0.000000000000000000e+00 7.124990000095806408e+00
4.669589999989341322e+00 6.048389999985261056e+00
4.351100000088427677e+00 -2.857834999991372626e+01
0.000000000000000000e+00 0.000000000000000000e+00
0.000000000000000000e+00 0.000000000000000000e+00
-0.000000000000000000e+00 -1.181053716522017028e+06
-1.181037132542016916e+06 -1.181135438762017060e+06
-1.180956999972017016e+06 -1.181221221282016952e+06
0.000000000000000000e+00 0.000000000000000000e+00
