0.000000000000000000e+00 0.000000000000000000e+00
4.114012503064756743e-05 4.007050000005320245e-06
-1.291397999980681277e-06 7.565130999996616534e-06
2.676120000114079467e-07 6.204855000016204492e-06
0.000000000000000000e+00 0.000000000000000000e+00
0.000000000000000000e+00 0.000000000000000000e+00
-4.454055999969508406e-06 8.156200000716123943e-08
1.749635000006244390e-06 6.068670000310139034e-07
3.910266999994360670e-06 -8.706155999913325894e-06
0.000000000000000000e+00 0.000000000000000000e+00
