0.000000000000000000e+00 0.000000000000000000e+00
0.000000000000000000e+00 -2.487099997949826502e-01
5.289179999978795621e+00 -1.095570999978255600e+01
1.187037000014434085e+01 -2.378627999979343599e+01
0.000000000000000000e+00 0.000000000000000000e+00
0.000000000000000000e+00 0.000000000000000000e+00
-1.995381999999601419e+01 1.690417999982153674e+01
3.494210000143382011e+00 -7.671861000004830089e+01
1.470194999977358918e+01 -2.456189900000182718e+02
0.000000000000000000e+00 0.000000000000000000e+00
