0.000000000000000000e+00 0.000000000000000000e+00
-8.834157096465622416e-05 8.696575999977626537e-06
-1.290319000035733410e-06 -4.206156000004235285e-06
-3.961764999990680103e-06 5.131863000013697773e-06
0.000000000000000000e+00 0.000000000000000000e+00
0.000000000000000000e+00 0.000000000000000000e+00
-4.393572000022105684e-06 -2.698098000002407265e-06
-5.501100000249170563e-07 -5.921666000018033227e-06
3.030666999991049604e-06 -4.562939700006839183e-05
0.000000000000000000e+00 0.000000000000000000e+00
