0.000000000000000000e+00 0.000000000000000000e+00
-6.642255067085267584e-05 3.614648000036316255e-06
-7.720780000053384384e-07 -1.856486000022944394e-06
-1.252930999985635285e-06 8.671892999977809380e-06
0.000000000000000000e+00 0.000000000000000000e+00
0.000000000000000000e+00 0.000000000000000000e+00
3.881000021355163199e-09 -2.108409999789125078e-07
2.758702000005275323e-06 -4.472983999987550918e-06
1.339907999987205445e-06 -3.390396899995325175e-05
0.000000000000000000e+00 0.000000000000000000e+00
