0.000000000000000000e+00 0.000000000000000000e+00
-8.868139207224290388e-06 -3.425063000035352689e-06
6.498847999997225955e-06 4.313834999991605912e-06
9.797057999985647747e-06 8.821366999983357160e-06
0.000000000000000000e+00 0.000000000000000000e+00
0.000000000000000000e+00 0.000000000000000000e+00
9.184673999990122795e-06 -1.175028900002317300e-05
7.789433999982886547e-06 -1.434236600002941620e-05
-6.170484000041220884e-06 -1.719244500002214959e-05
0.000000000000000000e+00 0.000000000000000000e+00
