0.000000000000000000e+00 0.000000000000000000e+00
-1.524801225933625215e-04 4.554377000007964194e-06
1.408429999988358716e-06 5.773529999992393913e-06
2.067009999995317315e-06 1.112148599998960541e-05
0.000000000000000000e+00 0.000000000000000000e+00
0.000000000000000000e+00 0.000000000000000000e+00
-1.995237000035343655e-06 2.289964000010830114e-06
1.689163999979426123e-06 -3.712542000041535450e-06
5.989973999986214492e-06 -2.010424499997685854e-05
0.000000000000000000e+00 0.000000000000000000e+00
