0.000000000000000000e+00 0.000000000000000000e+00
-5.387376440182944926e-05 -4.994599999977138161e-06
-9.020910000101522996e-07 -4.055726999973446878e-06
1.436957000035266052e-06 1.931867000015338731e-06
0.000000000000000000e+00 0.000000000000000000e+00
0.000000000000000000e+00 0.000000000000000000e+00
5.555232000048482277e-06 4.030718000027841419e-06
-2.120193999949337993e-06 -9.621556999982183722e-06
3.180015000041336304e-06 -6.450250199989578104e-05
0.000000000000000000e+00 0.000000000000000000e+00
