0.000000000000000000e+00 0.000000000000000000e+00
0.000000000000000000e+00 4.652479999789349563e+00
-1.361795000009990986e+01 -3.405364000022005655e+01
-1.643260999979467840e+01 -6.437634000029393633e+01
0.000000000000000000e+00 0.000000000000000000e+00
0.000000000000000000e+00 0.000000000000000000e+00
-2.725304000019690065e+01 -1.177943100001854617e+02
-4.370604999985872041e+01 -9.822335000002622962e+01
1.380275999975921586e+01 -2.128123600000808437e+02
0.000000000000000000e+00 0.000000000000000000e+00
