0.000000000000000000e+00 0.000000000000000000e+00
-2.508144144176271961e-04 -2.295157000018269167e-06
-3.311231000058256768e-06 -1.253660900003492062e-05
-1.243282000046308511e-06 -3.838968000016013127e-06
0.000000000000000000e+00 0.000000000000000000e+00
0.000000000000000000e+00 0.000000000000000000e+00
8.135592999947149906e-06 9.931181999971432778e-06
-4.506390000186266676e-07 -8.821629000017872091e-06
-3.230353000031882527e-06 -2.130061200001677479e-05
0.000000000000000000e+00 0.000000000000000000e+00
