0.000000000000000000e+00 0.000000000000000000e+00
0.000000000000000000e+00 -3.526923000034543776e+01
-3.711820000003029207e+01 -3.398461999992720450e+01
-2.413517000019460568e+01 7.499857999975213829e+01
0.000000000000000000e+00 0.000000000000000000e+00
0.000000000000000000e+00 0.000000000000000000e+00
8.695319999993954241e+01 7.419993999997485901e+01
1.059173999986562187e+01 -4.702667000020531418e+01
4.220023000005568292e+01 -6.110752000005879836e+01
0.000000000000000000e+00 0.000000000000000000e+00
