0.000000000000000000e+00 0.000000000000000000e+00
-1.116516737335038201e-04 2.784589999995507048e-06
3.885639999756662633e-07 3.623039999980232073e-06
-4.012587000015721550e-06 3.991262999974293235e-06
0.000000000000000000e+00 0.000000000000000000e+00
0.000000000000000000e+00 0.000000000000000000e+00
-2.034374000009497863e-06 1.909899999931810588e-07
2.509114999993400374e-06 -7.171497000024729118e-06
2.190158999985925004e-06 -2.472033600000797526e-05
0.000000000000000000e+00 0.000000000000000000e+00
