0.000000000000000000e+00 0.000000000000000000e+00
3.020647510804108649e-05 2.283443000026044722e-06
2.109234000013948673e-06 5.903179000021213652e-06
4.857318000026089599e-06 4.811671000012895938e-06
0.000000000000000000e+00 0.000000000000000000e+00
0.000000000000000000e+00 0.000000000000000000e+00
-4.134248999976275485e-06 -7.719415999987277316e-06
-1.670753000004854272e-06 -1.199228499997387343e-05
6.975999998840021199e-08 -6.243987000015965849e-06
0.000000000000000000e+00 0.000000000000000000e+00
