0.000000000000000000e+00 0.000000000000000000e+00
0.000000000000000000e+00 3.003122000011516235e+01
1.698319999920983037e+00 3.571817999978853209e+01
1.416778000002949334e+01 2.690802000007153083e+01
0.000000000000000000e+00 0.000000000000000000e+00
0.000000000000000000e+00 0.000000000000000000e+00
-1.584247000012695139e+01 -2.528556000007674243e+01
-2.350031999984735975e+01 -2.992100000001050830e+01
4.803850000101306250e+00 -2.626597999992874577e+01
0.000000000000000000e+00 0.000000000000000000e+00
