0.000000000000000000e+00 0.000000000000000000e+00
-2.953032653781606509e-04 9.644659000013905414e-06
7.902539999882218780e-07 9.313255999971598031e-06
2.777952999993837935e-06 2.423208900000778376e-05
0.000000000000000000e+00 0.000000000000000000e+00
0.000000000000000000e+00 0.000000000000000000e+00
1.756615999992661159e-06 1.924161300000722802e-05
-2.750492000019866268e-06 -2.162438999996074696e-06
2.058508000005870864e-06 -2.343187499996395029e-05
0.000000000000000000e+00 0.000000000000000000e+00
