0.000000000000000000e+00 0.000000000000000000e+00
1.887732706251643577e-05 2.485629999986194161e-06
-9.014200000323491224e-08 4.054013000007183898e-06
2.982400000225982062e-07 -6.061280000101143539e-07
0.000000000000000000e+00 0.000000000000000000e+00
0.000000000000000000e+00 0.000000000000000000e+00
-8.030180000118125605e-07 -6.147565000018742620e-06
-1.739809999998231937e-06 -8.141261000002564252e-06
-1.992160000019449484e-07 -3.810135300011049941e-05
0.000000000000000000e+00 0.000000000000000000e+00
