0.000000000000000000e+00 0.000000000000000000e+00
-2.260772505484065498e-04 -3.404708999958823423e-06
3.668756000024808728e-06 -5.496153999983571792e-06
-1.133006999984309537e-06 -5.457824999964555612e-06
0.000000000000000000e+00 0.000000000000000000e+00
0.000000000000000000e+00 0.000000000000000000e+00
-2.593780000004208830e-06 1.351190000001148764e-05
-6.508910000146972408e-07 7.377390000021244454e-06
7.796550000084556675e-07 -6.126575099996839358e-05
0.000000000000000000e+00 0.000000000000000000e+00
