0.000000000000000000e+00 0.000000000000000000e+00
0.000000000000000000e+00 -5.943509000019275135e+01
-1.190562000008554655e+01 -3.159260000096253407e+00
6.079209999843008916e+00 5.303181999982700745e+01
0.000000000000000000e+00 0.000000000000000000e+00
0.000000000000000000e+00 0.000000000000000000e+00
2.737280999975943985e+01 5.727359999818659730e+00
1.398419999976141526e+00 4.057648999986616900e+01
3.890487000024477737e+01 -8.080992000021322497e+01
0.000000000000000000e+00 0.000000000000000000e+00
