0.000000000000000000e+00 0.000000000000000000e+00
0.000000000000000000e+00 4.596661000011436471e+01
3.889763999977979836e+01 1.446295399998298308e+02
2.672179999985146992e+00 1.602997299999131258e+02
0.000000000000000000e+00 0.000000000000000000e+00
0.000000000000000000e+00 0.000000000000000000e+00
1.088239000006652013e+01 -1.395584999994702002e+01
6.299524999993088414e+01 -1.752877999994238678e+01
5.119803000011024352e+01 -1.284088699998519871e+02
0.000000000000000000e+00 0.000000000000000000e+00
