0.000000000000000000e+00 0.000000000000000000e+00
0.000000000000000000e+00 2.678237700015629486e+01
-3.110893499984612376e+01 9.831837599998391397e+01
1.995853200011943329e+01 9.552233900014249457e+01
0.000000000000000000e+00 0.000000000000000000e+00
0.000000000000000000e+00 0.000000000000000000e+00
-4.270510999995202894e+01 -2.549520319998776756e+02
1.369264400041814156e+01 -2.837428439996791667e+02
-3.640099900006354261e+01 -3.178382939998946881e+02
0.000000000000000000e+00 0.000000000000000000e+00
