0.000000000000000000e+00 0.000000000000000000e+00
0.000000000000000000e+00 -2.861986800004601861e+01
-3.730568200013273383e+01 -9.073309000129370361e+00
-6.334379000083597333e+00 -1.067713279999438214e+02
0.000000000000000000e+00 0.000000000000000000e+00
0.000000000000000000e+00 0.000000000000000000e+00
-3.379629699984398172e+01 -1.259279249998801333e+02
-1.740473600002623300e+01 -1.042187950000439258e+02
4.930034600012510992e+01 -2.257990919998231618e+02
0.000000000000000000e+00 0.000000000000000000e+00
