0.000000000000000000e+00 0.000000000000000000e+00
0.000000000000000000e+00 9.520411000005778135e+01
2.840171999971552452e+01 6.414516499990698151e+01
2.208207000000683351e+01 3.661590099981458479e+01
0.000000000000000000e+00 0.000000000000000000e+00
0.000000000000000000e+00 0.000000000000000000e+00
-2.347741000017222746e+01 -3.189279000013201681e+01
2.189728999990592229e+01 -8.061623900021962186e+01
6.130978999991931033e+01 -4.950360799984562732e+01
0.000000000000000000e+00 0.000000000000000000e+00
