0.000000000000000000e+00 0.000000000000000000e+00
0.000000000000000000e+00 -2.342123999987677152e+01
-4.041170999999898328e+01 5.461753999993491959e+01
-1.264438000019297093e+01 2.140247400001626943e+02
0.000000000000000000e+00 0.000000000000000000e+00
0.000000000000000000e+00 0.000000000000000000e+00
7.931580999969155243e+01 5.289669000023701528e+01
-8.808320000097678459e+00 1.247653999989495333e+01
-1.110468000007358569e+01 -2.139096900001468953e+02
0.000000000000000000e+00 0.000000000000000000e+00
