0.000000000000000000e+00 0.000000000000000000e+00
-1.330347415995358773e-05 4.208265000016841659e-06
-3.378066999987217045e-06 9.671818000017706751e-06
-2.731669999922470282e-07 1.458456100001705169e-05
0.000000000000000000e+00 0.000000000000000000e+00
0.000000000000000000e+00 0.000000000000000000e+00
-2.580158999981874146e-06 -3.408765999993353113e-06
4.010959999967145251e-07 -1.561659399999457132e-05
-1.800445000001843487e-06 -3.173038499999173562e-05
0.000000000000000000e+00 0.000000000000000000e+00
