0.000000000000000000e+00 0.000000000000000000e+00
-6.334890817233373994e-05 -9.817450000197333604e-07
-2.061122000046600178e-06 1.051597999970899089e-06
-2.104312000025809759e-06 1.528359999985323681e-06
0.000000000000000000e+00 0.000000000000000000e+00
0.000000000000000000e+00 0.000000000000000000e+00
1.211349999752364681e-07 -4.379690000031605246e-06
3.585689999641150649e-07 -4.062499000055674880e-06
1.389097999945909656e-06 -2.376315000006228029e-05
0.000000000000000000e+00 0.000000000000000000e+00
