0.000000000000000000e+00 0.000000000000000000e+00
0.000000000000000000e+00 1.481590000018684350e+00
6.967709999949888378e+00 4.806397999992385905e+01
4.366326000004860930e+01 3.562795000009444379e+01
0.000000000000000000e+00 0.000000000000000000e+00
0.000000000000000000e+00 0.000000000000000000e+00
-6.184617000011271415e+01 2.028304000001313767e+01
-7.103670000008221130e+00 5.648991000017923625e+01
8.303070000081900659e+00 -2.011451999996970130e+01
0.000000000000000000e+00 0.000000000000000000e+00
